wavelength flux error
1119.7671958356716 0.0 0.0
1120.3507281661132 0.0 0.0
1120.9342588971522 0.0 0.0
1121.5177880288022 0.0 0.0
1122.1013155610763 0.0 0.0
1122.6848414939875 0.0 0.0
1123.2683658275487 0.0 0.0
1123.8518885617736 0.0 0.0
1124.4354096966756 0.0 0.0
1125.0189292322668 0.0 0.0
1125.602447168561 0.0 0.0
1126.1859635055714 0.0 0.0
1126.7694782433111 0.0 0.0
1127.3529913817933 0.0 0.0
1127.936502921031 0.0 0.0
1128.520012861037 0.0 0.0
1129.1035212018253 0.0 0.0
1129.687027943408 0.0 0.0
1130.2705330857993 0.0 0.0
1130.854036629012 0.0 0.0
1131.4375385730589 0.0 0.0
1132.021038917953 0.0 0.0
1132.6045376637087 0.0 0.0
1133.1880348103375 0.0 0.0
1133.7715303578536 0.0 0.0
1134.35502430627 0.0 0.0
1134.9385166555994 0.0 0.0
1135.5220074058554 0.0 0.0
1136.105496557051 0.0 0.0
1136.6889841091995 0.0 0.0
1137.2724700623137 0.0 0.0
1137.855954416407 -1.0956926826347774e-14 4.264398892599858e-14
1138.4394371714925 -2.0867781515363643e-14 3.603652456846974e-18
1139.0229183275835 -3.2524146644939602e-15 1.0034278400859135e-14
1139.6063978846926 -9.846916406992378e-15 1.7216592955748743e-18
1140.1898758428338 -7.808450304261968e-15 1.2876540683829752e-18
1140.7733522020194 -1.661601133343593e-15 4.928191423605446e-15
1141.356826962263 -5.512126620080141e-15 8.393806994075723e-19
1141.9403001235778 5.066179443460276e-15 5.685632425479238e-15
1142.5237716859765 -1.3859432603847456e-15 2.6759543220205477e-15
1143.1072416494728 1.1560020849298177e-15 3.310731400604761e-15
1143.6907100140797 1.0742427590916884e-15 2.9565092100848275e-15
1144.27417677981 -2.7124063849056365e-15 3.845940068913503e-19
1144.8576419466772 2.110204711165166e-15 2.6055860011362127e-15
1145.4411055146945 -2.357865921755772e-15 2.8455691359926445e-17
1146.0245674838745 4.0577235099203426e-16 1.6475704560887992e-15
1146.6080278542308 -1.7431041258360595e-15 2.291574123119569e-19
1147.1914866257766 1.6989335810982343e-15 1.7660073673342238e-15
1147.774943798525 -6.42738976530167e-16 8.184750196793848e-16
1148.358399372489 2.5431465439128883e-15 1.7377678182683575e-15
1148.9418533476817 8.688524100964527e-16 1.21915209691677e-15
1149.5253057241164 4.689713850108089e-16 1.0221902551423067e-15
1150.1087565018058 -1.1432176048986717e-15 9.368329980420371e-18
1150.692205680764 8.054398178958515e-16 9.955869619722988e-16
1151.275653261003 -4.499665067732642e-16 5.200279370328972e-16
1151.859099242537 2.3745679291679693e-15 1.2431535166310495e-15
1152.4425436253784 -2.2950947981940386e-16 5.326859973966654e-16
1153.0259864095406 1.6963359428072422e-15 1.0340543279971424e-15
1153.6094275950368 -3.8936402578451797e-16 4.1901745812780895e-16
1154.19286718188 1.1020090284982764e-15 8.393195475992475e-16
1154.7763051700836 1.36530826724021e-15 9.077781268248793e-16
1155.35974155966 8.350426135507645e-16 7.344040879886393e-16
1155.9431763506236 1.211996680215721e-16 5.297980915025611e-16
1156.5266095429863 2.0917777211558854e-15 9.576731319784859e-16
1157.110041136762 1.7259000396443775e-15 8.763650629430063e-16
1157.6934711319636 2.2293415892623777e-15 9.410025706644556e-16
1158.2768995286042 1.4883599198613944e-15 8.102756348708448e-16
1158.8603263266968 1.4282554148362949e-15 7.836428014268014e-16
1159.4437515262553 1.5871152794235364e-15 7.839595917490745e-16
1160.0271751272917 7.693096275307194e-16 6.358880681736558e-16
1160.6105971298198 5.73080204557835e-16 5.624992277994119e-16
1161.194017533853 1.800785163719946e-16 4.53089305491554e-16
1161.7774363394037 1.6493254024763917e-15 7.6942635925876285e-16
1162.3608535464855 1.9726419018498576e-15 8.115583074507838e-16
1162.9442691551114 2.6955451352993556e-15 8.910853308959836e-16
1163.5276831652948 1.422252598218222e-15 7.087154845225477e-16
1164.1110955770487 1.193705427236238e-15 6.230705009180077e-16
1164.694506390386 9.215973634802148e-16 6.022116263776009e-16
1165.2779156053202 5.526799983583664e-16 4.969376071325081e-16
1165.861323221864 1.1039484163101335e-15 6.033970489872833e-16
1166.4447292400312 1.2237990255445255e-15 6.325877101737978e-16
1167.0281336598339 1.474417863428707e-15 6.573952934956265e-16
1167.6115364812863 1.1759640045186414e-15 6.028434070771342e-16
1168.194937704401 1.2285150932366006e-15 6.076926177606059e-16
1168.7783373291911 6.842432733082725e-16 4.964989499449488e-16
1169.3617353556704 6.412380870871915e-16 4.766262864529421e-16
1169.945131783851 7.694585994503177e-16 5.055700904748911e-16
1170.5285266137466 1.806905929675924e-15 6.752465657985701e-16
1171.1119198453705 2.0231401003410277e-15 6.892058805275578e-16
1171.6953114787354 8.836615106297733e-16 5.11728814094818e-16
1172.2787015138547 9.35607288427801e-16 5.143581102422137e-16
1172.8620899507414 9.55104186928582e-16 5.163219561304228e-16
1173.4454767894092 1.4205351330385456e-15 5.823903671975806e-16
1174.0288620298702 9.373416942664225e-16 5.121125729594834e-16
1174.6122456721384 4.568146093331376e-16 4.0760027456198864e-16
1175.1956277162265 8.289250239683387e-16 4.762162695669118e-16
1175.7790081621479 1.6280057949522378e-15 5.994870919631982e-16
1176.3623870099154 1.0085205198021615e-15 4.971140546833331e-16
1176.9457642595426 2.2054940119071434e-15 6.712625992707187e-16
1177.5291399110422 1.1135783338874676e-15 5.055178920695166e-16
1178.1125139644275 1.2196584108609913e-15 5.236534498053824e-16
1178.6958864197115 1.5255140671806386e-15 5.524804162201696e-16
1179.2792572769079 1.6198544792634544e-15 5.752392915403862e-16
1179.862626536029 1.5701793850387787e-15 5.50905305515191e-16
1180.4459941970886 9.6244309214183e-16 4.623231292869283e-16
1181.0293602600993 1.5141659432697991e-15 5.366890221658301e-16
1181.6127247250747 1.3656935613520923e-15 5.247669804936666e-16
1182.1960875920274 1.7324083231737243e-15 5.544725318329933e-16
1182.7794488609713 1.542110724870021e-15 5.396574491294828e-16
1183.3628085319187 9.25502926520886e-16 4.3480797867942163e-16
1183.9461666048835 1.3068217010234846e-15 4.8849083576381065e-16
1184.5295230798786 1.073241354389797e-15 4.57557827804794e-16
1185.1128779569165 1.0684220545572752e-15 4.526019439095275e-16
1185.696231236011 1.3736089783650653e-15 4.832580250343512e-16
1186.2795829171753 7.983520579514644e-16 4.1539528054755355e-16
1186.8629330004221 8.484725856272774e-16 4.0182904204565106e-16
1187.4462814857645 7.6010936741588e-16 3.9412779201943536e-16
1188.0296283732162 1.1734578457859527e-15 4.412330412217007e-16
1188.61297366279 1.7393365232866724e-15 5.229220368554283e-16
1189.196317354499 6.120797190317911e-16 3.5254379473494916e-16
1189.779659448356 1.158151325154357e-15 4.452527154822348e-16
1190.3629999443747 1.4213417201625685e-15 4.636819289530018e-16
1190.946338842568 1.199244493315689e-15 4.455806231119406e-16
1191.5296761429488 9.415094140042689e-16 3.9708039005488624e-16
1192.1130118455308 1.1663004173816539e-15 4.307796488009578e-16
1192.6963459503268 1.2922733807588e-15 4.431357419190299e-16
1193.2796784573495 1.012211677628059e-15 4.0079007672650486e-16
1193.863009366613 1.6761848172338256e-15 4.817199190812558e-16
1194.4463386781292 8.023787467035929e-16 3.6883353532984984e-16
1195.0296663919125 1.1403456338118876e-15 4.114748150209666e-16
1195.6129925079752 8.685433489498233e-16 3.699502423916862e-16
1196.196317026331 1.3915216076171256e-15 4.3022688039353555e-16
1196.7796399469923 8.299843445479986e-16 3.6641615623794527e-16
1197.3629612699726 1.5129245106064795e-15 4.413608108478381e-16
1197.9462809952852 1.0816141691942873e-15 3.9044499864389207e-16
1198.529599122943 1.2294584761816051e-15 4.0636781515395403e-16
1199.1129156529594 1.0394461162228897e-15 3.746143234366236e-16
1199.696230585347 1.2892050039073713e-15 4.0541201788231636e-16
1200.2795439201195 1.393609967348581e-15 4.141340220193123e-16
1200.8628556572896 1.1010060356096089e-15 3.7765617756889143e-16
1201.446165796871 1.5000803147525521e-15 4.206330675955781e-16
1202.0294743388758 8.773359215192374e-16 3.4881732622306307e-16
1202.612781283318 1.6063037520523986e-15 4.271310279108803e-16
1203.1960866302109 1.2171449464691325e-15 3.925171853400109e-16
1203.779390379567 1.46692670404319e-15 4.0565527515685595e-16
1204.3626925313995 1.4609893207202925e-15 4.09200319799352e-16
1204.9459930857217 1.5518472627195907e-15 4.1316030470688427e-16
1205.5292920425466 1.2714850746508113e-15 4.1317703360759254e-16
1206.1125894018874 1.325389722018483e-15 4.70952912711792e-16
1206.6958851637576 9.484837774128424e-16 4.92071879306565e-16
1207.2791793281697 -2.4700801583937523e-16 3.4118304473923966e-16
1207.862471895137 -5.628884394386752e-16 4.1109309432933055e-16
1208.445762864673 -2.9167272489258452e-15 4.841628679802556e-16
1209.02905223679 -3.873626086911422e-15 7.498112996618398e-16
1209.6123400115023 -4.719937362094662e-15 1.020319159361822e-15
1210.1956261888222 2.177603758052901e-15 1.4521576258166272e-15
1210.778910768763 9.58665325197076e-16 1.5675087960352043e-15
1211.3621937513376 8.0463513659596e-16 1.5684714489797589e-15
1211.9454751365595 -1.0777983916460251e-15 1.5919239913442175e-15
1212.528754924442 3.166776933609031e-16 1.5883832877455761e-15
1213.1120331149973 1.993039725769162e-15 1.5728243512956987e-15
1213.6953097082396 1.509553213597289e-15 1.5764109005526102e-15
1214.2785847041812 -2.5583058925698985e-15 1.4244162380028648e-15
1214.8618581028359 6.287679092190361e-16 1.4856414734963001e-15
1215.4451299042164 3.3647695615407437e-15 1.548178127750322e-15
1216.028400108336 2.6706294493976336e-15 1.5123209996315608e-15
1216.6116687152075 -2.139585531248339e-15 1.4547391704816215e-15
1217.1949357248443 4.021415124998932e-15 1.534084452420076e-15
1217.7782011372597 -6.06831132313689e-16 1.4284377386781914e-15
1218.3614649524666 -1.641908252594641e-15 1.4318716102463603e-15
1218.9447271704778 1.2703718615998823e-15 1.456040954242433e-15
1219.527987791307 2.6574394523429896e-15 1.4270442636008396e-15
1220.111246814967 3.7110930110088533e-16 1.3619765690213036e-15
1220.6945042414707 3.4014270299155417e-15 1.3177051214836367e-15
1221.2777600708318 7.936072758424773e-15 1.3491651956940823e-15
1221.8610143030633 3.593040070386331e-15 1.0586857284659423e-15
1222.4442669381779 -7.18178854246628e-16 6.534424554285867e-16
1223.0275179761893 2.824743070744054e-15 5.985835195667147e-16
1223.6107674171099 3.933338098044588e-15 6.237616798029672e-16
1224.1940152609532 4.693365091506347e-15 6.140635231338199e-16
1224.7772615077324 5.8686969976881e-15 6.856534772863325e-16
1225.3605061574606 8.423635087259716e-15 7.692170891812318e-16
1225.943749210151 9.072136217171817e-15 8.249812385659227e-16
1226.5269906658168 9.547881589359614e-15 7.941707327469027e-16
1227.1102305244701 1.170902516790676e-14 8.872635711775314e-16
1227.6934687861255 1.3466863325981189e-14 9.407550252856205e-16
1228.2767054507951 1.3035615982644449e-14 9.229889327334352e-16
1228.8599405184927 1.230604787044948e-14 8.78841046126949e-16
1229.443173989231 1.1220113515586841e-14 8.522928100985127e-16
1230.0264058630228 1.0750661598197143e-14 8.226688915594776e-16
1230.6096361398822 9.461524039288197e-15 7.806170409205314e-16
1231.1928648198211 6.263964499007846e-15 6.337487276466874e-16
1231.7760919028538 4.82545225633413e-15 5.616578064454331e-16
1232.3593173889926 3.8363015800906616e-15 4.989982794745002e-16
1232.942541278251 1.683018361414918e-15 3.466762122208614e-16
1233.5257635706416 2.0001179565928926e-15 3.6451086150221512e-16
1234.1089842661786 2.788436485767656e-15 4.350135959273676e-16
1234.6922033648739 3.391165225759556e-15 4.605689769927239e-16
1235.2754208667411 4.372974879207408e-15 5.262461117778094e-16
1235.8586367717937 5.138947620442419e-15 5.61568497409057e-16
1236.4418510800444 6.193056406377873e-15 6.179713096359776e-16
1237.0250637915062 6.248786092109522e-15 6.117521290394405e-16
1237.6082749061927 5.36592068657105e-15 5.743476305447234e-16
1238.1914844241164 4.8207198832578204e-15 5.540314394257106e-16
1238.774692345291 5.083544042395463e-15 5.413546384579844e-16
1239.3578986697294 4.165878711735521e-15 5.101919786911434e-16
1239.9411033974445 3.291147787106005e-15 4.477616800115612e-16
1240.5243065284496 3.670737979121494e-15 4.756959795790608e-16
1241.1075080627577 4.142855932712675e-15 5.04220502292119e-16
1241.6907080003825 2.8313715270727926e-15 4.2070980348664344e-16
1242.2739063413362 2.7559777597123978e-15 4.104466758416775e-16
1242.8571030856324 2.9355074516741308e-15 4.2854046426533184e-16
1243.4402982332842 2.6221262252554842e-15 3.9631125766899974e-16
1244.0234917843045 1.8229580510593403e-15 3.4046190206377103e-16
1244.6066837387068 1.946863512891357e-15 3.4811082133571418e-16
1245.189874096504 1.2788888837636427e-15 2.891359670946763e-16
1245.7730628577092 8.464767113057503e-16 2.4981902702373663e-16
1246.3562500223352 1.2493256339594547e-15 2.893914269376123e-16
1246.939435590396 1.5450551172737953e-15 3.095016831713239e-16
1247.5226195619036 1.9595825596273276e-15 3.5569769544427094e-16
1248.1058019368718 1.6676278786424258e-15 3.1927437873982957e-16
1248.6889827153138 2.308688882904082e-15 3.752426630648087e-16
1249.2721618972425 1.450228614158374e-15 3.0862942452410916e-16
1249.8553394826708 1.8845413697312274e-15 3.414394310244617e-16
1250.4385154716122 1.1105004279153823e-15 2.6620149125658205e-16
1251.0216898640792 1.5476835663882438e-15 3.156182404323452e-16
1251.6048626600857 1.8391751321092343e-15 3.3682429260200784e-16
1252.1880338596443 1.5071015826105798e-15 3.086237599912744e-16
1252.7712034627682 1.1148946230875008e-15 2.715072262288442e-16
1253.3543714694708 9.867677608046055e-16 2.5616174208167484e-16
1253.937537879765 1.2954818356838808e-15 2.8823030358560424e-16
1254.5207026936637 1.7160578344346377e-15 3.2042062607570145e-16
1255.1038659111803 2.43511363247947e-15 3.7681769436044847e-16
1255.6870275323276 1.5496020960137748e-15 3.0786209208323557e-16
1256.270187557119 2.978751871763252e-15 4.1789593356608506e-16
1256.8533459855678 2.3314535286362518e-15 3.657222244959072e-16
1257.4365028176865 2.6193623567485934e-15 3.8951005955858054e-16
1258.0196580534885 2.710939535599229e-15 3.8604421249665275e-16
1258.6028116929872 1.6047042362106272e-15 3.096786336479612e-16
1259.1859637361952 1.6436135416757008e-15 3.1635510615689723e-16
1259.769114183126 1.832228614908802e-15 3.318446917842182e-16
1260.3522630337925 2.2693149798674395e-15 3.5107109560724955e-16
1260.935410288208 1.2182540302344436e-15 2.810587932585573e-16
1261.5185559463855 1.7270424753319867e-15 3.124577487479026e-16
1262.101700008338 1.0243182136640463e-15 2.5978582548606157e-16
1262.6848424740788 1.3317609979686114e-15 2.845463984793177e-16
1263.267983343621 1.1511948553167943e-15 2.689416693107293e-16
1263.8511226169774 9.551858197288736e-16 2.442157452589718e-16
1264.4342602941615 9.995712990770646e-16 2.5389103203854327e-16
1265.017396375186 9.333546043045781e-16 2.4043162556711324e-16
1265.6005308600645 9.861547207090302e-16 2.5096384499151e-16
1266.1836637488097 7.889005466886457e-16 2.2535234799339816e-16
1266.766795041435 9.430865893520564e-16 2.4192647990033947e-16
1267.3499247379534 9.047190673358704e-16 2.3907451996693424e-16
1267.933052838378 1.466894199153839e-15 2.9313462435020664e-16
1268.5161793427217 1.2525701936639123e-15 2.727976809239861e-16
1269.0993042509979 1.0088570036404583e-15 2.5119196155211744e-16
1269.6824275632193 8.750158982767078e-16 2.3247568332157e-16
1270.2655492793997 1.0843237217134354e-15 2.5988881939849177e-16
1270.8486693995515 8.227390894149813e-16 2.26376252007951e-16
1271.4317879236883 1.2225236056841973e-15 2.718425983363977e-16
1272.014904851823 1.0632691296226537e-15 2.508511631397456e-16
1272.5980201839684 1.4156212831532866e-15 2.883919809994114e-16
1273.181133920138 1.3086939614742718e-15 2.735371142171595e-16
1273.7642460603452 7.533553913922702e-16 2.235014486547495e-16
1274.3473566046025 1.0827369113658729e-15 2.5396737088291457e-16
1274.9304655529234 6.838167392797707e-16 2.1505021712818912e-16
1275.5135729053206 1.1833771309938926e-15 2.6476021175726966e-16
1276.0966786618078 1.0178294118924863e-15 2.508870296911059e-16
1276.679782822397 1.0337065150931761e-15 2.529739600544629e-16
1277.2628853871029 8.040835593286198e-16 2.261015751050242e-16
1277.845986355937 6.838179039500732e-16 2.1869904977650344e-16
1278.4290857289134 6.213511828537591e-16 2.0323903089299755e-16
1279.0121835060452 1.431722638326762e-15 2.861127212174685e-16
1279.5952796873453 8.559142465249393e-16 2.358930377472675e-16
1280.1783742728264 1.056125783141103e-15 2.4924338872673853e-16
1280.7614672625023 1.2239544560903467e-15 2.70708765327159e-16
1281.3445586563855 1.0689784493245029e-15 2.553282087220174e-16
1281.9276484544896 1.10494749167142e-15 2.5638493526327635e-16
1282.5107366568272 1.1863002416948672e-15 2.675873695071881e-16
1283.0938232634117 1.0360626431150824e-15 2.4456519928927343e-16
1283.6769082742564 1.4635057497274667e-15 2.9257592671215363e-16
1284.259991689374 1.331492806161687e-15 2.756362736186925e-16
1284.8430735087777 1.365542260091889e-15 2.7676190099625464e-16
1285.426153732481 1.219967577886739e-15 2.6943477483492933e-16
1286.0092323604963 9.110865316377362e-16 2.388275039836912e-16
1286.5923093928373 9.774451044288878e-16 2.4399493435753447e-16
1287.175384829517 1.1552785070346257e-15 2.599591496028935e-16
1287.7584586705482 5.157198215840434e-16 1.8761761252837031e-16
1288.3415309159438 9.207678005874976e-16 2.3977496327475434e-16
1288.924601565718 1.0436864690359631e-15 2.5143405415635456e-16
1289.5076706198824 1.3929332939028433e-15 2.714542601998612e-16
1290.0907380784513 1.2465438718815532e-15 2.7307773119217206e-16
1290.6738039414377 1.7358094780943055e-15 3.0457004559417253e-16
1291.256868208854 1.3185668716283495e-15 2.8103888798429683e-16
1291.8399308807134 1.0765759113449003e-15 2.537887792799419e-16
1292.4229919570296 1.0519595457109143e-15 2.4373253943234285e-16
1293.0060514378156 1.5926027823723234e-15 2.9844335040756377e-16
1293.589109323084 1.6272942872765442e-15 2.988381736401027e-16
1294.1721656128482 1.490234086136313e-15 2.81889917868271e-16
1294.7552203071211 1.3817066133408164e-15 2.7779123131562583e-16
1295.338273405916 1.469203634484528e-15 2.9277167073230817e-16
1295.9213249092463 1.1865839977321974e-15 2.6357026281527537e-16
1296.5043748171245 1.6312397667448547e-15 3.203622072721205e-16
1297.0874231295638 1.6902475758614967e-15 3.237739501045424e-16
1297.6704698465776 1.2693682334365044e-15 2.938108213399116e-16
1298.253514968179 9.21115613491464e-16 2.939749075036625e-16
1298.8365584943806 1.4672090836519809e-15 3.19471658007201e-16
1299.4196004251962 1.0852198825716305e-15 2.8700120583957905e-16
1300.0026407606383 1.558480060092184e-15 3.182889617848176e-16
1300.5856795007205 4.0130642271719516e-16 2.6408179130607817e-16
1301.168716645455 9.42334529974013e-16 2.9911867389454186e-16
1301.7517521948562 1.1817433103177575e-15 3.3065799862511494e-16
1302.3347861489362 1.8767977945274286e-15 3.7533358675774053e-16
1302.9178185077083 1.4701480762207165e-15 3.3978803441467103e-16
1303.500849271186 1.1120608743624616e-15 2.9181690578207497e-16
1304.083878439382 9.159189604809404e-16 3.027114435496598e-16
1304.6669060123095 3.962812938784906e-16 2.7573855284707344e-16
1305.2499319899816 1.1282539208524772e-15 3.0368918426858726e-16
1305.8329563724114 1.5127034350072462e-15 3.472971667805376e-16
1306.4159791596119 1.3073030274957619e-15 3.530171008640071e-16
1306.9990003515964 1.1200582418130814e-15 3.3626162449701456e-16
1307.5820199483776 8.812078679398144e-16 3.2935568546871145e-16
1308.1650379499695 1.0901262150394826e-15 3.2765709324189096e-16
1308.7480543563838 1.9390705980183807e-15 3.6612403575026094e-16
1309.3310691676347 6.790223210400746e-16 2.6669891135485714e-16
1309.914082383735 1.0864403511695055e-15 2.794612891200357e-16
1310.4970940046976 1.3581207691662836e-15 3.0888025215561484e-16
1311.080104030536 1.2124385137768324e-15 2.964226209629906e-16
1311.6631124612627 1.3629257753178204e-15 2.982491681044057e-16
1312.246119296891 1.4440410384786813e-15 2.891843538517882e-16
1312.8291245374346 1.0563116009939069e-15 2.5426351477709835e-16
1313.412128182906 1.5774999731645424e-15 2.9907028713742996e-16
1313.9951302333182 1.4234173743998151e-15 2.879815141271279e-16
1314.5781306886845 1.2003978345524941e-15 2.656985919139294e-16
1315.161129549018 9.88652620870483e-16 2.4679461647622635e-16
1315.7441268143318 1.6560220449573842e-15 3.1098944360361685e-16
1316.3271224846387 1.3628873411978388e-15 2.7913780194352335e-16
1316.9101165599525 1.8775995112120048e-15 3.3195117970755584e-16
1317.4931090402856 2.4601512911255966e-15 3.715269148136613e-16
1318.0760999256513 1.6607238189684744e-15 3.076381842175848e-16
1318.659089216063 1.5462604451577382e-15 2.9562122191576965e-16
1319.2420769115329 1.930477025252012e-15 3.312781855611827e-16
1319.8250630120751 1.2518587918673371e-15 2.7120904416163107e-16
1320.4080475177025 1.1676157536696214e-15 2.690646214369792e-16
1320.9910304284278 1.3530879111519354e-15 2.8568954885097616e-16
1321.5740117442642 1.286998271321537e-15 2.8332595635122224e-16
1322.156991465225 1.410957943262178e-15 2.9197725970690205e-16
1322.7399695913232 1.4089755685282477e-15 2.8248543496974996e-16
1323.3229461225715 1.5187918019529917e-15 3.0177846322803877e-16
1323.9059210589837 1.200034986813714e-15 2.6999670178609375e-16
1324.488894400572 1.399178679581186e-15 2.8475770672987803e-16
1325.0718661473506 2.6365643253579074e-15 3.8317425311311837e-16
1325.654836299332 1.9075101504036854e-15 3.3388437359098617e-16
1326.237804856529 2.0021207659966754e-15 3.3686219732639746e-16
1326.8207718189549 1.303048486880822e-15 2.8100791834216284e-16
1327.4037371866227 1.2873963768067465e-15 2.747381275270273e-16
1327.9867009595464 1.5401775839261498e-15 2.9922794114473766e-16
1328.5696631377375 1.3653653360850312e-15 2.887084536843293e-16
1329.1526237212104 1.4078029572918926e-15 2.895101438991259e-16
1329.7355827099777 1.0530760410145138e-15 2.558240935730756e-16
1330.3185401040523 8.7876624252979465e-16 2.399239881339119e-16
1330.9014959034475 1.0716740258000213e-15 2.6032379728668645e-16
1331.4844501081764 7.697009567523509e-16 2.273717274792116e-16
1332.0674027182522 1.031656483602584e-15 2.574045247037541e-16
1332.6503537336878 7.129316968966244e-16 2.1939679316680417e-16
1333.2333031544965 4.3827480512319467e-16 1.8507601076079498e-16
1333.8162509806907 1.1307420801350367e-15 2.684265673996803e-16
1334.3991972122847 9.22960239492347e-16 2.48205508668556e-16
1334.9821418492902 1.1215921126014406e-15 2.6272767679099416e-16
1335.5650848917214 6.385338285239638e-16 2.1701555855894571e-16
1336.1480263395908 1.1301702270165217e-15 2.667450481807029e-16
1336.7309661929116 9.299385204283015e-16 2.5054625774851365e-16
1337.313904451697 1.150472230333668e-15 2.6279588941302773e-16
1337.89684111596 8.95012810914165e-16 2.5083964878561886e-16
1338.4797761857135 6.760244067419456e-16 2.1851495245937363e-16
1339.0627096609714 4.436133361523833e-16 1.9234993266512089e-16
1339.6456415417454 8.720647296093554e-16 2.473101948433082e-16
1340.2285718280498 1.078697093603062e-15 2.796404895279392e-16
1340.811500519897 8.03444631788594e-16 2.3121265131809544e-16
1341.3944276173008 8.535405425693775e-16 2.473176593211559e-16
1341.9773531202734 9.905186344532843e-16 2.5660159040931624e-16
1342.5602770288283 1.4032573549804524e-15 2.9568011717538342e-16
1343.1431993429785 1.2046346933546601e-15 2.7609409492668343e-16
1343.7261200627374 8.229214132568778e-16 2.3916181730006063e-16
1344.3090391881176 9.450348710098597e-16 2.5021533256393324e-16
1344.8919567191324 1.0001784099420092e-15 2.62128983315963e-16
1345.4748726557953 6.467350132775167e-16 2.1699381363500292e-16
1346.0577869981187 7.231245208069682e-16 2.310328685750407e-16
1346.6406997461158 9.305725245893214e-16 2.5102485783349193e-16
1347.2236108998 1.3084848502154184e-15 2.855545000354483e-16
1347.8065204591844 8.213739899413626e-16 2.388681350953798e-16
1348.3894284242815 1.656994650539069e-15 3.2036480131052147e-16
1348.972334795105 6.414385691978948e-16 2.1751954316256202e-16
1349.555239571668 6.931037673321445e-16 2.273511075209019e-16
1350.138142753983 7.378520944191155e-16 2.319767015062984e-16
1350.7210443420636 9.94387880956342e-16 2.586273226422341e-16
1351.3039443359226 9.233738033288439e-16 2.519200128400621e-16
1351.886842735573 5.002035544188839e-16 2.0268246407220247e-16
1352.4697395410285 7.827024889762307e-16 2.36319121789516e-16
1353.0526347523016 8.461855966696908e-16 2.472914542393502e-16
1353.6355283694054 5.060033478274117e-16 2.013116338913e-16
1354.2184203923532 1.1749838815195497e-15 2.819385428533993e-16
1354.8013108211583 8.722155544135259e-16 2.4658402290971524e-16
1355.3841996558328 9.80521951609789e-16 2.629996802461812e-16
1355.967086896391 8.384012580053054e-16 2.411440596850929e-16
1356.5499725428454 1.1244887535228135e-15 2.78780089341986e-16
1357.132856595209 9.205633480098541e-16 2.5855363077582297e-16
1357.715739053495 1.1637043672774378e-15 2.7535193524621106e-16
1358.2986199177165 6.73594798611865e-16 2.250816944969708e-16
1358.881499187886 7.630500540505101e-16 2.4250198584843956e-16
1359.4643768640178 1.0954977803536142e-15 2.712108705764236e-16
1360.047252946124 8.04881623183611e-16 2.475569461287552e-16
1360.6301274342184 5.523556906186864e-16 2.1400900187777677e-16
1361.2130003283132 7.806901504517913e-16 2.3943318548053723e-16
1361.795871628422 1.3583631264683167e-15 3.037395297893897e-16
1362.3787413345578 1.0247370714564635e-15 2.607865419736833e-16
1362.961609446734 9.28856118200829e-16 2.6203064808474267e-16
1363.5444759649629 8.631311789937827e-16 2.4790237675255736e-16
1364.1273408892582 1.0252732433120755e-15 2.6553993205499684e-16
1364.710204219633 9.41129413848307e-16 2.704682079701388e-16
1365.2930659560998 1.2996386498725313e-15 2.9799505822022943e-16
1365.8759260986724 1.2784056514672341e-15 2.9180295620822487e-16
1366.4587846473635 1.208965996330445e-15 2.9163286140450437e-16
1367.041641602186 1.0670553668968804e-15 2.69523316247697e-16
1367.6244969631537 9.99324918368532e-16 2.6711697505388634e-16
1368.2073507302784 1.0159250700688218e-15 2.696962433178349e-16
1368.7902029035747 1.2659532083514119e-15 2.971412754791767e-16
1369.3730534830547 9.983481835012294e-16 2.6693618645920675e-16
1369.9559024687312 9.64495664731264e-16 2.586991351542935e-16
1370.5387498606185 1.0994050374601798e-15 2.743416896379327e-16
1371.1215956587284 1.3441189969108148e-15 3.0689152467458015e-16
1371.7044398630749 7.202335973579893e-16 2.37866889212166e-16
1372.2872824736705 1.17421297565843e-15 2.8902902918508545e-16
1372.8701234905286 1.234631518148724e-15 2.9554922411525303e-16
1373.4529629136618 1.3365691804937004e-15 3.032561386743035e-16
1374.0358007430839 1.1289472173198049e-15 2.8751096085514853e-16
1374.6186369788074 8.048264072233618e-16 2.442607968238539e-16
1375.2014716208455 9.855292927566013e-16 2.7568550740875164e-16
1375.7843046692117 8.765734330480309e-16 2.5278276883639982e-16
1376.3671361239183 7.532191779064399e-16 2.4256109286629015e-16
1376.949965984979 1.1418691284466429e-15 2.9362148300642065e-16
1377.5327942524066 1.6301925163846932e-15 3.376974247519494e-16
1378.115620926214 9.125298757798575e-16 2.619045989942794e-16
1378.698446006415 1.0821164597320091e-15 2.84202132525818e-16
1379.2812694930217 1.3331745900784604e-15 3.0150066289111896e-16
1379.8640913860477 1.2693294816791675e-15 3.051470603197099e-16
1380.4469116855062 9.622813088489045e-16 2.6411424325586985e-16
1381.0297303914099 1.2070525489025975e-15 2.984841932774892e-16
1381.6125475037722 1.3642232180347772e-15 3.114845078915074e-16
1382.195363022606 1.330205739598334e-15 3.1164430595096283e-16
1382.7781769479243 8.236983542277468e-16 2.569742054967693e-16
1383.3609892797404 7.940369015412365e-16 2.536450748464843e-16
1383.943800018067 7.945638089739879e-16 2.4824349280228443e-16
1384.5266091629178 9.212425625544337e-16 2.6918286194246e-16
1385.1094167143053 8.529763127473877e-16 2.6031564459456913e-16
1385.6922226722427 9.662356821631612e-16 2.723915550955573e-16
1386.2750270367428 1.2794133030371115e-15 3.1070743457174037e-16
1386.8578298078196 1.2027250575750753e-15 2.9676805158679277e-16
1387.4406309854853 1.286689845449618e-15 3.0756076011224985e-16
1388.0234305697531 5.438031460107005e-16 2.2062927904461838e-16
1388.6062285606365 4.377432919487926e-16 2.064421521574887e-16
1389.1890249581481 8.675423148248463e-16 2.6351568212973667e-16
1389.771819762301 8.317830719510523e-16 2.619028784586053e-16
1390.3546129731085 9.46435545867263e-16 2.7495441209615277e-16
1390.9374045905834 8.739632480815075e-16 2.641227665249016e-16
1391.5201946147392 6.344199483178273e-16 2.3841780473501614e-16
1392.1029830455886 8.653177416075605e-16 2.6374631331940626e-16
1392.685769883145 5.352903060721172e-16 2.260069456429481e-16
1393.2685551274208 9.16516965741702e-16 2.6733204201315013e-16
1393.8513387784299 5.022867260735375e-16 2.1839643402120704e-16
1394.4341208361848 6.803972672717051e-16 2.428644365405256e-16
1395.0169013006987 4.617188242186216e-16 2.1324941184743668e-16
1395.5996801719848 1.0777797569211855e-15 2.8992738703498744e-16
1396.182457450056 1.1651851926274752e-15 3.007710498861778e-16
1396.7652331349257 8.744044463679086e-16 2.722808055377038e-16
1397.3480072266063 7.921626293871996e-16 2.529056150835313e-16
1397.9307797251115 8.381582124890026e-16 2.6509733087027687e-16
1398.5135506304543 8.910295326005832e-16 2.7105602236575366e-16
1399.0963199426476 8.734940447682879e-16 2.649713347193728e-16
1399.6790876617042 7.569945096314707e-16 2.5821291177278993e-16
1400.2618537876376 1.0270155900845776e-15 2.933911694541063e-16
1400.8446183204608 7.207128591874576e-16 2.4954022083519196e-16
1401.4273812601866 9.970805986956634e-16 2.876817438731387e-16
1402.0101426068284 8.470323119795899e-16 2.6371672010581156e-16
1402.5929023603987 9.887148777921063e-16 2.858430471028864e-16
1403.1756605209114 5.947060144924213e-16 2.328545452770091e-16
1403.7584170883788 7.728208967344437e-16 2.5575535155545e-16
1404.3411720628146 6.45522432673963e-16 2.4688696953725667e-16
1404.9239254442314 1.053103675464418e-15 2.994060298218979e-16
1405.5066772326427 1.460858771767297e-15 3.358377109766934e-16
1406.089427428061 7.66468043750918e-16 2.609450959534975e-16
1406.6721760304997 9.759583498482197e-16 2.8757091490594637e-16
1407.2549230399718 9.271718990643322e-16 2.7753754494792317e-16
1407.8376684564903 8.467588262167452e-16 2.716492101266277e-16
1408.4204122800686 9.907081580752325e-16 2.9820946343500317e-16
1409.0031545107192 2.448173768795388e-16 1.9274437208585557e-16
1409.5858951484558 8.116467694542127e-16 2.7198206760511903e-16
1410.1686341932907 7.748436114124869e-16 2.669943140952121e-16
1410.7513716452377 1.2006724849856413e-15 3.1304839540993484e-16
1411.3341075043095 9.039753724081811e-16 2.8427889488666293e-16
1411.916841770519 1.003051333940859e-15 2.9136085794931733e-16
1412.4995744438797 1.1535960878431418e-15 3.100320316754235e-16
1413.0823055244045 9.887669703183624e-16 2.880531942902893e-16
1413.6650350121065 1.0688921578430014e-15 3.0277780328712123e-16
1414.2477629069983 6.451665200174386e-16 2.4546061899363963e-16
1414.8304892090935 7.04034939274698e-16 2.622963517323845e-16
1415.413213918405 6.317504710449961e-16 2.4711124797982184e-16
1415.9959370349459 8.907139069486126e-16 2.7994290675988857e-16
1416.578658558729 6.169753047691249e-16 2.4292026130570557e-16
1417.1613784897675 1.2332846298834712e-15 3.212603533637857e-16
1417.744096828075 1.1200046669791676e-15 3.085563679324085e-16
1418.3268135736637 4.2583570277629165e-16 2.1887433265702587e-16
1418.9095287265473 7.490866100359045e-16 2.601999981274893e-16
1419.4922422867385 1.229219507011361e-15 3.336822768237272e-16
1420.0749542542503 1.3301524824017755e-15 3.3170151674635263e-16
1420.657664629096 1.2285762913670398e-15 3.306401315238838e-16
1421.2403734112888 1.3753557720605405e-15 3.388862354934208e-16
1421.8230806008412 5.073326072194497e-16 2.3806083328730765e-16
1422.405786197767 1.0568552902669257e-15 3.0481695569829716e-16
1422.9884902020785 6.953237877473388e-16 2.6193488042214374e-16
1423.5711926137892 1.3334179002925592e-15 3.3372687840235607e-16
1424.153893432912 1.021223155274779e-15 3.0246612163231125e-16
1424.73659265946 1.0353330301101412e-15 3.026554334960226e-16
1425.3192902934466 7.634071843168962e-16 2.705244033122332e-16
1425.9019863348842 8.37324626189786e-16 2.873282134967784e-16
1426.4846807837864 8.036143030758409e-16 2.7160672613036696e-16
1427.0673736401664 1.1427194436465678e-15 3.2127525584970144e-16
1427.6500649040368 1.373998825279039e-15 3.4605422533978073e-16
1428.2327545754104 1.468816858064988e-15 3.5214560984040083e-16
1428.8154426543006 7.691951722037216e-16 2.78202783448873e-16
1429.3981291407208 7.21233519752223e-16 2.648341418516972e-16
1429.9808140346836 7.798598464052453e-16 2.79085656477708e-16
1430.563497336202 6.56405059040727e-16 2.565731089264648e-16
1431.1461790452895 1.307071152226451e-15 3.445465861030069e-16
1431.7288591619592 1.0693280621734821e-15 3.104284695645181e-16
1432.3115376862236 7.745382560350018e-16 2.792198053207294e-16
1432.894214618096 6.843317882512605e-16 2.6425019204390416e-16
1433.4768899575895 4.808734684691527e-16 2.3546650371876574e-16
1434.059563704717 3.2723286208421456e-16 2.104513179155209e-16
1434.6422358594918 1.4682193821998184e-15 3.640360201259403e-16
1435.224906421927 1.1928553237945498e-15 3.311737887504336e-16
1435.8075753920357 1.0929605990392323e-15 3.250575491267675e-16
1436.3902427698301 8.146524658675445e-16 2.8929142411027707e-16
1436.9729085553245 3.3937306767985523e-16 2.1831980400926012e-16
1437.555572748531 6.997913571485132e-16 2.6775786135760263e-16
1438.1382353494632 9.915213097045966e-16 3.097888538102227e-16
1438.7208963581338 8.956992252387962e-16 2.9432213807247757e-16
1439.3035557745561 3.153953913578785e-16 2.1177024085862445e-16
1439.8862135987433 1.1847032669519376e-15 3.324033629524916e-16
1440.4688698307082 1.187555015127106e-15 3.327072889618783e-16
1441.0515244704636 8.461926905706241e-16 2.929761762495109e-16
1441.6341775180229 7.028598928186195e-16 2.6749628699557866e-16
1442.216828973399 8.381761060600134e-16 2.9458262717353787e-16
1442.7994788366052 7.773554876175696e-16 2.836388026763347e-16
1443.3821271076547 8.199558450294221e-16 2.8499686118857936e-16
1443.96477378656 8.072820086770112e-16 2.915768513508672e-16
1444.5474188733344 6.289935905599202e-16 2.626567907212208e-16
1445.1300623679908 6.039069098819712e-16 2.5476117310338985e-16
1445.7127042705426 8.808504729756323e-16 3.060421094471617e-16
1446.2953445810026 7.566113860415157e-16 2.8196612436374427e-16
1446.8779832993841 1.2648993934859091e-15 3.450663202254862e-16
1447.4606204256995 7.478988580856172e-16 2.855682643208412e-16
1448.0432559599626 7.366316258212405e-16 2.823008082570281e-16
1448.6258899021861 7.421001234682735e-16 2.8586745223967917e-16
1449.2085222523833 1.2591550277958673e-15 3.436736657113021e-16
1449.7911530105669 1.036673671507408e-15 3.2495079650563387e-16
1450.37378217675 1.1541675174451833e-15 3.3272359434611295e-16
1450.956409750946 1.0704968617615746e-15 3.2417065269143305e-16
1451.5390357331676 4.888543187773012e-16 2.4953267694800547e-16
1452.121660123428 1.0972471151479311e-15 3.2980503644722985e-16
1452.7042829217403 5.610392076961415e-16 2.5563001714903595e-16
1453.2869041281172 7.822272505532619e-16 2.8966110105219437e-16
1453.869523742572 1.2546360011431472e-15 3.480722548668345e-16
1454.452141765118 1.472145062272987e-15 3.9025161043412207e-16
1455.0347581957678 8.736074413041015e-16 3.1079891413004384e-16
1455.617373034535 8.904404211857678e-16 3.0640037791407066e-16
1456.1999862814318 1.2764827807978485e-15 3.5133769922739784e-16
1456.782597936472 7.423693211268227e-16 2.903028608586375e-16
1457.3652079996684 7.062072082074909e-16 2.7902422011925247e-16
1457.9478164710342 1.277027422982933e-15 3.6313869459744276e-16
1458.5304233505822 1.5762394822599096e-15 3.830174196689783e-16
1459.1130286383254 8.186842897569158e-16 3.026086613954664e-16
1459.6956323342774 9.011793166492947e-16 3.109072549379536e-16
1460.2782344384502 5.651883985882667e-16 2.613241696671734e-16
1460.860834950858 1.060021181786407e-15 3.345261069276497e-16
1461.443433871513 5.568707468044662e-16 2.5807881586932774e-16
1462.026031200429 8.30838947852219e-16 3.0269659400330323e-16
1462.6086269376183 5.538931083575122e-16 2.5705692355802463e-16
1463.1912210830942 9.124359610018307e-16 3.1532413471119073e-16
1463.77381363687 7.699950360037257e-16 2.9447484223099976e-16
1464.3564045989585 8.198875000584905e-16 3.041299325687351e-16
1464.9389939693726 4.904681812396166e-16 2.4983623238047773e-16
1465.521581748126 8.316291766524481e-16 3.0408676035820475e-16
1466.104167935231 1.1694028873092096e-15 3.5033976206663426e-16
1466.6867525307011 5.29731440597524e-16 2.5905409489875226e-16
1467.269335534549 1.6755088849419167e-15 4.1368713273029684e-16
1467.8519169467882 7.485086159285219e-16 2.9015992404878834e-16
1468.4344967674315 9.464302519113428e-16 3.265781585555462e-16
1469.0170749964916 5.73773871602077e-16 2.679727959679684e-16
1469.5996516339821 1.720389772685133e-15 4.201786344193762e-16
1470.1822266799156 8.856403384132369e-16 3.136032019903864e-16
1470.7648001343055 9.19450876112754e-16 3.18504319911657e-16
1471.3473719971646 8.62785854249099e-16 3.103538512558209e-16
1471.9299422685062 7.028336877368138e-16 2.9043293335560025e-16
1472.512510948343 7.276661526514681e-17 1.6396010142556591e-16
1473.0950780366886 1.0119879550508654e-15 3.3552025890993024e-16
1473.6776435335555 7.613844166992937e-16 2.9328436389341344e-16
1474.2602074389567 4.419594513833101e-16 2.4666647627317453e-16
1474.8427697529057 5.386326980819827e-16 2.647996781986558e-16
1475.4253304754152 7.567032891162928e-16 3.0115070593500493e-16
1476.007889606498 9.886244570249869e-16 3.3703515086631495e-16
1476.5904471461681 8.232871726714141e-16 3.0243795778681505e-16
1477.173003094438 9.372653554220512e-16 3.221571494966912e-16
1477.7555574513203 7.045181186315474e-16 2.939467701279459e-16
1478.3381102168285 1.157731726208111e-15 3.5485529470844694e-16
1478.9206613909753 1.5291798140181184e-15 4.066464625238211e-16
1479.5032109737742 7.181863187244756e-16 3.036960134717245e-16
1480.085758965238 1.5708165655733508e-15 4.0437286727471294e-16
1480.6683053653799 9.756021724938993e-16 3.3676036808426974e-16
1481.250850174213 1.064891303595764e-15 3.4380040301603505e-16
1481.8333933917497 1.0398794794545287e-15 3.409999268039551e-16
1482.4159350180037 8.753444411811241e-16 3.1628554357610397e-16
1482.9984750529877 4.265008089283435e-16 2.4453290615815935e-16
1483.581013496715 9.585584931666035e-16 3.405737104128086e-16
1484.1635503491987 7.370855825414096e-16 3.0564363338503775e-16
1484.7460856104515 8.107514026894057e-16 3.1559251180657234e-16
1485.3286192804865 7.343569717809483e-16 3.015309178492037e-16
1485.911151359317 7.986284024505061e-16 3.11019936789718e-16
1486.493681846956 4.3142185859365416e-16 2.4372796016047175e-16
1487.0762107434161 9.29391548902612e-16 3.356690455410714e-16
1487.658738048711 1.216671349172499e-15 3.700919880614533e-16
1488.2412637628531 2.5744711457913324e-16 2.1164335797010372e-16
1488.8237878858558 7.020649523976213e-16 2.9607168462503133e-16
1489.4063104177321 9.547440920468805e-16 3.424943046811485e-16
1489.988831358495 5.523278973501046e-16 2.712015532140038e-16
1490.5713507081575 1.0829541753168436e-15 3.545227813370904e-16
1491.1538684667328 3.54191459105816e-16 2.3821671381938205e-16
1491.7363846342337 8.988427762642937e-16 3.2975495562422344e-16
1492.3188992106734 6.345278391394838e-16 2.8756135931551016e-16
1492.9014121960652 1.1853581292992836e-15 3.7407950153977134e-16
1493.4839235904212 5.025182837054931e-16 2.6822629704721386e-16
1494.0664333937557 9.511072502087258e-16 3.4049043648618166e-16
1494.6489416060806 5.763401167344616e-16 2.7888355971044906e-16
1495.2314482274098 1.695552966726624e-15 4.414733074111453e-16
1495.8139532577557 8.30948003344178e-16 3.1852075764478966e-16
1496.3964566971317 1.4842759505062078e-15 4.151139332601671e-16
1496.978958545551 1.0194908670185256e-15 3.512251497245314e-16
1497.5614588030262 1.6209335992382564e-15 4.356575527255177e-16
1498.1439574695703 1.2376618843966446e-15 3.7756160104637456e-16
1498.7264545451967 8.656762483024859e-16 3.360139467692815e-16
1499.3089500299186 7.189039673890368e-16 3.09906326692095e-16
1499.8914439237487 6.3662551623335905e-16 2.944095942242816e-16
1500.4739362266996 7.754427284039917e-16 3.288993199985986e-16
1501.0564269387853 6.815164095532648e-16 3.017054595758973e-16
1501.638916060018 4.61419609830004e-16 2.681206296870439e-16
1502.221403590411 6.465447485017397e-16 3.027117082474558e-16
1502.8038895299776 1.4037900328251569e-15 4.064966700410551e-16
1503.3863738787306 7.940930704135513e-16 3.315372717639241e-16
1503.9688566366833 1.0870149571450992e-15 3.694990385285957e-16
1504.5513378038486 1.980278115627592e-15 4.860920384571865e-16
1505.1338173802387 2.271306777842908e-15 5.119434840073877e-16
1505.7162953658678 2.4754641645042966e-15 5.335896756722674e-16
1506.2987717607484 3.3511081906509527e-15 6.127560748401737e-16
1506.881246564894 2.793666490700478e-15 5.698489856222966e-16
1507.463719778317 2.794086407284079e-15 5.6691655755890225e-16
1508.0461914010307 2.9843670649288374e-15 5.923806972939715e-16
1508.6286614330481 1.147930072700721e-15 3.8185401991592453e-16
1509.211129874382 5.744696562286873e-16 3.046042180796383e-16
1509.7935967250462 7.948604293242045e-16 3.333747509243147e-16
1510.376061985053 8.851301598811938e-16 3.489552337747879e-16
1510.9585256544158 7.130364642842879e-16 3.146809190668695e-16
1511.5409877331472 7.002196911220279e-16 3.188555738869715e-16
1512.1234482212608 7.026003301598453e-16 3.196195976053949e-16
1512.7059071187693 8.8258487881425385e-16 3.475654644665804e-16
1513.2883644256858 3.412507014959016e-16 2.419429705730313e-16
1513.8708201420234 9.566199523876936e-16 3.6631739749025134e-16
1514.4532742677948 2.744292251990755e-16 2.289518145027553e-16
1515.0357268030132 3.846799335862017e-16 2.615632182467563e-16
1515.618177747692 1.0293619772275904e-15 3.751630154979872e-16
1516.200627101844 1.2675822644672187e-15 3.993354564582732e-16
1516.7830748654821 8.417039982853275e-16 3.469066845918534e-16
1517.3655210386191 1.029086479761496e-15 3.74541928589413e-16
1517.9479656212686 1.2541872854393392e-15 4.032475045949468e-16
1518.5304086134436 6.204873151266781e-16 3.157728239452191e-16
1519.1128500151563 5.853995046822607e-16 3.0137858426759593e-16
1519.6952898264205 3.960997641299822e-16 2.5817127480947646e-16
1520.2777280472494 1.0094376447258011e-15 3.87389671393807e-16
1520.8601646776551 8.271773303003571e-16 3.4094569022555124e-16
1521.4425997176515 6.35217376898108e-16 3.139724289460505e-16
1522.0250331672519 6.476119041361617e-16 3.149854274114074e-16
1522.6074650264677 3.974523963374085e-16 2.6449188760144726e-16
1523.1898952953136 8.814736774665746e-16 3.6970110882607505e-16
1523.772323973802 1.0020543761619406e-15 3.7845395025630697e-16
1524.3547510619458 7.432922164624155e-16 3.3694009788776526e-16
1524.9371765597582 5.699452297409284e-16 3.0555188912893827e-16
1525.5196004672523 1.4643724761907446e-15 4.470752127473708e-16
1526.102022784441 3.051310990426101e-16 2.492415093723868e-16
1526.6844435113373 9.194063010039047e-16 3.7634499703632137e-16
1527.2668626479544 5.279266251451619e-16 3.008976548420127e-16
1527.849280194305 1.1132744608176402e-15 3.980219201153186e-16
1528.4316961504023 7.242217990505769e-16 3.403989833976578e-16
1529.0141105162595 5.560155611650946e-16 3.05067571571566e-16
1529.5965232918895 1.187231236783018e-15 4.2039658658461656e-16
1530.1789344773053 7.03381612174569e-16 3.3767479309038996e-16
1530.7613440725197 6.186929817070383e-17 1.7836510106859717e-16
1531.3437520775462 8.888010947954755e-16 3.696020853805851e-16
1531.9261584923975 3.318258453011418e-16 2.5268459242385713e-16
1532.5085633170868 4.781863623231069e-16 2.989884425789015e-16
1533.0909665516272 1.0816312157323508e-15 3.968314682475119e-16
1533.673368196031 7.479687383037657e-16 3.5493809217904105e-16
1534.2557682503123 1.1090209789938843e-15 4.1046901633566134e-16
1534.8381667144834 8.677086509198634e-16 3.73178840819044e-16
1535.4205635885578 1.0597652719572179e-15 3.986439599359585e-16
1536.0029588725479 8.83239264705567e-16 3.709703347579764e-16
1536.5853525664672 5.928860583261271e-16 3.1752708211854196e-16
1537.1677446703284 4.94878999433325e-16 2.971816154232897e-16
1537.750135184145 3.3311031782609375e-16 2.5842234066899856e-16
1538.3325241079299 7.374646827248651e-16 3.5511565146060923e-16
1538.9149114416955 1.1044571654740781e-15 4.1212716273925044e-16
1539.4972971854554 3.6405290784532617e-16 2.7447811488199984e-16
1540.0796813392228 6.072484019193302e-16 3.2275396361737064e-16
1540.6620639030102 8.609284698144479e-16 3.7405033184265027e-16
1541.2444448768313 1.1083918452723111e-15 4.124152068808761e-16
1541.826824260698 1.9318374395746414e-16 2.2540195236037174e-16
1542.4092020546245 1.161580749799553e-15 4.199993810719135e-16
1542.9915782586231 1.3483660201083479e-15 4.619739399544227e-16
1543.5739528727074 9.173312820413685e-16 3.883240016741877e-16
1544.1563258968897 8.147228225417258e-16 3.764003453454685e-16
1544.7386973311834 3.8531912582402347e-16 2.833375501146878e-16
1545.321067175602 8.961558951113744e-17 1.900055836951374e-16
1545.9034354301573 9.262165517789477e-16 3.910866261014372e-16
1546.4858020948636 6.464680920200132e-16 3.37269540764688e-16
1547.0681671697332 2.3924601766897363e-16 2.413419742271748e-16
1547.6505306547795 3.664449288883723e-16 2.800447889415755e-16
1548.232892550015 6.73500566196483e-16 3.4771883036959265e-16
1548.8152528554533 9.418163575685302e-16 3.958772062230911e-16
1549.3976115711068 1.0918822202182592e-15 4.32792199083634e-16
1549.979968696989 7.204453026552436e-16 3.61111162419512e-16
1550.562324233113 8.31176543421259e-16 3.8579754062054454e-16
1551.1446781794916 5.710444138086685e-16 3.350161154876363e-16
1551.7270305361378 1.0944989167505645e-15 4.2891832036914606e-16
1552.3093813030648 8.08807462075457e-16 3.819254883208491e-16
1552.8917304802853 8.231845758056779e-16 3.768523962415063e-16
1553.4740780678123 4.176982572520196e-16 2.961972572594618e-16
1554.0564240656595 7.266258903131215e-16 3.676290544788542e-16
1554.638768473839 1.0378617410950505e-15 4.333221770108192e-16
1555.2211112923644 5.598258329991997e-16 3.335307902750667e-16
1555.8034525212486 5.780834693585885e-16 3.352952922530954e-16
1556.3857921605045 8.276012173508986e-16 3.817475849321461e-16
1556.9681302101453 7.322239310615251e-16 3.637804808736655e-16
1557.550466670184 5.899932290530168e-16 3.4587039272044695e-16
1558.1328015406332 5.190154150235731e-16 3.3301044734765654e-16
1558.7151348215066 6.151080206369028e-16 3.4583614082564235e-16
1559.2974665128168 1.3760029052322428e-15 4.854733338287764e-16
1559.879796614577 1.219901191679498e-15 4.670813898076886e-16
1560.4621251267997 1.027536515347139e-15 4.268193197862907e-16
1561.0444520494987 8.798714087677247e-16 3.9993351465859395e-16
1561.6267773826862 9.267688172605575e-16 4.139268165845902e-16
1562.2091011263763 1.8854851761927055e-15 5.534606980379388e-16
1562.7914232805808 1.1044031671236906e-15 4.500845090507286e-16
1563.3737438453136 1.1324259816341783e-15 4.633635504439526e-16
1563.9560628205872 1.1053982190784776e-15 4.531560622757095e-16
1564.5383802064148 1.2640269495502372e-15 4.767966988940178e-16
1565.12069600281 2.1826112050788316e-15 6.112281862220045e-16
1565.703010209785 3.038178538672311e-16 2.7065945212776104e-16
1566.2853228273525 7.948802816589058e-16 3.9209321888013053e-16
1566.8676338555267 1.1569163511172603e-15 4.677152351500308e-16
1567.4499432943194 3.3235367917617924e-16 2.814563164086156e-16
1568.0322511437446 1.7699346355941684e-15 5.609480987147524e-16
1568.614557403815 8.751871048111716e-16 4.221305424369849e-16
1569.1968620745436 1.1249260342818335e-15 4.69933402680653e-16
1569.7791651559428 8.220819506665896e-16 4.05812108600996e-16
1570.3614666480266 5.05186649247581e-16 3.341064285720648e-16
1570.9437665508074 9.748446074016987e-16 4.3269754315177834e-16
1571.5260648642989 1.336527146483693e-15 5.046150608268619e-16
1572.1083615885127 1.1908854427965915e-15 4.759649125398141e-16
1572.6906567234635 6.687103831215231e-16 3.710808990273727e-16
1573.272950269163 3.827595775458782e-16 3.06200054622045e-16
1573.855242225625 3.0767735949139533e-16 3.035291479811154e-16
1574.4375325928622 9.842238032266456e-16 4.328574470903522e-16
1575.0198213708877 5.284724849401081e-16 3.5094779937386484e-16
1575.6021085597145 8.847682121149202e-16 4.290542426874008e-16
1576.1843941593552 1.8793178234246285e-16 2.4603956601308794e-16
1576.7666781698235 1.0958110766649798e-15 4.749765839090459e-16
1577.3489605911323 3.507554964250585e-16 2.9315177676738854e-16
1577.9312414232943 1.3109507748831125e-15 5.244720012697853e-16
1578.5135206663224 8.766947705177251e-16 4.220228898433448e-16
1579.0957983202302 9.193174684235614e-16 4.446407871174028e-16
1579.6780743850302 5.625407853533865e-16 3.603577795524885e-16
1580.2603488607356 5.550957363239357e-16 3.5931643195317813e-16
1580.8426217473593 1.6665006895478672e-15 5.760046387477897e-16
1581.4248930449141 5.757844101815035e-16 3.669971149606433e-16
1582.007162753414 1.907480477780752e-16 2.4521116779067324e-16
1582.5894308728705 7.586637998122721e-16 4.098130951971313e-16
1583.171697403298 7.495466018658228e-16 4.040726999740297e-16
1583.7539623447087 9.699142403739682e-16 4.599618661277794e-16
1584.3362256971159 4.2470951953335785e-16 3.363446072560659e-16
1584.9184874605326 2.3864912413895537e-16 2.7910662054315256e-16
1585.5007476349717 9.593424221592873e-16 4.558423213888081e-16
1586.083006220446 7.100846603422251e-16 4.104776454838115e-16
1586.6652632169692 1.2899176762533673e-15 5.389636232665631e-16
1587.2475186245533 2.2202597020019171e-16 2.689459044754656e-16
1587.8297724432123 1.3872091511244172e-15 5.451684043029969e-16
1588.412024672959 4.2030134831760966e-16 3.3868260347894496e-16
1588.994275313806 4.2530199261018263e-16 3.34078635303483e-16
1589.5765243657663 8.258388064854585e-16 4.388304587365935e-16
1590.1587718288533 1.18102873214763e-15 5.044868412144713e-16
1590.74101770308 6.242359653138704e-16 3.8988455400038534e-16
1591.3232619884586 4.289402969036604e-17 1.9751871299772384e-16
1591.9055046850035 3.759738907263056e-16 3.497192310234317e-16
1592.4877457927264 1.2360248873469573e-15 5.251857324069654e-16
1593.0699853116412 2.563578566787438e-16 2.918954945577124e-16
1593.6522232417603 6.341502742032452e-16 3.9338512941315055e-16
1594.234459583097 4.847682053699668e-17 2.022134195776604e-16
1594.8166943356646 1.1471316382688154e-15 5.331697590886661e-16
1595.3989274994753 1.2517115140136333e-15 5.314691816283754e-16
1595.9811590745426 1.2895368290644581e-15 5.456309901713161e-16
1596.5633890608801 6.401859795224731e-17 2.188262238325998e-16
1597.1456174584998 1.3098547142493654e-15 5.529461784620411e-16
1597.7278442674149 7.263101587820324e-16 4.4190127080774555e-16
1598.3100694876389 1.121774965838929e-15 5.207753377297307e-16
1598.8922931191842 1.159028216013002e-15 5.373182617665216e-16
1599.4745151620643 1.3790091310411667e-15 5.800170338189333e-16
1600.0567356162924 1.1222987498376875e-15 5.198181375597741e-16
1600.6389544818803 7.3012614808853145e-16 4.4261936945856e-16
1601.2211717588423 2.851424185066091e-16 3.093832573773859e-16
1601.803387447191 7.047512644502792e-16 4.2712861916093653e-16
1602.3856015469394 5.259797728554571e-16 3.9396084711948746e-16
1602.9678140581002 7.606981611933401e-16 4.578671536492195e-16
1603.5500249806864 5.216227412538994e-16 3.896609373023102e-16
1604.132234314712 5.268848275595984e-16 3.917089835594323e-16
1604.7144420601885 1.5888148510322022e-15 6.159343012769494e-16
1605.2966482171298 -1.4903965576435081e-16 3.3611782741932835e-17
1605.8788527855493 5.162107830560957e-16 3.879918588797456e-16
1606.461055765459 5.37290256739703e-16 3.979843330282842e-16
1607.0432571568722 1.44429631303316e-15 6.0147777820792345e-16
1607.6254569598022 9.768375700474697e-16 5.068826209662209e-16
1608.2076551742618 1.0125446674554483e-15 5.209106512430546e-16
1608.7898518002644 7.896821463407246e-16 4.872181687605611e-16
1609.3720468378224 1.0015321803499583e-15 5.181038487536498e-16
1609.954240286949 8.104418121471842e-16 4.832483900345762e-16
1610.5364321476577 1.2186257718191699e-15 5.610620246461581e-16
1611.1186224199605 1.2726600152277714e-15 5.82376920549543e-16
1611.7008111038713 1.0060551245300595e-15 5.188651725545538e-16
1612.2829981994025 3.3518358978317626e-16 3.530653817420006e-16
1612.865183706568 5.705145417606017e-16 4.1879881774829894e-16
1613.4473676253797 8.36600518899002e-16 4.968526391399867e-16
1614.029549955851 5.690231814382829e-16 4.183194235699326e-16
1614.6117306979952 5.506808947237278e-16 4.069567412803122e-16
1615.1939098518249 1.842299413135182e-15 7.080863508009746e-16
1615.7760874173532 1.0371596566608951e-15 5.340324092058854e-16
1616.3582633945932 1.7987839425029394e-15 6.920647226036595e-16
1616.9404377835579 3.050453898962598e-16 3.2307840370594863e-16
1617.5226105842605 3.3263926162830195e-16 3.469925525568813e-16
1618.1047817967135 5.91605979784589e-16 4.2874666384842906e-16
1618.6869514209304 8.174602742085741e-16 4.873079013134108e-16
1619.2691194569238 5.811185472272783e-16 4.256870749638281e-16
1619.8512859047069 8.216745807585195e-16 4.884215378808134e-16
1620.4334507642927 3.558127066366403e-16 3.5925761610290316e-16
1621.015614035694 5.844724800610501e-16 4.2765917942327294e-16
1621.5977757189241 8.359792731717501e-16 4.9597993050651875e-16
1622.1799358139958 1.1214073535398207e-15 5.724546707262877e-16
1622.7620943209222 1.0659468125271613e-15 5.453296582003304e-16
1623.3442512397164 1.8201156202465917e-15 6.99188746146101e-16
1623.926406570391 1.6606341393551839e-15 6.878993851459772e-16
1624.5085603129594 3.565364698202895e-16 3.6116039620957114e-16
1625.0907124674343 1.3496225934855996e-15 6.164554382977476e-16
1625.6728630338291 3.5073437354093636e-16 3.60949537945264e-16
1626.2550120121564 5.803405474652252e-16 4.2333332922208603e-16
1626.8371594024293 6.338648770395797e-16 4.59083069445003e-16
1627.4193052046605 6.005943757834964e-16 4.364329849189494e-16
1628.0014494188638 3.703370717507854e-16 3.74127041263936e-16
1628.5835920450515 3.2699391938375004e-16 3.6664668154849644e-16
1629.165733083237 6.360474691864172e-16 4.606167814146845e-16
1629.7478725334329 9.263361422431882e-17 2.5170333122424263e-16
1630.3300103956524 -1.5645115434815654e-16 4.325502123585153e-17
1630.912146669909 6.453157036952737e-16 4.612675674159719e-16
1631.4942813562145 8.449600458741323e-16 5.052918930912773e-16
1632.076414454583 1.1458120668161116e-15 5.839531429852648e-16
1632.658545965027 6.511349788615884e-16 4.715277833851816e-16
1633.2406758875593 3.631205627984156e-16 3.7071932183801353e-16
1633.8228042221933 9.576914490659703e-16 5.578530403254852e-16
1634.4049309689424 6.485426874660758e-16 4.727330053900061e-16
1634.9870561278187 1.4234813253873328e-15 6.482680899724878e-16
1635.5691796988353 6.114498441563891e-16 4.473957617783474e-16
1636.1513016820059 -1.6816314508429075e-16 6.549300081351484e-20
1636.7334220773425 3.6294819159364935e-16 3.725545775369176e-16
1637.315540884859 6.676105108395134e-16 4.842482065496915e-16
1637.897658104568 1.1571420324581444e-16 2.7912086128457827e-16
1638.4797737364825 3.7305345347307076e-16 3.8017866815559433e-16
1639.0618877806153 8.832816560575991e-17 2.5909165551600707e-16
1639.64400023698 6.048469046951866e-16 4.465828748467793e-16
1640.226111105589 3.7227026563421575e-16 3.850296523142993e-16
1640.8082203864553 1.147788724077648e-15 5.897975644422011e-16
1641.3903280795928 9.1137536987275e-16 5.419585200098175e-16
1641.972434185013 2.075802044495959e-15 7.991447219714168e-16
1642.55453870273 6.396412182233804e-16 4.714524503924352e-16
1643.1366416327564 1.0848692771059162e-16 2.7671240250839947e-16
1643.7187429751052 1.1995425430340041e-15 6.196435114925352e-16
1644.3008427297893 1.4380911614198118e-15 6.59801978796572e-16
1644.8829408968222 9.416251398806875e-16 5.51566944126115e-16
1645.4650374762164 9.840866500636394e-17 2.7824532038469294e-16
1646.047132467985 9.707100278279136e-16 5.769903204005976e-16
1646.629225872141 1.7579976120267503e-15 7.337963418489843e-16
1647.2113176886971 3.555413913957229e-16 3.81577066611952e-16
1647.7934079176669 -1.8269627169548402e-16 6.559143530640865e-20
1648.3754965590629 6.64687188380302e-16 4.921877640016612e-16
1648.9575836128984 3.9698247834013957e-16 4.117284749188897e-16
1649.539669079186 6.982401751242946e-16 5.140321084366392e-16
1650.1217529579396 6.22482607113054e-16 4.743832373294943e-16
1650.7038352491709 9.514066763555802e-16 5.715904324222923e-16
1651.285915952894 8.03429213141976e-17 2.7261406006288914e-16
1651.867995069121 3.6838159031293046e-16 3.9684523253290477e-16
1652.4500725978653 1.8421431355564134e-15 7.704316814880353e-16
1653.03214853914 3.8094642411294155e-16 4.073487587162133e-16
1653.614222892958 3.698496572291998e-16 4.014582004334313e-16
1654.1962956593325 7.03361071625598e-16 5.10759808403159e-16
1654.7783668382758 6.727065257479913e-16 5.041704214691126e-16
1655.3604364298014 6.940834668147625e-16 5.055891487162044e-16
1655.9425044339223 -2.0364130536849434e-16 7.082987319047894e-20
1656.5245708506513 3.857875085740755e-16 4.157909772828193e-16
1657.1066356800018 6.610910041236154e-16 5.020883086056431e-16
1657.6886989219865 3.8417661072707543e-16 4.1738856083067973e-16
1658.270760576618 9.623575418141574e-16 5.860285854642747e-16
1658.8528206439098 9.54603166940281e-16 5.834958510728659e-16
1659.4348791238751 2.077095675564653e-15 8.183755462476416e-16
1660.016936016526 1.2633202064348719e-15 6.601187161792859e-16
1660.5989913218764 7.157476049902121e-16 5.220547809965583e-16
1661.181045039939 2.429914332490986e-15 8.830338062762986e-16
1661.763097170726 1.6058241196460158e-15 7.46541699545879e-16
1662.3451477142517 1.8205687828733727e-15 7.720860956527006e-16
1662.9271966705282 6.874777215569222e-16 5.272681629077901e-16
1663.509244039569 1.8956398306808637e-15 8.026644085650544e-16
1664.0912898213867 6.616939327633829e-16 5.136905953402181e-16
1664.6733340159944 1.0368977117219567e-15 6.155022615342905e-16
1665.2553766234053 1.572818422065068e-15 7.370747299317729e-16
1665.8374176436316 6.838145158182842e-16 5.309896551011111e-16
1666.4194570766872 9.744639719710263e-16 6.072220909584061e-16
1667.0014949225847 4.2606479871874433e-16 4.4145186688966795e-16
1667.5835311813373 1.0035809412911297e-15 6.23805619637106e-16
1668.165565852958 1.2699338396870334e-15 6.768426405689932e-16
1668.747598937459 9.470227514579471e-16 5.964210973919337e-16
1669.3296304348544 5.5664146557355635e-16 4.918727736244011e-16
1669.9116603451564 6.005402715539906e-17 3.142643112057184e-16
1670.4936886683784 1.4590611031554273e-16 3.4747877593838486e-16
1671.0757154045332 1.4321965267909711e-16 3.473262570683199e-16
1671.6577405536336 1.2624637502460794e-15 6.800380194229509e-16
1672.239764115693 1.4659864974717377e-15 7.490478582785677e-16
1672.8217860907243 3.3649694083767365e-16 4.231786398300937e-16
1673.4038064787403 4.992294665295415e-16 4.999012165962733e-16
1673.985825279754 -2.703204007208429e-16 7.622225714136359e-20
1674.5678424937785 1.6109689977676384e-15 7.680194904729327e-16
1675.1498581208266 3.652160230482492e-17 3.101087146269296e-16
1675.7318721609115 6.917261211829946e-16 5.59842826597704e-16
1676.313884614046 3.297728756650138e-16 4.288129177067721e-16
1676.895895480243 3.5798902544571223e-16 4.551322430812129e-16
1677.477904759516 3.378783192257474e-16 4.4117255777531084e-16
1678.0599124518774 2.0593559998525102e-16 3.9731591815378214e-16
1678.6419185573404 4.912782094349877e-16 4.940108436019485e-16
1679.223923075918 3.0234266658024894e-16 4.2093016440182757e-16
1679.8059260076232 8.206794229246141e-16 5.979432685377089e-16
1680.3879273524688 1.1052889518282818e-15 6.631311888561958e-16
1680.969927110468 2.01114622630447e-17 3.222789634224182e-16
1681.5519252816337 3.41135107968381e-16 4.620201561896073e-16
1682.1339218659791 3.3301039440809734e-16 4.568702488098604e-16
1682.7159168635167 3.3509766887858915e-16 4.591510967785794e-16
1683.2979102742597 9.879026790748078e-16 6.543594744731079e-16
1683.8799020982215 6.211328071720451e-16 5.457446514049258e-16
1684.4618923354144 3.268730583700887e-16 4.623512931324245e-16
1685.0438809858513 1.6232193176464222e-15 7.977373767295538e-16
1685.6258680495462 1.2331159644478492e-15 7.321534685082254e-16
1686.207853526511 -1.8033448906691037e-17 3.200185236537721e-16
1686.7898374167594 2.0355899758882286e-16 4.301919667542409e-16
1687.3718197203038 9.864629348227123e-16 6.620775328093707e-16
1687.9538004371577 3.357149441389007e-16 4.889429925389668e-16
1688.5357795673337 -1.9382732686997735e-17 3.3886487438128225e-16
1689.1177571108449 -2.3806535961961954e-17 3.387984881740412e-16
1689.6997330677043 9.716818922557695e-16 6.693020885747394e-16
1690.281707437925 1.7987810043574036e-16 4.2103112014122844e-16
1690.8636802215199 2.977790383489e-16 4.785242225899429e-16
1691.4456514185017 9.615334846355974e-16 6.712362883097946e-16
1692.0276210288837 6.391059992798341e-16 5.933028514757354e-16
1692.609589052679 2.9863681802667257e-16 4.887758094110025e-16
1693.1915554899 9.311995407285264e-16 6.842957893510022e-16
1693.7735203405605 6.202308759018968e-16 5.899411365267607e-16
1694.3554836046724 -5.730589493248148e-17 3.5033499750630596e-16
1694.9374452822497 9.94658825620345e-16 7.03919372216957e-16
1695.5194053733048 6.9125591201815e-16 6.245264446752194e-16
1696.1013638778509 2.4729198363494223e-16 4.728567780794236e-16
1696.6833207959005 4.033051028353601e-16 5.732285412027229e-16
1697.2652761274676 2.7674345155987226e-16 5.018934910277746e-16
1697.8472298725644 6.477574879239711e-16 6.167091246654503e-16
1698.429182031204 -4.1118698263757777e-16 1.1681527990279602e-16
1699.0111326033991 6.282185554131825e-16 6.234430895356812e-16
1699.5930815891631 6.190994516426019e-16 6.210001406366814e-16
1700.1750289885092 2.4683180651656673e-16 5.03951886968721e-16
1700.7569748014498 9.451474205127261e-16 7.102921304747432e-16
1701.3389190279984 1.3779232348027867e-15 8.329468422810205e-16
1701.920861668167 -1.1307247953689568e-16 3.70289717315078e-16
1702.5028027219698 1.3593910009498098e-15 8.268476227256383e-16
1703.084742189419 6.60141903706217e-16 6.702626239369258e-16
1703.666680070528 1.725688069649327e-15 9.097325494715502e-16
1704.2486163653093 5.956173160645486e-16 6.375496291788135e-16
1704.8305510737762 2.3046255070374255e-16 5.272034178268844e-16
1705.4124841959417 5.928529181620657e-16 6.430486729515068e-16
1705.9944157318187 2.3140474250866495e-16 5.365008749724212e-16
1706.5763456814204 2.528524902358707e-16 5.59867814069648e-16
1707.158274044759 9.379687104056275e-16 7.516866306070608e-16
1707.7402008218485 1.467914979734399e-15 9.031476094604769e-16
1708.322126012701 9.907409806019386e-16 7.750132297601746e-16
1708.90404961733 -1.8447774080223743e-16 3.7924957889157477e-16
1709.485971635748 -5.07467761914096e-16 1.6625196082259924e-16
1710.0678920679688 5.863085827929014e-16 6.727361719011452e-16
1710.6498109140045 1.7065039380643196e-15 9.543288341444891e-16
1711.2317281738688 1.2472538972495891e-15 7.674431374918853e-16
1711.813643847574 9.481108446880341e-17 4.0453531231212855e-16
1712.3955579351332 1.105649999622049e-15 7.095328183770889e-16
1712.97747043656 1.482781996145488e-15 7.934018385890326e-16
1713.5593813518665 3.628537738898101e-16 3.435263613878187e-16
1714.1412906810663 3.0318988481596045e-16 4.529157166769261e-16
1714.7231984241723 6.851699802921279e-16 5.778043720024682e-16
1715.305104581197 3.633027648793259e-15 1.2333310049373334e-15
1715.887009152154 -1.3306417762777128e-16 6.154036995521848e-20
