wavelength flux error
1569.8435103343513 0.0 0.0
1571.3874513343078 0.0 0.0
1572.9314016301796 0.0 0.0
1574.4753612221343 0.0 0.0
1576.0193301103407 0.0 0.0
1577.5633082949664 0.0 0.0
1579.107295776179 0.0 0.0
1580.6512925541463 -6.234945827861271e-13 3.841472496005083e-13
1582.1952986290364 -8.67292823387815e-14 1.5041356289831331e-13
1583.7393140010179 8.149667870887764e-14 8.819515078103621e-14
1585.283338670258 -9.038537469472849e-14 6.142048675217282e-14
1586.8273726369248 7.99265777802656e-14 5.299668649348839e-14
1588.3714159011863 -7.09041962784155e-15 4.0387554140885323e-14
1589.9154684632108 2.0616012830253563e-14 3.5502813389891655e-14
1591.4595303231658 3.220819403825133e-14 3.151153993232077e-14
1593.0036014812194 -4.836316555025498e-14 2.4611335105312326e-14
1594.5476819375394 2.7207741810399144e-14 2.40495438911777e-14
1596.0917716922943 -3.658813872806522e-15 2.0530398128076888e-14
1597.6358707456516 -1.4515317743477247e-15 1.8414784264510556e-14
1599.1799790977798 -3.2014182835748625e-14 1.464348187520982e-14
1600.7240967488463 3.783255294735914e-15 1.467056151853354e-14
1602.2682236990192 5.121893882598875e-16 1.3094895583458041e-14
1603.8123599484668 -1.999828186621637e-14 1.086581403331047e-14
1605.356505497357 5.961162925858642e-15 1.0899408207031523e-14
1606.9006603458574 1.2662740220801844e-14 1.0126997168364432e-14
1608.4448244941373 5.531180626228626e-15 8.984061731316315e-15
1609.988997942363 5.166091214753657e-15 8.362334465833975e-15
1611.533180690704 8.314593994860828e-15 7.76696940676903e-15
1613.0773727393275 5.006393316944226e-15 7.138985108905323e-15
1614.6215740884015 9.634335701187019e-15 6.653206207940824e-15
1616.1657847380945 4.7459760019262064e-15 6.113303172196197e-15
1617.7100046885748 3.52438339133016e-15 5.6975294267398984e-15
1619.2542339400097 -2.2898709871896437e-15 5.13894889099184e-15
1620.7984724925677 -3.097207947129108e-15 4.639785175394829e-15
1622.3427203464169 5.340655811336822e-15 4.848001120422987e-15
1623.8869775017247 -3.983174128529242e-15 4.136164372429366e-15
1625.43124395866 -1.1933551791125483e-15 4.0290202103158545e-15
1626.9755197173904 4.768922547983799e-15 3.9725425944917795e-15
1628.5198047780848 3.4583139744113773e-15 3.858088538043463e-15
1630.06409914091 3.125869847998299e-15 3.5776583755806664e-15
1631.608402806035 -3.0108537851894794e-16 3.272136132604882e-15
1633.1527157736275 -6.807306276760089e-16 3.1468222667398182e-15
1634.697038043856 -6.39373952858742e-17 2.981802672681025e-15
1636.2413696168885 -1.3470860474459282e-15 2.7978209755485234e-15
1637.785710492893 7.084728625227185e-16 2.8212327544523954e-15
1639.3300606720375 2.0135673574876332e-15 2.7362990667653122e-15
1640.8744201544903 1.6883988470447754e-16 2.578160556611776e-15
1642.4187889404195 3.886539104192314e-15 2.6196522537747912e-15
1643.9631670299932 1.4092331724233314e-15 2.4395031689703785e-15
1645.5075544233796 9.909419391686746e-16 2.342770100569806e-15
1647.0519511207472 2.0819508684183146e-15 2.277602985498086e-15
1648.5963571222635 -8.289692814398327e-16 2.144465288057471e-15
1650.1407724280966 2.0707895152723447e-15 2.178268255400022e-15
1651.6851970384157 2.8354004392864077e-15 2.1783813342984805e-15
1653.2296309533879 1.154928788306528e-15 2.00866642485482e-15
1654.7740741731816 5.746681901636118e-15 2.1421850753634624e-15
1656.3185266979656 3.3710979564479174e-15 2.0099551854840672e-15
1657.8629885279072 -6.455566316292084e-16 1.794389535572584e-15
1659.4074596631751 4.053339373264473e-15 1.9376427122275467e-15
1660.9519401039374 2.0558167256219673e-15 1.8472467208218574e-15
1662.4964298503626 1.1528925211013287e-15 1.7664215664454311e-15
1664.0409289026186 1.0705538247272775e-15 1.7092033261881007e-15
1665.5854372608733 2.6750401617122235e-15 1.7263260972168464e-15
1667.1299549252954 1.6327706729178985e-15 1.6763764584381419e-15
1668.6744818960528 3.2600904770619787e-15 1.6945374801019845e-15
1670.219018173314 3.2728520872035488e-15 1.6475776558688509e-15
1671.7635637572473 2.191174284659099e-15 1.5980002880704646e-15
1673.3081186480204 2.664386181301659e-15 1.5979128319186606e-15
1674.852682845802 1.701424916754346e-15 1.5175598984103287e-15
1676.3972563507602 6.617921885852644e-16 1.4608971000081602e-15
1677.9418391630636 1.7970399016645428e-15 1.4957678582598437e-15
1679.48643128288 2.235916894273676e-15 1.4492587614337677e-15
1681.0310327103778 2.2031697534998776e-16 1.3725502930601158e-15
1682.575643445725 7.094913137626734e-16 1.3342587922509459e-15
1684.1202634890903 4.104860575797689e-15 1.4870941350008412e-15
1685.664892840642 1.7639091608447565e-15 1.3532999870261042e-15
1687.2095315005479 3.4795836069916432e-15 1.4171033790527448e-15
1688.754179468977 1.5028756293576097e-15 1.3008770120414171e-15
1690.2988367460966 2.4328092793464645e-15 1.362017544240127e-15
1691.8435033320761 9.79587250752494e-16 1.2627964224361135e-15
1693.3881792270831 2.2517964326940892e-15 1.28410787726815e-15
1694.9328644312857 3.639961460499483e-15 1.3290800328114331e-15
1696.477558944853 3.7094613608546455e-15 1.3104825774215177e-15
1698.0222627679527 2.9993637832599748e-15 1.2717678777760758e-15
1699.566975900754 1.58274088364656e-15 1.1901381479788764e-15
1701.1116983434238 1.8672868850791837e-15 1.1907993630733268e-15
1702.6564300961313 1.7883190621978493e-15 1.1783016036948264e-15
1704.2011711590449 2.0545281767509567e-15 1.1721542620801283e-15
1705.7459215323324 1.1873947141418381e-15 1.1367779310380525e-15
1707.290681216163 4.773702778421629e-15 1.2544469010376726e-15
1708.8354502107045 1.782170661791967e-15 1.1282612265116473e-15
1710.3802285161253 2.580599587983395e-15 1.1470960628850307e-15
1711.9250161325933 7.183493196272629e-16 1.0763404361855636e-15
1713.4698130602776 1.7363668257735988e-15 1.0701115676496923e-15
1715.0146192993466 -1.617885339419325e-16 1.0097151538951453e-15
1716.5594348499683 2.801537120846365e-15 1.1150767351711605e-15
1718.104259712311 9.660202181572034e-16 1.0362628605279896e-15
1719.6490938865434 2.0287879042750825e-15 1.0512933542978988e-15
1721.1939373728335 1.9918250805227994e-15 1.055645303701773e-15
1722.7387901713503 1.22725777870552e-15 9.960179958633329e-16
1724.2836522822618 1.745701340610578e-15 1.014998521903644e-15
1725.8285237057364 8.62433700301278e-16 9.629697348767854e-16
1727.3734044419423 1.4881846899204311e-15 9.943170478261278e-16
1728.9182944910485 2.1385489746791365e-15 9.962370597593165e-16
1730.4631938532234 -1.83765955193858e-16 8.958046808407293e-16
1732.0081025286345 6.154374635138256e-16 9.142447998606923e-16
1733.5530205174512 8.406829000674125e-16 9.320647848841466e-16
1735.0979478198417 2.8073340025791364e-15 9.914348064648582e-16
1736.6428844359743 1.6038063812865377e-15 9.318557795044116e-16
1738.1878303660178 1.0166440951619223e-15 9.100197995197878e-16
1739.73278561014 1.588086296818445e-15 9.060413916456528e-16
1741.27775016851 2.535911188477442e-15 9.375227475588981e-16
1742.8227240412957 1.0974005339905025e-15 8.91225197211399e-16
1744.367707228666 4.661082018908526e-16 8.412017077476057e-16
1745.9126997307892 1.3391166320825677e-15 8.681080269544938e-16
1747.4577015478335 1.6828354022983111e-15 8.871883970034626e-16
1749.0027126799682 2.8233702420947917e-15 9.061553175770585e-16
1750.547733127361 3.4242344508115478e-15 9.34736644437142e-16
1752.092762890181 1.152662234018794e-15 8.332219691702006e-16
1753.6378019685958 1.9090193513574558e-15 8.501480697365056e-16
1755.182850362775 1.608344995576163e-15 8.387051310751329e-16
1756.7279080728863 2.1589573865102817e-15 8.52690862644163e-16
1758.2729750990986 1.3202935482913274e-15 8.008335997891235e-16
1759.8180514415803 8.426929092512469e-16 7.90580477720847e-16
1761.3631371005001 1.6767021426063611e-15 8.177300012627154e-16
1762.9082320760263 7.267084760254788e-16 7.611278715953941e-16
1764.4533363683277 1.5319317181846292e-15 7.955024802982233e-16
1765.9984499775724 1.7680747630002347e-15 7.919406008759006e-16
1767.543572903929 1.2293067514049282e-15 7.72423267705267e-16
1769.0887051475665 3.619807158552514e-15 8.489582531434094e-16
1770.6338467086532 2.2869998101962476e-16 7.09385011127793e-16
1772.1789975873576 1.8589656334053574e-15 7.852474524058155e-16
1773.7241577838483 1.0354472736789021e-15 7.291739771766992e-16
1775.269327298294 6.188622824173707e-16 7.142529094756635e-16
1776.8145061308633 9.596469305038252e-16 7.337229146803692e-16
1778.3596942817244 2.2088131105109593e-15 7.522309551547901e-16
1779.9048917510463 8.46153356478136e-16 7.177166918947823e-16
1781.450098538997 1.3702365166855723e-15 7.134686628456244e-16
1782.9953146457462 1.909481407830183e-15 7.373030053110579e-16
1784.5405400714615 1.5931998347210193e-15 7.202499556817831e-16
1786.0857748163116 1.5660064772241304e-15 7.101698930325425e-16
1787.631018880466 1.76935568857472e-15 7.159427402054358e-16
1789.176272264092 2.3090935528946328e-15 7.331088157936099e-16
1790.7215349673595 1.3490438582243881e-15 6.867979246771914e-16
1792.266806990436 1.6393044733147813e-15 6.97126538556892e-16
1793.8120883334905 1.6572255728963142e-15 6.891727403634965e-16
1795.3573789966922 1.3153811807137261e-15 6.882054816772913e-16
1796.902678980209 1.5269057423129774e-15 6.765151035162018e-16
1798.4479882842102 1.3712415212774895e-15 6.61994311822303e-16
1799.993306908864 1.1412928284051547e-15 6.614967329053503e-16
1801.5386348543393 1.5846910711284946e-15 6.576857199174163e-16
1803.0839721208044 2.126509036608627e-15 6.867716666558265e-16
1804.6293187084282 9.761724374256382e-16 6.291449976992419e-16
1806.1746746173792 1.014781681469147e-15 6.308845916146654e-16
1807.7200398478265 1.0908640866156595e-15 6.303589017917757e-16
1809.2654143999384 1.9136473276230165e-15 6.517437837924274e-16
1810.810798273884 -3.8837009879536406e-17 5.861422996374435e-16
1812.3561914698316 5.632303231120107e-16 5.894636746423053e-16
1813.9015939879498 6.37154647127597e-16 5.896981439500171e-16
1815.4470058284076 8.031079891316197e-16 5.984709700638483e-16
1816.9924269913738 6.709787373542701e-16 5.86295983177811e-16
1818.5378574770168 3.1010519414624257e-16 5.61284264915694e-16
1820.0832972855053 -3.173591578367488e-16 5.460968053527468e-16
1821.6287464170084 1.1202003315899834e-15 5.873925732071501e-16
1823.1742048716947 1.7759788509475382e-15 6.095299381023188e-16
1824.7196726497325 1.765010303676187e-15 6.108429450496814e-16
1826.265149751291 1.7094825294233394e-15 6.050001647190805e-16
1827.810636176539 1.1421167797045963e-15 5.717642859347162e-16
1829.356131925645 9.614466637585038e-16 5.660890063694348e-16
1830.9016369987773 4.486029954864216e-16 5.392098451564181e-16
1832.4471513961057 1.6774245558312507e-15 5.888380878711988e-16
1833.9926751177984 2.2862626268343404e-15 6.075717038073853e-16
1835.5382081640241 4.501582009171397e-16 5.271680542013365e-16
1837.083750534952 -1.5768095685206363e-17 5.07056792116e-16
1838.6293022307502 2.0097379215330965e-15 5.891513841825644e-16
1840.1748632515876 2.0232129451744916e-15 5.833358677249532e-16
1841.7204335976337 8.813290995303901e-16 5.361581442661384e-16
1843.2660132690567 1.1127672998404716e-15 5.457090760211411e-16
1844.8116022660254 2.324079048039219e-15 5.729884603017355e-16
1846.3572005887088 1.0618489730074634e-15 5.335671763596059e-16
1847.9028082372756 1.5879450540744904e-15 5.54641885482885e-16
1849.448425211895 1.8111135658414098e-15 5.547133009482503e-16
1850.9940515127353 1.8003318952140466e-15 5.578948625772559e-16
1852.539687139965 1.9573266991305526e-15 5.58240028503262e-16
1854.085332093754 1.6835751796986194e-15 5.434936613475975e-16
1855.6309863742704 1.6696775924956628e-15 5.419234210820656e-16
1857.1766499816833 9.900537192443601e-16 5.083392529377023e-16
1858.7223229161616 1.4910760368858837e-15 5.32539090119876e-16
1860.2680051778734 8.779957601851485e-16 5.060981096383858e-16
1861.8136967669886 1.614203393076729e-15 5.300972000120603e-16
1863.3593976836755 1.07091783713636e-15 5.065398902599381e-16
1864.9051079281035 1.4941671777477699e-15 5.164735750279813e-16
1866.4508275004403 2.625255800237352e-15 5.616348306767389e-16
1867.996556400856 8.526288174807767e-16 4.880595901145398e-16
1869.542294629519 1.4002891397750365e-15 5.092309668729242e-16
1871.088042186598 9.044012182224132e-16 4.937508574267007e-16
1872.633799072262 1.8605309502918834e-15 5.202755882908507e-16
1874.1795652866801 8.5906621494035015e-16 4.871993222774847e-16
1875.7253408300214 1.4529969295882378e-15 5.059603079657794e-16
1877.2711257024541 1.2820159176466688e-15 4.90609106346216e-16
1878.8169199041479 1.6171511736122923e-15 5.062227293607506e-16
1880.3627234352705 1.2518746737350981e-15 4.850035481804055e-16
1881.9085362959925 3.6590266898345195e-16 4.534805288340671e-16
1883.4543584864816 1.4980008488670428e-15 4.925635819324461e-16
1885.0001900069071 1.0494689512086314e-15 4.740934991219741e-16
1886.5460308574377 1.0155532226049772e-15 4.749657842389684e-16
1888.091881038243 1.6432582113543276e-16 4.3441956113354633e-16
1889.6377405494911 1.1824567238175824e-15 4.760732268779442e-16
1891.1836093913519 1.5487904266920684e-15 4.797052512162114e-16
1892.7294875639936 4.489068156166899e-16 4.4081251583316856e-16
1894.2753750675854 1.574893123390249e-15 4.873551234002202e-16
1895.821271902296 1.3793104630121524e-15 4.669108185479352e-16
1897.3671780682948 9.624116460436633e-16 4.5576709427518e-16
1898.9130935657506 7.944947228492275e-16 4.426946495117472e-16
1900.4590183948326 1.9011999667048777e-15 4.862050114765265e-16
1902.0049525557092 1.3835774973630643e-15 4.688814406997224e-16
1903.55089604855 6.78830097500607e-16 4.329827020874274e-16
1905.0968488735236 1.413693753802691e-15 4.657377308555472e-16
1906.6428110307997 7.943521566162928e-16 4.325974079755451e-16
1908.1887825205463 1.476204150035348e-15 4.615603761179258e-16
1909.7347633429333 8.372995857782828e-16 4.331138598453538e-16
1911.280753498129 9.853825442984895e-16 4.327268451977974e-16
1912.8267529863026 2.579551755288082e-16 4.0464606186998205e-16
1914.3727618076232 1.1811612928038753e-15 4.408803049387285e-16
1915.9187799622605 1.0279871368750783e-15 4.380283714751029e-16
1917.4648074503823 7.991814620255039e-16 4.250312597044165e-16
1919.0108442721585 1.306974590470464e-15 4.4126191975124617e-16
1920.5568904277577 1.3375037754718771e-15 4.367180379754801e-16
1922.1029459173499 2.71451348524105e-16 3.953952180063238e-16
1923.649010741103 1.4422563400588164e-15 4.355762905021405e-16
1925.1950848991864 8.918599425262476e-16 4.2209954632507134e-16
1926.7411683917692 9.038296827412534e-16 4.167110668217743e-16
1928.2872612190213 1.1705759220620384e-15 4.2286396709018874e-16
1929.8333633811103 8.31103645648236e-16 4.1269327191559193e-16
1931.379474878206 1.2090282532520682e-15 4.1895805994238275e-16
1932.925595710478 8.919854092815597e-16 4.1017880167210834e-16
1934.4717258780945 7.997981549506643e-16 4.0339512655578546e-16
1936.017865381225 4.3263250690329697e-16 3.8491517051752197e-16
1937.5640142200389 1.5307724477171933e-15 4.32156077340246e-16
1939.110172394705 4.4234403081114314e-16 3.853552306034002e-16
1940.656339905392 7.05753569124677e-16 3.9528822715717375e-16
1942.20251675227 1.0746321824891885e-15 4.0349962924565296e-16
1943.748702935507 5.166787158198945e-16 3.842851103536628e-16
1945.2948984552731 1.476271065638181e-15 4.232302823700966e-16
1946.8411033117368 1.5247743956594488e-15 4.1484280330770693e-16
1948.387317505068 1.2381968915819541e-15 4.140964614020575e-16
1949.9335410354347 8.52318379905608e-16 3.8772737284196545e-16
1951.4797739030073 6.4088561550201535e-16 3.7708223333778783e-16
1953.026016107954 1.476168257014208e-15 4.158951093957724e-16
1954.5722676504445 8.863875802913928e-16 3.8610991048962416e-16
1956.1185285306472 4.725991741843399e-16 3.70467753052679e-16
1957.6647987487324 9.83838191477408e-16 3.9383556565263263e-16
1959.2110783048688 8.341449174453525e-16 3.8412859454687795e-16
1960.757367199225 8.803649642781779e-16 3.8219757118537496e-16
1962.3036654319708 6.91446176793927e-16 3.765016981315634e-16
1963.8499730032756 6.227472519695118e-16 3.6609592484432394e-16
1965.396289913308 1.1721656970249163e-15 3.906421985019247e-16
1966.9426161622375 2.337419975777152e-16 3.518811767421799e-16
1968.4889517502334 4.253310299584057e-16 3.5195568917175866e-16
1970.0352966774647 1.1132350737855928e-15 3.855314134564291e-16
1971.5816509441008 5.899485480650492e-16 3.6024464771447083e-16
1973.1280145503108 6.540809594521389e-16 3.6239126743082964e-16
1974.6743874962638 4.565551525534818e-16 3.587262882169583e-16
1976.2207697821295 9.87088574533378e-16 3.6601026863753285e-16
1977.7671614080768 9.894973244771324e-16 3.7103465632240854e-16
1979.3135623742749 8.395277059460352e-16 3.622499982170954e-16
1980.859972680893 1.1370169002082966e-15 3.69294930058087e-16
1982.4063923281008 6.979522368617873e-16 3.571162638726851e-16
1983.9528213160668 9.453210622669132e-16 3.5922823464754527e-16
1985.499259644961 7.087079141655816e-16 3.512167058648385e-16
1987.045707314952 5.240735781472205e-16 3.439318784113167e-16
1988.59216432621 7.476153138065238e-16 3.498536710340287e-16
1990.1386306789036 1.3954886864255911e-15 3.716437524208232e-16
1991.6851063732017 5.258242364305176e-16 3.392277221200623e-16
1993.2315914092746 5.544621556793894e-16 3.373042691155254e-16
1994.778085787291 9.057030019832247e-16 3.4803572657098416e-16
1996.3245895074203 1.3045257123408334e-15 3.6067351108357753e-16
1997.8711025698317 5.675277977094646e-16 3.3105123367087774e-16
1999.4176249746947 7.121529030411832e-16 3.348351151347199e-16
2000.9641567221784 9.99359540840251e-16 3.468773825458343e-16
2002.5106978124522 7.151337708012487e-16 3.3279355397360024e-16
2004.0572482456857 8.294902596419533e-16 3.341876643256624e-16
2005.6038080220478 5.3625507659903985e-16 3.24297654693962e-16
2007.150377141708 5.855353475911766e-16 3.2333322827417417e-16
2008.696955604836 6.977336494218365e-16 3.2774775223702677e-16
2010.2435434116003 5.312692818528234e-16 3.176979180760913e-16
2011.7901405621712 7.392391108702445e-16 3.1924883540251393e-16
2013.3367470567177 9.422141454163845e-16 3.3256901083323904e-16
2014.8833628954087 1.3471412104666181e-15 3.422009136440433e-16
2016.429988078414 1.1809974978077e-15 3.370716526923857e-16
2017.976622605903 1.0312315907004175e-15 3.3295742837911434e-16
2019.523266478045 6.310016939196233e-16 3.1045763926163916e-16
2021.0699196950095 4.515033421769387e-16 3.067925276988698e-16
2022.6165822569656 4.059834739541374e-16 3.0386084078930426e-16
2024.1632541640827 3.9726334917149317e-16 2.9910422139487933e-16
2025.7099354165305 7.4763617199285e-16 3.1226838394463204e-16
2027.2566260144786 1.2131108461787155e-15 3.254304818515758e-16
2028.8033259580957 8.652188505109686e-16 3.121927862540896e-16
2030.3500352475517 4.8891355814404975e-16 2.9883460021985645e-16
2031.8967538830154 6.88169747474829e-16 3.057735470633229e-16
2033.4434818646575 6.8096266176399735e-16 3.0237850666182964e-16
2034.9902191926462 6.091433734410157e-16 3.000649685153025e-16
2036.5369658671511 1.0407872870157485e-15 3.1211528273941583e-16
2038.0837218883426 1.0142398980202594e-15 3.107451275378932e-16
2039.630487256389 5.517783317860142e-16 2.928891436141805e-16
2041.1772619714604 6.212731499434933e-16 2.929720734336726e-16
2042.7240460337255 9.687677812798595e-16 3.0581393994699507e-16
2044.270839443355 5.975356339318427e-16 2.9442955243810126e-16
2045.8176422005174 7.335917833922224e-16 2.93533338640347e-16
2047.3644543053822 6.5207481485612625e-16 2.9079024891044355e-16
2048.9112757581197 8.867962207488838e-16 3.018598313305344e-16
2050.4581065588986 6.148282880060721e-16 2.868585866670851e-16
2052.0049467078884 1.0571237997112053e-15 3.0251726124650173e-16
2053.551796205258 3.637895070685097e-16 2.78161914109168e-16
2055.098655051179 1.0573402166292288e-15 2.960431237328411e-16
2056.645523245819 7.247194309070888e-16 2.8602163870585905e-16
2058.192400789348 7.487480086152396e-16 2.8991833437036366e-16
2059.7392876819354 8.073085313961721e-16 2.853098133928102e-16
2061.286183923751 9.608028128394721e-16 2.958199570210192e-16
2062.8330895149647 8.262830223267341e-16 2.844308843611359e-16
2064.380004455745 1.1639341249643806e-15 2.9570719575991596e-16
2065.926928746262 8.006343352882819e-16 2.8381707664195213e-16
2067.473862386685 7.610970078323785e-16 2.7679813812452937e-16
2069.0208053771844 1.195443327085767e-15 2.9732944914236516e-16
2070.567757717929 3.4403121949416185e-16 2.603260736877322e-16
2072.1147194090872 8.778471059029053e-16 2.836700105464851e-16
2073.661690450831 6.711919778987414e-16 2.737743099121703e-16
2075.2086708433285 1.1295324112072392e-15 2.847743562212475e-16
2076.7556605867494 7.02652581504779e-16 2.721577210625559e-16
2078.302659681264 5.327521718456697e-16 2.611232111004373e-16
2079.8496681270403 9.735439883111897e-16 2.777732848050559e-16
2081.3966859242487 6.444505654187719e-16 2.6778292823888543e-16
2082.94371307306 1.0224968810692127e-15 2.7642160550969523e-16
2084.490749573642 1.0941615858793205e-15 2.812678780476311e-16
2086.0377954261653 3.0904862642366123e-16 2.457767740412023e-16
2087.5848506307984 1.2662547520806344e-15 2.841147557833528e-16
2089.131915187713 7.292043115441228e-16 2.6167174434312327e-16
2090.6789890970767 3.7865189126816846e-16 2.465241482682562e-16
2092.22607235906 1.491521470337021e-15 2.8764685670362364e-16
2093.773164973832 9.416711972971945e-16 2.6428756737270176e-16
2095.320266941563 5.542398095307352e-16 2.5186146168758316e-16
2096.8673782624223 6.281610630518876e-16 2.509432250332003e-16
2098.41449893658 6.69725181531893e-16 2.518727378136935e-16
2099.9616289642045 6.455359852011191e-16 2.5419633447646924e-16
2101.5087683454667 9.951463989606082e-16 2.612432780207106e-16
2103.055917080536 8.98554467424872e-16 2.5698246406800505e-16
2104.603075169581 1.2181251753473426e-15 2.6843188782538024e-16
2106.150242612773 6.266418565214278e-16 2.4400721633526965e-16
2107.697419410281 9.300370938875382e-16 2.582978797653114e-16
2109.2446055622745 5.233992340420877e-16 2.379258109415594e-16
2110.791801068923 8.095578803271651e-16 2.491007960240242e-16
2112.3390059303965 9.737739577563693e-16 2.5581263215850806e-16
2113.8862201468646 7.186851681908492e-16 2.4248613045045814e-16
2115.433443718497 4.89360262144608e-16 2.3851317535092105e-16
2116.9806766454635 1.152667422095596e-15 2.574450764061039e-16
2118.5279189279336 9.397022692113018e-16 2.4808811519602247e-16
2120.075170566077 7.04281425862349e-16 2.398927802637615e-16
2121.622431560064 7.57727034312168e-16 2.4214742315067483e-16
2123.1697019100634 5.290583141022529e-16 2.3340442847845475e-16
2124.7169816162454 6.309652715028914e-16 2.3339688459126826e-16
2126.2642706787797 8.844156346506256e-16 2.464291746990453e-16
2127.8115690978366 1.0997494622323571e-15 2.530352905338e-16
2129.358876873585 8.635259492867624e-16 2.4112907778983835e-16
2130.9061940061947 5.014842682351324e-16 2.303180786466765e-16
2132.4535204958356 1.0314752185518715e-15 2.456864591532013e-16
2134.0008563426777 9.616268700180322e-16 2.4250804742796835e-16
2135.5482015468906 7.494049356053945e-16 2.358762029674408e-16
2137.095556108644 4.2265361175169405e-16 2.223955412629906e-16
2138.642920028108 6.873413492524143e-16 2.317561553026571e-16
2140.1902933054516 6.413073849701888e-16 2.2962322046235235e-16
2141.7376759408457 1.0221680205274412e-15 2.40221773154431e-16
2143.2850679344597 6.847820921418446e-16 2.2965419010448633e-16
2144.832469286462 7.077752250115362e-16 2.289799254086923e-16
2146.3798799970245 9.648738649422131e-16 2.3823521619532363e-16
2147.9273000663156 6.232762240450721e-16 2.269365643025597e-16
2149.474729494506 4.844760584125029e-16 2.1846643335336372e-16
2151.0221682817646 1.1011736422540468e-15 2.3948464273208293e-16
2152.5696164282626 8.271018914284922e-16 2.280550448396294e-16
2154.1170739341683 7.245661179436358e-16 2.246508723641736e-16
2155.6645407996516 8.930702467287556e-16 2.314254154065339e-16
2157.2120170248836 9.096647868357698e-16 2.311530943139916e-16
2158.7595026100335 8.625710255178516e-16 2.290219858884794e-16
2160.3069975552703 6.110649735609805e-16 2.1674495800207757e-16
2161.854501860765 1.077749687251558e-15 2.3101619261389165e-16
2163.402015526687 6.03290005198574e-16 2.174381088856174e-16
2164.949538553207 4.709392543055175e-16 2.0937677721259002e-16
2166.497070940493 9.2634466551222e-16 2.2518812948074923e-16
2168.044612688717 8.619158455331504e-16 2.2662025043631944e-16
2169.592163798047 4.39642922151688e-16 2.063612605110259e-16
2171.1397242686544 7.882037562104106e-16 2.207435490831589e-16
2172.6872941007073 1.175708306447689e-15 2.3443706752027615e-16
2174.234873294378 8.155550853519624e-16 2.1714908536214647e-16
2175.7824618498335 1.0146224392750631e-15 2.2584815343511754e-16
2177.330059767247 9.011878928578856e-16 2.2103498135657358e-16
2178.877667046785 5.949441895692774e-16 2.0624994185291097e-16
2180.4252836886203 8.20995895609532e-16 2.1902072377311306e-16
2181.9729096929213 7.56572687223738e-16 2.13529038599149e-16
2183.520545059858 1.109192185528348e-15 2.2550701091561087e-16
2185.0681897896006 7.486759049356046e-16 2.1380878446486954e-16
2186.615843882319 8.974039849242639e-16 2.178779572132588e-16
2188.163507338183 9.27695259546617e-16 2.1789268764560714e-16
2189.711180157363 7.766810376333183e-16 2.1268789517785608e-16
2191.2588623400284 9.152812505507763e-16 2.156052619366571e-16
2192.80655388635 9.857152164885236e-16 2.1874924971351805e-16
2194.3542547964958 7.760093405061457e-16 2.098896688970423e-16
2195.901965070638 9.152131702776407e-16 2.1401187384886356e-16
2197.4496847089454 8.865392521285106e-16 2.1342265655492978e-16
2198.9974137115883 2.967667810373719e-16 1.9218697146700304e-16
2200.5451520787356 9.489167171280078e-16 2.1691314698166675e-16
2202.0928998105596 6.301461906428965e-16 2.0208355883893447e-16
2203.6406569072283 6.680884491800016e-16 2.038215645675819e-16
2205.1884233689125 5.411419273091051e-16 1.9837088108222087e-16
2206.736199195782 9.20846257014237e-16 2.1188658877486371e-16
2208.2839843880065 7.199757817046687e-16 2.0256818079877214e-16
2209.831778945757 3.882148932426695e-16 1.898200437750193e-16
2211.3795828692023 6.668280641544872e-16 2.0093948202498993e-16
2212.927396158513 7.81882666962407e-16 2.044347899516144e-16
2214.4752188138596 1.003333501791413e-15 2.1243729253947702e-16
2216.023050835411 5.636696685138397e-16 1.9697630750901567e-16
2217.570892223338 4.2505412959399234e-16 1.8922291201698462e-16
2219.11874297781 9.810209598948402e-16 2.0794998991760955e-16
2220.6666030989986 5.527663957189863e-16 1.9630333983242213e-16
2222.214472587072 8.211344384359673e-16 2.003837887069217e-16
2223.7623514422016 6.432592665180179e-16 1.944621549028873e-16
2225.3102396645572 6.265864288029419e-16 1.9407277121005653e-16
2226.8581372543076 6.905603920893358e-16 1.956370293053984e-16
2228.4060442116242 7.509542118054819e-16 1.969517567884351e-16
2229.953960536677 1.1773447741017843e-15 2.11388745160115e-16
2231.501886229635 8.7048003684416105e-16 2.0339243650067918e-16
2233.04982129067 3.5648853304943084e-16 1.8220988949530284e-16
2234.5977657199505 5.927855261031998e-16 1.8825229166877e-16
2236.1457195176476 4.807692304770812e-16 1.8640902886153644e-16
2237.6936826839305 7.868534268738096e-16 1.9458141449488274e-16
2239.2416552189707 1.1239133005142726e-15 2.0612206634765517e-16
2240.7896371229367 5.578868687038162e-16 1.8750462627414047e-16
2242.3376283959997 7.034673213209192e-16 1.9272228305477796e-16
2243.8856290383296 8.363524970641341e-16 1.953980733700441e-16
2245.433639050096 4.852880453715645e-16 1.8464841794110917e-16
2246.98165843147 5.996956208869004e-16 1.8762174181398818e-16
2248.529687182621 2.9714021668799263e-16 1.7307338184463413e-16
2250.0777253037195 8.200303839287805e-16 1.9504353714205896e-16
2251.6257727949346 9.52604698580353e-16 1.9806667714014837e-16
2253.173829656438 7.589522674703714e-16 1.9125999978535161e-16
2254.7218958883996 7.366423725517588e-16 1.9220849139781922e-16
2256.269971490988 6.431953155305002e-16 1.8692755860904388e-16
2257.818056464376 7.600930090920861e-16 1.908214881815801e-16
2259.3661508087307 6.992367623262984e-16 1.8948652455203792e-16
2260.914254524225 3.138631616958547e-16 1.7253226014023664e-16
2262.4623676110273 6.576785201373647e-16 1.8598003314353173e-16
2264.0104900693086 4.601324373875327e-16 1.8111948015950074e-16
2265.5586218992394 1.155682541750466e-15 1.983481303066532e-16
2267.106763100989 6.301893363836472e-16 1.8465138255642456e-16
2268.654913674728 3.757460918030534e-16 1.7569173273816459e-16
2270.203073620627 7.739882140148785e-16 1.8871579074448551e-16
2271.7512429388553 8.950046582220476e-16 1.958801674659298e-16
2273.299421629584 7.650288288944145e-16 1.8736572610568057e-16
2274.847609692983 8.350641599513603e-16 1.8934962285193795e-16
2276.395807129222 6.291511916276687e-16 1.8260735970580192e-16
2277.9440139384724 8.580267996349507e-16 1.8751517448131175e-16
2279.4922301209035 7.116525183275928e-16 1.872462150507789e-16
2281.0404556766857 4.857530664596071e-16 1.7528212613371813e-16
2282.5886906059895 4.435707198072246e-16 1.763736604351533e-16
2284.136934908985 8.556375843885424e-16 1.8781944459783325e-16
2285.6851885858423 6.379573167242388e-16 1.8183927287620968e-16
2287.2334516367323 7.621460581375529e-16 1.8495856434870225e-16
2288.7817240618247 6.085957666406158e-16 1.7872163576494222e-16
2290.33000586129 8.035499285718496e-16 1.8764188531626507e-16
2291.878297035298 3.5933231382093915e-16 1.6893177454436483e-16
2293.42659758402 5.959175892443502e-16 1.7889083059615627e-16
2294.9749075076247 6.303267145397801e-16 1.787946261821939e-16
2296.523226806284 7.119381272494951e-16 1.7996031557118323e-16
2298.0715554801677 4.918073403292257e-16 1.745658803674758e-16
2299.619893529445 3.2763162931391413e-16 1.6648636395586206e-16
2301.168240954288 7.821516528627194e-16 1.8248774277178186e-16
2302.7165977548666 4.0195048539446365e-16 1.6859000998503752e-16
2304.2649639313495 7.538952160774672e-16 1.8074252402819298e-16
2305.813339483909 5.317006333812127e-16 1.7453041086280954e-16
2307.3617244127145 6.700213783656359e-16 1.7698073159542842e-16
2308.9101187179367 8.110727458137703e-16 1.8228835915693207e-16
2310.4585223997456 5.909456646626451e-16 1.755936754396301e-16
2312.006935458311 8.903653528908174e-16 1.837786209833974e-16
2313.555357893805 8.499502346037626e-16 1.8414791411351048e-16
2315.103789706396 8.001347446680795e-16 1.828923598227734e-16
2316.6522308962562 5.69973499465543e-16 1.7039821356918864e-16
2318.2006814635547 2.7076443127366137e-16 1.6073846455024338e-16
2319.7491414084616 6.494016318141509e-16 1.762441702733418e-16
2321.2976107311483 6.087663379003691e-16 1.7285404001596467e-16
2322.846089431785 6.389429454374876e-16 1.7477834005344883e-16
2324.3945775105417 6.102072468227671e-16 1.71829527196481e-16
2325.9430749675894 8.578545872488621e-16 1.856190382893238e-16
2327.491581803097 5.947713948480375e-16 1.678236966306786e-16
2329.0400980172367 6.279289230847807e-16 1.734285665822195e-16
2330.5886236101774 5.715396633850162e-16 1.7073365185119114e-16
2332.1371585820916 7.252171686427192e-16 1.75651366324272e-16
2333.6857029331472 5.186334561039206e-16 1.6862581036194881e-16
2335.234256663516 4.859546603010537e-16 1.6451812408423909e-16
2336.782819773369 4.374095609675744e-16 1.664823537842524e-16
2338.331392262875 5.955157250504372e-16 1.704864505794909e-16
2339.879974132206 8.232089809424707e-16 1.7698779902658207e-16
2341.428565381531 5.676685639973865e-16 1.6987436339598126e-16
2342.9771660110214 7.687693793290487e-16 1.7344276761897581e-16
2344.525776020848 9.08395719722546e-16 1.807647718779482e-16
2346.0743954111804 7.775446406626033e-16 1.774451968180994e-16
2347.6230241821895 7.018590175123201e-16 1.7250138314233126e-16
2349.1716623340453 5.830220949575547e-16 1.6820324680038733e-16
2350.720309866919 5.542835905461964e-16 1.665946121195432e-16
2352.2689667809805 5.850746675469887e-16 1.666055706082983e-16
2353.817633076401 5.107140156844481e-16 1.6583416182136605e-16
2355.3663087533496 6.259462836530544e-16 1.6983255437910037e-16
2356.914993811998 7.757760888082955e-16 1.7340445261300236e-16
2358.463688252517 6.767783190045611e-16 1.7215362317792417e-16
2360.012392075076 5.031685932507476e-16 1.6316837708278936e-16
2361.561105279846 7.921651175464822e-16 1.73283260727096e-16
2363.109827866998 7.704142643730574e-16 1.735174918067914e-16
2364.658559836702 6.695279287343011e-16 1.6727415753636777e-16
2366.207301189128 6.041404792171765e-16 1.6909600629190356e-16
2367.756051924447 6.457041741807083e-16 1.6762219543346068e-16
2369.3048120428302 6.066016393245423e-16 1.6978555728541756e-16
2370.8535815444475 6.204352226004219e-16 1.6571062735996493e-16
2372.40236042947 7.485379444443206e-16 1.6867111338973712e-16
2373.951148698067 4.0232024174571975e-16 1.595017170379133e-16
2375.4999463504105 6.567593835104754e-16 1.6739263626986496e-16
2377.04875338667 6.688451142996957e-16 1.6722567813502726e-16
2378.5975698070165 4.684818529068551e-16 1.6395394720180852e-16
2380.1463956116204 3.281072383137974e-16 1.5361849088408095e-16
2381.695230800653 5.470544819787362e-16 1.6430383798347355e-16
2383.244075374284 8.138436023424759e-16 1.7088934709480832e-16
2384.7929293326843 4.822993425567369e-16 1.6050349231671912e-16
2386.341792676025 6.010296448392667e-16 1.651673218987503e-16
2387.8906654044754 7.216271783144594e-16 1.694914515642631e-16
2389.4395475182073 4.755090499955136e-16 1.589042147029642e-16
2390.988439017391 6.646200610192321e-16 1.66064303320113e-16
2392.5373399021964 5.125145430325147e-16 1.6101378996277043e-16
2394.0862501727956 4.3687645960639623e-16 1.5666669776345316e-16
2395.6351698293583 9.389930908762132e-16 1.7552130706219906e-16
2397.184098872055 3.9397598783341963e-16 1.5657299474366315e-16
2398.7330373010564 7.444308934413213e-16 1.6807829620577752e-16
2400.2819851165336 5.345866863907449e-16 1.604503012946095e-16
2401.830942318657 7.027319379040249e-16 1.659162181381313e-16
2403.379908907597 6.640178205937343e-16 1.6604955965287486e-16
2404.9288848835245 8.904241158015332e-16 1.73695355490825e-16
2406.4778702466097 2.5213301515651697e-16 1.468993093857576e-16
2408.0268649970244 6.005510182845088e-16 1.6240261959380207e-16
2409.5758691349383 7.37388926215645e-16 1.6569851743579716e-16
2411.1248826605224 6.545747267208289e-16 1.6418097850145227e-16
2412.6739055739467 7.49149184594883e-16 1.6752178232454164e-16
2414.222937875383 6.321947927653902e-16 1.6428050487275465e-16
2415.7719795650023 5.733930244131678e-16 1.5936469622380512e-16
2417.3210306429737 6.404559050999614e-16 1.611987872524067e-16
2418.8700911094684 7.002055033201613e-16 1.65056559106007e-16
2420.4191609646577 4.479092755026203e-16 1.5548397507129014e-16
2421.9682402087124 5.823911083514095e-16 1.5922488284794895e-16
2423.5173288418023 4.897391505698267e-16 1.5621775706651858e-16
2425.066426864099 6.047167792586647e-16 1.615685038989934e-16
2426.6155342757725 6.4029597469160795e-16 1.6100027714028377e-16
2428.164651076994 6.719762774683397e-16 1.641876488859119e-16
2429.7137772679343 4.922868139169308e-16 1.5519458097090479e-16
2431.2629128487647 7.266817944876402e-16 1.6654078582272315e-16
2432.812057819654 6.242950988015006e-16 1.579200947671527e-16
2434.361212180775 8.752186038488976e-16 1.688846715715636e-16
2435.9103759322975 6.712997099017203e-16 1.6248360388449346e-16
2437.4595490743927 6.295680906563954e-16 1.5984836527157712e-16
2439.008731607231 4.76950594192622e-16 1.5411163611295036e-16
2440.5579235309833 6.83862108482008e-16 1.6053647366210284e-16
2442.1071248458197 6.573921700616335e-16 1.624328877867766e-16
2443.6563355519124 7.357690286435804e-16 1.646118535738087e-16
2445.205555649431 6.381038534241138e-16 1.602050587865998e-16
2446.7547851385475 6.846021505801123e-16 1.604846061289733e-16
2448.3040240194314 3.90805728800304e-16 1.4985611611616515e-16
2449.8532722922537 8.904105632743771e-16 1.666445605936516e-16
2451.402529957186 5.839112148543757e-16 1.5736127801509148e-16
2452.9517970143993 6.58048197079282e-16 1.6066907402301754e-16
2454.5010734640628 5.150490244293772e-16 1.5470402978043634e-16
2456.0503593063486 6.644067675352016e-16 1.610708720424815e-16
2457.5996545414273 5.280430392358502e-16 1.5506637459340397e-16
2459.1489591694694 8.826928755150288e-16 1.6552625211014931e-16
2460.698273190647 3.89479857540055e-16 1.4869096935765766e-16
2462.247596605129 7.267631096505767e-16 1.6116407213645907e-16
2463.796929413088 5.077244658366733e-16 1.518049668742299e-16
2465.3462716146937 7.627003882619717e-16 1.6480823286867368e-16
2466.8956232101173 4.1461868368381936e-16 1.4820131813969567e-16
2468.4449841995297 5.07876667069383e-16 1.5389987787613679e-16
2469.994354583102 6.97791829997401e-16 1.613220305462322e-16
2471.543734361005 7.749453083057167e-16 1.6067517530721573e-16
2473.093123533409 4.705879473906438e-16 1.5083876697920875e-16
2474.6425221004856 6.039247505134227e-16 1.5813910572357715e-16
2476.1919300624063 4.483173336249601e-16 1.4600111035453322e-16
2477.7413474193404 2.973937707067973e-16 1.4537556328809612e-16
2479.2907741714594 4.508390565880545e-16 1.5052940143011392e-16
2480.8402103189346 9.531561170290155e-16 1.6774925037554882e-16
2482.3896558619367 6.352354292877963e-16 1.5679915254058005e-16
2483.939110800637 3.9354535098907963e-16 1.489911895979001e-16
2485.488575135206 5.698868903466863e-16 1.5193441733137199e-16
2487.038048865814 4.925212832246426e-16 1.520609693476477e-16
2488.5875319926326 9.48924869820125e-16 1.657912146039623e-16
2490.137024515833 5.202819410379551e-16 1.5154885852169367e-16
2491.686526435586 6.95323311291306e-16 1.5856332364636374e-16
2493.2360377520627 5.737584132507897e-16 1.5282290195348255e-16
2494.7855584654335 5.833166506649624e-16 1.5263533709522492e-16
2496.3350885758696 2.582313612091723e-16 1.4194399459075254e-16
2497.8846280835423 4.0310986174101797e-16 1.4709860035637878e-16
2499.4341769886223 6.273760223284605e-16 1.5427846189889006e-16
2500.9837352912805 7.096995250490204e-16 1.588794522241468e-16
2502.533302991688 5.290531789650102e-16 1.5161454327977528e-16
2504.0828800900154 4.813664945840139e-16 1.499848651241478e-16
2505.6324665864345 4.847452031314929e-16 1.4844765914355886e-16
2507.182062481116 6.045923712945367e-16 1.5240518236158817e-16
2508.7316677742306 5.480517044554505e-16 1.51373191829367e-16
2510.281282465949 5.934558997413924e-16 1.5181485333691112e-16
2511.8309065564436 4.887580746586694e-16 1.491144196568358e-16
2513.3805400458837 5.165010506592079e-16 1.515211976020099e-16
2514.9301829344413 9.029361688610185e-16 1.609962140291149e-16
2516.479835222287 1.30766799281691e-16 1.3459378678161454e-16
2518.0294969095926 5.116768803872394e-16 1.4972760533619892e-16
2519.5791679965278 3.7070838981903803e-16 1.4399053207043733e-16
2521.1288484832658 5.236648318106111e-16 1.4979032547896514e-16
2522.6785383699753 6.025067644201598e-16 1.5084042134043386e-16
2524.2282376568287 7.019573262737608e-16 1.5594932703157777e-16
2525.777946343997 9.6480694933938e-16 1.6358356881073177e-16
2527.3276644316506 4.047712903972777e-16 1.4462711703496834e-16
2528.8773919199607 6.387723741777343e-16 1.5336917203001256e-16
2530.4271288090995 4.966130346950321e-16 1.4785519930162388e-16
2531.976875099237 5.550244267376887e-16 1.4966241026903994e-16
2533.526630790544 5.353039115388325e-16 1.4874483535914711e-16
2535.0763958831926 3.798914445771363e-16 1.419560118706917e-16
2536.6261703773534 4.918008287634436e-16 1.4850339126451024e-16
2538.1759542731975 3.1461133001629664e-16 1.3764997429953666e-16
2539.7257475708957 7.591978540855159e-16 1.5671791678698244e-16
2541.2755502706195 5.385934169290538e-16 1.481081445154977e-16
2542.82536237254 4.805739364431799e-16 1.4663529980401028e-16
2544.375183876829 5.338174216559604e-16 1.49236154173224e-16
2545.9250147836556 8.706146092036561e-16 1.5753355657562913e-16
2547.474855093193 4.2914119591339235e-16 1.458402137992243e-16
2549.0247048056117 6.202809567249033e-16 1.5124928679105147e-16
2550.5745639210822 4.704766684371982e-16 1.4389569085012445e-16
2552.1244324397767 3.9150519272627884e-16 1.4363041071895625e-16
2553.6743103618655 6.012182155491492e-16 1.4914308642814445e-16
2555.2241976875202 5.63461774864848e-16 1.4806780457138471e-16
2556.774094416912 7.230157300128052e-16 1.5579171272893947e-16
2558.3240005502116 4.653870062758247e-16 1.434083027983184e-16
2559.8739160875903 5.58399058939109e-16 1.4804174507336684e-16
2561.42384102922 3.584911042251972e-16 1.4191481165874167e-16
2562.9737753752715 3.9242544108391143e-16 1.394848991261957e-16
2564.523719125915 9.747815034471283e-16 1.643528203106265e-16
2566.0736722813235 4.2212162212125915e-16 1.4231565676613996e-16
2567.623634841667 4.1144535415626993e-16 1.441274073007577e-16
2569.1736068071164 4.767198835936137e-16 1.4595167804112705e-16
2570.723588177844 5.825981549674539e-16 1.4861791276595698e-16
2572.2735789540197 5.008085477014603e-16 1.4514539531956957e-16
2573.823579135816 4.811289018423091e-16 1.4504893944270098e-16
2575.3735887234043 4.113199932800763e-16 1.4075204718039832e-16
2576.9236077169544 6.212898788442015e-16 1.5189738610970921e-16
2578.4736361166388 4.3130660917326837e-16 1.4223001379423867e-16
2580.0236739226275 6.320274508187483e-16 1.542759340349381e-16
2581.5737211350934 7.236847801620177e-16 1.5126094672896601e-16
2583.123777754206 4.283948804775225e-16 1.4245104968880264e-16
2584.673843780138 4.2255646766055583e-16 1.4362137128922227e-16
2586.2239192130596 3.83699016493722e-16 1.4044722119850518e-16
2587.774004053143 5.621113925886878e-16 1.4847115107295537e-16
2589.3240983005585 5.517515443690573e-16 1.4868952675466937e-16
2590.8742019554784 5.318539992842249e-16 1.4669988606623842e-16
2592.4243150180732 4.792514003751607e-16 1.4484743824548307e-16
2593.9744374885145 4.2024801171171224e-16 1.4194556954263884e-16
2595.524569366973 2.533281257055336e-16 1.3755032881422607e-16
2597.0747106536214 3.598198871612024e-16 1.4129803932424253e-16
2598.6248613486296 5.366171831839911e-16 1.4755656724815754e-16
2600.1750214521703 6.467232077558144e-16 1.5005780260184028e-16
2601.7251909644133 5.862165738390059e-16 1.4893708536839424e-16
2603.275369885531 5.09130964045589e-16 1.4647400620200734e-16
2604.8255582156935 7.197912873408449e-16 1.5203089967802017e-16
2606.3757559550736 4.585560561331332e-16 1.4527779715713725e-16
2607.925963103842 5.634893563751929e-16 1.4847280543418048e-16
2609.47617966217 3.997973541123228e-16 1.4141413577757557e-16
2611.0264056302285 2.267534463672752e-16 1.3587575791239412e-16
2612.5766410081897 5.430313401770743e-16 1.4759897183507946e-16
2614.126885796225 4.883971856835798e-16 1.4400487869098145e-16
2615.6771399945046 3.1297645054897743e-16 1.3760277868250684e-16
2617.2274036032018 5.995019150397752e-16 1.4968271258999444e-16
2618.7776766224856 4.47296764802637e-16 1.4437300715079205e-16
2620.3279590525285 4.75286862665537e-16 1.4271688568534248e-16
2621.8782508935033 4.427955787813685e-16 1.4564563444937224e-16
2623.4285521455786 4.401019081299814e-16 1.4305976197541306e-16
2624.978862808928 3.698628391794414e-16 1.4049356978258775e-16
2626.529182883722 4.1124066335061e-16 1.4331645266310052e-16
2628.079512370132 6.297058923290019e-16 1.501032644483062e-16
2629.6298512683297 7.308377616433435e-16 1.5372659346397428e-16
2631.1801995784863 3.7499088252123736e-16 1.4106456263326576e-16
2632.7305573007734 4.847779197790806e-16 1.4532156493770866e-16
2634.280924435362 6.439798268583353e-16 1.5154036172244153e-16
2635.831300982424 3.8520329406848644e-16 1.4187979214032862e-16
2637.381686942131 4.655339135526142e-16 1.4441664258246545e-16
2638.9320823146536 5.9605867316962725e-16 1.4986381882202925e-16
2640.4824871001642 5.035720985709959e-16 1.45604645995659e-16
2642.032901298834 5.263222388639439e-16 1.4867793299120383e-16
2643.5833249108337 4.2605564017500215e-16 1.423426691762235e-16
2645.1337579363353 6.118252385707004e-16 1.4859291205912318e-16
2646.6842003755105 8.130332035701903e-16 1.5727137340867432e-16
2648.2346522285306 6.332963061737352e-16 1.5034244537678713e-16
2649.7851134955667 5.839808303747282e-16 1.4841432045615053e-16
2651.335584176791 4.711925171567465e-16 1.440055801401409e-16
2652.8860642723744 3.497660825333267e-16 1.4183845957948057e-16
2654.4365537824888 5.368430233435527e-16 1.4797894552126182e-16
2655.987052707306 3.2249715381567497e-16 1.399358779961596e-16
2657.537561046996 2.917673014151014e-16 1.374572875389261e-16
2659.088078801732 3.8716136954474237e-16 1.4080563524920196e-16
2660.6386059716842 7.632737236881444e-16 1.5500321769927432e-16
2662.189142557025 4.2394171063645143e-16 1.422711213619601e-16
2663.739688557926 8.128279568991588e-16 1.597514461735655e-16
2665.290243974558 4.1247365215423665e-16 1.4355761882505158e-16
2666.840808807093 3.0235227511024435e-16 1.4065440016344766e-16
2668.391383055703 4.492367878892046e-16 1.4483924584869634e-16
2669.9419667205584 4.3769374052137822e-16 1.4242798127587976e-16
2671.4925598018312 4.987698982160968e-16 1.4633969854030833e-16
2673.043162299693 5.317055038206594e-16 1.4817467630652656e-16
2674.5937742143165 4.441561254528957e-16 1.4264733633943903e-16
2676.1443955458717 2.1160330919356635e-16 1.3826237912040152e-16
2677.69502629453 5.732231943072433e-16 1.4913805717002012e-16
2679.2456664604647 6.287137520499711e-16 1.5385303960113158e-16
2680.796316043846 4.0552859079168223e-16 1.4367392703662144e-16
2682.3469750448457 3.8609598738555367e-16 1.4318632722657858e-16
2683.897643463636 6.225724984845814e-16 1.5196791483745793e-16
2685.4483213003878 5.485386425210033e-16 1.5052491480247143e-16
2686.9990085552727 5.501684927301982e-16 1.4726001307238993e-16
2688.5497052284627 4.943787205988529e-16 1.466121519817486e-16
2690.1004113201293 5.708975594714383e-16 1.5193579375991128e-16
2691.6511268304444 2.493301566642729e-16 1.372666918909041e-16
2693.201851759579 4.074627640569578e-16 1.442302953340695e-16
2694.7525861077047 7.181760484499902e-16 1.5845301083987367e-16
2696.3033298749933 6.01586727820764e-16 1.5115021040600231e-16
2697.8540830616175 3.3878665618255924e-16 1.429636105010099e-16
2699.4048456677474 2.804629585197231e-16 1.3976003925026553e-16
2700.9556176935553 5.837212677159539e-16 1.514059084769547e-16
2702.5063991392135 3.6783043656206393e-16 1.4412207364016797e-16
2704.057190004892 2.445227682325719e-16 1.3869449827239922e-16
2705.6079902907645 4.567575934278755e-16 1.4718063020336444e-16
2707.158799997001 3.898374113229147e-16 1.4546651345080755e-16
2708.709619123774 4.800340058788645e-16 1.4668636000886195e-16
2710.2604476712545 4.602105232373577e-16 1.4785114942534482e-16
2711.811285639615 5.094380664285279e-16 1.517083918833531e-16
2713.362133029027 4.651048913648299e-16 1.469834700500012e-16
2714.9129898396623 4.852700988609946e-16 1.482237645127979e-16
2716.463856071692 5.121020909267611e-16 1.5085861931391002e-16
2718.0147317252886 2.967484374801079e-16 1.4125941991580365e-16
2719.565616800623 3.485149354608933e-16 1.4356624797320173e-16
2721.1165112978674 1.6481494295780271e-16 1.3678822415482382e-16
2722.6674152171936 3.286592126278316e-16 1.4282686761958753e-16
2724.2183285587726 5.181968635591702e-16 1.5040975802631425e-16
2725.7692513227767 3.0950938587718797e-16 1.4219102380888537e-16
2727.3201835093782 3.675104169266794e-16 1.4664095110195524e-16
2728.871125118748 4.19820313012908e-16 1.4658925562239313e-16
2730.422076151058 6.562144766275948e-16 1.563210289116346e-16
2731.9730366064805 4.7049117387642e-16 1.4985148390473486e-16
2733.524006485186 6.43888400239591e-16 1.5501883486923932e-16
2735.0749857873475 7.869400889322256e-16 1.6112989965099328e-16
2736.6259745131365 2.3519217092297375e-16 1.4000488471158123e-16
2738.176972662725 3.632270507217532e-16 1.4593303008139766e-16
2739.7279802362827 3.243941899801694e-16 1.4465813961666153e-16
2741.2789972339847 7.212769301907698e-16 1.6008401248448123e-16
2742.830023656001 4.358727785034591e-16 1.502201946996967e-16
2744.381059502503 4.147255951236306e-16 1.4740842912661664e-16
2745.9321047736635 3.537904419448503e-16 1.4576472198780027e-16
2747.483159469654 4.3947589784240127e-16 1.5171416229530627e-16
2749.0342235906455 4.3102841178965453e-16 1.467758940383647e-16
2750.5852971368113 8.032112742116255e-16 1.6379880782356297e-16
2752.1363801083216 4.3747610599349307e-16 1.5074187435097674e-16
2753.68747250535 5.438523798007597e-16 1.5368822551844162e-16
2755.2385743280665 3.881258224343098e-16 1.4996799063965173e-16
2756.7896855766444 7.282733693955311e-16 1.5831015343936331e-16
2758.3408062512544 5.104513295916809e-16 1.5478706547904686e-16
2759.891936352069 4.038794176433781e-16 1.5080930611451206e-16
2761.44307587926 4.334890425014283e-16 1.4845807500183213e-16
2762.994224833 4.811132317327849e-16 1.5620464129072594e-16
2764.545383213459 7.035268253854639e-16 1.5960490947369052e-16
2766.0965510208102 3.584036745431728e-16 1.482094178922538e-16
2767.6477282552255 4.0720076617846023e-16 1.5266414945032137e-16
2769.1989149168767 2.8408717427300784e-16 1.4550526520814444e-16
2770.750111005935 4.489853779225477e-16 1.5213848609721127e-16
2772.301316522573 4.277493090228167e-16 1.5256132759145858e-16
2773.8525314669623 6.188297775280198e-16 1.5608438908199543e-16
2775.403755839275 3.4629941490823125e-16 1.5087051747984098e-16
2776.954989639683 5.891617073966091e-16 1.5753993579251314e-16
2778.506232868357 4.990444493875705e-17 1.391494873139728e-16
2780.0574855254713 4.506857965641607e-16 1.534288746179042e-16
2781.6087476111957 7.451685003197022e-16 1.6625581217553128e-16
2783.160019125703 3.647320959201261e-16 1.51048619391891e-16
2784.711300069165 3.7113582382004623e-16 1.5249842216023514e-16
2786.262590441754 5.21941225642067e-16 1.576500765454358e-16
2787.813890243642 2.8461746983754824e-16 1.489662285957357e-16
2789.365199475 3.6381528863384173e-16 1.537988824320665e-16
2790.916518136001 3.1789702375825527e-16 1.52620911065342e-16
2792.467846226816 2.536796708484237e-16 1.4582802446571773e-16
2794.0191837476177 2.58581874030658e-16 1.4993375197973693e-16
2795.570530698578 3.86921685690449e-16 1.5629402973644087e-16
2797.1218870798684 3.8528434453362684e-16 1.5443795555588008e-16
2798.673252891661 7.471947619482121e-16 1.6904478726837427e-16
2800.224628134128 4.721047187013802e-16 1.5990134453544992e-16
2801.776012807442 4.408693993895326e-16 1.5728634206903908e-16
2803.3274069117733 3.8136131143841855e-16 1.5551744610759648e-16
2804.8788104472956 4.683511980747412e-16 1.5856468684001323e-16
2806.4302234141796 5.806961954239536e-16 1.646244399540093e-16
2807.9816458125993 5.616465303193228e-16 1.6249243155599063e-16
2809.5330776427245 4.795945016583579e-16 1.6119362564538436e-16
2811.0845189047277 5.360362774008522e-16 1.6327801490989959e-16
2812.6359695987817 6.666301760821849e-16 1.6572613865081153e-16
2814.187429725058 5.085644048829943e-16 1.608915789903494e-16
2815.7388992837286 4.245825969401677e-16 1.5818893508367734e-16
2817.2903782749668 3.285391721773379e-16 1.561557648426914e-16
2818.8418666989423 2.309921051144541e-16 1.5167976481671386e-16
2820.393364555829 5.11685350716712e-16 1.6207776922364024e-16
2821.944871845798 3.957273078612067e-16 1.5887393327509986e-16
2823.496388569022 4.603548894153054e-16 1.5934802026265605e-16
2825.0479147256724 5.128077752509423e-16 1.6292654917634825e-16
2826.5994503159222 3.987599240403935e-16 1.5826527392804864e-16
2828.150995339943 4.1832802624830316e-16 1.5849163024831255e-16
2829.702549797906 4.989648216730837e-16 1.6268049934006068e-16
2831.2541136899845 1.9456562527135033e-16 1.5023026645083514e-16
2832.8056870163505 2.8037661409866237e-16 1.559310099440934e-16
2834.3572697771756 3.9174119728120757e-16 1.5889235624170264e-16
2835.908861972632 4.0778127491490504e-16 1.5937312684860826e-16
2837.4604636028917 3.6762354876469707e-16 1.5947755012913695e-16
2839.0120746681278 2.5276948100703977e-16 1.5355588985532293e-16
2840.563695168511 5.173992232206527e-16 1.6559288978029658e-16
2842.1153251042138 5.771506213858655e-16 1.694821077320637e-16
2843.6669644754093 3.9074386892537483e-16 1.5999556371594216e-16
2845.2186132822685 4.263199144545455e-16 1.644684006032573e-16
2846.770271524964 5.031383647624425e-16 1.6631303983903015e-16
2848.3219392036685 5.25912592554828e-16 1.6633220395946178e-16
2849.8736163185526 2.801415095162401e-16 1.597779159531672e-16
2851.4253028697894 6.904179317355195e-16 1.7367597961215656e-16
2852.9769988575517 3.7482211120649694e-16 1.649191809498742e-16
2854.5287042820114 4.655569952004268e-16 1.650940800185924e-16
2856.0804191433394 7.034846325567788e-16 1.7463257097718229e-16
2857.632143441709 6.198987331074548e-16 1.7314800015333132e-16
2859.1838771772927 2.51668417584948e-16 1.5945589784942276e-16
2860.735620350262 2.66999369823116e-16 1.5825506982801218e-16
2862.2873729607886 5.02407904724554e-16 1.7043377571808352e-16
2863.8391350090455 4.943725796099853e-16 1.7119447747916688e-16
2865.390906495205 3.5602359137072704e-16 1.66572695142033e-16
2866.942687419439 9.169929056138302e-17 1.5581224004302058e-16
2868.49447778192 4.791944374094579e-16 1.697689342638277e-16
2870.0462775828196 5.839182558157498e-16 1.7329541035593317e-16
2871.598086822311 2.586707330807809e-16 1.6297669617380367e-16
2873.149905500565 1.6589659079655665e-16 1.5878308899150683e-16
2874.7017336177555 4.910627983685891e-16 1.7584537657386264e-16
2876.2535711740534 4.0364026318467677e-16 1.689906962737582e-16
2877.805418169631 5.941491432691608e-16 1.7973618271240586e-16
2879.357274604662 5.004267476004854e-16 1.7400702391074519e-16
2880.909140479317 2.981166074481604e-16 1.6670305880657135e-16
2882.4610157937695 2.198170670924301e-16 1.656289019154447e-16
2884.0129005481904 3.300365676094059e-16 1.6944029871518283e-16
2885.5647947427533 2.4372046921284447e-16 1.6636940723469196e-16
2887.1166983776297 4.873569762847924e-16 1.7740449953196179e-16
2888.6686114529925 5.516685351402264e-16 1.7931920427434033e-16
2890.220533969013 6.431971154755131e-16 1.8274660398139665e-16
2891.7724659258647 5.944634983717106e-16 1.802641754061209e-16
2893.324407323719 4.364052181201472e-16 1.77576473690034e-16
2894.876358162748 3.47462020567897e-16 1.742270539536843e-16
2896.428318443125 8.425435402849545e-17 1.6645491785769525e-16
2897.980288165022 2.3694952606051e-16 1.7040189286855327e-16
2899.5322673286114 3.589418316322549e-16 1.7418705811670613e-16
2901.084255934064 8.372544150993925e-17 1.655166038754845e-16
2902.636253981554 3.421941109106857e-16 1.7404131551021918e-16
2904.1882614712536 3.426112216976492e-16 1.7675775017206373e-16
2905.7402784033343 4.3802763032127403e-16 1.822296359508857e-16
2907.2923047779686 4.858772097259391e-16 1.8037436909860277e-16
2908.84434059533 1.9549368221396542e-16 1.739417494342474e-16
2910.3963858555885 3.057520271325067e-16 1.78100615030817e-16
2911.948440558918 6.78682237311752e-16 1.9021689194569774e-16
2913.5005047054915 4.538922927255511e-16 1.8330176790387284e-16
2915.05257829548 4.438463810550803e-18 1.6824992625671492e-16
2916.604661329057 6.241719084472343e-16 1.9184663627577422e-16
2918.1567538063937 2.393659257705693e-16 1.7821667177948065e-16
2919.7088557276634 6.389805854640812e-16 1.9384538256838815e-16
2921.2609670930387 3.809768643594835e-16 1.844587752051528e-16
2922.8130879026908 2.2115786730837446e-16 1.790378702218437e-16
2924.365218156793 1.2751050022998006e-16 1.7678116269212143e-16
2925.917357855518 2.005771504469121e-16 1.8032562499946625e-16
2927.469506999037 5.888465052611121e-16 1.963123660272663e-16
2929.021665587524 4.87063797005924e-16 1.9162902821766867e-16
2930.57383362115 5.183679112749564e-16 1.9535561584356297e-16
2932.126011100088 2.059384190167786e-16 1.8269415411311589e-16
2933.6781980245105 5.354860765620514e-16 1.9645337054320454e-16
2935.23039439459 5.163080859659115e-16 1.9616625284386494e-16
2936.782600210499 3.0092523635235767e-16 1.8804257160498576e-16
2938.334815472409 1.9713408063033158e-16 1.8737223767146258e-16
2939.887040180494 3.4940529943735556e-16 1.922985283531344e-16
2941.439274334925 1.1207644820026343e-16 1.8474672670254987e-16
2942.991517935876 6.530537731849154e-16 2.0463564263923208e-16
2944.543770983518 4.562404268740176e-16 1.9868396563534974e-16
2946.0960334780248 7.38830364533635e-16 2.097151139354589e-16
2947.6483054195674 7.315526574508261e-16 2.0905797518706718e-16
2949.2005868083193 5.424842098327072e-16 2.0407159810569952e-16
2950.7528776444524 1.4654243058227773e-16 1.8969564904578113e-16
2952.3051779281404 6.347754903974373e-16 2.093077572622786e-16
2953.857487659554 1.2270618229271287e-16 1.9218724939968886e-16
2955.409806838867 5.7743654794512305e-16 2.077621206568865e-16
2956.962135466252 4.517714281047447e-16 2.0451541690028117e-16
2958.5144735418808 3.348222508218335e-16 2.0431200987893193e-16
2960.066821065926 5.159634494354974e-16 2.0428276077247206e-16
2961.6191780385607 2.643677443351153e-16 2.0477568100821486e-16
2963.1715444599563 2.8689360618549815e-16 2.01573737648916e-16
2964.7239203302865 2.1980199255294694e-16 2.0268740068609818e-16
2966.276305649724 3.5806872595209294e-16 2.095559114460445e-16
2967.8287004184403 6.228207850172453e-16 2.1516422246893363e-16
2969.381104636608 6.310361046331055e-16 2.230068608228918e-16
2970.933518304401 4.503265487154065e-16 2.1489759237900574e-16
2972.4859414219904 6.352328352493954e-16 2.1934816818167585e-16
2974.0383739895497 5.320781983174513e-16 2.2373279452846833e-16
2975.590816007251 4.036812119337206e-16 2.1377457227473435e-16
2977.1432674752664 2.539664444406285e-16 2.1153657887919048e-16
2978.69572839377 5.135253709759443e-16 2.2311390461160106e-16
2980.248198762933 9.263220073808809e-16 2.401875212596264e-16
2981.800678582929 3.7436984855222235e-16 2.2051935004993253e-16
2983.3531678539293 1.659814926146291e-16 2.1382246934092362e-16
2984.9056665761073 6.18995372469208e-16 2.31913862249524e-16
2986.4581747496363 8.365156435507091e-17 2.1254290696008779e-16
2988.0106923746876 5.560381663568745e-16 2.3227350714497225e-16
2989.5632194514346 4.446043647006708e-16 2.292717017892418e-16
2991.1157559800495 7.449593361212896e-16 2.3950865082218167e-16
2992.668301960706 5.724667409457861e-16 2.404466074623678e-16
2994.2208573935745 6.999760103310146e-16 2.4328485604993935e-16
2995.77342227883 2.238239829191962e-16 2.263498881074677e-16
2997.325996616644 -9.77653170131447e-17 2.1496606969883533e-16
2998.8785804071895 6.66839446159716e-16 2.4769495955959846e-16
3000.431173650639 8.713532219336618e-16 2.5774857889901697e-16
3001.983776347165 3.1584572171824217e-16 2.367482763261983e-16
3003.5363884969406 5.622987986282678e-16 2.428782008259185e-16
3005.0890101001382 5.433203372307656e-16 2.479158498703746e-16
3006.6416411569303 -2.333879113359833e-16 2.1880389657350576e-16
3008.19428166749 6.435850036257964e-16 2.560343959720111e-16
3009.74693163199 4.249610353791332e-16 2.525934834424681e-16
3011.299591050603 -1.3483136628842957e-16 2.2522868118309903e-16
3012.8522599235002 3.277906332799815e-16 2.4771999997110167e-16
3014.4049382508565 1.8889683080207132e-16 2.4470437739041915e-16
3015.957626032844 6.440227079012901e-16 2.626330737986977e-16
3017.5103232696347 8.506587776641408e-17 2.4162390384971247e-16
3019.0630299614013 -1.3761026963013412e-16 2.342428852171181e-16
3020.6157461083176 6.940103572835026e-16 2.716700418431742e-16
3022.1684717105554 5.323224085040565e-16 2.6450774299942867e-16
3023.721206768288 3.4101938209196237e-16 2.6096489534863955e-16
3025.2739512816875 6.99163758674157e-16 2.761375583047894e-16
3026.8267052509273 3.179943796076303e-16 2.6134375730407864e-16
3028.3794686761803 9.747914560842585e-16 2.905838905086687e-16
3029.9322415576185 4.75829546086931e-16 2.7423326942068414e-16
3031.4850238954145 4.265585130478752e-16 2.7292902397036973e-16
3033.037815689742 6.894358499727373e-16 2.8643957005599025e-16
3034.5906169407735 1.5107785526346108e-16 2.649340123301344e-16
3036.143427648681 4.2169249405435644e-16 2.809945246336844e-16
3037.6962478136384 6.040278238351917e-16 2.877198338859855e-16
3039.249077435818 7.376235014024753e-16 2.96013556989026e-16
3040.801916515393 6.271968748601162e-16 2.9693287890437254e-16
3042.354765052535 6.848927358205797e-16 2.9718929165937417e-16
3043.9076230474184 1.1790251286504592e-16 2.7941856689575855e-16
3045.4604905002143 5.100117194920559e-16 2.946221465544832e-16
3047.013367411097 -2.0769112870799476e-16 2.688634246422267e-16
3048.5662537802386 3.350967424363031e-16 2.967450493483189e-16
3050.1191496078122 1.4082845219921862e-16 2.893203555793817e-16
3051.67205489399 6.561313085800863e-16 3.1035424830251493e-16
3053.2249696389463 6.87433411145869e-16 3.1846257706922513e-16
3054.777893842853 4.747966423473136e-16 3.072341759715241e-16
3056.330827505882 -2.351788830936137e-16 2.831584291161231e-16
3057.8837706282075 1.8366429800529768e-16 3.0454267584206437e-16
3059.436723210002 -3.2963843565441677e-16 2.7996318261106347e-16
3060.989685251438 2.2304751840436e-16 3.141408032140969e-16
3062.5426567526893 7.522390549073482e-16 3.309286785913219e-16
3064.0956377139278 3.587655429001076e-16 3.262676680408183e-16
3065.6486281353273 2.517743231731344e-16 3.1736341947126467e-16
3067.2016280170587 3.3106730082709597e-16 3.228796686006991e-16
3068.7546373592977 4.3583786486416445e-16 3.317028931748919e-16
3070.3076561622156 -1.6806788034750425e-16 3.1079134377307775e-16
3071.860684425985 1.162439826496526e-16 3.1987428982472243e-16
3073.4137221507794 1.6418363871430224e-16 3.307248348186092e-16
3074.9667693367724 2.306972582394708e-16 3.36193808921675e-16
3076.519825984135 -8.702529658398479e-17 3.2835560425580014e-16
3078.072892093042 4.444214055840639e-16 3.477506999842331e-16
3079.6259676636655 2.1405505929428373e-16 3.4589191265126313e-16
3081.1790526961786 4.1439226118910645e-16 3.536626987884925e-16
3082.7321471907544 -9.190376960880613e-17 3.3747986963340306e-16
3084.285251147565 1.1846889732709527e-15 3.926991915445522e-16
3085.838364566784 6.273851808722027e-16 3.738398970948168e-16
3087.3914874485845 3.0090458992426835e-16 3.650817352388849e-16
3088.9446197931393 -4.052648988472901e-17 3.544023703096823e-16
3090.4977616006217 1.9364373578738243e-16 3.630328948883748e-16
3092.0509128712038 7.223115809358409e-16 3.9347430610062867e-16
3093.6040736050595 -2.5073069917277827e-16 3.573912848827467e-16
3095.157243802361 1.2582726047532855e-16 3.72720490115461e-16
3096.7104234632816 1.8404108208303803e-16 3.8376206750873325e-16
3098.263612587995 -3.997344354462096e-16 3.6252848676828484e-16
3099.816811176672 2.531181144741737e-16 3.9256456624549795e-16
3101.3700192294887 -6.207120964950557e-17 3.787739169521323e-16
3102.923236746616 1.3749848775087615e-16 3.9655766484731193e-16
3104.4764637282274 6.718495401636067e-16 4.224764230470403e-16
3106.0297001744957 9.397761728359498e-16 4.340120588765782e-16
3107.582946085595 4.193940370647574e-17 4.0975152648977775e-16
3109.136201461697 1.5834959341096984e-16 4.1218203459236476e-16
3110.689466302975 -6.215915813921017e-16 3.803432043055985e-16
3112.2427406096026 1.9259324287921968e-16 4.2478413784205504e-16
3113.7960243817524 1.1673396209288165e-15 4.660137577172337e-16
3115.3493176195975 1.022734050294444e-15 4.676345552618048e-16
3116.902620323311 2.1984397362339523e-16 4.400362895463488e-16
3118.4559324930665 1.000969644593863e-15 4.685678796905607e-16
3120.009254129036 1.3832310608876373e-15 4.94008884838258e-16
3121.5625852313933 5.448842776887522e-16 4.617347060863826e-16
3123.1159258003117 4.3662086741456225e-16 4.659957053275454e-16
3124.6692758359636 5.97273847811582e-16 4.749076566029631e-16
3126.2226353385217 8.385348245131756e-16 4.922723614172683e-16
3127.7760043081607 -3.312146051505794e-16 4.529282104128981e-16
3129.329382745052 3.2836701273080847e-16 4.833133998132779e-16
3130.8827706493703 8.359502093537475e-16 5.065307846557551e-16
3132.4361680212874 2.3000049423101533e-16 4.83916222573927e-16
3133.9895748609765 5.04325904954493e-16 5.0455338624039e-16
3135.5429911686115 1.7304908258695978e-16 4.952028307169721e-16
3137.0964169443646 3.9886371204621177e-16 5.023583003575804e-16
3138.64985218841 5.258598118143022e-16 5.201595447770768e-16
3140.20329690092 8.640984112102083e-17 5.013969179624468e-16
3141.7567510820686 2.348387464257319e-16 5.042794240215124e-16
3143.310214732028 1.7672548351072926e-16 5.293360879693931e-16
3144.8636878509715 8.099066990827563e-16 5.508845532079833e-16
3146.417170439072 5.655831688812464e-16 5.351242346748962e-16
3147.9706624965033 3.920743459272745e-16 4.365284614139727e-16
3149.52416402344 -1.4774570705830146e-16 4.017363448774859e-16
3151.077675020052 1.0079367023432665e-15 6.198362644275947e-16
3152.631195486514 2.7057715758297936e-15 8.469192330811314e-16
3154.184725423 5.671466328832002e-16 3.6003876576872883e-16
