wavelength flux error
1663.2796423640964 6.640019344908085e-14 1.7309291071862867e-14
1664.6501542005615 -2.228580106642796e-14 1.4934829021813305e-14
1666.0206810223378 1.633552505504038e-14 1.4626241366601407e-14
1667.3912227980188 3.563985993262561e-14 1.406856588555749e-14
1668.7617794961936 3.580657634543599e-14 1.4014078797159463e-14
1670.1323510854481 1.4281178778614845e-14 1.5931669910184895e-14
1671.5029375343645 2.419692084773637e-14 1.3106051854406327e-14
1672.8735388115222 3.665740738842578e-14 1.4997209610246795e-14
1674.2441548854965 -5.156942242483774e-14 2.225717982314024e-14
1675.6147857248598 2.6101110205470346e-14 1.261775091284138e-14
1676.9854312981806 2.1083359870769335e-14 1.2019256914069278e-14
1678.3560915740252 2.4580208338566625e-14 1.24672763567946e-14
1679.7267665209545 3.2902656022914395e-14 1.1995451053086695e-14
1681.0974561075275 2.431570366606163e-14 1.061334231085417e-14
1682.4681603022998 1.4551155283959102e-14 1.0887681035876787e-14
1683.8388790738225 1.081626684106083e-14 1.3202931247748538e-14
1685.2096123906445 5.510078748523564e-14 2.9542096850396216e-14
1686.580360221311 4.081762326139243e-14 1.164344533603149e-14
1687.9511225343633 -8.047937181043449e-14 3.0183148325537215e-14
1689.3218992983404 -1.0649067619470515e-15 1.1560368344564788e-14
1690.692690481777 2.3115698537159307e-14 9.423702324127398e-15
1692.0634960532047 4.3989910726658504e-14 1.3251344262881805e-14
1693.4343159811522 5.636661723853499e-14 9.182281840533924e-15
1694.8051502341443 3.118540514257355e-14 9.041022155920325e-15
1696.1759987807031 2.177790825279302e-14 1.3547036688504703e-14
1697.546861589347 2.6555672977713208e-15 1.4449592645451523e-14
1698.917738628591 3.051729265883367e-14 1.6914888814698742e-14
1700.2886298669468 2.791018792762303e-14 1.0607060714517332e-14
1701.6595352729232 2.996656877718787e-14 8.991656228721397e-15
1703.0304548150257 -3.415120799815565e-15 6.8072531254426485e-15
1704.4013884617564 1.0756261333011441e-14 6.644477533419369e-15
1705.7723361816134 1.0080510306153222e-14 6.504825517339658e-15
1707.1432979430929 1.7691031880531435e-14 6.949699079698878e-15
1708.5142737146869 1.784027400363996e-14 8.528484213602642e-15
1709.8852634648845 2.852498985172862e-14 8.005642962514558e-15
1711.256267162171 1.8673507090117593e-14 1.712135817778966e-14
1712.62728477503 6.2514542458933734e-15 8.046862126826794e-15
1713.9983162719398 3.331495100405632e-14 6.8631640762250104e-15
1715.3693616213773 2.4252418446440473e-14 6.479334484308513e-15
1716.740420791815 -3.832149001066747e-15 5.919960278688878e-15
1718.1114937517227 5.935067534819632e-15 6.245133262524488e-15
1719.482580469567 3.1744900897421116e-14 6.4719496275578766e-15
1720.8536809138113 1.441323460322358e-14 6.28221382385644e-15
1722.2247950529156 5.89795309216979e-15 1.2972519651370529e-14
1723.595922855337 5.863159519795425e-15 4.885476399108359e-15
1724.9670642895294 1.1446131552067442e-14 5.318960332942324e-15
1726.3382193239433 1.7628404170235584e-15 5.046430446778568e-15
1727.7093879270265 -5.2204542128249116e-15 1.1483977831183712e-14
1729.0805700672233 2.930751954598361e-14 6.155473130991726e-15
1730.4517657129743 1.0675839789834381e-14 5.174820312791586e-15
1731.822974832719 1.310593072869487e-14 5.297613408605621e-15
1733.1941973948913 6.240410630327072e-15 5.663630744674308e-15
1734.5654333679233 1.7601187095816172e-14 6.159344495077152e-15
1735.9366827202439 3.209879210981691e-15 4.897504690475844e-15
1737.3079454202787 2.0629290918734722e-14 5.598363044440101e-15
1738.6792214364505 3.010538731284748e-14 5.929051483311758e-15
1740.0505107371785 5.931831021928173e-15 5.416368698360095e-15
1741.4218132908793 -1.7485760645544407e-15 7.066021690828837e-15
1742.7931290659662 1.0979132642092992e-14 4.950009721777296e-15
1744.1644580308496 6.605841819596258e-15 5.4400707978066384e-15
1745.5358001539369 1.8911164206326415e-14 4.518371049218924e-15
1746.9071554036316 1.5988204277216436e-14 4.743105830784435e-15
1748.2785237483358 3.006599011640479e-14 5.6263727299399064e-15
1749.649905156447 2.3128656447186403e-14 4.292436869000101e-15
1751.02129959636 1.372887941568715e-14 4.3080701325911e-15
1752.3927070364673 2.847913148796427e-14 4.777393724489289e-15
1753.7641274451582 2.4219057206779915e-14 4.332640864325053e-15
1755.1355607908183 8.737294775759772e-15 5.233596776034509e-15
1756.5070070418305 -4.7655246753158884e-15 8.09438067516776e-15
1757.8784661665752 2.984362025082801e-14 4.181146904126253e-15
1759.2499381334296 2.0406507701079685e-14 4.409456164729177e-15
1760.6214229107673 1.872574869417245e-14 5.508269232038345e-15
1761.9929204669597 3.241679453623754e-14 9.195354947041847e-15
1763.364430770375 4.143747519592955e-14 7.0456209022942175e-15
1764.735953789378 2.743457553960795e-14 4.031132286969833e-15
1766.1074894923313 5.0430369786819834e-14 4.995515719835586e-15
1767.4790378475943 7.122758329328183e-14 5.2685682253277976e-15
1768.8505988235233 7.398977128680526e-14 5.528793687383264e-15
1770.222172388471 7.726552552064433e-14 4.9508144030771875e-15
1771.593758510789 7.174476805834815e-14 6.5506838811040056e-15
1772.9653571588244 3.587412891704542e-14 3.945505302815422e-15
1774.336968300922 1.3941128084577186e-14 3.83983582506308e-15
1775.7085919054232 3.595260821367442e-14 4.523998736120482e-15
1777.0802279406676 1.5339980127078087e-14 9.012458510873015e-15
1778.4518763749907 1.0186305568298231e-14 4.094424282854569e-15
1779.8235371767257 2.0748427796831934e-14 3.530003666693429e-15
1781.195210314203 1.5585807723096125e-14 3.51667645030133e-15
1782.56689575575 2.217723346544659e-14 3.697952300683828e-15
1783.938593469691 8.962676690496985e-15 3.932025196976344e-15
1785.3103034243481 2.7520727260673186e-14 4.344628074594596e-15
1786.68202558804 1.5457946405642194e-14 4.281611787934191e-15
1788.0537599290826 1.3315585782700413e-14 3.604646539346083e-15
1789.4255064157894 9.803642340750103e-15 4.000587008342422e-15
1790.7972650164704 1.6865127323113446e-14 5.086118599038642e-15
1792.1690356994332 1.572398420778172e-14 3.4715740634424066e-15
1793.5408184329826 1.4201954092992256e-14 3.4124189764720607e-15
1794.9126131854212 1.3725186352037122e-14 3.236283980804686e-15
1796.2844199250474 2.539983976997725e-14 3.5077684165532932e-15
1797.6562386201576 1.8540590680034448e-14 3.2090950702307703e-15
1799.0280692390459 1.9035744118142683e-14 3.5307096686549655e-15
1800.399911750003 3.38709569831612e-14 4.550461739458601e-15
1801.7717661213167 1.4647081765235652e-14 2.955502087910542e-15
1803.1436323212722 1.6775541730480042e-14 3.1159542685595034e-15
1804.5155103181526 2.521791742169776e-14 3.3946780831500562e-15
1805.8874000802375 1.7160677447201206e-14 3.2351273573152104e-15
1807.2593015758039 2.5238754432200215e-14 3.072650979680548e-15
1808.6312147731262 2.3289328432885177e-14 3.322076983416759e-15
1810.0031396404763 1.663945911124006e-14 3.236651169587321e-15
1811.3750761461229 1.7759810955848485e-14 3.0562098584161054e-15
1812.7470242583322 1.3953559987144037e-14 4.4867453800672905e-15
1814.118983945368 2.6357764576620188e-14 2.9660351543678862e-15
1815.490955175491 2.5046327181308878e-14 3.2581461129315564e-15
1816.862937916959 1.8128019566151718e-14 3.627617225842672e-15
1818.2349321380282 2.0045639478297357e-14 2.8980823596908836e-15
1819.6069378069512 2.061507939994569e-14 3.164879950384096e-15
1820.9789548919775 2.4500390729880958e-14 2.9946557623808986e-15
1822.3509833613557 4.7987899461435224e-14 7.459094106265773e-15
1823.7230231833303 3.889896149872167e-14 5.8565107346759526e-15
1825.0950743261428 2.153841476915455e-14 3.0475040537842257e-15
1826.4671367580336 2.2262221363242296e-14 2.971817001265844e-15
1827.8392104472393 1.900748709902228e-14 2.989165506575033e-15
1829.2112953619944 2.3214088190246472e-14 2.72799814388222e-15
1830.5833914705306 2.402654864072564e-14 2.733434401337698e-15
1831.9554987410772 1.7087392156604764e-14 3.95846109526015e-15
1833.3276171418606 2.483718288817053e-14 4.6109593736503446e-15
1834.6997466411046 2.609950761913414e-14 2.855488460905254e-15
1836.0718872070308 2.0325799013733506e-14 3.1017211504303158e-15
1837.444038807858 2.358383501238192e-14 2.8575730089884467e-15
1838.816201411802 1.6540283411577844e-14 3.6458208109121145e-15
1840.188374987077 -4.3581933072448734e-15 5.524446290781481e-15
1841.5605595018942 2.5161787936415006e-14 2.2925450702041255e-15
1842.9327549244615 1.796353932032209e-14 2.66597309752834e-15
1844.3049612229856 1.9013079210540053e-14 2.5350224391575355e-15
1845.6771783656698 1.854809878007891e-14 2.501949190699044e-15
1847.049406320715 1.6245559991646605e-14 2.687544485596065e-15
1848.4216450563194 1.7536651655564867e-14 2.3927897254457774e-15
1849.7938945406797 1.50651077712987e-14 2.2967478359301645e-15
1851.166154741989 1.2827736309696351e-14 2.509977580731357e-15
1852.5384256284376 1.9860611907233233e-14 2.5773969564098264e-15
1853.910707168215 1.4028731620114015e-14 2.658011411340623e-15
1855.2829993295068 1.499718928145606e-14 3.640072845332047e-15
1856.6553020804965 2.5633339648480948e-14 3.5500808886421978e-15
1858.027615389365 1.47708044797093e-14 2.1810414412693326e-15
1859.3999392242915 1.7880472493250754e-14 2.3508321601617725e-15
1860.772273553451 2.8234525313456174e-14 2.767059280003089e-15
1862.1446183450184 1.3787230668390552e-14 3.7525389154531574e-15
1863.5169735671645 1.982244629669585e-14 2.2754860384046607e-15
1864.889339188058 2.1948692117816117e-14 2.3612529947536053e-15
1866.261715175866 2.1007087942000874e-14 2.3709962029876347e-15
1867.6341014987518 2.363602579445994e-14 2.400060020990298e-15
1869.006498124877 2.4483578819943855e-14 2.5086013639503057e-15
1870.3789050224009 2.1541840170393248e-14 2.432387245180495e-15
1871.7513221594807 2.284914912711964e-14 2.1685227178253877e-15
1873.1237495042703 1.8421787532918454e-14 2.1308956084842203e-15
1874.4961870249224 1.2866675261314579e-14 2.2601867175531167e-15
1875.8686346895859 2.0598774015711044e-14 2.7017208525177867e-15
1877.2410924664086 2.1546305728091172e-14 2.150099327706133e-15
1878.6135603235355 1.9913280415893506e-14 2.67127298267931e-15
1879.9860382291092 2.199924982037183e-14 2.02298509331168e-15
1881.35852615127 1.6896853789185803e-14 2.5932813652696863e-15
1882.7310240581555 8.270045144032935e-15 4.50610812972505e-15
1884.1035319179018 2.1123809082132516e-14 2.3530026820891116e-15
1885.4760496986416 2.96771918292197e-14 2.585842721926899e-15
1886.8485773685065 2.2844134692071895e-14 3.765451932734049e-15
1888.221114895625 2.541083086950082e-14 2.095270885030362e-15
1889.593662248123 2.3818153124712665e-14 2.245391381305189e-15
1890.9662193941258 2.489971424846863e-14 2.2166833171403727e-15
1892.3387863017538 2.4740695671082898e-14 2.248029888935886e-15
1893.7113629391276 7.44610129848125e-14 1.0564048381455759e-14
1895.0839492743637 2.7333851463718153e-14 2.2452111750456607e-15
1896.4565452755778 1.9461833877863592e-14 1.8683833692294044e-15
1897.8291509108822 2.493993645500195e-14 2.4479574048169236e-15
1899.2017661483876 2.9765395064083183e-14 2.8410298202538598e-15
1900.574390956202 2.630406099369837e-14 2.7492686234954333e-15
1901.9470253024317 2.334890703632915e-14 1.845449952182494e-15
1903.3196691551807 3.1040423595189715e-14 2.406810450063441e-15
1904.6923224825505 2.7888363276704076e-14 4.309469431019964e-15
1906.0649852526403 2.946686338402109e-14 1.8610749572022574e-15
1907.4376574335474 2.9933070318189856e-14 2.1298482522449404e-15
1908.810338993367 3.526150047948248e-14 2.23230472227011e-15
1910.1830299001917 3.8282480755314624e-14 2.0970026438910236e-15
1911.555730122112 4.886579490115568e-14 2.4388230015137333e-15
1912.9284396272167 5.918789086232709e-14 2.586540253558963e-15
1914.3011583835919 6.343300315353115e-14 7.226214255879465e-15
1915.6738863593218 3.431240345021583e-14 2.2465892976508434e-15
1917.0466235224885 3.6605474104363725e-14 2.468274548848002e-15
1918.419369841172 3.075636262599851e-14 2.30139741153588e-15
1919.7921252834492 2.8111846143573545e-14 1.853488930126648e-15
1921.164889817397 2.6771743459261255e-14 2.0387170362410343e-15
1922.5376634110874 2.9663930681397485e-14 2.183779687029569e-15
1923.9104460325927 2.775941436894587e-14 2.6053090213624605e-15
1925.283237649982 2.521995368890296e-14 2.5909090377426638e-15
1926.6560382313228 3.15675830202429e-14 2.0289367703155625e-15
1928.0288477446793 4.8101181647801014e-14 2.1658774339311125e-15
1929.401666158115 6.379949059288556e-14 2.8042397912228165e-15
1930.774493439691 4.8682171710718106e-14 2.829076491302207e-15
1932.1473295574658 6.711151138939428e-14 7.959032433493048e-15
1933.5201744794963 2.939786746826954e-14 3.922596026207509e-15
1934.893028173837 3.10218566329859e-14 1.7190121794755423e-15
1936.2658906085408 2.99353708596746e-14 1.904128159603536e-15
1937.6387617516584 2.7683042490289633e-14 2.0693470181631706e-15
1939.0116415712382 2.4355988553033045e-14 1.8005680056480938e-15
1940.3845300353269 2.6647978393140245e-14 1.663163591493922e-15
1941.757427111969 2.2945021398287566e-14 1.7662120316701041e-15
1943.1303327692071 2.0053935318982766e-14 2.1440127607054004e-15
1944.503246975082 2.101547356817869e-14 2.0553680099181593e-15
1945.8761696976312 1.9777031778195862e-14 1.7601484404380658e-15
1947.2491009048929 1.4944400494117278e-14 2.0571124742730295e-15
1948.6220405649003 2.2380434975427e-14 1.5477894455066506e-15
1949.9949886456868 2.2056627832218838e-14 1.6349690410533786e-15
1951.3679451152827 2.4259408162321215e-14 1.6359632459752183e-15
1952.7409099417166 1.9238328988137494e-14 1.5313219603417245e-15
1954.1138830930156 2.2088049366430183e-14 1.6009682915176437e-15
1955.4868645372044 2.003404529131534e-14 1.7071705529938088e-15
1956.8598542423056 1.728504221264887e-14 1.7437741288973377e-15
1958.2328521763402 1.9881899539263628e-14 3.0668403336623837e-15
1959.6058583073275 2.0782180365714123e-14 1.4404861470781734e-15
1960.9788726032841 1.992089863022111e-14 1.5256202639364006e-15
1962.3518950322257 1.890011889669422e-14 1.4871224047254559e-15
1963.7249255621655 1.9114458889931026e-14 1.6608773436901643e-15
1965.0979641611148 2.2536426257059247e-14 1.946702364873142e-15
1966.4710107970827 1.9922782431495804e-14 1.5152433691787066e-15
1967.8440654380775 1.920610785482394e-14 1.6532272597479187e-15
1969.2171280521045 2.1621234262605288e-14 1.6573374871244701e-15
1970.590198607168 1.920176426987042e-14 1.5250363405983872e-15
1971.9632770712697 2.7088338963956494e-14 1.5373052952020105e-15
1973.3363634124098 2.2568848984214247e-14 1.6078406933351915e-15
1974.7094575985873 2.2238816148843765e-14 1.9154076738456477e-15
1976.0825595977979 1.9430832471994085e-14 1.4715137050899272e-15
1977.4556693780364 2.3565774575880563e-14 1.5094518872809737e-15
1978.8287869072965 2.2404134957291176e-14 1.4274759327665841e-15
1980.2019121535682 1.9409106076897012e-14 1.4378618272493427e-15
1981.5750450848416 1.9555796936768406e-14 1.5642754595172979e-15
1982.9481856691039 2.304989593561891e-14 1.4507134346415586e-15
1984.3213338743408 2.315486364657445e-14 1.466612031303285e-15
1985.6944896685359 1.8262477576198866e-14 1.4257279744008065e-15
1987.067653019672 2.0402499541173277e-14 1.809228917533769e-15
1988.4408238957287 2.3566252302462815e-14 1.4625253090910198e-15
1989.8140022646853 2.1672984587550737e-14 1.5639234114485953e-15
1991.1871880945182 1.8038445831979576e-14 1.3638852518888227e-15
1992.5603813532025 2.116168839553373e-14 1.5736647138584934e-15
1993.9335820087124 1.7279556827282452e-14 1.4180922900186642e-15
1995.3067900290189 2.073707924940462e-14 1.5660792161784759e-15
1996.6800053820914 2.0278688735273116e-14 1.7723353387249239e-15
1998.0532280358993 2.1547032482359917e-14 1.4333257540585591e-15
1999.4264579584085 2.185475785803151e-14 1.4213436259866998e-15
2000.7996951175835 2.0460389160920425e-14 1.4195153053700514e-15
2002.1729394813879 1.9521990157777593e-14 1.4731947478528718e-15
2003.5461910177833 1.9863991568692778e-14 1.2492664475322653e-15
2004.9194496947287 1.9563892877678263e-14 1.2848253141744745e-15
2006.292715480183 2.327549130265883e-14 1.3844710112432992e-15
2007.665988342102 2.1091254217837745e-14 1.587292944584223e-15
2009.0392682484412 2.0616468533979186e-14 1.4845151314346887e-15
2010.4125551671534 1.7271216940883787e-14 1.3432610584143646e-15
2011.78584906619 2.3401599261911946e-14 1.5057321420931065e-15
2013.1591499135009 2.0962754237541584e-14 1.953677681193781e-15
2014.5324576770342 1.6396768925258653e-14 1.1719468448871694e-15
2015.9057723247367 2.1542278933459925e-14 1.3203596168612133e-15
2017.2790938245537 1.9619534471983398e-14 1.3940089198667379e-15
2018.652422144428 1.987707145146428e-14 1.4673216331548473e-15
2020.025757252302 1.904063827451192e-14 1.3767361181272098e-15
2021.3990991161154 1.804241502837041e-14 1.7605216643304497e-15
2022.7724477038073 1.1716620512344789e-14 2.979909130527438e-15
2024.1458029833145 1.9991290456269732e-14 1.3743576496113197e-15
2025.5191649225724 1.8110319965685892e-14 1.2746638834227383e-15
2026.8925334895155 2.0184823932190184e-14 1.187925909678885e-15
2028.2659086520757 1.9646136388724866e-14 1.231239574711444e-15
2029.6392903781841 2.0666745021596412e-14 1.1693409480249416e-15
2031.0126786357703 2.1403363836044326e-14 1.23875805090951e-15
2032.3860733927613 1.5136682055341688e-14 1.1795452598196325e-15
2033.7594746170842 1.5319261701188247e-14 1.1698578498810035e-15
2035.132882276663 2.072744848479434e-14 1.6829937974594477e-15
2036.5062963394219 1.9260848206073197e-14 1.3069059808017364e-15
2037.8797167732816 1.832361980246347e-14 1.1837690954902345e-15
2039.2531435461638 1.9749096631595416e-14 1.2569315663093247e-15
2040.6265766259858 2.008560079868292e-14 1.3302524322895515e-15
2042.000015980666 1.6101425477210024e-14 1.0584395595156465e-15
2043.373461578119 1.7659525643025364e-14 1.1156714581792514e-15
2044.7469133862608 1.975580513253767e-14 1.1209358738255553e-15
2046.1203713730033 1.752605696746061e-14 1.3069552145917956e-15
2047.4938355062582 1.725467099929212e-14 1.0974873548675961e-15
2048.867305753936 2.1506286809465196e-14 1.23933689204984e-15
2050.2407820839444 1.8864806093123188e-14 1.0967430246651964e-15
2051.6142644641914 1.9244224337450384e-14 1.293802275228594e-15
2052.987752862582 1.9162043506841878e-14 1.2259808765375342e-15
2054.3612472470218 1.8026214676221224e-14 1.1579119324676393e-15
2055.7347475854126 1.9412463715499928e-14 1.3811144314315672e-15
2057.1082538456567 1.9282342514142722e-14 1.56321666833323e-15
2058.481765995654 1.6724086173000238e-14 1.05828381133247e-15
2059.855284003303 1.8677786300567122e-14 1.1390949896652666e-15
2061.2288078365023 1.936415573245212e-14 1.4451902504298685e-15
2062.602337463147 1.746989868305765e-14 1.0183655837480983e-15
2063.9758728511315 2.0599089111967422e-14 1.110208307427698e-15
2065.34941396835 1.98007436185213e-14 9.883107371971476e-16
2066.7229607826944 2.0775061900825398e-14 1.0332995157620204e-15
2068.0965132620554 1.8017654561256272e-14 1.2291726025619068e-15
2069.470071374322 5.785909945599244e-13 8.44848618689921e-15
2070.843635087383 1.6241501009763362e-14 1.097256220752114e-15
2072.2172043691244 2.212326222011344e-14 1.098587544786961e-15
2073.590779187432 1.835953738755884e-14 9.278045267968127e-16
2074.9643595101898 1.7538286429153067e-14 1.0032454103648986e-15
2076.3379453052808 1.8470131091350046e-14 1.2896751071930974e-15
2077.711536540586 1.8092401830719675e-14 1.0033815709111697e-15
2079.0851331839867 1.7766804059861016e-14 1.5584054153137072e-15
2080.458735203362 1.77891132136258e-14 1.1463770377919302e-15
2081.8323425665885 1.9532906718401806e-14 1.0624579896965393e-15
2083.2059552415444 2.095621853132057e-14 1.6926563258052511e-15
2084.5795731961034 1.840498239924493e-14 8.990783573027488e-16
2085.95319639814 1.8552986160184567e-14 1.0221794554722292e-15
2087.3268248155277 1.840778946643213e-14 9.265509180348764e-16
2088.7004584161373 1.689362151145908e-14 9.279496870681484e-16
2090.0740971678397 1.7401285626198262e-14 9.531621521387647e-16
2091.447741038504 1.9276082940662513e-14 8.952106989864672e-16
2092.8213899959974 1.9723839803174187e-14 9.280112028359428e-16
2094.1950440081882 1.768424714662393e-14 9.08008413907414e-16
2095.5687030429413 1.9256762119135643e-14 1.066236180157767e-15
2096.942367068121 2.0933319842624497e-14 1.1757422936446976e-15
2098.3160360515903 1.96194412983592e-14 1.0054778715765057e-15
2099.6897099612115 2.1777228932369323e-14 1.718867125083325e-15
2101.063388764846 1.9872981976394935e-14 9.199762482982885e-16
2102.4370724303535 2.0183538136176252e-14 9.618388400130825e-16
2103.810760925592 1.9081002782580375e-14 1.0125435027851458e-15
2105.1844542184203 2.2888407410158983e-14 9.550735878633624e-16
2106.558152276694 2.2189540854170194e-14 9.546173547421476e-16
2107.931855068268 2.1226137438424414e-14 9.770050708127892e-16
2109.305562560997 2.025078408185877e-14 1.3323891787781188e-15
2110.679274722734 2.2086212999000536e-14 9.112060691624175e-16
2112.0529915213315 2.292852797273863e-14 1.0646033123936976e-15
2113.4267129246396 1.9918323650061458e-14 1.0765291127745645e-15
2114.8004389005087 1.955390466516424e-14 8.897734886189235e-16
2116.174169416787 1.9555202319639434e-14 9.459668190100762e-16
2117.547904441323 2.1220868893492492e-14 9.1344880064851e-16
2118.921643941963 2.0792890250299206e-14 8.551194119830595e-16
2120.295387886553 1.963849106934295e-14 1.0084786975503909e-15
2121.669136242936 2.605001887215786e-14 1.1730462936527055e-15
2123.042888978957 3.9621907507335005e-14 2.2205811510054e-15
2124.4166460624583 2.1257887621419294e-14 7.85763454289371e-16
2125.7904074612807 2.343435402598227e-14 1.1323940061404194e-15
2127.1641731432655 2.544004842398341e-14 2.127196403845324e-15
2128.537943076252 2.1159487803936762e-14 7.520278260661267e-16
2129.911717228078 2.1707370737077472e-14 8.409241456387023e-16
2131.2854955665816 2.030847549589626e-14 8.252391071588024e-16
2132.6592780595993 2.013481510698429e-14 8.378086525795826e-16
2134.0330646749667 2.217301015917158e-14 9.347774078977285e-16
2135.4068553805178 2.1460807916461218e-14 1.2042783042421029e-15
2136.7806501440864 1.9695770825368074e-14 7.812288634062451e-16
2138.1544489335056 1.944381240487781e-14 8.252084551540236e-16
2139.5282517166065 2.0893654983770472e-14 9.417682884487735e-16
2140.902058461221 2.0581592799408938e-14 8.699748346306831e-16
2142.275869135178 2.1188954386105845e-14 8.833542494281568e-16
2143.649683706306 2.0949608286200197e-14 8.444435675345439e-16
2145.0235021424332 2.134665498022565e-14 9.244781225338267e-16
2146.3973244113877 1.8582188468074107e-14 8.136264972101828e-16
2147.771150480995 2.2020945722282803e-14 8.319797424134929e-16
2149.144980319081 2.0506176373917204e-14 8.745371658428315e-16
2150.5188138934686 2.1924128162345742e-14 8.640876380099105e-16
2151.8926511719833 2.13386183316221e-14 9.391165459282755e-16
2153.2664921224464 2.3535227179670784e-14 8.15820206664453e-16
2154.64033671268 2.2644150213225155e-14 1.4292318320662423e-15
2156.0141849105057 2.1653279213065812e-14 8.401721921397773e-16
2157.3880366837434 2.1067660962124923e-14 9.322222271332175e-16
2158.7618920002124 2.345922799551134e-14 1.0287683130106836e-15
2160.13575082773 2.4319767730142557e-14 9.901507045168207e-16
2161.5096131341156 2.9103584505470875e-14 9.77790270354894e-16
2162.883478887185 3.646089913279457e-14 8.959864752870338e-16
2164.2573480547544 3.19439773569484e-14 8.592378979308468e-16
2165.6312206046396 3.4469622929621593e-14 8.784888392395689e-16
2167.005096504654 4.704461646631852e-14 9.7601414814362e-16
2168.3789757226114 3.394658008469206e-14 8.933258389205896e-16
2169.7528582263258 2.9717015930267807e-14 8.978710177155562e-16
2171.126743983608 2.5393143127496257e-14 7.972531385815203e-16
2172.5006329622697 2.4505496644487007e-14 7.710320160894018e-16
2173.874525130122 2.394584672964304e-14 8.426784567515844e-16
2175.2484204549746 2.0146453339679564e-14 7.22050535969409e-16
2176.622318904636 2.0943399534696823e-14 7.760976436908969e-16
2177.996220446915 2.1153522997922197e-14 9.104959379152631e-16
2179.3701250496188 2.23961372722032e-14 7.578135375519064e-16
2180.7440326805545 2.2215309290491564e-14 7.436227181305223e-16
2182.117943307529 2.1295678843393992e-14 7.269918085463353e-16
2183.4918568983467 2.003556317435682e-14 7.315019413531092e-16
2184.865773420813 2.149096567751526e-14 7.08012288357649e-16
2186.2396928427324 2.113832892091435e-14 7.226997867234794e-16
2187.6136151319074 2.020879496459748e-14 7.491282734689976e-16
2188.987540256142 1.9204913538368312e-14 6.89037268031495e-16
2190.361468183237 2.0333134319056728e-14 7.357259358423888e-16
2191.735398880994 2.153133865591319e-14 6.817830661129723e-16
2193.109332317215 1.9838106241824686e-14 6.687907453723939e-16
2194.483268459699 2.137237767676787e-14 7.585597206388782e-16
2195.8572072762463 2.3207689703362913e-14 8.076702144646497e-16
2197.2311487346547 2.0609675329742207e-14 7.397489717649323e-16
2198.6050928027234 1.7515591028364336e-14 7.633944258831282e-16
2199.97903944825 1.816994600297491e-14 6.471407949988107e-16
2201.352988639031 1.9953590713853338e-14 6.676146401251313e-16
2202.7269403428636 2.2051252561135562e-14 6.85303546799998e-16
2204.100894527543 2.0302390411203186e-14 7.388015124738692e-16
2205.474851160865 2.1450567288128913e-14 8.440795021859022e-16
2206.848810210624 2.122413335847121e-14 9.719216025798425e-16
2208.222771644614 2.262982519202119e-14 7.212841829103806e-16
2209.596735430629 1.5404949248198387e-14 6.09388907116601e-16
2210.970701536462 4.676877171671569e-14 1.2778224692830496e-15
2212.344669929906 2.0333141095320306e-13 3.795237422807773e-15
2213.7186405787515 2.9034298904451368e-15 5.159937308633618e-16
2215.092613450791 2.509911596864766e-14 7.484751051875461e-16
2216.466588513815 1.9867474568171888e-14 6.504846163767747e-16
2217.8405657356143 2.1518821203018665e-14 6.921589020794823e-16
2219.214545083979 2.263811086831123e-14 6.743736454068654e-16
2220.5885265266975 2.156372072548672e-14 6.648817941999337e-16
2221.9625100315593 2.0747289384550824e-14 6.647597685159698e-16
2223.3364955663524 2.408970680540471e-14 8.996785860249969e-16
2224.7104830988656 3.831355670008349e-14 1.794402241066793e-15
2226.084472596886 1.9994549839050767e-14 6.075957913068229e-16
2227.4584640282 2.2156232130552365e-14 6.796901006398662e-16
2228.832457360595 2.0879595930911946e-14 7.412381615653238e-16
2230.2064525618566 2.1253120519992147e-14 6.900620720185543e-16
2231.5804495997704 1.8413251134876026e-14 7.749340321796063e-16
2232.954448442122 2.2754835396574663e-14 1.2719812241996655e-15
2234.3284490566966 2.1119807698489687e-14 6.419471066036026e-16
2235.7024514112777 2.0563232513244253e-14 6.201168970309319e-16
2237.07645547365 2.0120691679621772e-14 6.300945745726732e-16
2238.450461211596 2.0701076961014524e-14 6.474936901004606e-16
2239.8244685929003 2.0751102726879363e-14 6.188973813451226e-16
2241.1984775853452 2.0794968869151768e-14 6.822364404979902e-16
2242.572488156713 2.112875575454448e-14 7.01762932212366e-16
2243.946500274785 2.2307940813603294e-14 9.895282411797072e-16
2245.320513907345 2.0801294511201864e-14 6.987324600853269e-16
2246.6945290221724 2.159281461315901e-14 6.524957372913524e-16
2248.068545587049 2.0399829693323532e-14 8.514550945136782e-16
2249.4425635697553 1.9450866495262543e-14 6.068712604995652e-16
2250.8165829380714 1.9166712352447143e-14 6.677446596825348e-16
2252.190603659778 2.1144264927808708e-14 6.059516474166431e-16
2253.564625702654 2.2451289281464823e-14 6.816110654851205e-16
2254.938649034479 2.0894373267709744e-14 9.22147405500338e-16
2256.3126736230333 2.2386997786702327e-14 5.951327602791599e-16
2257.6866994360935 2.140372636614575e-14 6.340523360187189e-16
2259.0607264414393 2.089180167568188e-14 6.323277769381091e-16
2260.434754606849 2.2208331433072083e-14 7.338067709421474e-16
2261.8087839001005 2.27602225261192e-14 8.221179495668479e-16
2263.1828142889713 2.273008848198768e-14 6.993529117191907e-16
2264.556845741239 2.226662254643623e-14 6.382566369919748e-16
2265.93087822468 2.1710137146683205e-14 7.068971165430295e-16
2267.3049117070723 2.037473718929407e-14 7.998158367634382e-16
2268.6789461561925 2.209424795353819e-14 6.491631920394988e-16
2270.052981539816 2.2061732052758992e-14 5.904081163784938e-16
2271.42701782572 2.1837320837779332e-14 6.015939805403749e-16
2272.801054981681 2.056645462657561e-14 6.175402757449436e-16
2274.175092975473 2.170163632402456e-14 5.796093992130671e-16
2275.549131774874 2.2252760005221466e-14 6.278815951188529e-16
2276.9231713476574 2.322198931357846e-14 7.210869301127888e-16
2278.2972116615997 2.1146545140502716e-14 6.339815028885048e-16
2279.6712526844753 2.092048898753949e-14 5.881173687122038e-16
2281.0452943840596 2.0761053669943706e-14 6.311194844388509e-16
2282.4193367281273 2.0757341971568838e-14 5.799700234903607e-16
2283.7933796844527 2.1103791999523003e-14 5.999017145908792e-16
2285.16742322081 2.150090815025013e-14 5.932681760644572e-16
2286.541467304975 2.2136226906404113e-14 5.760047446269081e-16
2287.9155119047205 2.1041136972414602e-14 6.304841038492917e-16
2289.2895569878206 2.1430473972554147e-14 5.898260988646117e-16
2290.6636025220505 2.126243957647784e-14 5.705563110728132e-16
2292.0376484751823 2.2701313078703558e-14 5.919765566990128e-16
2293.4116948149913 2.2332474275887568e-14 6.269035367625702e-16
2294.7857415092512 2.2927435300236672e-14 5.948130053415714e-16
2296.1597885257343 2.3719636416683412e-14 6.085816317783085e-16
2297.5338358322147 2.3279374101689045e-14 6.140356239861197e-16
2298.9078833964663 2.4574146970796074e-14 7.283745368931688e-16
2300.281931186262 2.2919276678888718e-14 5.942550223875676e-16
2301.6559791693758 2.3359850702007676e-14 5.744169284277207e-16
2303.03002731358 2.222328495272291e-14 5.882404002477924e-16
2304.4040755866486 2.4243180705117717e-14 5.760595370706836e-16
2305.778123956354 2.53570358070207e-14 5.840194233133875e-16
2307.152172390471 2.4616344458162388e-14 5.797455597593383e-16
2308.5262208567715 2.453537657873435e-14 6.330469608498872e-16
2309.9002693230286 2.434605963282533e-14 5.721837260622847e-16
2311.2743177570164 2.3003395520880543e-14 5.733315615849327e-16
2312.648366126507 2.3252253800783856e-14 6.481873571447026e-16
2314.0224143992746 2.5315468512167143e-14 6.151685305530723e-16
2315.3964625430917 2.496212871822001e-14 5.770573418825491e-16
2316.7705105257323 2.6453704610423893e-14 6.010006339608233e-16
2318.1445583149684 2.4414250867276985e-14 6.874916976005519e-16
2319.518605878575 2.2871531125717888e-14 5.577692370032662e-16
2320.8926531843244 2.2953949125551626e-14 6.199410847548175e-16
2322.2667001999903 2.2263588474419164e-14 6.046141823929285e-16
2323.640746893346 2.2022548308619008e-14 6.372671436909042e-16
2325.0147932321656 2.1433880739068004e-14 6.853752799027186e-16
2326.3888391842224 2.2360473796992006e-14 6.013986865064736e-16
2327.7628847172905 2.415929733828523e-14 5.620488709692686e-16
2329.1369297991437 2.1951121408308842e-14 6.323872810026538e-16
2330.5109743975554 2.4477729210410117e-14 7.223135396995314e-16
2331.8850184803 2.5301058787668453e-14 5.630272469629065e-16
2333.2590620151523 2.374624510968846e-14 5.655881451998115e-16
2334.633104969886 2.429972354247873e-14 5.519678024684031e-16
2336.0071473122757 2.396815418934193e-14 5.672747995560316e-16
2337.3811890100965 2.1780630616685497e-14 5.712200143265461e-16
2338.7552300311227 2.2297674774282572e-14 5.451762922973182e-16
2340.1292703431286 2.305047869428662e-14 5.351233876419489e-16
2341.503309913891 2.4051979957934004e-14 6.300249061127615e-16
2342.877348711183 2.3902412574173734e-14 5.5585060149861685e-16
2344.251386702782 1.8798891683233752e-14 5.204105841668193e-16
2345.625423856462 2.0879911027168324e-14 5.232060046509953e-16
2346.9994601400003 2.6529920635017835e-14 6.106787265370325e-16
2348.373495521172 2.6809626160794256e-14 6.143843368625924e-16
2349.747529967754 3.0341628189968495e-14 6.366168870852089e-16
2351.1215634475225 3.645478016678361e-14 8.77151797732328e-16
2352.495595928254 3.561470644222395e-14 6.163031311859195e-16
2353.8696273777246 3.116413783933389e-14 5.987142802779471e-16
2355.2436577637136 2.7868984856936792e-14 5.937882542940713e-16
2356.6176870539966 2.415026457893571e-14 5.531063735681905e-16
2357.9917152163525 2.4607386237712227e-14 5.417967367168919e-16
2359.365742218558 2.4663559768708238e-14 5.74438104251402e-16
2360.7397680283925 2.4600645549517977e-14 6.922591696046135e-16
2362.113792613634 2.3763145111052077e-14 6.668851859388677e-16
2363.4878159420605 2.0428972708906763e-14 1.0828625898794218e-15
2364.8618379814525 2.2552924764805866e-14 4.843132163283932e-16
2366.235858699589 2.3113801183357457e-14 5.176678914836099e-16
2367.6098780642487 1.9821805939787725e-14 5.076131339436685e-16
2368.9838960432126 1.6716044442199006e-14 5.446597610181706e-16
2370.357912604261 1.9190956129463456e-14 4.918485802458451e-16
2371.731927715174 2.1557796577053624e-14 5.919981560391677e-16
2373.105941343733 2.150834340546113e-14 5.900572329800937e-16
2374.479953457719 1.9887640728580118e-14 5.091623042646374e-16
2375.853964024914 2.191879185477804e-14 5.044016085241538e-16
2377.2279730131004 2.2094674858143606e-14 5.117857241209616e-16
2378.60198039006 3.3757166577027056e-14 7.988401077477605e-16
2379.975986123576 6.02896774387976e-14 1.1070412512379142e-15
2381.349990181432 1.7697664148508437e-14 4.83530240247775e-16
2382.72399253141 1.8923380115491717e-14 4.916500568988324e-16
2384.097993141296 1.6479390212999732e-14 5.575096214049328e-16
2385.471991978873 2.114407011023084e-14 5.038470137019391e-16
2386.845989011927 2.1540986361182415e-14 5.081043601135168e-16
2388.2199842082423 2.3290510890879544e-14 6.469705413764126e-16
2389.593977535604 2.368294125534246e-14 5.663906030382165e-16
2390.9679689618 2.3056999153914584e-14 5.523310207840976e-16
2392.3419584546155 2.2763334525167413e-14 5.193976915805808e-16
2393.7159459818386 2.2867712701191666e-14 5.085770044980847e-16
2395.089931511255 2.320790654379741e-14 5.066118351208955e-16
2396.4639150106545 2.2548942015887877e-14 5.16985712323715e-16
2397.8378964478243 2.15955945752919e-14 5.027207775194461e-16
2399.211875790554 2.247195349724604e-14 5.046558772270077e-16
2400.5858530066325 2.072908664651433e-14 5.365042631042102e-16
2401.9598280638506 2.291907847317906e-14 6.068801543455114e-16
2403.3338009299973 2.3966819265417057e-14 7.970665266353284e-16
2404.707771572864 2.3087670216934662e-14 5.173338428650365e-16
2406.0817399602433 1.922796808112668e-14 4.970548153165845e-16
2407.455706059926 1.4399961596940104e-14 4.4063482420270237e-16
2408.8296698397044 1.5062385407406224e-14 4.292200493868258e-16
2410.203631267372 2.2302687515264423e-14 4.905139739583275e-16
2411.577590310723 2.370776948509238e-14 5.304241017901412e-16
2412.9515469375506 2.462340193667891e-14 6.797137116832709e-16
2414.32550111565 2.2307110721314985e-14 4.87859743278547e-16
2415.6994528128157 2.0329541205294475e-14 5.252863705090111e-16
2417.0734019968445 2.5010589167198324e-14 5.518499060700572e-16
2418.4473486355328 2.4468286487114126e-14 5.181113132314975e-16
2419.8212926966776 2.3488575993067806e-14 5.155841374938051e-16
2421.1952341480755 2.1234299447904156e-14 4.976361975557561e-16
2422.569172957526 2.241910202946916e-14 4.967774120263587e-16
2423.9431090928283 2.5480206256012737e-14 6.702283720421212e-16
2425.317042521781 2.8121063556105566e-14 1.0935070411693297e-15
2426.690973212184 2.342014420125913e-14 4.721855044687246e-16
2428.0649011318387 2.4588167060139027e-14 6.037242154631603e-16
2429.438826248547 2.448873555652674e-14 5.317260443696303e-16
2430.81274853011 2.32720455726294e-14 4.97219722043503e-16
2432.186667944331 2.2950262838165175e-14 5.361624853099931e-16
2433.560584459014 2.2740340968781247e-14 6.020545547054444e-16
2434.9344980419623 2.4607213442990987e-14 6.348901045431126e-16
2436.30840866098 2.398893698973576e-14 5.699879519652055e-16
2437.6823162838746 2.2760889988081637e-14 5.106678523888227e-16
2439.0562208784504 2.492789842275557e-14 5.333064490305292e-16
2440.430122412516 2.5234873327235896e-14 5.66191867932967e-16
2441.804020853878 2.5860864556574714e-14 5.318664400806377e-16
2443.1779161703444 2.6705568163224065e-14 5.759983918798037e-16
2444.551808329725 2.9853052809728636e-14 5.370415466905655e-16
2445.9256972998296 3.533805192912354e-14 6.23193426574478e-16
2447.2995830484683 2.9400547480514655e-14 5.910132155401886e-16
2448.6734655434534 2.757344150911261e-14 5.241226531186021e-16
2450.0473447525956 2.573644388695253e-14 5.049971256256328e-16
2451.4212206437087 2.4386629122867022e-14 4.932207736203971e-16
2452.7950931846067 2.705170648305364e-14 5.151831203328394e-16
2454.168962343103 2.7552484219931644e-14 5.502540959974301e-16
2455.5428280870133 2.416371207400632e-14 5.048949522763703e-16
2456.9166903841538 2.4762073088605702e-14 5.098213488371605e-16
2458.290549202341 2.6776593569917233e-14 5.124201517984551e-16
2459.664404509393 2.5276381329783146e-14 5.043013939385818e-16
2461.038256273128 2.5938534089706144e-14 5.077335714408562e-16
2462.412104461365 2.7178866457227245e-14 5.192247380406633e-16
2463.7859490419246 2.825222830205379e-14 5.42833452104772e-16
2465.159789982627 3.306887438035179e-14 5.620176895688978e-16
2466.533627251295 3.0864254294687976e-14 5.674913752927327e-16
2467.907460815751 2.8172051551398486e-14 5.476300938059547e-16
2469.281290643819 2.93346076596368e-14 5.586322047578408e-16
2470.655116703322 2.6747840189489738e-14 5.550735546486294e-16
2472.028938962086 2.604573457951065e-14 5.302699947333002e-16
2473.402757387938 2.47031822759149e-14 5.074803085896272e-16
2474.776571948705 2.7198661617204578e-14 5.36631741562772e-16
2476.150382612214 2.7665891767173628e-14 5.890534459980382e-16
2477.5241893462944 2.6368423639228436e-14 5.215894422711605e-16
2478.897992118776 2.6871476506602765e-14 5.484906263408058e-16
2480.27179089749 2.737231861798476e-14 5.297217526581898e-16
2481.6455856502675 2.597742137231459e-14 5.700758845730424e-16
2483.019376344942 2.6918180209248473e-14 5.082205624459683e-16
2484.393162949346 2.7016759597715823e-14 5.252090258130149e-16
2485.766945431315 2.7331395068171116e-14 5.313341328128476e-16
2487.140723758684 2.5792119362575555e-14 5.44434450254201e-16
2488.5144978992903 2.6352580734982992e-14 6.238064666700533e-16
2489.88826782097 2.621735531308563e-14 5.525717369597955e-16
2491.2620334915628 3.0312974759428776e-14 5.717558156052437e-16
2492.6357948789073 2.885741301407625e-14 5.723979724583808e-16
2494.0095519508445 2.725690190859189e-14 5.495421118657036e-16
2495.3833046752156 2.733805444120243e-14 5.360860405865034e-16
2496.757053019863 2.74847215841513e-14 5.998868915143023e-16
2498.1307969526315 2.9916417650446836e-14 5.212283944773933e-16
2499.504536441364 2.687331965029599e-14 5.607285054231768e-16
2500.878271453907 2.7378347798503316e-14 5.027713877380445e-16
2502.252001958106 2.739992003360399e-14 5.075358421872316e-16
2503.6257279218107 2.6861071553878693e-14 5.082568789835818e-16
2504.999449312868 2.3541834036659368e-14 5.260145012062946e-16
2506.373166099129 2.473211522732721e-14 4.929810632963241e-16
2507.7468782484434 2.689894070288454e-14 5.752005397830493e-16
2509.120585728664 2.6909269422643357e-14 5.000520414004438e-16
2510.4942885076443 2.7793382084196662e-14 5.260805697761804e-16
2511.8679865532386 2.7740489958838314e-14 5.319130268927367e-16
2513.2416798333006 2.634765439136176e-14 5.269423199208932e-16
2514.615368315688 2.7009365000086293e-14 5.069044850041719e-16
2515.989051968258 2.6726362822079158e-14 5.025584118913693e-16
2517.3627307588695 2.4563862296750512e-14 4.901395853956411e-16
2518.736404655382 2.5559129397906104e-14 4.90237417701049e-16
2520.1100736256567 2.6500938555694582e-14 4.995649445162134e-16
2521.4837376375563 2.8117507711792993e-14 5.185980395388135e-16
2522.857396658943 2.9408926330428894e-14 5.105827255776237e-16
2524.2310506576814 2.820233806146051e-14 5.280695619550111e-16
2525.6046996016375 2.5800089942609218e-14 5.310280362815336e-16
2526.978343458678 2.736542376979411e-14 5.282682441207014e-16
2528.3519821966706 2.7560266758651017e-14 5.476296173499218e-16
2529.7256157834854 2.771790975453041e-14 5.5905307425350775e-16
2531.099244186992 2.6926970717175078e-14 6.624907260689532e-16
2532.472867375062 2.6962258109757692e-14 5.110223886168079e-16
2533.8464853155683 2.7305275960209582e-14 5.222340872835802e-16
2535.220097976385 2.919234678207955e-14 5.321911713367913e-16
2536.5937053253883 2.8881915983174425e-14 5.073002082092173e-16
2537.9673073304534 2.6231893786592304e-14 5.035172531876611e-16
2539.340903959459 2.381221034155473e-14 4.925845459978907e-16
2540.714495180283 2.7260788095753892e-14 4.990905531261918e-16
2542.088080960807 2.5975368164450445e-14 4.979981453220297e-16
2543.461661268912 2.6170959930432725e-14 5.175503127226192e-16
2544.835236072481 2.6941327925631038e-14 5.257914668433707e-16
2546.208805339398 2.7061913230068055e-14 4.943316573307211e-16
2547.5823690375487 2.6065336615976008e-14 5.145580100177657e-16
2548.9559271348194 2.4745606768111078e-14 5.142829360681449e-16
2550.329479599099 2.5862302818519152e-14 5.210814872006039e-16
2551.7030263982765 2.7218307699383194e-14 6.057297247844624e-16
2553.076567500242 2.4012875834891062e-14 4.940907823363456e-16
2554.450102872888 2.296162663218554e-14 6.398857989869001e-16
2555.823632484108 2.316600382389674e-14 4.66177288015613e-16
2557.1971563017973 2.3956824276639456e-14 4.629247873772749e-16
2558.5706742938505 2.5784961934171256e-14 4.912891679237428e-16
2559.9441864281666 2.725843165009463e-14 5.450765012282198e-16
2561.3176926726433 2.592474608739074e-14 4.88490412247337e-16
2562.691192995181 2.6173687376522883e-14 5.196412664924756e-16
2564.064687363682 2.5555390594476923e-14 4.7958306671357e-16
2565.4381757460487 2.2807019402389106e-14 4.621206884125346e-16
2566.811658110186 2.2939446227428738e-14 4.7072977246974965e-16
2568.1851344239985 2.3936256622614227e-14 4.794000546574039e-16
2569.5586046553944 2.577934949386275e-14 5.294493256865292e-16
2570.9320687722825 2.560981923760159e-14 5.02285561403235e-16
2572.3055267425725 2.599196323395305e-14 4.833008531377467e-16
2573.678978534176 2.398157966155591e-14 4.977012602740171e-16
2575.052424115005 2.4539376268311285e-14 6.223766221155288e-16
2576.425863452975 2.338311869706875e-14 4.738491301166912e-16
2577.7992965160024 2.2230037499378422e-14 4.699933302616712e-16
2579.1727232720027 2.5334860484461583e-14 4.987846683531146e-16
2580.5461436888963 2.765059265808032e-14 5.666091375386081e-16
2581.919557734603 2.800337171621637e-14 5.194033561134155e-16
2583.2929653770443 2.7184719454892772e-14 5.00354802739528e-16
2584.6663665841434 2.6428078475637662e-14 4.962339345115766e-16
2586.039761323825 2.4018269740699177e-14 5.017741652613302e-16
2587.4131495640167 1.9776704823478222e-14 4.430488416325975e-16
2588.7865312726444 2.279271979217356e-14 4.74173914312404e-16
2590.159906417639 2.6219757498524045e-14 5.388182512369906e-16
2591.53327496693 2.6473099970850122e-14 5.183204774299101e-16
2592.906636888451 2.6534169352281263e-14 5.240396968293304e-16
2594.2799921501355 2.5691330912181766e-14 4.927531584939535e-16
2595.6533407199186 2.5535004205502407e-14 4.962177879460196e-16
2597.026682565738 2.642315213201643e-14 5.179808701576204e-16
2598.4000176555323 2.491317699013229e-14 5.381849352902404e-16
2599.7733459572414 2.007370845610347e-14 4.680144495386484e-16
2601.146667438807 1.7953032723644347e-14 4.304223332461145e-16
2602.5199820681737 2.3663474744148663e-14 4.84252759351783e-16
2603.893289813285 2.5036281370554442e-14 4.78503417343176e-16
2605.2665906420884 2.3989595981368725e-14 4.680740594823114e-16
2606.6398845225317 2.5448639032134464e-14 4.8304208457236055e-16
2608.013171422565 2.5114857228939434e-14 6.000828737624732e-16
2609.38645131014 2.5620498629000572e-14 4.690953165189041e-16
2610.7597241532094 2.4366588323334985e-14 4.685072638952728e-16
2612.132989919728 2.4931339070587318e-14 4.717536235447433e-16
2613.506248577653 2.148020497095334e-14 4.732240727411768e-16
2614.8795000949417 2.3046731420527967e-14 4.555615299667933e-16
2616.252744439554 2.4107601223448405e-14 4.875444882034908e-16
2617.625981579452 2.5579146480515617e-14 4.892882114045322e-16
2618.9992114825977 2.6403018158860196e-14 5.148078847372057e-16
2620.372434116957 2.551150242934789e-14 4.836655537610989e-16
2621.745649450496 2.6675135963495113e-14 4.723411997123418e-16
2623.1188574511825 2.6951446581218938e-14 5.396396084980312e-16
2624.4920580869866 2.675023390459868e-14 4.734855412240823e-16
2625.8652513258808 2.2421973471160352e-14 4.617373001247836e-16
2627.2384371358376 1.62514536468936e-14 4.4340176320402695e-16
2628.6116154848323 2.0283335558021753e-14 4.290284611220687e-16
2629.984786340842 2.7620316312413663e-14 5.67652576250507e-16
2631.3579496718457 2.810955576648417e-14 5.447176768959392e-16
2632.731105445823 2.6724058892462627e-14 5.021244133850199e-16
2634.104253630756 2.4355248246237145e-14 6.546462480653127e-16
2635.477394194629 2.4788602160513706e-14 4.972846259430864e-16
2636.850527105428 2.821040520325016e-14 5.195678393238605e-16
2638.2236523311403 2.666430241209973e-14 5.007349617141676e-16
2639.5967698397544 2.643421777043936e-14 5.069882353868317e-16
2640.969879599262 2.6929765925901017e-14 4.962409225333915e-16
2642.3429815776562 2.6573436105650078e-14 5.008246413274581e-16
2643.716075742932 2.7208473646865572e-14 5.0228662019441905e-16
2645.089162063085 2.919127274430243e-14 5.071069788181249e-16
2646.462240506114 2.803370904825523e-14 5.18861307966732e-16
2647.8353110400194 2.822602110266574e-14 5.338106983319415e-16
2649.2083736328027 2.7069946490539815e-14 5.543257304353223e-16
2650.581428252469 2.7612044188650778e-14 6.523792173215458e-16
2651.9544748670223 2.7301242389314757e-14 5.688492220467405e-16
2653.327513444472 2.720949516859996e-14 4.826560493066494e-16
2654.700543952826 2.7379977489893834e-14 5.08235597280782e-16
2656.0735663600976 2.8133535269220938e-14 4.976720376373368e-16
2657.4465806342982 2.8415434610330748e-14 4.896893344446163e-16
2658.8195867434442 2.689523239264146e-14 5.148392778958134e-16
2660.1925846555523 2.591588612276246e-14 4.919158664255926e-16
2661.565574338641 2.851058351536172e-14 5.893536132987214e-16
2662.9385557607325 2.978844113651208e-14 5.884217711776233e-16
2664.311528889849 3.1090029232712715e-14 5.141585810435761e-16
2665.6844936940147 2.8582787991917463e-14 6.559543316336694e-16
2667.0574501412566 2.959711333438628e-14 5.980911287265639e-16
2668.4303981996045 3.0081277367036835e-14 4.921873404851876e-16
2669.803337837088 2.878648247507318e-14 6.152934679127923e-16
2671.1762690217397 3.0738219180268325e-14 5.379962057616803e-16
2672.549191721594 3.112435100773546e-14 5.028615438073679e-16
2673.9221059046886 2.9509042236662564e-14 4.968569801838414e-16
2675.295011539061 3.0354276085936896e-14 5.721804438096141e-16
2676.667908592752 2.9742982572298834e-14 8.899705296582785e-16
2678.0407970338047 3.151414879379831e-14 4.911800594922246e-16
2679.4136768302633 3.090965187252902e-14 5.146876589982548e-16
2680.7865479501734 3.049743820655003e-14 5.423646723080259e-16
2682.1594103615853 2.9712743496081856e-14 5.683496314265381e-16
2683.532264032548 2.907443979582175e-14 5.573164978929588e-16
2684.9051089311165 3.033568201867877e-14 5.475163796327858e-16
2686.277945025343 2.891972414580807e-14 4.828882951528747e-16
2687.6507722832857 2.7885164880295243e-14 5.759358173208252e-16
2689.0235906730027 2.683640256632286e-14 8.905973340392467e-16
2690.3964001625554 2.9907835512625255e-14 4.753317554117415e-16
2691.769200720007 2.947750889410218e-14 5.051310097708582e-16
2693.141992313422 2.703299044305111e-14 5.507151995580916e-16
2694.514774910868 2.5144376327151247e-14 6.680249746485168e-16
2695.8875484804134 2.878295204174902e-14 5.479614954465679e-16
2697.260312990131 3.088274671799243e-14 4.98155693450219e-16
2698.633068408093 3.326145579123953e-14 5.563311868170653e-16
2700.0058147023756 3.2691565248063256e-14 5.638689859542405e-16
2701.378551841057 2.9903393671849854e-14 5.790748684837905e-16
2702.751279792216 2.982264093879042e-14 5.117741832970553e-16
2704.123998523935 3.1318108100353986e-14 4.992011968049269e-16
2705.4967080042984 2.7872130737302894e-14 5.161649903373847e-16
2706.869408201392 2.929869007454143e-14 5.076596148766491e-16
2708.2420990833048 3.033327305697678e-14 5.614895645262847e-16
2709.614780618127 3.31409975417446e-14 8.814728304336274e-16
2710.9874527739526 3.149170919695965e-14 6.94356370242456e-16
2712.360115518875 3.068724473750256e-14 5.17266556685289e-16
2713.7327688209916 3.045434117019373e-14 5.476352289431974e-16
2715.1054126484028 3.046785303976833e-14 4.813317132936173e-16
2716.47804696921 3.023536621266955e-14 5.041330990798742e-16
2717.8506717515165 3.0237443137456216e-14 5.061398260110381e-16
2719.223286963429 2.878726174538465e-14 5.670726233794339e-16
2720.595892573055 3.0255583195054614e-14 6.502391885803078e-16
2721.9684885485053 3.0449845119309704e-14 4.768325919151577e-16
2723.3410748578935 3.006308309932981e-14 4.873215067801261e-16
2724.7136514693334 3.059892291802646e-14 4.952470881884662e-16
2726.0862183509425 3.009666964975434e-14 5.01930019323625e-16
2727.458775470841 2.891609545666203e-14 5.082227329678956e-16
2728.8313227971503 2.889893118101887e-14 6.922575284782782e-16
2730.2038602979947 3.213936752908923e-14 5.025022959586137e-16
2731.5763879415003 3.2062104571772485e-14 5.028295153740499e-16
2732.9489056957964 3.204291758145128e-14 5.142227437893306e-16
2734.321413529013 3.0256033816582553e-14 5.131163599415389e-16
2735.6939114092843 3.02814075355505e-14 5.625444381829716e-16
2737.066399304745 3.085211461848793e-14 5.453347933375731e-16
2738.4388771835343 3.1215661159449473e-14 5.017685536680546e-16
2739.811345013791 2.969428495409529e-14 4.799863602755815e-16
2741.18380276366 3.12946588402422e-14 4.906091592857752e-16
2742.5562504012837 3.1646617970485305e-14 4.971583650943863e-16
2743.9286878948114 3.182424416765632e-14 4.947635911942616e-16
2745.301115212391 3.18019773655389e-14 4.886660127652147e-16
2746.673532322176 3.2233957392375015e-14 5.069175081357359e-16
2748.0459391923205 3.305736150853271e-14 5.12140577986302e-16
2749.418335790981 3.185695319194749e-14 5.0066635204544e-16
2750.7907220863167 3.1611388176143104e-14 5.277475835559361e-16
2752.1630980464897 3.259209647500129e-14 6.798922768164639e-16
2753.535463639663 3.146450588682563e-14 4.835451692034704e-16
2754.9078188340045 3.3335889658512446e-14 4.969255369130098e-16
2756.280163597682 3.366316624867256e-14 5.034006273387361e-16
2757.652497898867 3.142096839333676e-14 4.944868761183054e-16
2759.0248217057338 3.372990905678441e-14 5.119674656277069e-16
2760.3971349864573 3.3998144062389116e-14 6.078149610819249e-16
2761.769437709218 3.517549614215007e-14 5.954710440624696e-16
2763.141729842195 3.449179147591713e-14 6.426938720257257e-16
2764.514011353573 3.501433626547368e-14 5.754837134852283e-16
2765.886282211537 3.397012760062573e-14 5.867625924526297e-16
2767.258542384277 3.264380614236527e-14 4.99402684767255e-16
2768.630791839983 3.3376913158213867e-14 5.020414041561889e-16
2770.0030305468485 3.297127924416915e-14 5.074995785891772e-16
2771.375258473069 3.435584268788282e-14 5.845255784389311e-16
2772.7474755868448 3.3876903154450924e-14 4.819850403937464e-16
2774.119681856375 3.405766676165857e-14 4.855918655018328e-16
2775.491877249864 3.56958250935166e-14 5.128735791230321e-16
2776.864061735517 3.270052008038163e-14 4.898802344951037e-16
2778.236235281543 3.4401389343522576e-14 5.346132091099058e-16
2779.6083978561537 3.3086438455546055e-14 4.804265527103577e-16
2780.980549427563 3.4691735297182405e-14 4.970677855085893e-16
2782.352689963986 3.5478581471336604e-14 4.963846534366287e-16
2783.724819433642 3.707080012426735e-14 5.273452958455495e-16
2785.096937804753 3.618204911029488e-14 5.758447612789954e-16
2786.4690450455414 3.56510610963201e-14 5.109862838374312e-16
2787.841141124235 3.782115273092204e-14 5.010675809646425e-16
2789.213226009063 3.739864930869981e-14 5.224491807126236e-16
2790.585299668257 3.8216496888723514e-14 5.028788021036682e-16
2791.9573620700507 3.788535444019213e-14 5.040343138624007e-16
2793.329413182682 3.644015021371863e-14 4.9191327238719165e-16
2794.7014529743897 3.5573594851096013e-14 5.064908152885566e-16
2796.0734814134166 2.844672400740232e-14 5.062310938111047e-16
2797.445498468007 2.084452537876383e-14 4.2217747335621873e-16
2798.8175041064096 3.183789156250248e-14 5.472346352987053e-16
2800.1894982968724 3.829353622934219e-14 6.322360856215689e-16
2801.5614810076513 4.27188530860087e-14 9.347524204257845e-16
2802.933452206999 3.486099619696634e-14 4.751151267354812e-16
2804.3054118631744 2.554325261234277e-14 4.609499300607515e-16
2805.67735994444 3.435949170581959e-14 5.036193735973645e-16
2807.049296419057 4.171989292120308e-14 5.34908929487616e-16
2808.421221255293 4.3302458786666914e-14 5.385248601998854e-16
2809.793134421416 4.2157087282862493e-14 6.169105596882192e-16
2811.1650358856996 4.348505876130421e-14 5.493099718985968e-16
2812.536925616416 4.818539027528525e-14 5.685114676590229e-16
2813.908803581844 5.0222894148587577e-14 5.777144806309409e-16
2815.2806697502624 4.9528723543258366e-14 5.982425888054449e-16
2816.652524089954 5.4663647333684853e-14 6.243250625920097e-16
2818.0243665692037 5.6757641528305466e-14 6.121340350195338e-16
2819.3961971563003 5.612446745957393e-14 6.623360896165201e-16
2820.7680158195353 5.726583757973552e-14 6.082208486823373e-16
2822.1398225272005 5.380265867159159e-14 6.2708358420342095e-16
2823.5116172475937 4.517910771515386e-14 6.383389050669769e-16
2824.8833999490125 2.0494546611551402e-14 3.8718910987376495e-16
2826.255170599761 1.8508554199903396e-14 3.7468184784438755e-16
2827.626929168143 4.3500234203587215e-14 5.465186277604794e-16
2828.9986756224657 5.063767601846264e-14 6.239545386171452e-16
2830.37040993104 4.950571812841094e-14 5.769887322138215e-16
2831.742132062179 3.0236203081221436e-14 5.116743392883977e-16
2833.1138419841986 1.8227984700520776e-14 3.6559040499349073e-16
2834.485539665417 3.6450138426232653e-14 4.893587798369503e-16
2835.8572250741577 5.0768562937604164e-14 5.737494664652843e-16
2837.2288981787437 5.213213012862129e-14 5.596812550630152e-16
2838.600558947503 5.2272290364469357e-14 5.760922537182713e-16
2839.972207348765 5.035944602408034e-14 5.747713058370282e-16
2841.343843350864 4.7615845321551456e-14 5.433221371757785e-16
2842.715466922137 4.4863794618340766e-14 5.186493379716816e-16
2844.08707803092 4.418363732609093e-14 5.187876161003209e-16
2845.458676645557 4.4135739306989594e-14 5.131727935116497e-16
2846.8302627343915 4.26367010545204e-14 5.040577660871278e-16
2848.201836265772 4.283907077814661e-14 5.116513105801442e-16
2849.5733972080493 3.995050208076105e-14 5.076849199859483e-16
2850.9449455295753 3.9436881630336776e-14 5.270657220333964e-16
2852.3164811987076 3.6206301357640663e-14 4.888104318827215e-16
2853.6880041838053 3.286158847749972e-14 4.754559516176326e-16
2855.059514453231 3.5288178629189204e-14 4.731443457650164e-16
2856.4310119753486 3.651634252139005e-14 4.744685229593709e-16
2857.802496718528 3.5774707577828496e-14 5.033510759113217e-16
2859.1739686511382 3.413107063686763e-14 5.056160949518389e-16
2860.545427741555 3.365813826109766e-14 5.491266951446346e-16
2861.916873958156 3.5140317169784704e-14 5.478898152834065e-16
2863.28830726932 3.344984608310425e-14 5.533144260358599e-16
2864.6597276434286 3.477634372421774e-14 6.219579231417892e-16
2866.031135048871 3.5040099619597365e-14 5.003311387565641e-16
2867.4025294540343 3.521058024682534e-14 4.707440661507346e-16
2868.7739108273113 3.57598675605926e-14 5.013820419463107e-16
2870.1452791370966 3.555127383886997e-14 5.555824626312517e-16
2871.5166343517885 3.0464671584018443e-14 4.3819793688323135e-16
2872.8879764397893 4.607331700943844e-14 6.072485077984486e-16
2874.2593053695005 1.1893917383105912e-13 1.2700780470463035e-15
2875.630621109332 2.696326099676724e-14 4.351379509519364e-16
2877.0019236276926 3.699031844175103e-14 4.914401515465909e-16
2878.373212892996 3.4637267690542164e-14 5.431393898174084e-16
2879.744488873659 3.351530817739985e-14 4.837256401607948e-16
2881.115751538101 3.184006674311103e-14 4.702211291849234e-16
2882.4870008547437 3.090954006417998e-14 4.441699426778478e-16
2883.858236792014 3.0225513525427086e-14 5.312800285833417e-16
2885.22945931834 3.271010849334455e-14 4.407990691851309e-16
2886.600668402154 3.314251542478608e-14 4.530433010146062e-16
2887.9718640118913 3.183240956526785e-14 4.660832144189086e-16
2889.3430461159887 3.1990672589264635e-14 4.524381489133522e-16
2890.7142146828887 3.242184962886675e-14 4.614004457095724e-16
2892.0853696810354 3.397531144226293e-14 4.519613223036073e-16
2893.456511078876 3.194174457809944e-14 4.598829861845663e-16
2894.827638844862 3.15731361682451e-14 4.330795020714308e-16
2896.198752947446 3.218639479832079e-14 4.2197352370438766e-16
2897.5698533550863 3.279545892124168e-14 4.3144340499424994e-16
2898.9409400362424 3.1184012620408263e-14 4.483553971680273e-16
2900.3120129593776 3.30271325967111e-14 5.305000700575981e-16
2901.683072092958 3.196542423117288e-14 4.4028796421080173e-16
2903.0541174054547 3.241561885450675e-14 4.479748676164733e-16
2904.425148865339 3.2522267078829645e-14 4.614988603501315e-16
2905.7961664410886 3.2003594923907946e-14 4.32130428123812e-16
2907.1671701011824 3.177418790860538e-14 4.277567205611052e-16
2908.5381598141016 3.3554048076275475e-14 4.1548424547679485e-16
2909.9091355483342 2.4237866420406644e-14 4.095982929356635e-16
2911.280097272368 7.826386565733257e-14 6.52308225372654e-16
2912.651044954695 3.1724303089022965e-13 2.104196706470291e-15
2914.021978563811 3.4943257919221307e-15 3.674605213921302e-16
2915.392898068216 3.7830107563240414e-14 4.592641756770378e-16
2916.76380343641 3.219133130633739e-14 4.410599818026648e-16
2918.1346946368994 3.2008185842482065e-14 4.3228421754329784e-16
2919.505571638193 3.2892935472811705e-14 4.1903895158884553e-16
2920.876434408802 3.305300775918382e-14 4.2424632486010776e-16
2922.2472829172425 3.202201619644483e-14 4.210927947277004e-16
2923.618117132032 3.165098866049314e-14 4.2411556414887538e-16
2924.988937021693 3.2330935888572054e-14 4.328419622692852e-16
2926.3597425547505 3.2925275190737874e-14 4.516004333285177e-16
2927.7305336997324 3.2228482171403963e-14 4.0710158391429267e-16
2929.10131042517 3.1056205513062957e-14 5.210932927223063e-16
2930.4720726996006 3.220822114330564e-14 4.557829232033819e-16
2931.8428204915604 3.3087542986509275e-14 4.2698719112852467e-16
2933.2135537695917 3.339235626290821e-14 4.0781759145251857e-16
2934.58427250224 3.246219550221037e-14 4.2177251219809237e-16
2935.954976658053 3.330325517312063e-14 4.280392854583533e-16
2937.325666205584 3.26578025147857e-14 4.3073398843114486e-16
2938.696341113387 3.338924595792589e-14 4.3110199777694725e-16
2940.0670013500207 3.231396473644087e-14 4.1492266263276525e-16
2941.4376468840474 3.336439062312166e-14 4.225105955325061e-16
2942.8082776840333 3.26605164083487e-14 4.1270565977244553e-16
2944.1788937185447 3.289980999221162e-14 4.1394876003188e-16
2945.5494949561567 3.2484309838397285e-14 4.17945246765483e-16
2946.9200813654434 3.2950506608170685e-14 4.1484590027192033e-16
2948.290652914983 3.251937700241361e-14 4.270172343283726e-16
2949.6612095733603 3.2966119119454476e-14 4.124586702589821e-16
2951.0317513091604 3.3241743640491025e-14 4.203204330287025e-16
2952.402278090971 3.3881514401815777e-14 4.3953945178322495e-16
2953.7727898873877 3.2829712933628644e-14 4.170541945747511e-16
2955.143286667004 3.250005448682085e-14 4.15081243082359e-16
2956.513768398421 3.2423872343544796e-14 4.1104137237998883e-16
2957.8842350502423 3.288216460185442e-14 3.882975848341452e-16
2959.254686591074 3.264063485101075e-14 3.956365165171729e-16
2960.625122989527 3.1519376681148764e-14 3.838094219444407e-16
2961.995544214214 3.277147094817544e-14 4.1638281508493366e-16
2963.365950233753 3.2609447097892846e-14 4.092909258549286e-16
2964.7363410167645 3.1709704984396805e-14 4.0963802407484567e-16
2966.106716531872 3.209948582980071e-14 4.0512145911162853e-16
2967.4770767477053 3.1472285037413214e-14 4.083656217693921e-16
2968.8474216328923 3.1158086635958704e-14 4.3711669932606123e-16
2970.2177511560703 2.958285607581809e-14 6.386418781642979e-16
2971.5880652858777 3.219526831547623e-14 3.857407629432989e-16
2972.9583639909565 3.1620902050206665e-14 4.0018476580657325e-16
2974.32864723995 3.0630208926966246e-14 4.028532107579999e-16
2975.6989150015092 3.1520027202452255e-14 3.924935478268266e-16
2977.0691672442867 2.877209307936522e-14 3.742298763576886e-16
2978.439403936938 2.9867228753133884e-14 3.813010926898247e-16
2979.809625048123 3.0345863354704766e-14 4.195123371272423e-16
2981.1798305465063 3.221918174964311e-14 4.50000811607628e-16
2982.5500204007526 3.254731214901406e-14 3.95812752309761e-16
2983.920194579534 3.28516612513579e-14 4.0157321162580066e-16
2985.2903530515246 3.186965868615631e-14 3.936059403145879e-16
2986.660495785402 3.211359062243839e-14 3.99132512658067e-16
2988.0306227498468 3.3617965182475285e-14 4.485988132612445e-16
2989.400733913546 3.3868829236397696e-14 4.072159863017312e-16
2990.770829245187 3.403780892124314e-14 5.162386292642367e-16
2992.140908713462 3.358956924995153e-14 4.0331100559621127e-16
2993.510972287067 3.2341517024149155e-14 4.420108556952966e-16
2994.881019934703 3.457326588104763e-14 5.595500708353092e-16
2996.2510516250727 3.210286718532615e-14 3.850732215715237e-16
2997.6210673268824 3.176774368194267e-14 3.9592599002689704e-16
2998.991067008844 3.2293317461318596e-14 4.167093462861002e-16
3000.361050639671 3.322014430033604e-14 3.9018728886968995e-16
3001.731018188081 3.2850461852704585e-14 3.9960314533938517e-16
3003.1009696227975 3.2148495156128845e-14 4.1190410190654694e-16
3004.4709049125454 3.305160168449138e-14 3.8932275939811893e-16
3005.8408240260533 3.353096134626511e-14 3.974163974371502e-16
3007.210726932055 3.4440102137343886e-14 4.1607086873232766e-16
3008.580613599286 3.355806640057725e-14 3.969004484931539e-16
3009.9504839964884 3.227723399971613e-14 4.5803126628275e-16
3011.3203380924047 3.1883699104289995e-14 4.514733254468704e-16
3012.6901758557847 3.1724531449105545e-14 4.536941399554528e-16
3014.0599972553787 3.161584695757745e-14 3.874864449080308e-16
3015.4298022599423 3.179112179128689e-14 3.96199793427097e-16
3016.7995908382354 3.192679952877808e-14 4.6567880912615385e-16
3018.169362959021 3.170106186020302e-14 3.834536151670347e-16
3019.5391185910657 3.220639832840315e-14 3.902440136073764e-16
3020.9088577031393 3.231270773954714e-14 3.898149384800329e-16
3022.278580264018 3.2633648523261796e-14 4.1125090715531587e-16
3023.648286242478 3.264952192069334e-14 4.030496959319833e-16
3025.017975607303 3.3510957816182754e-14 4.333379794692414e-16
3026.387648327278 3.201274287973829e-14 4.470028443699398e-16
3027.757304371193 3.331394134078319e-14 4.174943870095273e-16
3029.1269437078417 3.294562431026271e-14 3.8633924466009327e-16
3030.496566306021 3.2573326224890134e-14 4.2365954278589734e-16
3031.866172134533 3.18697840470325e-14 3.8695209946721135e-16
3033.235761162182 3.139031935317331e-14 3.8311919597154684e-16
3034.605333357777 3.160492700882145e-14 3.878729301599952e-16
3035.974888690131 3.1577984584835184e-14 4.543881775766092e-16
3037.34442712806 3.3669810375110826e-14 3.9246175762152496e-16
3038.713948640386 3.339697428653664e-14 3.7796108296012337e-16
3040.083453195933 3.304628570571441e-14 3.8667591378684725e-16
3041.4529407635287 3.253848606570367e-14 3.8014168987349076e-16
3042.822411312006 3.298551956207839e-14 4.201774962188533e-16
3044.1918648102005 3.311786676602098e-14 3.817223327624061e-16
3045.5613012269537 3.2003215453147577e-14 3.796964946503698e-16
3046.9307205311084 3.2372582804522654e-14 4.1731709242575515e-16
3048.3001226915117 3.2044997894369737e-14 4.511388533118233e-16
3049.6695076770175 3.20610508627861e-14 3.7992791993342746e-16
3051.038875456481 3.2005837867152276e-14 4.1655748916052525e-16
3052.4082259987617 3.297241765645026e-14 3.6705113978081037e-16
3053.777559272724 3.309406514020313e-14 3.6854649703984904e-16
3055.1468752472347 3.2937543615945905e-14 4.1315561955589477e-16
3056.516173891166 3.3119598101365166e-14 4.1643276355904206e-16
3057.8854551733934 3.2908171901466915e-14 5.180226394698318e-16
3059.254719062797 3.1314221913191984e-14 3.5889550951795194e-16
3060.62396552826 3.1807577947386145e-14 4.0022489399244943e-16
3061.993194538672 3.166263705758378e-14 3.859203339281168e-16
3063.3624060629213 3.236715501739665e-14 4.2038208114539483e-16
3064.7316000699066 3.27484689214598e-14 4.2350392695161897e-16
3066.100776528525 3.314849886552548e-14 4.692788579706622e-16
3067.469935407683 5.162859953466471e-14 1.9506328095066387e-15
