wavelength flux error
1663.3183124936486 -5.78488224052434e-15 2.1989071872477624e-14
1664.6887397114938 1.9226804257857152e-14 1.9487194044304386e-14
1666.059181910848 2.7184561906764583e-14 1.9628223335956332e-14
1667.4296390603065 -1.393165380930391e-15 1.791435889333861e-14
1668.8001111284593 -4.564102569799421e-16 1.7798418717584336e-14
1670.170598083895 -9.118228362029607e-15 1.9197249584261555e-14
1671.541099895197 2.2249717462874928e-14 1.778135439182895e-14
1672.9116165309463 -4.637981418733651e-15 1.840797411961463e-14
1674.2821479597203 5.3919098596784745e-14 2.0128865547562776e-14
1675.6526941500929 -2.0636841370426547e-14 1.663182395625351e-14
1677.023255070634 5.909136468172389e-15 1.4435210026007145e-14
1678.3938306899113 3.6426651896671186e-14 1.4923849780750995e-14
1679.764420976488 2.6117203831468178e-14 1.44312442177481e-14
1681.1350258989246 2.8436054780398706e-14 1.2896312944139007e-14
1682.505645425778 3.2313595430075864e-14 1.425227123819095e-14
1683.8762795256018 4.4983009423469125e-14 1.3986875487025444e-14
1685.2469281669457 1.732203722365315e-14 1.420703374957694e-14
1686.6175913183565 2.1386270711168734e-14 1.4768846139535247e-14
1687.9882689483784 4.755623453085549e-14 3.785377027565491e-14
1689.3589610255506 2.979894307450861e-15 1.4137500814936834e-14
1690.7296675184102 6.771573133088982e-15 1.0864108955987647e-14
1692.1003883954904 -2.0126190617515347e-14 1.3726539063653887e-14
1693.4711236253218 5.2789410755031685e-14 1.0323992467940312e-14
1694.8418731764307 1.762801093518982e-14 1.0429824152502053e-14
1696.2126370173403 -1.824005153188736e-14 1.5747687577777683e-14
1697.5834151165714 -1.741918512643964e-14 1.717181254232581e-14
1698.9542074426402 2.884679799718126e-14 1.7785538734588387e-14
1700.3250139640606 1.7892271662206007e-14 9.638826669873361e-15
1701.6958346493432 4.490001713529715e-14 9.462790353544342e-15
1703.0666694669944 -1.1115302082210067e-15 1.0059561487301728e-14
1704.437518385518 -2.5316544244010156e-15 9.849628606489486e-15
1705.8083813734145 1.2826055796328999e-14 8.140868384411918e-15
1707.1792583991812 1.4576574742706204e-14 9.269945515410008e-15
1708.550149431312 -1.3538103879042959e-14 1.2590018207115326e-14
1709.921054438298 4.106456385870316e-14 8.580431050191854e-15
1711.291973388626 6.427985991793242e-14 2.1576148392888836e-14
1712.662906250781 5.663895865986798e-15 1.1103358494137308e-14
1714.0338529932428 1.010166749510974e-14 7.86221402652304e-15
1715.4048135844905 1.320815320586836e-15 7.643411016687151e-15
1716.7757879929984 1.4032112975639454e-14 7.530160170540409e-15
1718.1467761872377 1.0565218980988864e-14 7.493730977544896e-15
1719.5177781356763 -5.31827677735389e-15 7.959618580292548e-15
1720.8887938067799 2.2038989218125214e-14 7.356566697231271e-15
1722.2598231690101 6.346323884161634e-14 1.3590550465071051e-14
1723.6308661908256 -1.6584452791645367e-14 7.738887723468708e-15
1725.0019228406818 9.483882320963921e-15 6.973916175177352e-15
1726.3729930870313 1.496931681529371e-14 7.0811708750904805e-15
1727.7440768983229 1.1723980381623481e-14 1.2317319337878593e-14
1729.1151742430031 3.2481830996477145e-15 7.0731388851681416e-15
1730.486285089515 1.9590025538166952e-14 7.166478104307303e-15
1731.8574094062978 2.820080493182598e-14 6.449606592475203e-15
1733.2285471617888 6.4901887880111035e-15 6.6093027962187394e-15
1734.599698324421 1.6241054199883686e-15 7.360180139784258e-15
1735.9708628626256 2.461802497152974e-14 6.218647812813267e-15
1737.3420407448293 5.224658037342135e-15 6.628377131157959e-15
1738.7132319394573 4.864026136752091e-15 6.781338575937877e-15
1740.0844364149295 1.672660863711716e-14 6.859369792137785e-15
1741.455654139665 -4.2223406574500716e-15 8.906722541034313e-15
1742.8268850820782 -8.611897477149404e-15 7.816355662758692e-15
1744.198129210582 9.048096575095792e-15 6.591062365216092e-15
1745.5693864935847 2.4248422144995327e-14 5.801472651345736e-15
1746.940656899492 2.068014677688787e-14 5.947198740690208e-15
1748.3119403967078 9.65364720535147e-16 6.719265036947766e-15
1749.6832369536305 1.8004169796735983e-14 5.4670373622319e-15
1751.0545465386579 1.519881531015458e-14 5.232724332098837e-15
1752.425869120183 1.2303063773376303e-14 5.390840395879271e-15
1753.7972046665973 1.6483371267851828e-14 5.663098384466958e-15
1755.1685531462883 1.549158547210945e-14 6.300730387599892e-15
1756.5399145276408 5.637110566612249e-15 1.0315313768362745e-14
1757.911288779036 2.1072599164207416e-14 5.292866635969208e-15
1759.2826758688534 2.5637769630795088e-14 5.56758186713688e-15
1760.6540757654684 1.1740699117936387e-14 6.963490046629599e-15
1762.025488437254 -5.358893701240628e-15 1.2704778465974075e-14
1763.3969138525797 5.389357580001808e-14 8.051995993520102e-15
1764.7683519798134 3.266855644508404e-14 5.043496748165753e-15
1766.1398027873179 2.646951024521966e-14 5.4012368782738705e-15
1767.5112662434547 5.800453162490421e-14 6.741452641484619e-15
1768.8827423165817 9.964515920290323e-14 6.483379490148126e-15
1770.2542309750543 4.436317104145916e-14 6.194095715804154e-15
1771.625732187225 9.769140791454634e-13 3.618487481220692e-14
1772.9972459214425 7.877063530527945e-14 5.654700052794932e-15
1774.3687721460537 1.2086922141060687e-14 4.9421873725094025e-15
1775.7403108294016 1.8864452033351235e-14 4.9779757850803175e-15
1777.1118619398273 3.9340184349078225e-14 9.322427676821884e-15
1778.4834254456682 1.2002712666543507e-14 5.659166457525804e-15
1779.8550013152596 9.863542816714033e-15 6.8090014014457814e-15
1781.2265895169332 2.7874246625605135e-14 4.331548191823095e-15
1782.5981900190181 -2.0417342946540962e-14 4.137751288656047e-15
1783.9698027898407 2.8421573905132447e-13 1.2798338337195996e-14
1785.3414277977242 7.342264274866339e-13 2.5748863084025173e-14
1786.7130650109898 -8.755642017617069e-14 4.5374458076746175e-15
1788.0847143979545 4.4933847631210486e-14 4.4465269851822354e-15
1789.4563759269336 1.3790650987431565e-14 4.750936226865328e-15
1790.8280495662393 1.8889336167275672e-14 6.080290063076961e-15
1792.1997352841809 2.2874092553350385e-14 4.223611206870953e-15
1793.5714330490646 2.251255686860562e-14 4.121079986188188e-15
1794.9431428291941 1.055730430512972e-14 4.0159369394125646e-15
1796.3148645928707 1.8855907164979334e-14 4.24942241835616e-15
1797.6865983083921 1.9729460713812166e-14 3.924031747053105e-15
1799.0583439440543 6.9921693116742085e-15 4.8051819108733875e-15
1800.4301014681491 4.307818140289292e-15 5.545194786340949e-15
1801.8018708489672 2.8116313395337364e-14 3.8049668667564096e-15
1803.173652054794 1.6333997007603532e-14 4.0164993692895414e-15
1804.5454450539157 1.9800242175016525e-14 4.042482104946567e-15
1805.9172498146133 1.680965005320008e-14 4.459548422680376e-15
1807.2890663051653 1.485391874062568e-14 5.166897590119443e-15
1808.6608944938475 2.1501590858805618e-14 3.699461713395835e-15
1810.0327343489341 1.2477689779848145e-14 3.770083508889636e-15
1811.4045858386958 1.821793888976634e-14 3.840598578232083e-15
1812.7764489314 1.52709655766017e-14 5.181049816602168e-15
1814.148323595312 9.046130611625215e-15 4.559496192874015e-15
1815.5202097986949 1.7015907658054184e-14 3.711592072233464e-15
1816.8921075098083 2.56707751166178e-14 4.144569480364971e-15
1818.2640166969097 2.4120374480293e-14 3.62996858930425e-15
1819.6359373282532 1.66651140451465e-14 3.592649164681173e-15
1821.007869372091 2.383401466368295e-14 3.473905521629724e-15
1822.3798127966725 5.443150270789676e-14 7.68474029528253e-15
1823.7517675702443 2.1204422901788603e-14 4.683431089100949e-15
1825.12373366105 1.5553761078569706e-14 4.069472386294352e-15
1826.4957110373311 2.1597993372598524e-14 5.085308835541067e-15
1827.8676996673269 1.9791490630605493e-14 4.0172888039963824e-15
1829.2396995192726 2.0516950633006278e-14 3.746552933614911e-15
1830.6117105614026 2.896911633102836e-14 3.450491625143484e-15
1831.983732761947 2.2072658777778573e-14 4.351719010912535e-15
1833.3557660891345 2.2458771970520867e-14 6.5876877859542306e-15
1834.7278105111907 2.0641989636679958e-14 7.219636198011088e-15
1836.099865996339 1.6337905217622163e-14 4.169452343739987e-15
1837.4719325127992 1.5184812161470572e-14 3.2188262082453014e-15
1838.8440100287905 1.520750586819341e-14 4.105638575559742e-15
1840.2160985125274 2.6779270194030556e-14 6.961430062501876e-15
1841.5881979322228 1.4708903311923954e-14 3.1600696502766387e-15
1842.9603082560877 1.8068613757428985e-14 3.229528893050333e-15
1844.3324294523293 1.3983418745567699e-14 3.4769002066147416e-15
1845.704561489153 1.415967359639711e-14 2.79497621539517e-15
1847.076704334762 1.457877872243496e-14 3.962065643967191e-15
1848.4488579573558 1.928093982758207e-14 5.378380117708687e-15
1849.8210223251328 1.338476973976625e-14 2.5922873721060833e-15
1851.1931974062877 1.1385323903817003e-14 3.1227470492800093e-15
1852.5653831690133 1.3902172192300014e-14 3.763779042663222e-15
1853.9375795815001 1.9901804813524104e-14 3.487889612072419e-15
1855.309786611936 1.8646998347000322e-14 4.0515597570422914e-15
1856.682004228506 1.8147811337997262e-14 4.034001611078657e-15
1858.054232399393 2.3689033116299114e-14 2.8889202160586706e-15
1859.4264710927775 1.8129667892267075e-14 3.29926109219128e-15
1860.7987202768372 2.0651640730080974e-14 3.1519209815658155e-15
1862.1709799197474 1.483488760436677e-14 3.669604649038068e-15
1863.543249989682 1.9838162145999205e-14 2.7986389976173342e-15
1864.9155304548108 1.3955540350174718e-14 2.687467193839628e-15
1866.2878212833025 1.9964637717551428e-14 2.8803389252700373e-15
1867.6601224433225 1.9611089553499272e-14 2.863850793677022e-15
1869.0324339030344 1.8235265795735374e-14 2.997433606931419e-15
1870.4047556305993 2.2404475464535972e-14 3.0286450769718455e-15
1871.7770875941756 1.9017236448245177e-14 2.672336009028114e-15
1873.1494297619195 2.8700102055112184e-14 2.7324558665253827e-15
1874.521782101985 1.571253232233484e-14 2.7803530385937716e-15
1875.8941445825235 1.8807578853140793e-14 3.2923819141101544e-15
1877.266517171684 1.9784599170546632e-14 2.7827814820535497e-15
1878.6388998376133 1.5608980850467108e-14 3.0503517785528947e-15
1880.0112925484561 1.9349480039607993e-14 2.651161879412651e-15
1881.3836952723539 2.2072331823060932e-14 3.0230929877608304e-15
1882.7561079774468 2.040999239462469e-14 4.961722493371928e-15
1884.1285306318725 1.927357572313864e-14 2.793502589825184e-15
1885.5009632037657 2.7225634534376944e-14 3.6521091835125304e-15
1886.873405661259 2.2255848287347155e-14 5.439504132764925e-15
1888.245857972483 2.342985628103235e-14 2.4217766752084773e-15
1889.6183201055662 3.371998521877438e-14 2.8534521937000545e-15
1890.9907920286344 3.415277839723986e-14 2.9022163039899582e-15
1892.3632737098108 3.6810774561987433e-14 2.9191137642547342e-15
1893.7357651172172 1.3240623875088176e-12 2.0400319278367045e-14
1895.1082662189726 2.5240524731059977e-14 3.128013476629563e-15
1896.4807769831934 2.7889295012946055e-14 3.1827741566695534e-15
1897.8532973779947 3.105281060501036e-14 2.8080969675063757e-15
1899.2258273714888 2.6014152109039325e-14 3.2219068670744653e-15
1900.5983669317854 3.5236601098964995e-14 3.2064868440279375e-15
1901.9709160269924 3.6141239062896166e-14 2.5049908860126343e-15
1903.3434746252155 3.366307476911426e-14 2.7741929914848647e-15
1904.7160426945586 2.7038341997211862e-14 4.5969519898016e-15
1906.088620203122 3.714632835810812e-14 2.334489718235685e-15
1907.4612071190054 3.189153585311799e-14 2.646026530411685e-15
1908.8338034103053 3.970521489176336e-14 2.6549188940501976e-15
1910.2064090451163 4.108438442966891e-14 2.7485029057111154e-15
1911.5790239915311 4.825033737354892e-14 3.044110628039288e-15
1912.9516482176396 6.973661557073407e-14 2.9270602038494005e-15
1914.3242816915304 1.164076159684141e-13 7.859260422635964e-15
1915.696924381289 4.373439815592156e-14 2.658348953970104e-15
1917.0695762549997 3.323706801862218e-14 2.537509327890674e-15
1918.4422372807435 3.3410120237878024e-14 2.716195163278705e-15
1919.8149074266003 2.9842719007772134e-14 2.8368554301315537e-15
1921.1875866606476 2.700140966664568e-14 2.7563449484950325e-15
1922.5602749509605 2.775298538887621e-14 2.6255528970436015e-15
1923.9329722656123 2.4837503066624592e-14 2.9641763405651366e-15
1925.305678572674 3.31430338089498e-14 2.8465232524332775e-15
1926.6783938402145 2.5483733301205104e-14 2.593294282522132e-15
1928.0511180363007 3.198393359513628e-14 2.4096416576896386e-15
1929.4238511289977 6.4074715314371e-14 2.9405657206768967e-15
1930.796593086368 5.069515228613153e-14 3.452899739812528e-15
1932.169343876472 9.497457887416155e-14 8.901291365776519e-15
1933.5421034673684 3.620899153428114e-14 2.3926326008340618e-15
1934.914871827114 3.0300601302135285e-14 2.5377598378848246e-15
1936.287648923763 3.372719516322141e-14 4.5059145826966025e-15
1937.6604347253685 2.888538543012638e-14 2.495953891498378e-15
1939.03322919998 2.5610080123749344e-14 2.3068902084405875e-15
1940.4060323156461 2.164218308145678e-14 1.9916442389885606e-15
1941.778844040414 2.114946571010485e-14 2.033434303507246e-15
1943.151664342327 1.968749192534161e-14 2.3524734982553145e-15
1944.524493189428 2.4718848997307315e-14 2.322245645224887e-15
1945.8973305497577 2.1129960235395477e-14 2.0300101728179705e-15
1947.2701763913537 1.8516380784336026e-14 2.2342634859606357e-15
1948.6430306822529 2.0217554979337984e-14 2.1994370910595647e-15
1950.0158933904897 1.8670002067781855e-14 1.9559680582831567e-15
1951.3887644840966 1.484368319449106e-14 2.014654524275434e-15
1952.7616439311041 1.506789620376106e-14 1.8322349676559062e-15
1954.1345316995407 2.0415570953615306e-14 1.8811208389319777e-15
1955.5074277574329 1.5550130695357774e-14 1.962444472197863e-15
1956.8803320728055 1.3898190290414971e-14 2.102617837056609e-15
1958.2532446136815 5.662184435916871e-15 3.3935862576810454e-15
1959.6261653480815 1.6360841175767915e-14 3.0623070133286787e-15
1960.9990942440245 1.839204990020625e-14 1.819164402246825e-15
1962.3720312695275 2.142058232179611e-14 1.8124271021843644e-15
1963.7449763926054 1.968995679121812e-14 1.915967139107309e-15
1965.1179295812717 1.8720310742651076e-14 2.8113129398488635e-15
1966.4908908035377 1.960368648554027e-14 1.7429823648498917e-15
1967.8638600274132 1.587302643111469e-14 2.1023141757450185e-15
1969.236837220905 3.1887354898490344e-14 3.3708986919470758e-15
1970.60982235202 1.7625874718096846e-14 1.7333517061187288e-15
1971.9828153887609 2.0015395319882695e-14 1.8072701538432434e-15
1973.3558162991305 1.744550921637441e-14 1.7664009200173418e-15
1974.7288250511288 2.13086943516615e-14 2.1241494145758134e-15
1976.101841612754 1.9487307546719318e-14 1.7020265219051334e-15
1977.4748659520028 1.8300065510266222e-14 1.786081624667677e-15
1978.8478980368695 2.0873648065556326e-14 1.8353800009890614e-15
1980.220937835348 1.858019794064806e-14 1.7718883170870104e-15
1981.5939853154287 1.8211477722444684e-14 1.7916845358555275e-15
1982.9670404451015 1.8463070224701734e-14 1.64761492531853e-15
1984.3401031923534 1.8694676137535372e-14 1.685088615817126e-15
1985.7131735251699 1.9355241557715216e-14 1.6710682088368176e-15
1987.0862514115356 1.718888195027888e-14 2.099439557680274e-15
1988.4593368194326 1.4302994959204327e-14 1.6543512724689251e-15
1989.8324297168413 1.9228649095616272e-14 1.6461152534854163e-15
1991.2055300717404 2.162745317850403e-14 1.651193533641561e-15
1992.5786378521068 1.8716377121644028e-14 1.727277844612205e-15
1993.951753025916 2.0929362504694925e-14 1.6108370723861036e-15
1995.3248755611414 2.105462512506668e-14 1.8336374424583225e-15
1996.6980054257547 2.210092087909666e-14 2.018928864285516e-15
1998.0711425877257 1.6454814399068096e-14 1.5166015865096289e-15
1999.4442870150233 1.9399175462623403e-14 1.6807649361378664e-15
2000.817438675614 2.2363413001318978e-14 1.6737996783334759e-15
2002.1905975374627 1.583371563203262e-14 1.5885069545558753e-15
2003.5637635685327 1.7208936302338072e-14 1.6282495286828102e-15
2004.9369367367858 2.240753664160735e-14 1.550387401434998e-15
2006.3101170101822 2.1208876601025266e-14 1.5950574838534664e-15
2007.6833043566792 1.7785862301174238e-14 1.7939065150344123e-15
2009.0564987442344 2.2203665975598606e-14 1.624228663282194e-15
2010.4297001408022 1.6305777257932808e-14 1.6820998600627392e-15
2011.8029085143367 1.9993960304119478e-14 1.6725703158896547e-15
2013.1761238327888 1.4132870085814195e-14 2.165738097011289e-15
2014.5493460641094 2.1031402869784756e-14 1.5736589963860994e-15
2015.922575176246 1.562729878498443e-14 1.634968617536905e-15
2017.2958111371465 1.911887531971801e-14 1.5484205909314735e-15
2018.6690539147555 1.8900759253602344e-14 1.5987381596466415e-15
2020.0423034770172 1.911849246082585e-14 1.4507904087606403e-15
2021.415559791873 1.3609191119141276e-14 1.7756174855164159e-15
2022.7888228272643 9.211062326015731e-15 4.443869842826699e-15
2024.1620925511295 2.1953406703200534e-14 1.3766281214264348e-15
2025.535368931406 1.357453984830205e-14 1.6634721232449594e-15
2026.9086519360299 1.6346153624462526e-14 1.6191707119167834e-15
2028.2819415329348 1.627415582394591e-14 2.0370689218839142e-15
2029.6552376900545 1.6344695033727354e-14 1.3742706169759893e-15
2031.0285403753194 1.761489717110043e-14 1.4744789556800277e-15
2032.4018495566593 1.736882393552769e-14 1.3960883857522472e-15
2033.7751652020024 1.4489408276170158e-14 1.59420992151062e-15
2035.1484872792755 1.0800813571971123e-14 2.1873308726609326e-15
2036.521815756404 1.6677655214963547e-14 1.2846641661562594e-15
2037.895150601311 1.6632660824805398e-14 1.3243723295697121e-15
2039.2684917819188 1.746543143129383e-14 1.5171735455072623e-15
2040.6418392661483 1.757680101726472e-14 1.55253579462659e-15
2042.0151930219183 2.065438172869829e-14 1.429421249809072e-15
2043.388553017147 1.497038407680725e-14 1.6552229752507682e-15
2044.76191921975 1.871706999459488e-14 1.2317884520612649e-15
2046.1352915976433 1.805246592132253e-14 1.4309564970259704e-15
2047.5086701187395 1.6207907683075257e-14 1.341923063995058e-15
2048.88205475095 1.3006779592988123e-14 1.39399282624074e-15
2050.2554454621863 1.5509723835641955e-14 1.5437047349976351e-15
2051.628842220357 1.2920625330824047e-14 2.4009746048150957e-15
2053.00224499337 1.7652483411101892e-14 1.2819793893508184e-15
2054.375653749131 1.7015651854104114e-14 1.3844229421235425e-15
2055.749068455546 1.7164394227773758e-14 1.4782001831755527e-15
2057.1224890805174 1.9317380879038844e-14 1.580249230353093e-15
2058.495915591948 1.753499994131772e-14 1.2282855473078947e-15
2059.8693479577373 1.6152332157340007e-14 1.3489843541598435e-15
2061.242786145786 1.9057033444238973e-14 1.5851503747441433e-15
2062.616230123992 1.734616749825453e-14 1.164766334835058e-15
2063.9896798602513 1.6202774663414896e-14 1.212608343882757e-15
2065.363135322459 1.91026512506463e-14 1.252180982024649e-15
2066.7365964785095 2.000411792322295e-14 1.2360088996000778e-15
2068.110063296296 2.0078888909608877e-14 1.2845359465438687e-15
2069.4835357437087 6.469561756976272e-13 8.526996823747263e-15
2070.857013788638 1.58904532869715e-14 1.5457964828608796e-15
2072.230497398972 1.8386464564952056e-14 1.2831493536092134e-15
2073.6039865425996 1.7041477888665897e-14 1.0409192123972833e-15
2074.9774811874054 1.5596685320204765e-14 1.1739926412130254e-15
2076.3509813012747 1.2270759630833919e-14 1.4066031351221068e-15
2077.7244868520906 1.6925490279066577e-14 1.0723248647408678e-15
2079.097997807736 1.595614408016286e-14 1.697760652224524e-15
2080.471514136091 1.651242110981086e-14 1.3720470496103284e-15
2081.845035805036 1.8622351382301117e-14 1.6450837791138974e-15
2083.2185627824497 1.1309942206676107e-14 1.8503053567943926e-15
2084.5920950362083 1.8141736417699554e-14 1.0177300972794207e-15
2085.965632534188 1.8927064708812273e-14 1.1378922028801655e-15
2087.3391752442644 1.6182994750030613e-14 1.0459319533791343e-15
2088.71272313431 1.8271625532029212e-14 1.1034137267621792e-15
2090.0862761721974 1.9104275859839134e-14 1.12543997152258e-15
2091.459834325798 1.935381515423204e-14 1.031404808938131e-15
2092.8333975629816 1.7744879459054286e-14 1.1088096442735443e-15
2094.206965851617 2.0057582642853643e-14 1.1104994750033167e-15
2095.580539159571 2.6826041659312044e-14 1.6895898547779537e-15
2096.9541174547107 3.310022137566378e-14 2.6872933403272042e-15
2098.3277007049014 1.6927338504957486e-14 1.098972733019725e-15
2099.701288878007 1.6908925702750072e-14 1.802760126915588e-15
2101.0748819418895 2.0164264748494427e-14 1.0478693294877417e-15
2102.4484798644116 1.8457134217807376e-14 1.078365797841567e-15
2103.8220826134334 2.062738170647161e-14 1.0740690114583828e-15
2105.1956901568146 2.184065984165741e-14 1.0500201578990571e-15
2106.569302462414 1.8818295513989454e-14 1.0748919039666404e-15
2107.942919498088 1.9904432309726487e-14 1.0697479787570834e-15
2109.316541231693 2.7228831236719882e-14 1.1924391129800927e-15
2110.690167631084 4.342954422194116e-14 1.441878563364341e-15
2112.0637986641145 3.0133718870867243e-14 1.4167032618642855e-15
2113.437434298639 2.285040442994747e-14 1.1670354302216338e-15
2114.811074502507 2.133757648109698e-14 1.0539911542349037e-15
2116.1847192435703 1.7763712389603538e-14 1.0751594604988543e-15
2117.558368489679 2.3081092159066285e-14 1.1227870643317796e-15
2118.932022208681 2.0193445033527338e-14 1.0015867080959378e-15
2120.3056803684235 1.7857316306538716e-14 1.1325294255328617e-15
2121.679342936754 2.1753461187869368e-14 1.2006832846557188e-15
2123.053009881517 3.049406362728817e-14 1.7672800343374734e-15
2124.4266811705575 2.24955958808698e-14 9.462141526306745e-16
2125.8003567717183 2.1237252204758285e-14 1.295653148097463e-15
2127.174036652843 2.2718121600508873e-14 2.4880133811343427e-15
2128.547720781771 1.900854250207456e-14 1.1578024534592067e-15
2129.9214091263448 1.8743338180355132e-14 9.11818368104164e-16
2131.295101654403 2.0702227231756895e-14 9.107916582929733e-16
2132.668798333784 2.164816482813029e-14 9.41608093342624e-16
2134.042499132325 1.9017946261854976e-14 1.0167527271374077e-15
2135.4162040178617 1.680464239441591e-14 1.3243156842413645e-15
2136.789912958232 1.80304481468916e-14 1.412784569812932e-15
2138.1636259212682 1.8675101206124325e-14 9.43391521213068e-16
2139.5373428748057 2.208984846441015e-14 9.529957101646292e-16
2140.9110637866756 2.1959859400192717e-14 9.20345978179765e-16
2142.284788624711 2.03333901230068e-14 9.849119116171713e-16
2143.658517356742 2.166392302908101e-14 9.412144347803876e-16
2145.0322499505987 2.3441897701410516e-14 1.0751432609937381e-15
2146.40598637411 2.27474204701544e-14 9.315584709399254e-16
2147.7797265951044 1.972643680619047e-14 9.075226405121637e-16
2149.1534705814092 1.6446952239251682e-14 1.38220413931821e-15
2150.5272183008506 2.2107493854767353e-14 9.523080252905772e-16
2151.9009697212537 2.03937005629172e-14 9.900524486949392e-16
2153.274724810444 1.8197015481903264e-14 8.588410629950581e-16
2154.6484835362444 2.5717631285194012e-14 1.4128999780519953e-15
2156.022245866478 2.117226275484725e-14 9.837101836232542e-16
2157.3960117689676 2.2049431440298965e-14 1.0788841820052867e-15
2158.7697812115334 2.0269557720101715e-14 1.12789753173992e-15
2160.1435541619967 2.46253179252056e-14 1.024201534875562e-15
2161.5173305881763 2.7831810274947695e-14 1.0482537765666767e-15
2162.891110457892 3.509502462402912e-14 9.61365772112041e-16
2164.264893738961 4.1820232444134825e-14 1.0109657980417663e-15
2165.6386803992 3.661425275382907e-14 9.854436365498102e-16
2167.012470406427 5.194626399493939e-14 1.1637969056269254e-15
2168.386263728456 4.7193612949872343e-14 1.1715380456110008e-15
2169.760060333102 2.988262781211497e-14 9.961902611889807e-16
2171.13386018818 2.5489997956882997e-14 8.648047572788796e-16
2172.5076632615023 2.305897782287937e-14 8.395693164395691e-16
2173.8814695208825 2.510092692508889e-14 1.0066004019898545e-15
2175.255278934131 2.013191825430468e-14 9.103010144582762e-16
2176.62909146906 2.3158761692197716e-14 8.858109096729903e-16
2178.0029070934797 2.2654812663965192e-14 9.559547138867437e-16
2179.376725775199 2.4580028767581807e-14 9.964892638193615e-16
2180.7505474820273 2.1187981992282397e-14 8.618373361668518e-16
2182.124372181772 2.024004539815348e-14 8.025546648588258e-16
2183.4981998422413 2.0576349665465433e-14 8.075294481767279e-16
2184.8720304312424 2.173210071100551e-14 8.058795868141541e-16
2186.2458639165807 2.023604401451065e-14 9.153333430770324e-16
2187.619700266061 1.9843862677734227e-14 9.322293210341508e-16
2188.993539447489 1.948741766100246e-14 7.843335567952873e-16
2190.3673814286685 1.8999421651298525e-14 8.318971037615764e-16
2191.741226177403 1.93559869467088e-14 8.233947458557154e-16
2193.1150736614954 1.9448120414447545e-14 7.532044077694221e-16
2194.488923848747 2.1298230106631122e-14 9.759640673206137e-16
2195.8627767069606 2.0748312600351107e-14 8.42807205759567e-16
2197.236632203936 2.2130399319727004e-14 8.263481909241135e-16
2198.610490307474 1.9542784816632686e-14 8.523613668276811e-16
2199.9843509853736 1.7654638262919707e-14 7.9029650992528e-16
2201.3582142054343 1.9413458132180005e-14 8.795012553697746e-16
2202.7320799354547 1.9439858455080027e-14 7.521009355973866e-16
2204.1059481432317 2.0745810465024918e-14 7.97986774992961e-16
2205.479818796564 2.0407771474236988e-14 8.843667184979217e-16
2206.8536918632467 2.1262776695590846e-14 1.0307266531847355e-15
2208.227567311077 2.0155025313105777e-14 8.806754547929058e-16
2209.6014451078504 2.1136411238321766e-14 7.044540088253521e-16
2210.975325221362 1.1092760417901262e-14 1.087304113017468e-15
2212.3492076194057 -8.133574244889932e-14 2.989608716564684e-15
2213.7230922697754 2.7056665013926867e-14 6.938565149244575e-16
2215.0969791402654 1.9215032193956212e-14 8.274776034801587e-16
2216.4708681986676 2.0415432040211956e-14 7.766727790620826e-16
2217.844759412775 2.4275061331186475e-14 8.31412865613543e-16
2219.218652750379 2.182671259714792e-14 7.591631786742377e-16
2220.5925481792715 2.152483852507596e-14 8.044983937145376e-16
2221.966445667243 2.1490218594455782e-14 8.243404052017656e-16
2223.3403451820836 2.3187433757462274e-14 9.243785961625243e-16
2224.7142466915843 4.251266832598806e-14 1.7962928186050645e-15
2226.0881501635336 1.9809324062276985e-14 7.292946264321237e-16
2227.4620555657207 2.1196094873851198e-14 7.618940128961856e-16
2228.835962865934 2.1091177984872492e-14 8.839914299627288e-16
2230.209872031962 2.1513971092362687e-14 7.647516903019848e-16
2231.583783031592 1.9114782456516877e-14 1.3174827753349824e-15
2232.9576958326115 2.4861037030031105e-14 1.093150016782062e-15
2234.331610402807 2.1029087081706963e-14 7.106406845325383e-16
2235.7055267099654 2.0418242495530946e-14 7.424770001902424e-16
2237.0794447218714 2.124431815360428e-14 7.040508211424591e-16
2238.4533644063126 1.9590421949586267e-14 7.421739741533622e-16
2239.827285731072 2.0585692438873648e-14 6.823445960174427e-16
2241.2012086639365 1.7800104313149372e-14 9.054478333078643e-16
2242.575133172689 1.534498609179636e-14 1.2488275785864692e-15
2243.949059225115 2.4562483327112382e-14 1.189986317323081e-15
2245.322986788996 2.0764343545910842e-14 7.543207971939033e-16
2246.696915832117 2.0408342374443438e-14 6.890565909706042e-16
2248.070846322261 2.069654025254903e-14 1.0124665286660641e-15
2249.4447782272105 1.9648364085376145e-14 7.303167305016637e-16
2250.818711514747 2.0042898479680042e-14 7.224962870579015e-16
2252.192646152653 2.10883065431813e-14 9.848233966741832e-16
2253.566582108711 2.1018345009869883e-14 7.223332332155551e-16
2254.9405193507014 2.1999544587837476e-14 9.265991989128699e-16
2256.3144578464057 2.295424728114906e-14 9.483829804921191e-16
2257.688397563604 2.25398957040112e-14 7.128403232174393e-16
2259.0623384700775 2.165014857929276e-14 7.373380512992506e-16
2260.436280533607 1.904075177692685e-14 1.0197919872312745e-15
2261.8102237219705 2.1345750349037983e-14 1.1399302700303778e-15
2263.1841680029493 2.0905142444601135e-14 7.592453938096806e-16
2264.5581133443225 2.105412198749601e-14 8.167471783461044e-16
2265.9320597138694 2.243519904359878e-14 7.974380035222586e-16
2267.306007079368 2.113386166915053e-14 7.877758457533696e-16
2268.679955408598 2.1982883449764984e-14 7.010039906916261e-16
2270.0539046693375 2.0784814638180084e-14 6.518420396143089e-16
2271.427854829365 2.2014501495620092e-14 6.7549379354005e-16
2272.801805856458 2.0282183593213488e-14 6.892091627802284e-16
2274.175757718395 2.0551953422518615e-14 6.705059870905838e-16
2275.5497103829525 2.0877242873384473e-14 7.119555973040322e-16
2276.9236638179095 2.2082381021947158e-14 8.242733837198141e-16
2278.297617991043 2.3602932217210715e-14 7.338845391546172e-16
2279.671572870129 2.087770027117599e-14 6.640695954826352e-16
2281.0455284229456 2.1071198171712657e-14 7.019260389942716e-16
2282.419484617268 2.2879916751895706e-14 8.432261164915435e-16
2283.793441420875 2.18238496257862e-14 6.770438638335253e-16
2285.1673988015414 2.0596376912470314e-14 6.608384824262153e-16
2286.5413567270443 2.14829629102296e-14 6.972398821531464e-16
2287.91531516516 2.4289748882491864e-14 7.571392463863328e-16
2289.2892740836637 2.149152980145813e-14 6.497917963654799e-16
2290.663233450333 2.186255903147572e-14 6.495060286249e-16
2292.037193232942 2.0923822909219882e-14 7.050917187555162e-16
2293.4111533992673 2.2931021637735347e-14 7.223686497806621e-16
2294.7851139170853 2.394459142681521e-14 6.83026351660864e-16
2296.1590747541704 2.460815026143065e-14 6.657467207181987e-16
2297.5330358782985 2.5696575740191165e-14 6.817028626807792e-16
2298.9069972572456 2.4585385403940244e-14 7.721626991948679e-16
2300.2809588587866 2.6394053162146457e-14 7.692173538790279e-16
2301.654920650697 2.4524046666031876e-14 6.378799190886835e-16
2303.0288826007522 2.4679189220650974e-14 6.442748590217758e-16
2304.4028446767275 2.5973452175923756e-14 6.426938720257257e-16
2305.7768068463984 2.7805005070298885e-14 6.525443887462604e-16
2307.1507690775393 3.0672238701809004e-14 7.739180161593748e-16
2308.5247313379255 2.7373433313343347e-14 7.314565192113127e-16
2309.898693595333 2.6140258374226545e-14 6.955772623568046e-16
2311.2726558175364 2.8648080679623614e-14 7.032935207480545e-16
2312.646617972311 2.7978836559866202e-14 7.023848661538875e-16
2314.0205800274325 2.849709197457785e-14 6.999815160451718e-16
2315.394541950676 2.9259238667990115e-14 6.908864468344695e-16
2316.7685037098163 2.880988091320813e-14 8.621457620387708e-16
2318.1424652726287 2.7382982762790692e-14 7.97469079043511e-16
2319.5164266068896 2.459284607013966e-14 6.324829957256935e-16
2320.8903876803734 2.5948396941343974e-14 7.005068352911471e-16
2322.264348460855 2.5747568817681768e-14 6.755154458197641e-16
2323.638308916112 2.3636567895546183e-14 6.821597310767045e-16
2325.012269013918 2.4500272145268343e-14 7.376513476106163e-16
2326.38622872205 2.4259553851988143e-14 6.495921612877239e-16
2327.7601880082834 2.5154752480755112e-14 6.056240574242925e-16
2329.134146840394 2.47956071229875e-14 6.819184855054146e-16
2330.508105186158 2.5381628561611282e-14 7.873699052133979e-16
2331.882063013351 2.8547144845497e-14 6.235936496420556e-16
2333.25602028975 2.6960575902324445e-14 6.419282601205262e-16
2334.6299769831307 2.6612008292002144e-14 6.301574667690068e-16
2336.0039330612703 2.746514495867436e-14 6.526215746235789e-16
2337.377888491945 2.6066657987373724e-14 6.543210932926855e-16
2338.7518432429315 2.4142875063503863e-14 6.367757057628191e-16
2340.125797282007 2.5395365741949852e-14 6.12876671156039e-16
2341.499750576949 2.6493188204227205e-14 6.57930300680936e-16
2342.8737030955335 2.5510189528279645e-14 6.230352431715782e-16
2344.2476548055397 2.3565742388628567e-14 6.045064503899496e-16
2345.6216056747444 1.9553310048035268e-14 6.061617645271213e-16
2346.9955556709256 2.455040971948222e-14 7.003054532079373e-16
2348.369504761861 3.0656033267462135e-14 6.442043964684761e-16
2349.7434529153293 3.3260534219392915e-14 7.085088614229768e-16
2351.1174000991086 3.949342954989547e-14 9.270219742326682e-16
2352.4913462809786 4.5701418723616966e-14 7.378378007381306e-16
2353.8652914287172 3.6593920574963176e-14 6.810654703879703e-16
2355.239235510104 3.409690471590718e-14 6.916575644538262e-16
2356.6131784929194 2.755307206079704e-14 6.452234829831414e-16
2357.9871203449416 2.6642086431959144e-14 6.172873305310697e-16
2359.3610610339515 2.572041802359048e-14 6.631038191040877e-16
2360.7350005277285 2.5819834280609716e-14 8.157388915015166e-16
2362.1089387940547 2.4755210427667047e-14 6.953864681854356e-16
2363.4828758007097 2.475447859120062e-14 1.1663801443578142e-15
2364.8568115154744 2.4744531036268065e-14 5.934481705657487e-16
2366.2307459061312 2.3888109575826398e-14 6.037470324131769e-16
2367.6046789404613 2.2174617827705467e-14 5.782299531189043e-16
2368.9786105862468 1.958567348288396e-14 6.149492548988519e-16
2370.3525408112705 1.6934267234466026e-14 5.377189612901321e-16
2371.7264695833146 1.8176163224807758e-14 6.329272645065284e-16
2373.1003968701616 2.268965790534934e-14 5.701920339659346e-16
2374.4743226395967 2.0707079036478768e-14 6.070911714284961e-16
2375.848246859402 2.0564296386626005e-14 5.563406629981627e-16
2377.2221694973623 2.3924811513430927e-14 5.727523498676884e-16
2378.5960905212623 3.311503767597715e-14 1.0225069395854614e-15
2379.9700098988856 4.559653232782436e-14 1.5863023395524091e-15
2381.3439275980195 1.7982140163843793e-14 7.153825337899455e-16
2382.717843586448 2.1562321427057857e-14 5.704726665692718e-16
2384.0917578319586 1.4904183369781644e-14 5.736306171548727e-16
2385.4656703023365 1.7401646462233793e-14 7.411679637098201e-16
2386.839580965369 2.0508919066600413e-14 5.451847626267907e-16
2388.2134897888427 2.421531332115305e-14 7.362469140445094e-16
2389.587396740547 2.434942574175772e-14 6.014488732085984e-16
2390.9613017882684 2.298074077767328e-14 6.11485472479733e-16
2392.3352048997967 2.4959233559606296e-14 1.3068483825613231e-15
2393.70910604292 2.396456276964557e-14 5.763395343993103e-16
2395.0830051854296 2.3514252949830873e-14 5.690237108338749e-16
2396.456902295113 2.536354779631919e-14 5.961688933318887e-16
2397.8307973397627 2.38074381579299e-14 5.529930299719361e-16
2399.2046902871684 2.0839007806145414e-14 6.038838282341585e-16
2400.5785811051223 1.670177532516956e-14 7.171979900937075e-16
2401.952469761416 2.3261169669586655e-14 5.89433922610033e-16
2403.326356223842 2.2776975143749996e-14 8.463352568035588e-16
2404.700240460194 2.296698496260987e-14 7.76907142490676e-16
2406.0741224382646 2.0011341420197136e-14 6.253340376508672e-16
2407.4480021258482 1.736259485523358e-14 5.187980451934839e-16
2408.8218794907393 1.2904220843734573e-14 4.563568409647059e-16
2410.195754500732 1.8760570218634073e-14 4.924997368240468e-16
2411.569627123624 2.2807632654242918e-14 5.86044043815562e-16
2412.94349732721 2.4417230729185425e-14 7.369515395775066e-16
2414.317365079288 2.33337756397594e-14 5.390291095012977e-16
2415.6912303476543 2.1317777932987857e-14 5.701721816312334e-16
2417.0650931001064 2.365945641984689e-14 5.936768165219482e-16
2418.4389533044446 2.4537951558894003e-14 5.771189105899027e-16
2419.812810928467 2.526567822146164e-14 5.514194015746152e-16
2421.186665939973 2.2746702186215127e-14 5.515111987702739e-16
2422.5605183067632 2.0981062007663538e-14 5.526039242117911e-16
2423.934367996639 2.3527934225994925e-14 6.3111906092237725e-16
2425.308214977402 2.5135121645169546e-14 6.129534335168839e-16
2426.6820592168538 2.4013594118830334e-14 5.997935590714267e-16
2428.0559006827975 2.370778811981722e-14 6.173648340457435e-16
2429.429739343037 2.5073398354303125e-14 5.833962717620043e-16
2430.8035751653765 2.3634294459115752e-14 5.518985045854059e-16
2432.1774081176213 2.252905198822045e-14 5.742698093926944e-16
2433.5512381675744 2.4798171938751785e-14 5.982198777345466e-16
2434.925065283045 2.4069159480170216e-14 5.652603434492241e-16
2436.2988894318387 2.394742051685904e-14 5.664006615544652e-16
2437.6727105817636 2.377423107826574e-14 5.273880180698266e-16
2439.046528700627 2.5037538367448167e-14 5.380332105135634e-16
2440.4203437562383 2.549445504425145e-14 5.572462470978959e-16
2441.794155716408 2.4277390671791424e-14 5.891880183575332e-16
2443.1679645489457 2.6091228719107677e-14 6.115692228623928e-16
2444.5417702216632 2.8675006162950933e-14 5.76842830788657e-16
2445.9155727023717 3.6668073227297607e-14 6.882553507420609e-16
2447.289371958884 3.545494247584463e-14 6.955197699955098e-16
2448.6631679590146 2.8597299360369824e-14 5.710214909795334e-16
2450.0369606705767 2.744690664525408e-14 5.637349429903375e-16
2451.4107500613845 2.3239428027896532e-14 5.311971781731884e-16
2452.7845360992555 2.5624152729135027e-14 5.374829037956442e-16
2454.158318752005 2.7854419278375807e-14 6.050799446348e-16
2455.532097987451 2.463345282963103e-14 6.019080180055694e-16
2456.905873773411 2.5027145273185357e-14 5.46505234052001e-16
2458.279646077704 2.6482115789540697e-14 5.8325809951248345e-16
2459.6534148681503 2.6418938990136788e-14 5.492473444000591e-16
2461.02718011257 2.5363664686865912e-14 5.4885585635975e-16
2462.4009417787847 2.7151546256546505e-14 5.826469652410395e-16
2463.7746998346165 2.9150120495593027e-14 5.874812469688158e-16
2465.148454247888 3.089616371987694e-14 6.034547001672558e-16
2466.522204986424 3.575576792112789e-14 6.541807505212373e-16
2467.8959520180492 3.0786134140028606e-14 6.022807125023613e-16
2469.269695310589 2.980056726018497e-14 5.889317379514296e-16
2470.64343483187 2.788247300958887e-14 5.807879396800531e-16
2472.017170549719 2.7947933409818576e-14 8.548006099575367e-16
2473.390902431965 2.6207353548044453e-14 5.877398567155244e-16
2474.7646304464374 2.6688441157030583e-14 5.896896206809854e-16
2476.138354560966 2.8986165410190695e-14 7.046304034366178e-16
2477.512074743382 2.899222338982946e-14 6.560219354507721e-16
2478.8857909615162 2.7428775057985154e-14 5.694147224181512e-16
2480.259503183204 2.8450298486439735e-14 6.209177666825609e-16
2481.6332113762764 2.8257202079520066e-14 5.983372447373005e-16
2483.00691550857 2.811049597305562e-14 5.74795710973821e-16
2484.3806155479197 2.729070360538502e-14 5.829417856462432e-16
2485.7543114621626 2.844559914764837e-14 5.618258895459039e-16
2487.1280032191357 2.7579345328754973e-14 5.717649741489859e-16
2488.5016907866784 2.6244495942781554e-14 6.794816775952824e-16
2489.8753741326304 2.7345259303451774e-14 6.356707512831258e-16
2491.249053224831 3.0374787835787606e-14 6.243923487717572e-16
2492.622728031123 3.230205206507068e-14 6.648174726355015e-16
2493.9963985193485 3.0285679969736454e-14 6.845883862947194e-16
2495.370064657352 2.8167323413486912e-14 6.835100074737463e-16
2496.7437264129762 2.7741436941673345e-14 6.561492550906562e-16
2498.117383754068 2.886490078532998e-14 5.765736860696669e-16
2499.4910366484746 2.9031427462760176e-14 5.911504348776438e-16
2500.8646850640425 2.765588661400066e-14 5.401990737596927e-16
2502.2383289686213 2.870593302992108e-14 5.592020461731061e-16
2503.6119683300603 2.745529396549779e-14 5.394591904802661e-16
2504.9856031162103 2.7332570749901905e-14 5.513976434157826e-16
2506.3592332949243 2.5387972838386216e-14 5.995873065487703e-16
2507.7328588340542 2.5652899333298944e-14 6.199522020622502e-16
2509.1064797014546 2.8123543668575127e-14 5.251771032588153e-16
2510.4800958649803 2.8543407736133716e-14 5.469218154433725e-16
2511.8537072924887 2.92395299053734e-14 5.568931402380093e-16
2513.2273139518356 2.7705399077899463e-14 5.656399200887124e-16
2514.600915810881 2.7619930065389715e-14 5.592508035071324e-16
2515.9745128374834 2.7922906974359e-14 5.715560217088101e-16
2517.348104999505 2.4780624804216465e-14 5.405307930376612e-16
2518.721692264806 2.485527890005567e-14 5.213370264528787e-16
2520.095274601251 2.6887668388422478e-14 5.981625441919293e-16
2521.4688519767033 2.583405426972822e-14 7.419555984716482e-16
2522.842424359029 3.0125228212603966e-14 6.192244419418811e-16
2524.215991716094 3.0811440096360776e-14 6.299097096319349e-16
2525.589554015766 2.787121594171986e-14 5.792175405958436e-16
2526.9631112259153 2.7802648624639624e-14 5.521453088104121e-16
2528.3366633144105 2.921841167993246e-14 5.793330547140254e-16
2529.710210249123 2.958903264006947e-14 6.081715090131598e-16
2531.0837519979264 2.7609901195294224e-14 5.800035871708956e-16
2532.457288528694 2.6983816792331208e-14 5.419324737466894e-16
2533.8308198092996 2.856442770575278e-14 5.738880092917196e-16
2535.2043458076205 2.958204631232052e-14 5.697855110908118e-16
2536.577866491534 3.163833060012937e-14 5.554674779086619e-16
2537.9513818289192 2.800272966524235e-14 6.166025043932146e-16
2539.324891787656 2.6459044306123385e-14 5.470276945617792e-16
2540.6983963356242 2.544213720723134e-14 5.883484498881266e-16
2542.0718954407075 2.6229947304879514e-14 5.377231964548684e-16
2543.4453890707896 2.689908808661736e-14 5.576393233249811e-16
2544.818877193755 2.607118453144385e-14 5.361197101461568e-16
2546.1923597774903 2.700373561911884e-14 5.221823123946793e-16
2547.5658367898823 2.6712662911190267e-14 5.212050481317846e-16
2548.939308198822 2.626003899736367e-14 5.313416502302545e-16
2550.312773972197 2.5922924966554142e-14 5.458892822806695e-16
2551.6862340779003 3.0720052017615615e-14 9.256849327254272e-16
2553.059688483825 2.6728505815435712e-14 5.519407503536502e-16
2554.4331371578646 2.2947940273823804e-14 5.785277381394234e-16
2555.8065800679146 2.3152271725755853e-14 5.163232796194029e-16
2557.180017181872 2.183320595172157e-14 5.02606745708922e-16
2558.5534484676355 2.433249863533979e-14 5.399010769809368e-16
2559.9268738931037 2.636377342834801e-14 7.142765205190682e-16
2561.3002934261785 2.616381944268737e-14 5.715803209664844e-16
2562.6737070347617 2.6889181189266274e-14 6.097824068601598e-16
2564.047114686758 2.5384139167266943e-14 5.132550615866518e-16
2565.420516350071 2.308695532112718e-14 5.078963076458475e-16
2566.7939119926086 2.4148319791288814e-14 5.432519393202748e-16
2568.167301582277 2.4330840144829065e-14 5.203320748005207e-16
2569.5406850869877 2.4166614008883612e-14 5.181124779018e-16
2570.91406247465 2.5192575889981805e-14 5.393013247147215e-16
2572.2874337131766 2.5697482065444727e-14 5.43224146051693e-16
2573.6607987704815 2.329437166705313e-14 5.685857418605853e-16
2575.034157614479 2.55437676083747e-14 6.996901367113163e-16
2576.407510213087 2.475838680121925e-14 5.207321919889799e-16
2577.780856534221 2.0887366611170056e-14 4.893872083802425e-16
2579.1541965458027 2.4057695736262076e-14 5.407745267682336e-16
2580.5275302157524 2.6713315126559653e-14 6.255858181944385e-16
2581.9008575119924 2.6723689586097624e-14 5.485282134278402e-16
2583.274178402447 2.59401824158215e-14 5.291822985499072e-16
2584.6474928550415 2.5823188531080843e-14 5.259332919224766e-16
2586.0208008377017 2.5886639769159663e-14 5.519919429073999e-16
2587.394102318358 1.9892667022089125e-14 4.9792170059854e-16
2588.7673972649386 1.9248107136480598e-14 4.801191856296228e-16
2590.1406856453764 2.6092988853572072e-14 5.823560623632168e-16
2591.513967427604 2.4737482028081015e-14 5.726065543216422e-16
2592.8872425795544 2.4812956051813162e-14 5.579964535913672e-16
2594.260511069166 2.4845624418522866e-14 5.191005418347721e-16
2595.6337728643753 2.4915170905690127e-14 5.381573537798954e-16
2597.007027933122 2.5783183164982022e-14 5.441687466065592e-16
2598.380276243347 2.529563269460834e-14 5.624036718950497e-16
2599.753517762992 2.3005999300160403e-14 6.38063037023968e-16
2601.126752460001 1.7469048261978606e-14 4.93217120790812e-16
2602.49998030232 1.9576413718704576e-14 5.155766200763982e-16
2603.873201257897 2.4015134024728442e-14 5.88015407121178e-16
2605.246415294679 2.437528057543971e-14 5.243417699541449e-16
2606.619622380618 2.4867247475600374e-14 5.314299004754465e-16
2607.9928224836644 2.5240016511291624e-14 6.047770774165974e-16
2609.366015571774 2.606481145554871e-14 5.3700538897162955e-16
2610.7392016129 2.4025440721630632e-14 4.925848106956867e-16
2612.1123805750008 2.4762552509253848e-14 5.310119955950949e-16
2613.485552426034 2.2902828993118934e-14 5.832786400614544e-16
2614.8587171339605 2.037730369912425e-14 5.0343472041486305e-16
2616.231874666742 2.4606446031140775e-14 8.617528446303632e-16
2617.6050249923424 2.488120488450523e-14 5.413704673861862e-16
2618.978168078727 2.5898135700319798e-14 6.318304627189525e-16
2620.351303893862 2.6776556300467554e-14 5.31932614529642e-16
2621.724432405717 2.5423017979545916e-14 5.2946256057633e-16
2623.0975535822618 2.6469113833800344e-14 6.742070446140523e-16
2624.4706673914693 2.656222477756022e-14 5.368735165296539e-16
2625.8437738013126 2.5232867553216798e-14 5.06070316369804e-16
2627.216872779767 1.889948023385199e-14 5.057687726405815e-16
2628.5899642948107 1.6683696253943364e-14 4.427457097165989e-16
2629.9630483144224 2.4563206693249337e-14 5.384096107794996e-16
2631.336124806582 2.8035821548425682e-14 5.836795513433017e-16
2632.709193739274 2.858969639263527e-14 5.515523857473341e-16
2634.082255080481 2.5619051896726662e-14 6.884651502151839e-16
2635.4553087981894 2.2820888719867448e-14 5.380441160627593e-16
2636.8283548603877 2.4945987658377133e-14 5.323535369648681e-16
2638.2013932350646 2.6496268016023422e-14 5.72887081045861e-16
2639.5744238902125 2.604113180247527e-14 5.723457211134471e-16
2640.9474467938244 2.678851471161689e-14 5.05811071348385e-16
2642.3204619138955 2.7433242309748973e-14 5.357635857313955e-16
2643.693469218422 2.533721862418674e-14 5.925224694335182e-16
2645.0664686754035 2.8976167033281305e-14 5.670015784909829e-16
2646.43946025284 2.8362483192666092e-14 5.546693611141115e-16
2647.8124439187336 2.791640684352177e-14 5.724079250955111e-16
2649.1854196410895 2.660507786842771e-14 6.168150037838571e-16
2650.5583873879123 2.5365218145291177e-14 6.879486718755956e-16
2651.931347127212 2.86867697565224e-14 6.25817322886835e-16
2653.3042988269963 2.8841407479504935e-14 5.511887968547252e-16
2654.677242455279 2.7658131251310884e-14 5.685973356240508e-16
2656.050177980072 2.8221430184091623e-14 5.655950802820671e-16
2657.423105369391 2.895954485872439e-14 5.429898355626588e-16
2658.796024591254 2.7760717105618747e-14 5.253024111954497e-16
2660.1689356136803 2.612680071476057e-14 4.991501630698548e-16
2661.54183840469 2.6330352896381144e-14 5.242226030063781e-16
2662.914732932308 2.8749287564293347e-14 6.069356879431157e-16
2664.287619164558 2.948505765172811e-14 5.772974757230957e-16
2665.6604970694675 2.6218903689313212e-14 6.649360572481171e-16
2667.0333666150646 3.1883143450676596e-14 6.749322106960204e-16
2668.406227769381 3.008881934839919e-14 5.451228762820819e-16
2669.77908050045 3.178426082441413e-14 6.372064220164979e-16
2671.151924776306 3.166214916660616e-14 5.518781228551126e-16
2672.5247605649847 3.183540806190113e-14 5.873032112312148e-16
2673.897587834526 2.934998638982715e-14 5.461311631266698e-16
2675.270406552971 3.09455050831204e-14 6.164703143138838e-16
2676.643216688361 3.078236992561101e-14 9.362760209396582e-16
2678.0160182087416 3.0943512861628455e-14 5.418047835298908e-16
2679.38881108216 3.024053650177959e-14 5.873567331255694e-16
2680.7615952766646 3.0574291199920306e-14 5.959949868799056e-16
2682.1343707603055 2.9416261635752117e-14 5.715940323123181e-16
2683.5071375011366 1.6112389471679284e-14 1.0381295093855013e-15
2684.879895467212 2.930214258083444e-14 5.267753485511657e-16
2686.252644626589 2.889675600041032e-14 5.09685347109567e-16
2687.6253849473264 2.832635893153159e-14 5.422127887126714e-16
2688.9981163974853 2.9039779207620103e-14 9.441992730073933e-16
2690.370838945129 2.9124960228927785e-14 5.079447473425186e-16
2691.7435525583223 2.910181590067701e-14 5.40491458945173e-16
2693.1162572051326 2.7747457651862428e-14 5.886570875182824e-16
2694.4889528536296 2.570164269128164e-14 6.724557510560448e-16
2695.8616394718842 2.734894050864054e-14 5.686155468324168e-16
2697.2343170279705 2.887237500405655e-14 5.218487402321387e-16
2698.606985489964 3.21277157438668e-14 7.158344788068649e-16
2699.9796448259417 3.4572384966782485e-14 6.397955370384583e-16
2701.352295003985 3.0973233553681714e-14 6.080249723132848e-16
2702.7249359921752 2.845097272466575e-14 5.443976043209954e-16
2704.097567758596 3.042896745122578e-14 5.764187849194378e-16
2705.4701902713346 2.9369939097932674e-14 5.6542143852788e-16
2706.842803498479 2.8858846193823007e-14 5.285629057072275e-16
2708.2154074081195 3.0532966156489663e-14 5.637356312046071e-16
2709.5880019683505 3.148947641811069e-14 7.121364917778302e-16
2710.9605871472654 2.8417286224353445e-14 7.162138966276756e-16
2712.333162912962 3.047954548257223e-14 5.063522195225621e-16
2713.70572923354 2.9156500347751746e-14 5.261472206812175e-16
2715.0782860771005 2.9901489541784426e-14 5.12038828153513e-16
2716.4508334117477 2.889820273268423e-14 5.190172679081452e-16
2717.823371205587 3.016040379683754e-14 5.432592449794449e-16
2719.195899426728 2.906971335197607e-14 5.614778119441416e-16
2720.5684180432795 3.0036665835770845e-14 6.173601224249744e-16
2721.9409270233555 2.968745786854042e-14 5.199044819808349e-16
2723.3134263350707 2.922977547395282e-14 5.422772690957811e-16
2724.685915946542 3.039132191891801e-14 5.476954741615709e-16
2726.058395825889 3.0280299616455494e-14 5.520658465320478e-16
2727.4308659412336 3.090527440625761e-14 5.326855738801918e-16
2728.8033262607 2.2224055752704912e-14 9.715988830269386e-16
2730.175776752414 1.8474410301799575e-14 7.332457174937098e-16
2731.548217384504 3.325544185731402e-14 5.275173494129605e-16
2732.9206481251017 3.0666241708542444e-14 6.025402222215764e-16
2734.2930689423406 3.0764517859214677e-14 5.84455539402105e-16
2735.6654798043546 3.102689139682438e-14 6.047869241746092e-16
2737.0378806792833 3.24289613174919e-14 5.884473409847185e-16
2738.4102715352665 3.1938380163232943e-14 5.294860657406163e-16
2739.782652340445 2.945569610164449e-14 5.07333718950193e-16
2741.155023062966 3.166600147245027e-14 5.606270732277431e-16
2742.5273836709753 3.274572114657891e-14 5.856870194282944e-16
2743.8997341326235 3.263341813030014e-14 5.696678264507026e-16
2745.2720744160606 3.214706536451388e-14 5.858411794246946e-16
2746.644404489443 3.354103087394207e-14 5.993787246855089e-16
2748.0167243209253 3.364228180432506e-14 5.47513838533944e-16
2749.3890338786687 3.2313314215137376e-14 5.645804936299341e-16
2750.7613331308335 3.272795039534551e-14 5.857449353060629e-16
2752.133622045583 3.500375512989658e-14 7.305524703587964e-16
2753.5059005910844 3.2534437248215795e-14 5.527134561597829e-16
2754.8781687355063 3.3629749104837486e-14 5.285070015327087e-16
2756.2504264470185 3.545370580774164e-14 5.950534568194732e-16
2757.622673693797 3.437765209220872e-14 5.533657774082872e-16
2758.9949104440147 3.3708662082335486e-14 5.453015472943934e-16
2760.3671366658527 3.612865215329997e-14 5.74958129541457e-16
2761.73935232749 3.6349436373199484e-14 6.002669446098234e-16
2763.1115573971106 3.805689216453828e-14 6.704038137413213e-16
2764.483751842901 3.8858615625378054e-14 6.307918944465003e-16
2765.8559356330475 3.963010339813264e-14 6.1714709363874e-16
2767.2281087357424 3.6401661036595395e-14 5.341087480502567e-16
2768.600271119178 3.771062848383251e-14 5.666132138846668e-16
2769.972422751551 3.621365699175462e-14 5.548332619894052e-16
2771.344563601059 3.831338729349404e-14 6.631730111079665e-16
2772.7166936359026 3.7887160314435675e-14 5.611267167875047e-16
2774.0888128242855 3.749407604053748e-14 5.680159004453199e-16
2775.460921134412 3.921763901040126e-14 5.921917030676154e-16
2776.833018534492 3.6896399428559476e-14 5.394383322939399e-16
2778.2051049927363 3.7098003434401366e-14 6.119283648320286e-16
2779.577180477357 3.836371121495631e-14 5.62632794307282e-16
2780.949244956571 3.703242614362494e-14 5.316867102771422e-16
2782.321298398596 3.930573043691571e-14 7.213174289535604e-16
2783.6933407716538 4.324596846534863e-14 6.351631138499245e-16
2785.0653720439686 4.2526024341500365e-14 5.94358201588455e-16
2786.437392183765 4.3485516159095725e-14 6.223060536831107e-16
2787.809401159272 4.263408541677928e-14 5.965599578557242e-16
2789.1813989387224 4.546545906143444e-14 6.252671749875933e-16
2790.5533854903483 4.549069725513083e-14 6.144496113390902e-16
2791.9253607823885 4.642515416693714e-14 6.238996402942512e-16
2793.2973247830796 4.506138707614446e-14 5.810278088228037e-16
2794.669277460666 4.3911519521456013e-14 6.079245989090351e-16
2796.0412187833904 4.079659990364158e-14 6.401106862343961e-16
2797.4131487195 2.8716822485490984e-14 5.226154109285223e-16
2798.7850672372456 3.287740427669085e-14 5.507656509580125e-16
2800.1569743048785 4.549356361462434e-14 7.336417053965512e-16
2801.528869890655 5.018981242979961e-14 1.0635678146156792e-15
2802.9007539628315 5.0584190970041215e-14 5.754368619753333e-16
2804.2726264896696 3.970772888555081e-14 5.41176761539061e-16
2805.644487439432 3.608488426684944e-14 5.332571623009109e-16
2807.0163367803834 5.4290007548123825e-14 6.670572395062787e-16
2808.388174480794 5.95879140301292e-14 7.118111252469661e-16
2809.7600005089334 5.886738714761322e-14 7.128865923921831e-16
2811.1318148330774 5.987803975522274e-14 6.605018397692409e-16
2812.5036174215006 6.733638847249493e-14 7.242145463309661e-16
2813.875408242484 7.339329068534878e-14 7.702523222614542e-16
2815.247187264308 7.22073090339212e-14 7.968701208706838e-16
2816.6189544552594 8.071885851780938e-14 8.170342166361052e-16
2817.990709783625 8.522161790277746e-14 7.817022489446418e-16
2819.362453217694 8.86887134912695e-14 8.394297148219497e-16
2820.7341847257608 9.143565489174235e-14 8.32201770924792e-16
2822.1059042761203 8.427145700012906e-14 8.272482693096896e-16
2823.477611837073 8.23744487877219e-14 8.661369283466738e-16
2824.8493073769173 5.2429916419689804e-14 6.316008638506873e-16
2826.22099086396 2.5066959209838098e-14 4.575163231903786e-16
2827.592662266507 5.240398027084488e-14 6.101959177570975e-16
2828.964321552869 7.979327512315851e-14 7.933361935356204e-16
2830.3359686913573 7.617072527192278e-14 7.238573631250208e-16
2831.7076036502876 6.20137892860112e-14 6.702251427290098e-16
2833.0792263979797 3.153652401613298e-14 4.890419895146772e-16
2834.450836902753 3.7895437520396244e-14 5.502413375636621e-16
2835.8224351329327 6.882549272255872e-14 7.48201513545583e-16
2837.194021056844 1.6917176481282686e-13 1.44971118290672e-15
2838.5655946428187 7.511458360691392e-14 7.31055766748143e-16
2839.9371558591874 6.92168558255081e-14 6.687545876534579e-16
2841.308704674286 6.474392555281053e-14 6.712657227047117e-16
2842.6802410564537 5.772708428896517e-14 6.408188587178599e-16
2844.051764974032 5.396049140285117e-14 6.100501751506106e-16
2845.423276395362 5.104563757904641e-14 6.136474711380404e-16
2846.7947752887935 5.070289416726943e-14 5.905292420899512e-16
2848.166261622675 4.728459784093461e-14 5.907681583206361e-16
2849.5377353653607 4.504732971735183e-14 6.014946129877501e-16
2850.909196485205 4.2707465575065814e-14 6.202146234572214e-16
2852.280644950567 4.123276766136892e-14 6.003329073005909e-16
2853.6520807298075 3.7163607830232107e-14 5.433528950596757e-16
2855.0235037912926 3.5237356652353946e-14 5.248135673057656e-16
2856.3949141033886 3.881521704529253e-14 5.144047499938719e-16
2857.7663116344656 3.677100805917974e-14 5.25209555208607e-16
2859.1376963528983 3.697439083421086e-14 5.827333626016594e-16
2860.509068227061 4.025801231006404e-14 5.428186819677542e-16
2861.880427225335 3.5256255651473084e-14 5.035495992583344e-16
2863.251773316102 3.4464371325348617e-14 5.081430059917353e-16
2864.623106467747 3.630031523852231e-14 5.437153722215413e-16
2865.994426648658 3.606004926083595e-14 4.808002001192152e-16
2867.3657338272274 3.424455272300897e-14 5.254127901763888e-16
2868.7370279718484 3.361378083971585e-14 6.388525246703682e-16
2870.10830905092 3.590852523096752e-14 5.3822681048157025e-16
2871.47957703284 3.462625965035965e-14 5.121799650183493e-16
2872.8508318860145 3.262284377098662e-14 5.49810303672628e-16
2874.222073578848 3.675625274523857e-14 9.24676540001721e-16
2875.5933020797506 3.3236092236666945e-14 4.85289210041867e-16
2876.9645173571353 3.566341761295465e-14 5.066948443497264e-16
2878.3357193794172 3.635083228349656e-14 5.594809847105488e-16
2879.7069081150157 3.363549198821987e-14 4.870761848627776e-16
2881.0780835323512 3.3161346661269436e-14 4.90583324780884e-16
2882.4492455998497 2.9527900578200234e-14 4.460845547759977e-16
2883.820394285939 3.0341794208426157e-14 4.576147378309377e-16
2885.1915295590507 3.100192425367111e-14 4.570792012500362e-16
2886.5626513876173 3.2844359827352565e-14 4.885935385086652e-16
2887.933759740077 3.1911966287805765e-14 4.826385263125531e-16
2889.3048545848715 3.2644720937948304e-14 4.746924572948013e-16
2890.6759358904424 3.022606240277691e-14 4.868405508847633e-16
2892.0470036252364 3.073554594428679e-14 5.307623326338917e-16
2893.4180577577044 3.103019821345046e-14 6.436971296121892e-16
2894.789098256299 3.1641623864228294e-14 4.815840761723399e-16
2896.1601250894764 3.023804961304645e-14 4.359880808634041e-16
2897.5311382256964 3.1426602856501895e-14 4.448743564526081e-16
2898.9021376334194 2.9562225741354767e-14 4.617240122954235e-16
2900.2731232811134 2.9553091338051576e-14 5.175278134099577e-16
2901.6440951372456 3.050798546080924e-14 4.675652573788076e-16
2903.015053170289 3.0722911600845546e-14 4.624004210433653e-16
2904.3859973487183 3.1102541603409556e-14 4.900117892997242e-16
2905.756927641012 3.079501443344762e-14 4.265853534043913e-16
2907.1278440156516 3.083353410375696e-14 4.50337348385484e-16
2908.4987464411224 2.9738086721863705e-14 4.704461223115379e-16
2909.869634885912 3.0985258033400936e-14 4.55064851022347e-16
2911.240509318512 3.0508181972453e-14 4.607102197366785e-16
2912.6113697074165 3.143544249233944e-14 4.863200491386755e-16
2913.982216021124 3.0569141239601e-14 4.647921773886154e-16
2915.3530482281353 3.154493335923332e-14 4.521842507874128e-16
2916.723866296955 3.104985615409034e-14 4.686334188648545e-16
2918.0946701960897 3.019933343109335e-14 4.707674654359025e-16
2919.4654598940506 3.0479179564339015e-14 4.461907515317597e-16
2920.8362353593525 3.025028754506838e-14 4.466496316309348e-16
2922.2069965605124 3.034705936522629e-14 4.389364702038983e-16
2923.5777434660517 2.990781179570273e-14 4.2450633750513523e-16
2924.948476044494 2.909806185065478e-14 4.46365981472723e-16
2926.3191942643653 2.9232553742019815e-14 4.722567611154123e-16
2927.6898980941983 2.9721257871267656e-14 4.4242674887239844e-16
2929.060587502527 3.021053120665605e-14 5.165237087905469e-16
2930.431262457887 2.927383812786899e-14 4.563925751671681e-16
2931.80192292882 3.059540942536125e-14 4.4379338359323405e-16
2933.1725688838706 3.1199801314545084e-14 4.4010879027267785e-16
2934.543200291586 2.951943363685948e-14 4.4147878665552287e-16
2935.9138171205154 3.174143483860095e-14 4.44023194219736e-16
2937.2844193392143 3.17236505348404e-14 4.610725910194258e-16
2938.6550069162413 3.081187377722977e-14 4.4195871022948124e-16
2940.025579820155 3.112973474914821e-14 4.186020414067399e-16
2941.396138019521 3.2739907112428954e-14 4.967738121363328e-16
2942.7666814829063 3.077661348970147e-14 4.580705474356789e-16
2944.137210178883 3.130061517592729e-14 4.834476545354177e-16
2945.5077240760247 3.1397190484441437e-14 4.2425222762095894e-16
2946.878223142909 3.03467781502878e-14 4.3085691408761514e-16
2948.2487073481184 2.989999537566547e-14 4.3976288319284287e-16
2949.6191766602365 3.023845280072934e-14 4.1711144870802957e-16
2950.9896310478525 3.1461012722951154e-14 4.2975397131117163e-16
2952.360070479558 3.124693700399389e-14 4.52799355525797e-16
2953.7304949239474 3.0934998486442655e-14 4.1867925375383807e-16
2955.1009043496197 2.948298750320502e-14 4.274776761445441e-16
2956.4712987251764 3.011048645118995e-14 4.024049715102248e-16
2957.841678019224 3.0203487280666685e-14 4.3825378811819093e-16
2959.212042200371 2.1106746450443026e-14 4.60739230615122e-16
2960.58239123723 2.949499165413351e-14 4.304463942757724e-16
2961.952725098417 3.0325592162211076e-14 4.378044636094521e-16
2963.3230437525503 3.102826020206714e-14 4.110831681619799e-16
2964.6933471682546 3.0975778040655266e-14 3.997238740041485e-16
2966.0636353141554 2.964478434865775e-14 4.042472417007233e-16
2967.4339081588837 2.9301749557546913e-14 4.445815477506542e-16
2968.804165671072 2.950304863152779e-14 4.1955696517565074e-16
2970.1744078193583 2.91323294155689e-14 6.86553396853231e-16
2971.5446345723826 2.998792755998583e-14 4.233939714871535e-16
2972.914845898789 2.907392479978982e-14 5.179348127411134e-16
2974.2850417672266 2.895932801828989e-14 3.9448354585728217e-16
2975.6552221463453 2.9415506082363166e-14 4.095888167545661e-16
2977.0253870047995 2.8036311133469195e-14 3.96387331815575e-16
2978.3955363112495 2.846263128615176e-14 3.8584590090787684e-16
2979.765670034356 2.8261740482051455e-14 4.877783751760514e-16
2981.135788142786 2.8612051286179205e-14 4.915226313798298e-16
2982.5058906052072 2.976684518448888e-14 4.0894536288222847e-16
2983.875977390294 3.041160327580707e-14 4.3246834133020724e-16
2985.2460484667217 3.0030875518543415e-14 4.483666732941376e-16
2986.616103803171 2.9620559206366276e-14 4.104946390823158e-16
2987.9861433683254 3.153569731197646e-14 4.376542211404329e-16
2989.356167130872 3.145975911418922e-14 4.003474226022257e-16
2990.726175059502 3.098594582415411e-14 5.215058507071783e-16
2992.096167122911 3.054811788185015e-14 4.0270873870093386e-16
2993.466143289796 2.883018259888792e-14 3.906454807545953e-16
2994.83610352886 3.119061608926506e-14 6.256658098683949e-16
2996.206047808808 2.956260182398335e-14 3.9109864338137638e-16
2997.57597609835 2.845507914039404e-14 3.987407069804027e-16
2998.9458883661982 3.043563190645478e-14 3.989094782951431e-16
3000.3157845810697 2.9387509949390517e-14 4.046812931466319e-16
3001.685664711686 3.0558051884255547e-14 4.486665229574657e-16
3003.0555287267694 2.980040801799089e-14 4.608094814101849e-16
3004.4253765950484 2.921685991557309e-14 3.954436047634357e-16
3005.795208285255 3.0502798231040254e-14 3.995425030743177e-16
3007.1650237661233 3.136750367370607e-14 4.1838543920025924e-16
3008.5348230063937 2.9339246012055967e-14 4.247865730617784e-16
3009.904605974808 3.056111475539282e-14 3.9978867202461346e-16
3011.2743726401136 3.0145709469268575e-14 4.119204337605612e-16
3012.644122971061 2.8476326114842965e-14 3.8384899426494523e-16
3014.013856936403 2.8258215130924982e-14 3.846303027494485e-16
3015.3835745048973 2.933333372208413e-14 3.928364108820074e-16
3016.753275645306 2.9079965838769636e-14 4.537391385807756e-16
3018.1229603263955 2.830181530485195e-14 4.295227842561304e-16
3019.4926285169336 2.9534476942002716e-14 3.6991292000244783e-16
3020.862280185693 2.990582973860616e-14 3.8860696361812984e-16
3022.231915301452 2.895671238054877e-14 4.2694960404149026e-16
3023.6015338329894 2.888403017741077e-14 3.8833533073985723e-16
3024.97113574909 2.957189885761241e-14 3.9746568416676854e-16
3026.340721018543 2.920823034390646e-14 4.0853134905947833e-16
3027.7102896101396 2.964412366295889e-14 3.8036610066495395e-16
3029.0798414926753 3.0326601825484203e-14 3.836564266183429e-16
3030.449376634951 3.055635781836104e-14 3.9061652281571107e-16
3031.8188950057684 2.902107672014473e-14 3.6738309728679525e-16
3033.188396573937 2.985456730463833e-14 3.736377473879986e-16
3034.557881308267 2.889126722691211e-14 3.8793145484269454e-16
3035.927349177573 2.7707447203565924e-14 4.634515359913487e-16
3037.2968001506747 2.897756294357838e-14 3.8121911578239823e-16
3038.666234196395 2.8963759694669924e-14 3.9100160516935655e-16
3040.035651283561 2.9949275752536725e-14 3.829467718272214e-16
3041.4050513810025 2.9366591623725125e-14 4.269406837257645e-16
3042.774434457555 2.956701317157265e-14 4.573506753096312e-16
3044.143800482056 2.9720363404475356e-14 3.8663695027127355e-16
3045.5131494233488 2.8223070039877507e-14 3.828832178863977e-16
3046.8824812502794 2.889631215514596e-14 4.245388953340453e-16
3048.2517959316983 2.856308600556433e-14 4.778316143368849e-16
3049.6210934364603 2.8296241828059017e-14 3.7819600225408843e-16
3050.990373733422 2.720792476951575e-14 4.3621397396252496e-16
3052.359636791446 2.907392141165803e-14 3.704100489331473e-16
3053.7288825793994 2.8852300323206626e-14 3.727780089465355e-16
3055.098111066153 2.7962658230573645e-14 3.8477927466904686e-16
3056.467322220578 2.7513002320194227e-14 4.2784515609475447e-16
3057.836516011554 2.879512559926696e-14 5.103959018731949e-16
3059.2056924079634 2.7681151912751362e-14 3.672805268908387e-16
3060.574851378691 2.843858232671331e-14 3.8377167603872867e-16
3061.9439928926286 2.778040384537883e-14 4.0190802786798253e-16
3063.313116918669 2.828223867937501e-14 4.1810327134970515e-16
3064.6822234257097 2.8145226017958942e-14 4.388882687352436e-16
3066.0513123826536 2.901628590179506e-14 4.3092700606400043e-16
3067.420383758407 4.511202609386311e-14 1.3041467709760555e-15
