wavelength flux error
1666.2686182227967 -1.6963135811374347e-14 1.4511775028175355e-14
1667.6391632936604 1.5936675874903168e-14 1.4199437558105963e-14
1669.0097232810162 -1.1563870825801684e-14 1.3604047935085548e-14
1670.3802981534488 2.169635295601606e-15 1.2770828401135071e-14
1671.7508878795404 9.111177659776662e-15 1.2968157431692169e-14
1673.1214924278693 -1.4989271217465128e-14 1.4158774047407126e-14
1674.4921117670099 7.123765726788176e-16 1.2017009735660212e-14
1675.8627458655346 1.986082874766773e-14 1.346242063817284e-14
1677.2333946920112 1.0345862011605471e-14 1.49382239298659e-14
1678.6040582150044 1.7936254695025133e-14 1.1612618418949117e-14
1679.9747364030754 1.388120812685547e-14 1.0971943873469645e-14
1681.3454292247823 3.7619436916731114e-14 1.1624734378226642e-14
1682.7161366486794 1.2590308739416235e-14 1.1407796534940607e-14
1684.086858643318 4.1584808106774965e-14 1.0209690453906028e-14
1685.4575951772465 1.6902166379830982e-14 1.0057347343177606e-14
1686.8283462190084 -3.3396419056439712e-15 9.65382592930334e-15
1688.1991117371451 -3.5015749116429698e-15 1.0852613024827512e-14
1689.5698917001948 4.999236227353106e-14 1.1394430355032934e-14
1690.9406860766915 -4.677277288860028e-16 2.0763213603959205e-14
1692.311494835166 9.788664257143805e-15 1.0713170225885773e-14
1693.6823179441471 2.3389401987471484e-14 8.808987644415376e-15
1695.053155372158 -1.1924667050783495e-14 1.1181174563968613e-14
1696.4240070877206 4.962168032702184e-15 6.978290676833447e-15
1697.7948730593525 2.580964616832014e-14 8.004987359013383e-15
1699.1657532555682 8.637100942494955e-15 1.2550136507826805e-14
1700.5366476448792 2.543191351955798e-14 1.37177273799036e-14
1701.907556195793 3.905934210508659e-14 1.560865050761768e-14
1703.2784788768142 2.1791132131165555e-14 8.48771736488424e-15
1704.6494156564447 -2.701017603413329e-15 1.1582132856144487e-14
1706.0203665031825 1.4029224593289317e-14 6.243448513992399e-15
1707.3913313855223 2.337445355001834e-14 6.675197724350388e-15
1708.7623102719558 5.7620627494088354e-15 6.254391332637978e-15
1710.1333031309712 8.23154664954728e-15 6.496527982588355e-15
1711.5043099310544 2.3507588494601876e-14 6.629695114423887e-15
1712.8753306406868 -1.3190104257251352e-16 7.760673410872089e-15
1714.2463652283468 -7.895524444206763e-15 1.50900342568705e-14
1715.6174136625104 1.6590155017446283e-14 7.753094160060058e-15
1716.9884759116496 2.0374313672820443e-14 6.185868484787473e-15
1718.3595519442338 1.0426126430170815e-15 5.911450138667814e-15
1719.730641728729 1.532103200004801e-14 6.05978763058867e-15
1721.1017452335977 6.82781527375372e-15 6.0617480883450904e-15
1722.472862427299 2.6625591312344314e-15 5.678128137083039e-15
1723.8439932782906 1.458571084007529e-14 6.8807713500995855e-15
1725.215137755024 -1.2942762536900538e-14 1.3765216282091413e-14
1726.5862958259506 9.96190705881278e-15 4.8411465062973315e-15
1727.9574674595165 1.6084193438931083e-14 5.418246570404158e-15
1729.3286526241664 2.5130378260664922e-14 5.293581108260217e-15
1730.69985128834 9.30547431238259e-15 1.0499429084942676e-14
1732.0710634204752 5.407672634607109e-15 4.941132392973597e-15
1733.4422889890063 2.529362522652335e-14 5.04449709407646e-15
1734.8135279623648 2.0170729303947872e-14 5.4471934978601e-15
1736.1847803089788 1.0772666667133862e-14 5.7420346553710075e-15
1737.556045997273 2.3907506630318522e-14 5.494724328178801e-15
1738.92732499567 7.115964447464845e-15 5.1071152752516554e-15
1740.2986172725887 2.457064491307565e-15 5.587604455460551e-15
1741.6699227964443 1.7574481841055138e-14 6.423253279903753e-15
1743.0412415356498 1.856711466974477e-14 5.937362570590217e-15
1744.4125734586148 7.617088832576513e-16 7.647197253961378e-15
1745.7839185337466 2.248601085603867e-14 4.63368907927344e-15
1747.1552767294481 2.1195503644854015e-14 5.223233327924853e-15
1748.5266480141204 1.2880412441653149e-14 4.160982014267444e-15
1749.8980323561602 2.2523442936043733e-14 4.522181426932148e-15
1751.2694297239627 2.1215158197362104e-14 5.124914402088784e-15
1752.640840085919 1.0836788755306907e-14 4.133417021064947e-15
1754.012263410418 1.576359146839533e-14 4.2485592917829076e-15
1755.3836996658447 1.8223922330505744e-14 4.530069844769927e-15
1756.7551488205816 2.4235748838038508e-14 4.3538132998746214e-15
1758.1266108430086 1.1251027677062781e-14 5.1587038169041786e-15
1759.4980857015014 1.34025235503407e-14 7.417473448336539e-15
1760.869573364434 2.956824983967564e-14 4.022473492666526e-15
1762.241073800177 2.476733316320815e-14 4.14262765733339e-15
1763.6125869770979 3.1115270814540893e-14 6.014706843069902e-15
1764.9841128635612 1.9444720424197266e-14 8.36830520107917e-15
1766.3556514279287 5.262684141553106e-14 7.168577898983546e-15
1767.7272026385588 7.492405540389033e-14 4.608497048872676e-15
1769.0987664638078 8.980813868183363e-14 5.488137799980952e-15
1770.4703428720286 7.327216497389141e-14 5.200494728455811e-15
1771.8419318315707 7.306053548608582e-14 5.3957493753250835e-15
1773.2135333107808 2.476739245551446e-14 4.622102092071475e-15
1774.5851472780037 -3.286632847387255e-14 5.48370061788676e-15
1775.9567737015805 3.955277267818011e-14 3.787594221008224e-15
1777.3284125498496 2.3205653436157714e-14 3.81045945190288e-15
1778.7000637911465 2.3566291265978388e-14 4.3766298263748105e-15
1780.0717273938033 2.3679657308605957e-15 8.22152963791305e-15
1781.44340332615 2.545170698546942e-14 4.112118801122711e-15
1782.8150915565136 1.8055166262358376e-14 3.3951363279745208e-15
1784.1867920532181 1.6361205399935234e-14 3.4704356511612968e-15
1785.5585047845846 2.3039231790812978e-14 3.5198151308873807e-15
1786.9302297189308 2.2914850084706367e-14 3.60720796697858e-15
1788.3019668245734 2.6375538715985372e-14 3.821234558024902e-15
1789.673716069824 1.8008442230921934e-14 4.0669634747045845e-15
1791.0454774229927 1.3112678193152698e-14 3.1613406232139938e-15
1792.4172508523864 1.9390015648331795e-14 3.728376030083308e-15
1793.7890363263098 1.2981811602801908e-14 4.691364399684933e-15
1795.1608338130638 2.4005615068467198e-14 3.399140040957955e-15
1796.5326432809477 2.490247557587668e-14 3.4232158936924745e-15
1797.9044646982563 1.512555373648066e-14 3.31950306204829e-15
1799.2762980332836 2.6781941735946196e-14 3.607174932693637e-15
1800.6481432543198 2.3666142897932514e-14 3.2634207988523458e-15
1802.0200003296518 1.9454312225291974e-14 3.474714226336115e-15
1803.391869227565 2.947344991221894e-14 4.192144779913403e-15
1804.763749916341 1.4215972488269314e-14 3.050575183492733e-15
1806.1356423642596 1.9863705271556606e-14 3.1847447788213405e-15
1807.507546539597 2.0076425737798262e-14 3.4487837949635823e-15
1808.879462410627 1.6661641210062757e-14 3.165539789050007e-15
1810.251389945621 2.0644039456412314e-14 3.042694388951479e-15
1811.6233291128474 2.3591825921206316e-14 3.4691636194327576e-15
1812.9952798805716 1.6623219795575302e-14 3.128907308147153e-15
1814.3672422170569 2.5223213071683993e-14 3.1403562289787157e-15
1815.7392160905633 1.3200316457040364e-14 4.168838668369701e-15
1817.1112014693488 2.5832546551082108e-14 2.8322346536460447e-15
1818.4831983216686 2.0329063478712224e-14 2.9016886024638188e-15
1819.8552066157743 1.9941063096563447e-14 3.270634554947637e-15
1821.227226319916 1.835666594586765e-14 2.7347210443845775e-15
1822.5992574023403 1.9798532862528966e-14 2.9204040071916394e-15
1823.9712998312923 1.5744760231911972e-14 2.641652240513827e-15
1825.3433535750132 2.2646723499318913e-14 6.501082055229267e-15
1826.715418601742 1.4049228123371674e-14 3.969903239828135e-15
1828.0874948797152 2.253276368659532e-14 2.9675407554316307e-15
1829.4595823771667 2.6427561785539837e-14 2.7830550736955128e-15
1830.831681062328 2.722154844743939e-14 2.7033537202818562e-15
1832.2037909034275 1.6568833504097998e-14 2.5049597575518227e-15
1833.5759118686913 2.5857716982142717e-14 2.844404399515721e-15
1834.9480439263423 2.4191081402598e-14 3.8525392016895265e-15
1836.320187044602 2.4695985883995027e-14 2.5932949177968423e-15
1837.692341191689 2.0887376775565424e-14 2.8326166655052564e-15
1839.0645063358186 2.3611507578768717e-14 2.9946062109534842e-15
1840.4366824452034 2.223660878098322e-14 2.635309657804787e-15
1841.8088694880548 1.7728714682288885e-14 3.575708505736087e-15
1843.1810674325804 6.0082101003644615e-15 5.100288613213259e-15
1844.5532762469863 2.035841825253227e-14 2.226241448675427e-15
1845.9254958994752 1.5900836216838944e-14 2.615622282769992e-15
1847.2977263582477 2.4707652915810507e-14 2.5607673703146195e-15
1848.6699675915013 1.857712490511542e-14 2.4442975872100746e-15
1850.0422195674319 1.8465809529253155e-14 2.5945944780961672e-15
1851.4144822542328 1.9147483010478576e-14 2.317487649401923e-15
1852.7867556200936 1.765341853547566e-14 2.2748454697382996e-15
1854.159039633203 1.6623026672063328e-14 2.477190417650801e-15
1855.5313342617465 2.166209343791494e-14 2.5986708241548286e-15
1856.9036394739067 2.2191389080061102e-14 2.5445909468461937e-15
1858.2759552378645 1.7500278366743872e-14 3.384981038211652e-15
1859.648281521798 2.3397487763985973e-14 3.31103252081751e-15
1861.0206182938828 2.099002361624549e-14 2.188626621311995e-15
1862.3929655222921 2.588023620007842e-14 2.3512793935579228e-15
1863.7653231751967 2.3406867806843867e-14 2.6751790751155732e-15
1865.137691220765 2.545565585306952e-14 3.596255407454108e-15
1866.5100696271634 2.227089498062218e-14 2.18200324718094e-15
1867.8824583625544 1.382514555717555e-14 2.116977798369648e-15
1869.2548573950999 2.304686016953595e-14 2.2702085996267928e-15
1870.627266692959 2.5309247902202507e-14 2.25614128819703e-15
1871.999686224287 2.012864531899649e-14 2.178551164404405e-15
1873.3721159572383 2.3650272888632758e-14 2.4884542617833886e-15
1874.7445558599652 2.0416963475780592e-14 2.242559750162518e-15
1876.1170059006158 2.163092601358777e-14 2.1227922560360752e-15
1877.4894660473383 2.2909022498029258e-14 2.3077842517164144e-15
1878.8619362682755 2.3932536453909886e-14 2.617512648550027e-15
1880.2344165315708 1.759263883931248e-14 2.1266233860565064e-15
1881.6069068053635 1.4722247468975e-14 2.5627142755438835e-15
1882.9794070577916 2.1538055627184916e-14 2.062565460629216e-15
1884.3519172569897 2.3944821819776863e-14 2.574382577908785e-15
1885.7244373710907 1.805271833714081e-14 4.180552286997281e-15
1887.0969673682255 3.124311857946767e-14 2.4707220505490934e-15
1888.4695072165223 3.0197280223229206e-14 2.7135153627918292e-15
1889.8420568841066 2.2926632313002675e-14 3.526667627430668e-15
1891.2146163391026 2.7495694048950033e-14 2.050719281345391e-15
1892.5871855496314 3.133329031890057e-14 2.1992090274385164e-15
1893.9597644838118 2.36986621868435e-14 2.137349999542298e-15
1895.332353109761 3.015283809855267e-14 2.258708433301921e-15
1896.7049513955935 4.967853995470513e-14 9.354676762222697e-15
1898.0775593094218 3.148178535894962e-14 2.9651286173560873e-15
1899.4501768193556 2.4979328569246957e-14 1.8973878949257597e-15
1900.822803893503 3.333422269767225e-14 2.6533379070541475e-15
1902.19544049997 3.229858600625052e-14 3.1776762888765034e-15
1903.568086606859 2.93037892128839e-14 2.3984597639946977e-15
1904.9407421822716 3.2374927391720654e-14 2.0681082324778112e-15
1906.3134071943073 3.740568307029381e-14 2.628419468295347e-15
1907.6860816110623 2.705075950021861e-14 3.946054603681717e-15
1909.0587654006317 3.6921227658309394e-14 1.961983262758083e-15
1910.431458531107 3.832952157707334e-14 2.206471276170038e-15
1911.8041609705792 5.2775516026564925e-14 2.434427535792194e-15
1913.176872687136 6.310325661529684e-14 2.4287846022975857e-15
1914.5495936488633 4.908492910087395e-14 2.3861957857096395e-15
1915.9223238238449 3.359795148799756e-14 2.201151909261281e-15
1917.2950631801625 3.945468965101985e-14 7.327821787133249e-15
1918.6678116858955 2.90206836968572e-14 2.1326663308604554e-15
1920.0405693091207 3.194088399262503e-14 2.3630512457006262e-15
1921.413336017914 2.9541405671511256e-14 2.164003797051786e-15
1922.7861117803482 3.186278755488818e-14 1.8901184464141865e-15
1924.1588965644937 3.104550240474145e-14 1.843729204750147e-15
1925.53169033842 3.2701255304979845e-14 2.0584211401765374e-15
1926.9044930701937 3.5369395536303735e-14 2.5583944075128866e-15
1928.2773047278795 4.731024938670926e-14 2.78660202416214e-15
1929.6501252795395 6.3024726496691e-14 2.6785377725096733e-15
1931.0229546932349 4.5415114811181434e-14 2.5221903135231065e-15
1932.395792937024 3.204875194439197e-14 2.954380192771904e-15
1933.7686399789627 3.656484023981804e-14 2.9292726539076287e-15
1935.1414957871057 5.867912899288827e-14 6.8584909954550084e-15
1936.514360329505 3.0255203724294244e-14 1.8892337205007794e-15
1937.887233574211 2.652516539205195e-14 1.7647313121991852e-15
1939.260115489272 2.623735884316799e-14 1.7669695967623047e-15
1940.633006042734 2.6063197010751243e-14 1.9234680393717197e-15
1942.0059052026413 2.2812396367538276e-14 1.744933505243892e-15
1943.378812937036 1.9140948998323457e-14 1.5692951885209637e-15
1944.751729213958 2.420064779270429e-14 1.779393452516157e-15
1946.1246540014458 2.5870280174816393e-14 2.1514399691033997e-15
1947.4975872675357 2.0229833568941383e-14 2.004818989450154e-15
1948.8705289802613 2.179120497599902e-14 1.7095380100813845e-15
1950.2434791076553 2.456607813494053e-14 1.9772925362467574e-15
1951.616437617748 2.3555334047772707e-14 1.5930465217575663e-15
1952.9894044785674 2.4338964884859128e-14 1.725527980422296e-15
1954.36237965814 2.5132638144568197e-14 1.7568550704600227e-15
1955.7353631244903 2.3177027110672307e-14 1.6626021145290108e-15
1957.1083548456406 2.189883237040894e-14 1.609577428514418e-15
1958.481354789612 2.3816184620143246e-14 1.6893389212673296e-15
1959.854362924422 2.279298745458489e-14 1.8666067176225385e-15
1961.2273792180886 1.9887718655611265e-14 2.8018035127082763e-15
1962.6004036386255 2.3077068752566827e-14 1.4479153671794224e-15
1963.9734361540463 1.950452095027342e-14 1.6132032589242585e-15
1965.3464767323621 2.1834457866417613e-14 1.5907003463727903e-15
1966.7195253415814 2.4275140952283517e-14 1.7383557650128703e-15
1968.092581949712 2.5630332681518195e-14 1.9307832276624446e-15
1969.4656465247592 2.150399982050761e-14 1.5381704334785124e-15
1970.8387190347264 2.295483003981677e-14 1.7294624484622922e-15
1972.2117994476157 2.1188849354020385e-14 1.809982141582115e-15
1973.584887731426 2.138735152520943e-14 1.636780209252845e-15
1974.9579838541567 2.55027068392236e-14 1.6027850713103858e-15
1976.3310877838026 2.452782443297663e-14 1.7387506941245277e-15
1977.7041994883587 2.3056553614584328e-14 1.894013950938609e-15
1979.0773189358179 2.0861018804312764e-14 1.5150552219852977e-15
1980.45044609417 2.261732467978561e-14 1.6362335553645108e-15
1981.8235809314046 2.2443211975279806e-14 1.6311535811424716e-15
1983.1967234155086 2.140310633802836e-14 1.6482990103025563e-15
1984.5698735144676 2.814019803038404e-14 1.6961624069321735e-15
1985.9430311962647 2.4703424527337814e-14 1.54954725063044e-15
1987.3161964288822 1.971369573659787e-14 1.5084114131843902e-15
1988.6893691802995 2.3122813613916243e-14 1.543521458243673e-15
1990.0625494184958 2.3187797981629593e-14 1.9287344667212733e-15
1991.4357371114465 1.917982103433885e-14 1.4573502554206513e-15
1992.8089322271273 2.2219837528627585e-14 1.5069499637130213e-15
1994.1821347335106 2.507006782075452e-14 1.4164599516501867e-15
1995.5553445985684 2.5324567340086548e-14 1.5688336614438285e-15
1996.9285617902694 2.2219539373030152e-14 1.3688573352892055e-15
1998.3017862765823 2.1777200133249117e-14 1.4881151273396379e-15
1999.675018025473 2.4128228169779942e-14 1.6518335729123301e-15
2001.0482570049057 2.2381920671216485e-14 1.3149694168222421e-15
2002.4215031828435 1.991463058641143e-14 1.3388073591777015e-15
2003.7947565272477 2.284749910693839e-14 1.458339272265689e-15
2005.1680170060772 2.2095418553071296e-14 1.7116483926694686e-15
2006.5412845872902 2.2963823835650717e-14 1.2528394442620208e-15
2007.914559238843 2.3731100160591552e-14 1.328759854357371e-15
2009.287840928689 2.1440077632110116e-14 1.3418334902608859e-15
2010.6611296247822 2.3110377476184656e-14 1.495781199028763e-15
2012.0344252950736 2.2491497935470985e-14 1.4136851775941e-15
2013.407727907512 2.0404456187281435e-14 1.3248721848877106e-15
2014.781037430046 2.3911677420550802e-14 1.4988610108249796e-15
2016.1543538306214 2.1868655974630058e-14 1.8230836236937708e-15
2017.5276770771832 2.0803108855774882e-14 1.2012479379941822e-15
2018.9010071376747 2.1476666067299713e-14 1.275131022093149e-15
2020.2743439800372 2.2837866648262213e-14 1.2520484213684037e-15
2021.6476875722105 2.0839268692293168e-14 1.2497466093342401e-15
2023.0210378821332 1.9299611821871343e-14 1.177560449865979e-15
2024.394394877742 2.186798851266762e-14 1.6567096239523179e-15
2025.7677585269716 1.432383535783857e-14 2.7692848590719996e-15
2027.141128797756 1.988869782569829e-14 1.0945226336730876e-15
2028.514505658028 2.0161540690536058e-14 1.2697453748562694e-15
2029.887889075717 2.1471924376860983e-14 1.217200003610704e-15
2031.2612790187527 1.8593301540342083e-14 1.1846708679417051e-15
2032.6346754550627 2.2473252845787127e-14 1.1714586362721957e-15
2034.008078352572 2.1659797978627882e-14 1.2584075212199153e-15
2035.3814876792064 1.982136887078694e-14 1.2473451650496558e-15
2036.7549034028882 2.4077113119544934e-14 1.3024080240935793e-15
2038.128325491539 2.323010558327905e-14 1.7557774327928784e-15
2039.5017539130788 1.9617757396860058e-14 1.3105075648934617e-15
2040.8751886354257 2.3709056975172206e-14 1.249959214604001e-15
2042.2486296264972 2.171860069989217e-14 1.218788719782398e-15
2043.622076854209 1.9818214520091366e-14 1.2578168216183239e-15
2044.9955302864744 2.299027328646168e-14 1.1132947896083743e-15
2046.3689898912069 2.0097796379057488e-14 1.1151249101700356e-15
2047.7424556363173 2.243534134513392e-14 1.173398553479645e-15
2049.1159274897154 1.7035496141992387e-14 1.2426992952130843e-15
2050.4894054193096 2.1256149509811528e-14 1.156256194813994e-15
2051.862889393007 2.0829780229218026e-14 1.176481329891177e-15
2053.236379378713 1.9950682002712467e-14 1.0646243823382606e-15
2054.609875344331 2.143532577727602e-14 1.187008678876127e-15
2055.983377257765 2.1596904088228355e-14 1.1486243220801143e-15
2057.356885086915 2.0063518649748e-14 1.1538842908034451e-15
2058.730398799682 1.8701775967699258e-14 1.3186918089880695e-15
2060.103918363964 2.230532009366449e-14 1.5364351806069435e-15
2061.4774437476585 1.976637440965351e-14 1.102435297828982e-15
2062.850974918661 2.0418820172000973e-14 1.1799597765681951e-15
2064.224511844866 2.219287646991648e-14 1.3881006533014023e-15
2065.5980544941663 2.204045627918986e-14 1.0214554540605636e-15
2066.971602834454 2.0530194840169547e-14 1.0604888498524099e-15
2068.3451568336204 2.2157971936226026e-14 1.0114586653379499e-15
2069.718716459553 2.369692576930163e-14 1.0628440249622504e-15
2071.092281680141 2.27598837129403e-14 1.2650657295809262e-15
2072.46585246327 4.177255600885249e-13 8.059747192020426e-15
2073.8394287768256 2.3708714773861515e-14 1.1439400181235612e-15
2075.2130105886913 1.976811421532717e-14 1.0503742176710094e-15
2076.5865978667503 2.1714560352733767e-14 9.838229448843575e-16
2077.9601905788836 2.0644180063881558e-14 1.050903507383925e-15
2079.333788692971 1.7029949770253766e-14 1.183225512096334e-15
2080.707392176892 1.965794402800959e-14 1.0192397217496647e-15
2082.081000998524 2.0947953183821262e-14 1.5087904604282865e-15
2083.4546151257423 2.2681839791246182e-14 1.1157216448813762e-15
2084.8282345264233 1.876245571397466e-14 1.095271834314934e-15
2086.20185916844 2.1160280626775392e-14 1.5524201746292899e-15
2087.575489019665 2.273904162024016e-14 9.410948972557063e-16
2088.9491240479697 2.0206504587508105e-14 1.0911358783126097e-15
2090.322764221225 2.282496294834374e-14 9.86037300766717e-16
2091.6964095072985 2.3910454304974967e-14 9.877069085848737e-16
2093.0700598740586 2.0733853747941476e-14 9.93120825546368e-16
2094.4437152893724 2.2245251905177003e-14 9.194190064981136e-16
2095.817375721105 2.376589288593297e-14 9.512595043809947e-16
2097.19104113712 2.2992800832776286e-14 9.542487895309736e-16
2098.564711505281 2.38398608850849e-14 1.0699663014992382e-15
2099.93838679345 2.404636921169139e-14 1.180276778648705e-15
2101.312066969487 2.357087540828893e-14 1.1459074639017961e-15
2102.6857520012522 2.2879191691692856e-14 1.659202124278732e-15
2104.0594418566043 2.2729063572121504e-14 9.456331939079765e-16
2105.4331365034 2.4838946410766713e-14 9.982431514157699e-16
2106.806835909496 2.1977699608127788e-14 1.0077130856451914e-15
2108.180540042746 2.21361388149776e-14 9.328144090424667e-16
2109.554248871006 2.3916988317130086e-14 9.65503210422023e-16
2110.927962362128 2.1958599015167203e-14 9.861790729062637e-16
2112.3016804839635 2.2354815616904347e-14 1.5098364402390272e-15
2113.6754032043636 2.320839104664324e-14 9.217198656202115e-16
2115.049130491177 2.18410020429681e-14 9.818651341058976e-16
2116.4228623122535 2.4021169981510576e-14 9.811763904406614e-16
2117.79659863544 2.552942225838e-14 9.546941171029925e-16
2119.1703394285837 2.4086154349223926e-14 1.0380012897731107e-15
2120.544084659528 2.3438531592478128e-14 9.956705005967218e-16
2121.9178342961195 2.5130688274723617e-14 9.470713499732959e-16
2123.2915883062005 2.3943568211014926e-14 1.024717166182203e-15
2124.665346657613 2.667547647073991e-14 1.3058214609918957e-15
2126.0391093181984 4.0945132213140306e-14 2.3997864293483348e-15
2127.4128762557975 2.445664825441885e-14 8.605422227905e-16
2128.7866474382495 2.4420202120764394e-14 1.0731292284034042e-15
2130.1604228333917 2.640217790217652e-14 1.653156532496823e-15
2131.534202409063 2.1769749631445068e-14 7.793729083396925e-16
2132.9079861330983 2.5434586755539515e-14 8.709871448817704e-16
2134.281773973333 2.3798911924282837e-14 8.364631407428691e-16
2135.6555658976026 2.2721684221085024e-14 8.139347642634241e-16
2137.0293618737396 2.1116688923177897e-14 9.099707774879655e-16
2138.4031618695767 2.3129889727157606e-14 1.1473680663402178e-15
2139.776965852945 2.5252374721992064e-14 8.154038370313183e-16
2141.1507737916763 2.1773998348708495e-14 8.395711693241412e-16
2142.524585653599 2.3468684271334486e-14 8.92433701468894e-16
2143.898401406542 2.5886934536625307e-14 8.335771406728961e-16
2145.2722210183333 2.5530460720773335e-14 8.643924110522444e-16
2146.6460444568 2.3657440481432424e-14 8.194571543817262e-16
2148.0198716897685 2.4556445676264353e-14 9.254499869616826e-16
2149.3937026850626 2.5330240766767258e-14 8.103933195109539e-16
2150.7675374105083 2.3261071413764774e-14 8.000382887912109e-16
2152.141375833928 2.284701121596077e-14 8.699161246595265e-16
2153.515217923144 2.281362625937769e-14 8.482896794502297e-16
2154.8890636459782 2.4751913775436334e-14 8.97001114878726e-16
2156.262912970252 2.367084901298746e-14 8.023417419517097e-16
2157.636765863784 2.3827043582527047e-14 1.7849201307387546e-15
2159.0106222943946 2.4000778510338376e-14 8.527109267371011e-16
2160.3844822299016 2.606230932022252e-14 9.102177934712085e-16
2161.758345638123 3.141583876180819e-14 1.1029721049593045e-15
2163.1322124868743 3.65857382366927e-14 1.0597119088815408e-15
2164.5060827439725 3.578938496473852e-14 1.0557745821053476e-15
2165.8799563772322 3.8913317013111737e-14 9.133865437268868e-16
2167.253833354467 4.416884474270008e-14 9.64885299887001e-16
2168.627713643492 3.602108235713046e-14 8.96564363515298e-16
2170.001597212118 3.132636836565561e-14 8.508343781820184e-16
2171.375484028158 2.6045961584340513e-14 7.9906409502275e-16
2172.7493740594236 2.6472584974818192e-14 8.05971436949372e-16
2174.123267273724 2.6780088427857604e-14 7.72552387290164e-16
2175.497163638871 2.5641848941469064e-14 7.896728289783048e-16
2176.8710631226704 2.3388102638930396e-14 8.362449238798328e-16
2178.2449656929325 2.417968203319385e-14 7.421782622576577e-16
2179.618871317465 2.5097059372651727e-14 7.60871750007968e-16
2180.992779964073 2.1390427948873858e-14 8.782184239711579e-16
2182.366691600565 2.2869725251474342e-14 7.504738382452703e-16
2183.740606194744 2.4348683740895924e-14 7.464125270214227e-16
2185.114523714415 2.3549494602634335e-14 7.249945048567097e-16
2186.488444127384 2.3058882955189278e-14 7.545752247154348e-16
2187.8623674014516 2.4065383407291356e-14 7.769384297701652e-16
2189.236293504423 2.4388473960626142e-14 8.088637897664494e-16
2190.610222404098 2.275019365602371e-14 7.63016966826008e-16
2191.9841540682787 2.4082164824042358e-14 7.39368865729852e-16
2193.3580884647663 2.452656574201701e-14 8.4202348852512e-16
2194.73202556136 2.2830770206230117e-14 7.617464703446857e-16
2196.10596532586 2.3101656424959725e-14 7.041128133662862e-16
2197.479907726064 2.3798767928681804e-14 7.541420732420326e-16
2198.853852729771 2.117715013495291e-14 8.089092648478052e-16
2200.227800304778 2.235144273170838e-14 7.059296460985875e-16
2201.6017504188826 2.2738460555638343e-14 7.784799767946088e-16
2202.975703039881 2.2560542979133472e-14 7.349997109692367e-16
2204.3496581355685 2.276498623941456e-14 6.915140453088258e-16
2205.7236156737404 2.4710066959710182e-14 7.151833751682223e-16
2207.097575622191 2.525410097513857e-14 7.869538002780593e-16
2208.471537948715 2.3308088518600965e-14 7.998800524487519e-16
2209.845502621106 2.4780428292572702e-14 9.100574924859406e-16
2211.219469607156 2.4975874368888054e-14 7.405035193022583e-16
2212.5934388746577 2.5206736586794003e-14 6.5155288374194e-16
2213.967410391404 1.2109429500535129e-14 1.2155249959575087e-15
2215.341384125185 -1.8479494193548995e-14 2.5757937347989108e-15
2216.7153600437914 2.907643540544548e-14 5.713913796796875e-16
2218.089338115014 2.3344632908077305e-14 7.604045583979981e-16
2219.463318306643 2.4981103950304402e-14 7.168980874908202e-16
2220.837300586467 2.497526789329782e-14 7.471641628829925e-16
2222.2112849222744 2.445859812426343e-14 7.123098158946621e-16
2223.5852712818546 2.4797450266680725e-14 7.166304780190471e-16
2224.9592596329953 2.442565701294471e-14 6.86173926092861e-16
2226.3332499434823 2.5514694049493143e-14 9.10371741709372e-16
2227.7072421811044 3.5222913046537366e-14 1.6560339034186458e-15
2229.081236313648 2.340618509828838e-14 6.138041722332825e-16
2230.455232308898 2.3156703402135888e-14 7.153931217017862e-16
2231.82923013464 2.3568646017571755e-14 7.580268839754961e-16
2233.20322975866 2.5027700926798756e-14 7.152379029142018e-16
2234.5772311487426 2.316214135365726e-14 7.8073742547816e-16
2235.951234272672 2.3237794948374225e-14 1.240176301700569e-15
2237.325239098231 2.4262155937202108e-14 6.6842482713918e-16
2238.699245593205 2.3134631417596335e-14 6.45164296555952e-16
2240.0732537253757 2.2769727929853288e-14 6.412524337077357e-16
2241.447263462527 2.3769057401023912e-14 6.829145433118265e-16
2242.82127477244 2.3163420373407614e-14 6.604060721066419e-16
2244.1952876228975 2.367758292491813e-14 6.972129359175119e-16
2245.569301981681 2.4162250095139358e-14 7.082564985442543e-16
2246.9433178165714 2.4111007989962262e-14 9.775537364043732e-16
2248.31733509535 2.197959018566606e-14 7.195325187754587e-16
2249.6913537857968 2.190841061897649e-14 6.805992846296253e-16
2251.065373855693 2.2275928050394765e-14 8.488053107568708e-16
2252.439395272818 2.273168429206031e-14 6.845649870095515e-16
2253.8134180049515 2.4107570730262304e-14 6.80960226544274e-16
2255.1874420198733 2.5660712365204418e-14 6.746584072958204e-16
2256.5614672853612 2.4882024812398172e-14 7.320445188953848e-16
2257.935493769195 2.4355698867765084e-14 9.00902442754661e-16
2259.309521439153 2.554442490594177e-14 6.259801120313854e-16
2260.6835502630124 2.337914611254613e-14 6.676315278445171e-16
2262.057580208552 2.3137675654008767e-14 6.953228877748323e-16
2263.431611243549 2.4174820064076612e-14 7.068835110763142e-16
2264.8056433357815 2.5521399162303608e-14 8.075451712258113e-16
2266.179676453026 2.440301412819871e-14 7.001185236243902e-16
2267.553710563059 2.4231766089120518e-14 6.237421980451803e-16
2268.9277456336586 2.365591751619326e-14 6.77072398255936e-16
2270.301781632599 2.4407259457330348e-14 7.536689524014319e-16
2271.675818527658 2.4726499398886916e-14 6.468578330548686e-16
2273.0498562866114 2.340258520826255e-14 6.29130968716053e-16
2274.423894877235 2.294693569274836e-14 6.346555293562824e-16
2275.797934267304 2.3661904345064454e-14 6.295687259311059e-16
2277.1719744245934 2.3326375959932186e-14 6.005558357843963e-16
2278.5460153168797 2.2989222965607084e-14 6.443911142937865e-16
2279.920056911937 2.166930338236197e-14 7.033825121470754e-16
2281.29409917754 2.3156445904119922e-14 6.152446576392068e-16
2282.6681420814643 2.3432517658552622e-14 5.967722454881298e-16
2284.042185591484 2.3609049489155785e-14 6.38658818823243e-16
2285.4162296753734 2.4266120051395258e-14 6.161525181399858e-16
2286.790274300907 2.3737942492739472e-14 6.302508521514416e-16
2288.1643194358594 2.339033202964757e-14 6.519958290337948e-16
2289.538365048004 2.5254460117108204e-14 6.623416482702364e-16
2290.912411105115 2.5091031886199065e-14 7.014623943347683e-16
2292.286457574966 2.411508052437266e-14 6.2542541133005225e-16
2293.6605044253306 2.5585634752891585e-14 6.015286531243179e-16
2295.034551623983 2.621472442875146e-14 6.252708807567375e-16
2296.4085991386964 2.618114126645872e-14 6.910715235334446e-16
2297.7826469372453 2.6148698210512987e-14 6.68700218726156e-16
2299.1566949874014 2.739271347728875e-14 6.202194409571089e-16
2300.530743256939 2.6133856499211197e-14 6.806150606182679e-16
2301.9047917136313 2.406451265742158e-14 7.262745833982477e-16
2303.278840325252 2.654232966769511e-14 6.268892430815853e-16
2304.652889059574 2.5168648903287766e-14 6.230684362751988e-16
2306.0269378843705 2.513043755297123e-14 6.482201796714087e-16
2307.4009867674145 2.7477016972463075e-14 6.139511853891903e-16
2308.775035676479 2.7321440736974983e-14 6.121429818050392e-16
2310.1490845793383 2.651609536325275e-14 6.313502479774185e-16
2311.5231334437644 2.5631958984776923e-14 6.528712375847821e-16
2312.8971822375306 2.5247382309800948e-14 6.159362600406399e-16
2314.2712309284107 2.721406745244924e-14 6.238372774935096e-16
2315.6452794841775 2.694055881971493e-14 6.585410114359064e-16
2317.0193278726047 2.7565674216986288e-14 6.029609328985657e-16
2318.393376061465 2.627145022522908e-14 6.11704377557039e-16
2319.7674240185315 2.6388037534155057e-14 6.159448891887901e-16
2321.141471711579 2.610213003313884e-14 6.433647221199511e-16
2322.515519108379 2.348652956146724e-14 5.624809636514867e-16
2323.8895661767065 2.473651132832346e-14 6.16523995026916e-16
2325.263612884335 2.597464818644528e-14 6.072994885939615e-16
2326.6376591990374 2.707787302486022e-14 6.478536791030436e-16
2328.0117050885883 2.5185582785969274e-14 6.907970848585342e-16
2329.385750520761 2.5522142857231297e-14 6.283851032664364e-16
2330.7597954633297 2.518203032978849e-14 5.891609133032211e-16
2332.133839884068 2.618389073540551e-14 6.774260874509738e-16
2333.5078837507513 2.592320618149263e-14 7.255695343487769e-16
2334.8819270311533 2.694713348945152e-14 5.909576819425842e-16
2336.2559696930475 2.6729081797839845e-14 5.888630753431428e-16
2337.6300117042106 2.5725781436212493e-14 5.714130319594017e-16
2339.0040530324154 2.445827794580937e-14 5.867090705582751e-16
2340.378093645438 2.5687302423484625e-14 5.937222386637447e-16
2341.7521335110537 2.6727884093252427e-14 5.79893578766871e-16
2343.1261725970367 2.658054948834112e-14 5.635757537358129e-16
2344.5002108711633 2.251340559561877e-14 5.692705150588812e-16
2345.874248301209 2.3262718045814236e-14 5.341756107135305e-16
2347.24828485495 2.93239350445014e-14 5.939871482179985e-16
2348.6223205001615 3.145264064930049e-14 6.057582062673139e-16
2349.99635520462 3.26894544419587e-14 6.392556594137021e-16
2351.370388936103 3.8075767446734896e-14 6.854571244612471e-16
2352.7444216623862 3.7574615321294205e-14 7.194798968536106e-16
2354.1184533512464 3.2965746424957684e-14 8.242398200392792e-16
2355.4924839704618 2.957599849707712e-14 6.083400156301042e-16
2356.866513487809 2.7208680322904702e-14 6.132880644706086e-16
2358.2405418710664 2.6233343906998004e-14 6.037758315333836e-16
2359.6145690880116 2.6764916373706385e-14 5.521533026838518e-16
2360.9885951064225 2.732102569083083e-14 5.718530655755003e-16
2362.3626198940788 2.615456137257388e-14 5.896731035385139e-16
2363.736643418758 2.5243416501541903e-14 6.882648798627175e-16
2365.1106656482393 2.488359859961417e-14 6.8960763884235235e-16
2366.4846865503036 2.406798888063711e-14 1.0316676009100166e-15
2367.8587060927293 2.1927782262480197e-14 4.751464669545296e-16
2369.232724243296 1.9773409865313403e-14 4.96411017337112e-16
2370.606740969786 1.9765102166166733e-14 5.03717629419246e-16
2371.9807562399783 2.3785666023053674e-14 5.925596859436381e-16
2373.3547700216545 2.4067448473616762e-14 5.353230756592641e-16
2374.7287822825965 2.104362386114774e-14 6.028076728746719e-16
2376.102792990586 2.3637823198374014e-14 6.441452629808459e-16
2377.476802113403 2.7430884170023817e-14 5.584237287736978e-16
2378.850809618834 2.7581886427596736e-14 5.501818334991174e-16
2380.2248154746585 2.1813495495038963e-14 5.547875222102535e-16
2381.598819648661 4.758849632175051e-14 7.535872666615811e-16
2382.9728221086248 9.725498807981389e-14 8.745266308705501e-16
2384.3468228223346 8.994924928864851e-15 4.561082367946867e-16
2385.720821757575 2.532730664463797e-14 5.407197343244581e-16
2387.094818882129 2.4309915042900095e-14 5.961761989910588e-16
2388.4688141637844 2.5663468610414783e-14 5.383362894900029e-16
2389.8428075703255 2.4827806233444424e-14 5.920390253788728e-16
2391.216799069539 2.6378103531749658e-14 6.883659414812367e-16
2392.5907886292107 2.7955688843483636e-14 5.747975638583931e-16
2393.9647762171294 2.504521587408208e-14 5.626243769173687e-16
2395.3387618010806 2.636255200683807e-14 5.288309386954743e-16
2396.7127453488547 2.7099836589182524e-14 5.332170341150347e-16
2398.0867268282377 2.5775234607804988e-14 5.271421667568861e-16
2399.46070620702 2.4023292646076395e-14 5.301729035817211e-16
2400.8346834529907 2.36056511929714e-14 5.138387202268692e-16
2402.20865853394 2.5880846063800443e-14 5.35246525056656e-16
2403.582631417658 2.6721260295604898e-14 5.535337546296395e-16
2404.9566020719362 2.4271979825324363e-14 6.46691867536766e-16
2406.3305704645654 2.1329112927888014e-14 7.412189974448922e-16
2407.704536563339 1.7347544773826766e-14 4.580621829853248e-16
2409.0785003360484 1.6489127703761368e-14 4.591105450762296e-16
2410.4524617504867 2.352243867623314e-14 5.08990409515904e-16
2411.826420774448 2.678954809181254e-14 5.30489376266639e-16
2413.2003773757265 2.8367858463749368e-14 5.366282475518646e-16
2414.5743315221166 2.4173679957729607e-14 5.392853369678421e-16
2415.9482831814144 2.6340205583623606e-14 6.702775528926212e-16
2417.322232321416 2.7308464192223048e-14 5.233158542363424e-16
2418.696178909917 2.7910281101247228e-14 5.653366822935954e-16
2420.070122914715 2.700377627670031e-14 5.767399692251248e-16
2421.444064303608 2.5241641120484458e-14 5.086460906228451e-16
2422.8180030443946 2.5401257703130953e-14 5.337347300644847e-16
2424.1919391048727 2.7275717898482196e-14 5.5547621293593045e-16
2425.5658724528435 2.6444634581624694e-14 5.130587087615664e-16
2426.9398030561056 2.7143414740252864e-14 7.743755198300105e-16
2428.313730882461 2.5883112723967296e-14 1.2852880059219121e-15
2429.6876558997114 2.6833097443762673e-14 4.948418888023234e-16
2431.061578075658 2.666999108537349e-14 5.848953612599668e-16
2432.435497378104 2.54023842569508e-14 5.279868703635354e-16
2433.8094137748544 2.6176142078004026e-14 5.197635568742354e-16
2435.183327233712 2.7658293881636757e-14 5.640758208120481e-16
2436.557237722481 2.686718713175787e-14 5.275032674902124e-16
2437.931145208969 2.586505567559773e-14 5.395954569056556e-16
2439.3050496609812 2.827468992174908e-14 5.398645486850864e-16
2440.678951046325 2.861255950594756e-14 5.440792258119462e-16
2442.052849332808 2.891558723689368e-14 5.612503835978038e-16
2443.4267444882385 3.0164090084223993e-14 6.329944977467167e-16
2444.800636480426 3.353814418565783e-14 6.159410775405274e-16
2446.1745252771802 4.028242379960391e-14 6.481930746170966e-16
2447.5484108463115 3.4569420351467095e-14 5.689853296534525e-16
2448.9222931556324 3.0813821953008455e-14 5.598222860487331e-16
2450.2961721729544 2.872342256621599e-14 5.799470477216664e-16
2451.6700478660905 2.7799458698560264e-14 5.366403177713629e-16
2453.043920202855 2.999132246803843e-14 5.415952487545638e-16
2454.4177891510617 3.025972688023258e-14 5.41496145899735e-16
2455.7916546785273 2.8719095921921414e-14 5.32978435521705e-16
2457.1655167530657 2.964747452529823e-14 5.561452630851429e-16
2458.5393753424955 2.85573871678952e-14 5.36295204784916e-16
2459.913230414634 2.930625238469452e-14 5.505361579688658e-16
2461.287081937301 2.969042926011939e-14 5.347731395182592e-16
2462.660929878314 2.875021252427175e-14 5.620642763809968e-16
2464.0347742054946 3.1376621136350313e-14 5.542530973600952e-16
2465.4086148866636 3.57921971141234e-14 5.889683191868391e-16
2466.782451889643 3.644483938811463e-14 5.990652695554656e-16
2468.1562851822555 3.1555151964708997e-14 5.521055512014504e-16
2469.5301147323244 3.129071844297157e-14 5.503721512144536e-16
2470.9039405076755 3.1688095479846454e-14 6.287221165003252e-16
2472.2777624761334 3.032029651222484e-14 5.474087005693661e-16
2473.651580605525 2.7474048969015896e-14 5.677240975949908e-16
2475.0253948636764 3.1168454319233097e-14 5.618008491344007e-16
2476.3992052184167 3.072336899863706e-14 5.47304039060821e-16
2477.773011637575 3.0206800873556344e-14 5.57185366604812e-16
2479.1468140889815 3.1851745633387774e-14 6.06300677930471e-16
2480.520612540467 3.134743238098793e-14 5.686169232609561e-16
2481.894406959863 3.0459328500187163e-14 5.793186022143629e-16
2483.268197315002 3.1272842659652716e-14 5.529063149739609e-16
2484.641983573719 3.1064557257922884e-14 5.806741196277658e-16
2486.0157657038476 2.96184856697114e-14 5.462744705134334e-16
2487.389543673224 2.936185840361587e-14 5.521181508165408e-16
2488.7633174496855 3.104713548426376e-14 5.625690550780011e-16
2490.137087001068 2.956068752952255e-14 5.557703980664237e-16
2491.510852295212 3.1152055761374253e-14 6.298081715573828e-16
2492.884613299956 3.359842582644802e-14 5.920415664777145e-16
2494.2583699831416 3.122218670127512e-14 5.570816580083326e-16
2495.632122312609 3.1389265644186926e-14 5.665671035286006e-16
2497.0058702562023 3.2447938243642185e-14 6.068898952244048e-16
2498.3796137817653 3.1563713773739843e-14 5.79391499987386e-16
2499.753352857141 3.031910388983511e-14 6.054575625105978e-16
2501.127087450177 3.0400239481786703e-14 5.356859763376034e-16
2502.50081752872 3.151391162457308e-14 5.929810848348972e-16
2503.8745430606164 3.0858159045599534e-14 5.3725589896578e-16
2505.2482640137164 3.003343355804412e-14 5.288432736127687e-16
2506.62198035587 2.95977536912944e-14 5.28963869928634e-16
2507.995692054928 2.9209839706506244e-14 5.529268025833726e-16
2509.3693990787424 2.8817168784686306e-14 5.191098062576327e-16
2510.7431013951677 3.2275055430975794e-14 5.571725022919256e-16
2512.116798972056 3.150216158352877e-14 5.326223111069438e-16
2513.490491777265 3.0435875851943586e-14 5.298834830115562e-16
2514.8641797786504 3.103030324553592e-14 5.331427599134723e-16
2516.23786294407 2.939307664991987e-14 5.156660349918928e-16
2517.611541241383 2.7996256639459434e-14 5.070759032968725e-16
2518.9852146384487 2.915189587665047e-14 5.295129060971324e-16
2520.358883103129 2.974126817761359e-14 5.204814702365927e-16
2521.7325466032858 3.1087200142668886e-14 5.313851136083605e-16
2523.1062051067834 3.372288207145399e-14 5.5244849366597e-16
2524.479858581485 3.2763376701331476e-14 5.482958617024965e-16
2525.8535069952577 2.941136578531699e-14 5.116632749205242e-16
2527.2271503159677 3.0425328597684376e-14 5.286295036727054e-16
2528.6007885114836 3.173274428056212e-14 5.347905566332372e-16
2529.974421549675 3.102954430401518e-14 5.468263654181287e-16
2531.348049398412 2.946868281079179e-14 5.290912954476366e-16
2532.7216720255674 3.1164080241093475e-14 5.568604235904216e-16
2534.095289399013 3.074365374365791e-14 6.179302285380358e-16
2535.4689014866235 3.278612123003115e-14 5.308373479892829e-16
2536.842508256275 3.318225821067125e-14 5.452185910051217e-16
2538.2161096758437 3.0012257734362766e-14 5.203251926578242e-16
2539.589705713208 2.8103806106838207e-14 5.114773511886018e-16
2540.9632963362465 2.92034666306111e-14 5.363541265143094e-16
2542.336881512841 3.042704299236962e-14 5.163779132445008e-16
2543.710461210872 2.9213105865550856e-14 5.208172129210606e-16
2545.0840353982235 2.971866933858085e-14 5.291456114353793e-16
2546.4576040427787 3.1472728882677575e-14 5.284046693647686e-16
2547.8311671124247 2.86762496073175e-14 5.179762644159697e-16
2549.204724575048 2.8072269376146035e-14 5.187447879969253e-16
2550.578276398537 2.8762355588603586e-14 5.480703391802901e-16
2551.9518225507804 3.0011708857012945e-14 5.225188491725353e-16
2553.325362999671 2.7321069736544086e-14 5.024010225818576e-16
2554.698897713099 2.7638430959023644e-14 5.024253218395319e-16
2556.07242665896 2.7265463717622736e-14 5.150283780012879e-16
2557.445949805148 2.7211082508343115e-14 5.920456957633324e-16
2558.819467119559 2.954180208293057e-14 5.016101585069181e-16
2560.192978570091 3.080031685969743e-14 5.359364863317538e-16
2561.5664841246426 2.898729365807644e-14 5.105889195060505e-16
2562.9399837511155 2.981936461535044e-14 5.298958179288506e-16
2564.313477417411 2.8687755702873005e-14 5.25815766101045e-16
2565.686965091432 2.752460667157161e-14 5.177117783781895e-16
2567.0604467410835 2.617968267572355e-14 4.916145344546069e-16
2568.433922334271 2.7733808562950373e-14 4.980168329864285e-16
2569.8073918389023 2.855624875561409e-14 5.091426107486138e-16
2571.1808552228867 2.7875385037886245e-14 4.946792055368914e-16
2572.554312454134 2.8915424606567805e-14 5.354727887326913e-16
2573.927763500556 2.8361588725873792e-14 5.209249449240395e-16
2575.3012083300664 2.84846744715711e-14 5.080844548392563e-16
2576.674646910579 2.683119500776314e-14 5.676901103979822e-16
2578.048079210011 2.6098370900918925e-14 7.624199144773121e-16
2579.421505196279 2.921685991557309e-14 5.196863180573577e-16
2580.794924837303 3.1386544974360345e-14 5.356949760626679e-16
2582.1683381010025 3.0851575905533474e-14 5.2239221774692075e-16
2583.5417449553006 2.9732953702203344e-14 5.269312555530197e-16
2584.9151453681197 2.950280468603898e-14 5.1533521568643075e-16
2586.288539307386 2.7341523888154383e-14 4.985906448686341e-16
2587.6619267410256 2.3384633191978442e-14 4.696361999952851e-16
2589.035307636966 2.666283704510098e-14 5.105890783247281e-16
2590.408681963138 2.9549757416371183e-14 5.164118475019502e-16
2591.782049687472 3.0366480136640936e-14 5.34394886367751e-16
2593.1554107778998 3.1464563485066044e-14 5.758369262242333e-16
2594.528765202358 3.005257311452028e-14 5.560511365488793e-16
2595.9021129287803 2.936306457853276e-14 5.422606990137504e-16
2597.275453925105 2.9890844031703334e-14 5.195532280055204e-16
2598.648788159271 2.9622981720595423e-14 5.240295324339633e-16
2600.0221155992185 2.5098748356348552e-14 4.860583688975331e-16
2601.39543621289 1.966280938525862e-14 4.533120222171227e-16
2602.7687499682293 2.5160856200173026e-14 4.818888492146738e-16
2604.142056833181 2.884912225558853e-14 5.118687862893517e-16
2605.515356775693 2.859987095239769e-14 5.170461693003252e-16
2606.8886497637127 2.86796445153701e-14 5.003006455704629e-16
2608.2619357651915 2.962554653635971e-14 5.029457177065013e-16
2609.63521474808 2.9295569605163746e-14 5.073542065596047e-16
2611.0084866803327 2.8070770127829395e-14 5.854335977583877e-16
2612.3817515299042 2.783160868110625e-14 5.295857509305963e-16
2613.755009264751 2.432030305496522e-14 5.04526069427841e-16
2615.1282598528323 2.4802957674903772e-14 4.701868243505596e-16
2616.5015032621072 2.996303834386371e-14 5.19868588959695e-16
2617.8747394605384 3.057192967206336e-14 5.533018264207695e-16
2619.2479684160885 2.944328876303311e-14 5.415382857888609e-16
2620.6211900967232 2.9910078455869585e-14 5.176474568137574e-16
2621.994404470409 3.0116334366657796e-14 5.722986578453153e-16
2623.3676115051144 2.995209467818519e-14 5.534987086414469e-16
2624.74081116881 3.0037014813345114e-14 5.169230848251773e-16
2626.114003429468 2.6021522989746332e-14 5.234194040141442e-16
2627.487188255062 1.9779655886266456e-14 4.2517731994825864e-16
2628.8603656135665 2.268031682600702e-14 4.49143455446329e-16
2630.23353547296 3.0131574183444795e-14 5.246678246992786e-16
2631.6066978012204 3.125406902140977e-14 5.1155713110432135e-16
2632.979852566328 2.981676253013647e-14 5.621535854173729e-16
2634.3529997362675 2.9486287543567524e-14 5.478374051197952e-16
2635.7261392790215 2.943290075096798e-14 5.08725182324295e-16
2637.099271162576 3.018443920374883e-14 5.851578885340564e-16
2638.472395354919 3.0096171594381355e-14 5.016066115564515e-16
2639.845511824041 3.217350973312716e-14 5.216311586438128e-16
2641.2186205379317 2.9761705388564944e-14 5.331272486226257e-16
2642.5917214645856 3.1331142243346335e-14 5.349453519043479e-16
2643.9648145719975 3.216826151698597e-14 5.107609201339023e-16
2645.3378998281646 3.1880734488974605e-14 5.113305497909308e-16
2646.7109772010845 3.079704392438924e-14 5.100761469356064e-16
2648.084046658759 3.200300200084487e-14 5.156127248557749e-16
2649.45710816919 2.992992613188965e-14 5.328961145071437e-16
2650.830161700381 3.0908899707271856e-14 5.343774163132139e-16
2652.203207220339 3.2379027031185365e-14 5.787734835732456e-16
2653.576244697072 3.258591313448633e-14 6.514942267103426e-16
2654.9492740985906 3.0597604934760533e-14 5.634210643438206e-16
2656.322295392905 2.9971373148064695e-14 5.04815754695802e-16
2657.695308548029 3.175199564538732e-14 5.31099981142491e-16
2659.0683135319787 3.101495500853167e-14 5.134512026535004e-16
2660.441310312772 3.000769730897475e-14 4.992378839194548e-16
2661.8142988584277 3.234023292220112e-14 5.272606984299425e-16
2663.187279136967 3.3803777106048566e-14 5.16977665510716e-16
2664.5602511164134 3.3925234854421255e-14 5.402181320010059e-16
2665.9332147647915 3.561527903649629e-14 5.858799311820315e-16
2667.3061700501294 3.4930883191378395e-14 5.362222540723337e-16
2668.679116940455 3.26387070040228e-14 6.164758200280409e-16
2670.0520554038 3.493565706906912e-14 5.90486255167878e-16
2671.4249854081977 3.443880787100048e-14 5.167233968078621e-16
2672.797906921682 3.517645837157815e-14 6.55546644088244e-16
2674.1708199122913 3.603759611147013e-14 6.867159742395446e-16
2675.5437243480633 3.5203922567859924e-14 5.390979309282621e-16
2676.9166201970393 3.530137201437564e-14 6.290110606144573e-16
2678.2895074272624 3.533789607506124e-14 6.262776323541085e-16
2679.662386006777 3.399906224610394e-14 8.587658888209893e-16
2681.035255903631 3.4032550540706585e-14 5.05458388004972e-16
2682.4081170858726 3.390726081528052e-14 5.29759286805665e-16
2683.7809695215524 3.4800772154416557e-14 5.259320743126149e-16
2685.1538131787247 3.45261674610485e-14 5.196219964929256e-16
2686.526648025444 3.346281585159261e-14 5.19907128958795e-16
2687.8994740297676 3.4657779440392875e-14 5.19648148635172e-16
2689.272291159755 3.4461382993110704e-14 5.278863381406082e-16
2690.645099383466 3.236276061046629e-14 6.637113005459466e-16
2692.0178986689657 3.193047226363738e-14 8.537118549829597e-16
2693.3906889843192 3.168075678639144e-14 4.750610754455345e-16
2694.7634702975934 3.1300225540771554e-14 5.123866410574793e-16
2696.1362425768584 3.311751778844671e-14 5.880628939057835e-16
2697.5090057901857 3.396693598048048e-14 6.805650327348207e-16
2698.8817599056497 3.701529236116788e-14 5.899635299603037e-16
2700.2545048913253 3.633865533784683e-14 5.499753692182242e-16
2701.627240715292 3.4682773688600455e-14 5.395519935275496e-16
2702.9999673456296 3.407066702333303e-14 6.255508251458051e-16
2704.37268475042 3.4819843948256934e-14 5.739465604441985e-16
2705.7453928977484 3.486343903998622e-14 5.542820552989795e-16
2707.1180917557003 3.425483231485685e-14 5.410069843726957e-16
2708.490781292366 3.239241015175198e-14 5.190535844457587e-16
2709.863461475836 3.5487580349368233e-14 5.234359211566157e-16
2711.2361322742036 3.48245127938622e-14 5.60351681640767e-16
2712.6087936555646 3.494049532126384e-14 8.49349370606804e-16
2713.981445588016 3.493930608700589e-14 6.916263301138962e-16
2715.354088039657 3.394790484422157e-14 4.973572590183134e-16
2716.7267209785914 3.401481705892287e-14 5.083956335682539e-16
2718.099344372922 3.522134095338726e-14 5.130259391744195e-16
2719.4719581907552 3.504988115607226e-14 5.259221746150438e-16
2720.844562400201 3.39737156321903e-14 5.336819493239589e-16
2722.21715696937 3.349159464300852e-14 5.3983241437265e-16
2723.589741866374 3.522790715279438e-14 6.179808387566342e-16
2724.9623170593295 3.4907650771701104e-14 5.071226489276491e-16
2726.3348825163544 3.447086976211995e-14 5.099401452080129e-16
2727.7074382055685 3.3800538052058265e-14 5.115324083301734e-16
2729.079984095094 3.436582751226505e-14 5.228843968288347e-16
2730.452520153055 3.6535702306432494e-14 5.289219947373042e-16
2731.8250463475792 3.696335907710582e-14 5.957396593858676e-16
2733.1975626467947 3.503273720921983e-14 5.211704256600656e-16
2734.5700690188337 3.4291458019496124e-14 5.07942259183236e-16
2735.9425654318297 3.721369797060094e-14 5.42054446491094e-16
2737.3150518539182 3.570863561981087e-14 5.236986601889421e-16
2738.6875282532387 3.581044220380726e-14 5.329194608527524e-16
2740.059994597931 3.5912614706036863e-14 5.391319181252707e-16
2741.432450856139 3.5733091155064e-14 5.475986477077878e-16
2742.804896996007 3.317566829434161e-14 5.06381865675716e-16
2744.177332985684 3.5734066937019235e-14 5.252905527341882e-16
2745.5497587933187 3.7479402041759244e-14 5.278278928672476e-16
2746.9221743870653 3.592668561735665e-14 5.164793983794937e-16
2748.294579735077 3.700567684315065e-14 5.327431721206051e-16
2749.666974805513 3.760325519930677e-14 5.58948253926285e-16
2751.0393595665305 3.7040750783430554e-14 5.598503969546701e-16
2752.4117339862933 3.6641493333412767e-14 5.430764976210747e-16
2753.784098032966 3.5377123864914484e-14 5.538915731102953e-16
2755.1564516747144 3.639692781648614e-14 7.67478183480078e-16
2756.5287948797086 3.614244184968127e-14 5.432973614620713e-16
2757.9011276161204 3.654096068696905e-14 5.193965798498375e-16
2759.273449852123 3.774321892351107e-14 5.344018214500066e-16
2760.645761555894 3.749933780920582e-14 5.451093766944851e-16
2762.0180626956117 3.7835071176311325e-14 5.145506514190365e-16
2763.390353239459 4.026944725485197e-14 5.703668933299834e-16
2764.762633155618 3.994064261725501e-14 5.547689933645323e-16
2766.134902412277 3.97484847228409e-14 5.726928458031437e-16
2767.5071609776237 3.850447453826282e-14 5.913057595443466e-16
2768.87940881985 3.75964281137519e-14 6.295996955732398e-16
2770.251645907149 3.6443755185942145e-14 5.365101393952818e-16
2771.623872207719 3.877069360545306e-14 5.200383661260603e-16
2772.9960876897576 3.806196080969465e-14 5.399502578314367e-16
2774.368292321466 3.8271069527449214e-14 5.887835601252193e-16
2775.7404860710494 3.905423619048054e-14 5.132525734273692e-16
2777.112668906713 3.7285617844086405e-14 5.057922778048678e-16
2778.484840796667 3.7603231482384245e-14 5.191697867782102e-16
2779.857001709122 3.727118440266519e-14 5.024959432115093e-16
2781.2291516122928 3.7636733329514047e-14 5.288353856184474e-16
2782.601290474396 3.9578264981760675e-14 5.165104209611869e-16
2783.9734182636507 4.1140610476707654e-14 5.23016692787284e-16
2785.345534948279 4.153173302230001e-14 5.279197430024655e-16
2786.717640496505 4.1264121432944487e-14 5.388172983249249e-16
2788.089734876556 3.995466609472975e-14 5.263675021870628e-16
2789.4618180566617 4.2215657917099234e-14 5.296009975236469e-16
2790.8338900050544 4.1943645144549777e-14 5.21513844580618e-16
2792.2059506899686 4.126363354196687e-14 5.235261301654982e-16
2793.5780000796417 3.9420998068509863e-14 5.0869003045698395e-16
2794.9500381423145 3.779217403973058e-14 4.974664203893908e-16
2796.3220648462293 3.283958256153005e-14 4.672515375509683e-16
2797.694080159631 2.485297497043914e-14 4.332442499796718e-16
2799.0660840507685 3.3829086450512524e-14 5.2638401932953425e-16
2800.4380764878915 3.899780685553446e-14 5.252416895210434e-16
2801.8100574392543 4.3068338880045826e-14 5.427070324373943e-16
2803.182026873112 3.8683652499793206e-14 6.167244241980601e-16
2804.5539847577243 3.071687394999752e-14 8.432290811068589e-16
2805.925931061352 3.6778461949115576e-14 5.127274130000716e-16
2807.2978657522585 4.507882579046253e-14 5.48508625790935e-16
2808.6697887987116 4.664057836234643e-14 5.507229816732945e-16
2810.0417001689802 4.629173970148101e-14 5.83262917012371e-16
2811.413599831337 4.820707431873496e-14 5.437519005173916e-16
2812.785487754056 5.156738615763254e-14 6.055447010250466e-16
2814.157363905415 5.2126573592487305e-14 5.6038990400251185e-16
2815.529228253696 5.293349105935964e-14 5.77142680451985e-16
2816.901080767179 5.786891826191701e-14 6.144294413670337e-16
2818.2729214141527 5.743888979899137e-14 6.006495388041864e-16
2819.6447501629045 5.989378779177809e-14 6.307248200249896e-16
2821.0165669817266 5.837171701940716e-14 6.260218284040377e-16
2822.3883718389116 5.676499716241942e-14 5.904139397300062e-16
2823.760164702757 4.679111305773247e-14 5.258422888202059e-16
2825.131945541563 2.463257360943178e-14 4.37028528490208e-16
2826.5037143236323 1.849206416248625e-14 4.581852145209135e-16
2827.8754710172693 4.164849820814491e-14 5.081112422562132e-16
2829.247215590783 5.32777828473642e-14 5.647700172518822e-16
2830.618948012484 5.1968476586948184e-14 5.623668259618442e-16
2831.990668250685 3.249770312335927e-14 4.988566661536312e-16
2833.362376273704 2.0341909580390283e-14 3.9375438283859423e-16
2834.7340720498596 3.584851464072045e-14 4.830744306430338e-16
2836.105755547474 5.3013464522107603e-14 5.88441994089239e-16
2837.4774267348735 5.669646542072297e-14 6.244833518740279e-16
2838.849085580385 5.698965740508558e-14 6.185135166013388e-16
2840.2207320523385 5.4047105603905604e-14 5.942932447493125e-16
2841.592366119069 5.248473978016789e-14 5.609201995670522e-16
2842.963987748913 4.959140736948697e-14 5.396596725909693e-16
2844.3355969102095 4.7242354613789145e-14 5.29933934411477e-16
2845.707193571301 4.767444306084251e-14 5.297486459542651e-16
2847.078777700533 4.804782873651936e-14 5.314331827281171e-16
2848.4503492662534 4.605241562443199e-14 5.289988100377083e-16
2849.8219082368123 4.372779129893298e-14 5.110722576815775e-16
2851.1934545805657 4.415409959315428e-14 5.158116717192613e-16
2852.564988265869 4.0606430842587624e-14 5.003227213666508e-16
2853.936509261083 3.684412733131852e-14 4.679216464913648e-16
2855.30801753457 3.853046150908458e-14 5.121500012278402e-16
2856.6795130546952 4.102086712302021e-14 5.79232734249335e-16
2858.050995789828 3.976174248253132e-14 5.273684304329214e-16
2859.42246570834 3.88472484432259e-14 5.113957183883102e-16
2860.7939227786064 3.951009238203386e-14 4.834381254147611e-16
2862.165366969004 3.927183217836659e-14 4.839290339472542e-16
2863.536798247913 3.530894787705588e-14 4.998604001961275e-16
2864.9082165837185 4.095728544186751e-14 4.891482392099984e-16
2866.2796219448055 4.04227907114911e-14 5.075588179559258e-16
2867.651014299565 3.996108660446994e-14 6.240243658957344e-16
2869.0223936163884 4.0136398707629056e-14 5.374164646488439e-16
2870.3937598636726 4.016255508504027e-14 4.835762447247228e-16
2871.765113009815 3.948703275707781e-14 4.835876796695107e-16
2873.136453023219 3.828377840978982e-14 4.930752957117061e-16
2874.5077798722873 3.786843411003778e-14 4.534335714450537e-16
2875.879093525429 3.810078202373321e-14 5.485383248836481e-16
2877.2503939510552 3.893867717955253e-14 7.395464250114202e-16
2878.621681117579 4.149621862488753e-14 4.616035747982358e-16
2879.9929549934172 3.9291605315487296e-14 4.854003831161941e-16
2881.364215546991 3.703532638443634e-14 4.539340090982033e-16
2882.735462746724 3.4744966235719654e-14 4.4135342577932923e-16
2884.10669656104 3.4613337315716336e-14 4.923210658117354e-16
2885.4779169583708 3.8708612866682895e-14 4.681245638217914e-16
2886.8491239071477 3.925266890496791e-14 4.808243934977712e-16
2888.220317375806 3.669388062713455e-14 4.459769815916964e-16
2889.591497332786 3.6871716888476486e-14 4.724805895717243e-16
2890.962663746528 3.694447363051384e-14 4.727307289889603e-16
2892.333816585478 3.877427486075405e-14 4.585974019288711e-16
2893.704955818083 3.658311921081979e-14 4.758334106747528e-16
2895.076081412795 3.762921167694243e-14 4.764726558521338e-16
2896.4471933380687 3.769877341070274e-14 5.110056067765404e-16
2897.818291562361 3.643159856908315e-14 4.889897381697434e-16
2899.189376054133 3.7104149505466644e-14 4.811461071990502e-16
2900.5604467818494 3.7953279706298346e-14 4.517122416775553e-16
2901.931503713976 3.7995035042466194e-14 4.575449105523484e-16
2903.3025468189835 3.8130512880181835e-14 4.87563281747008e-16
2904.6735760653464 3.690103100471506e-14 4.4086857882636495e-16
2906.04459142154 3.6351811453583585e-14 4.4174186979498414e-16
2907.415592856046 3.5840972659358095e-14 4.504412687402002e-16
2908.7865803373456 3.7450785880669205e-14 4.415667722029189e-16
2910.1575538339266 3.8205563387440356e-14 4.427897818996357e-16
2911.528513314279 3.7425791632461625e-14 4.3923541989471986e-16
2912.8994587468937 3.7748229970427025e-14 4.459593527184817e-16
2914.2703901002687 3.8499107737509017e-14 4.837817031539912e-16
2915.641307342902 4.607219892594806e-14 6.462316639486109e-16
2917.0122104432985 4.083270722411714e-14 4.580562008151348e-16
2918.3830993699617 3.805721064892645e-14 4.785014585794855e-16
2919.753974091402 3.719892232786903e-14 4.515850279167895e-16
2921.1248345761314 3.6565409445958597e-14 4.609435243740879e-16
2922.4956807926665 3.838220363826077e-14 4.4026655015910396e-16
2923.866512709525 3.8138620679552954e-14 4.4116350511068706e-16
2925.2373302952315 3.7891741068614426e-14 4.360776545975762e-16
2926.608133518309 3.682592967547971e-14 4.2474408906551767e-16
2927.9789223472885 3.621172914476667e-14 4.4193737558712227e-16
2929.3496967507012 3.752208572603728e-14 4.771260888313813e-16
2930.7204566970836 3.785745995117315e-14 4.2185512438022927e-16
2932.0912021549752 3.797609538576559e-14 5.279210135518864e-16
2933.4619330929177 3.7954699333517944e-14 4.687313570493807e-16
2934.832649479456 3.760039561607684e-14 4.2850803878531976e-16
2936.2033512831404 3.819945458582476e-14 4.304508411987455e-16
2937.5740384725227 3.7764296491370544e-14 4.246352718015751e-16
2938.944711016159 3.8798174742393776e-14 4.300357685848113e-16
2940.315368882609 3.8775145610623826e-14 4.3211621385216587e-16
2941.6860120404353 3.918633267267074e-14 4.2865131970230375e-16
2943.0566404582037 3.828019376635704e-14 4.3398280977011833e-16
2944.4272541044825 3.839660658649588e-14 4.482244776381173e-16
2945.797852947846 3.690325361916866e-14 4.2278109021025583e-16
2947.16843695687 3.816099929001941e-14 4.301873345428106e-16
2948.5390061001344 3.719597465321259e-14 4.35088002477828e-16
2949.909560346222 3.8770354792274156e-14 4.2987099420679074e-16
2951.2800996637193 3.874558077263286e-14 4.339918624347421e-16
2952.650624021217 3.845186701597475e-14 4.2149272662770243e-16
2954.021133387308 3.6647188782950105e-14 4.129112770203915e-16
2955.391627730589 3.855388366414206e-14 4.2167261524987557e-16
2956.7621070196615 3.857959619628891e-14 4.3279566662476183e-16
2958.1325712231283 3.8413377838851515e-14 4.1628140935927955e-16
2959.503020309597 3.7067977810487096e-14 4.2869351253098885e-16
2960.8734542476786 3.738630973272421e-14 4.461894280427797e-16
2962.2438730059876 3.9324080558685026e-14 4.3348398677352435e-16
2963.6142765531417 3.7750991297835074e-14 4.180511258838898e-16
2964.9846648577623 3.770935793441163e-14 4.1390069091212334e-16
2966.355037888474 3.8217940232865635e-14 4.161961501991825e-16
2967.725395613905 3.6564477709716617e-14 4.2512739794392984e-16
2969.0957380026884 3.736805786677677e-14 4.0648171461558013e-16
2970.466065023459 3.795552942580625e-14 4.0727763441842355e-16
2971.836376644855 3.706388833541775e-14 4.562826197027027e-16
2973.206672835521 3.644846130099709e-14 6.305205792055829e-16
2974.5769535641016 3.80908209162735e-14 4.1297281925796545e-16
2975.9472187992465 3.62685447267367e-14 3.975650781891729e-16
2977.317468509609 3.3431783952537e-14 3.8567789721674487e-16
2978.687702663847 3.567898607852518e-14 4.0523845553746803e-16
2980.0579212306207 3.625882417663401e-14 4.0480535700362506e-16
2981.428124178593 3.696781447040838e-14 3.988224456598127e-16
2982.798311476432 3.7420790749941035e-14 4.44331620091655e-16
2984.1684830928093 3.8889261277409715e-14 4.727965858006093e-16
2985.5386389964006 3.709036319721713e-14 4.040165046319353e-16
2986.908779155883 3.843428938825333e-14 4.1196360597109156e-16
2988.2789035399387 3.821176366861426e-14 4.366201262607334e-16
2989.649012117254 3.8984996329240185e-14 4.161935561607815e-16
2991.019104856519 3.845679674772777e-14 4.457114897022914e-16
2992.3891817264252 3.8300407360610314e-14 4.115962318999996e-16
2993.7592426956703 3.8191810960508735e-14 4.871848168382629e-16
2995.1292877329547 3.884140052775806e-14 3.939710379846341e-16
2996.4993168069823 3.793512948430458e-14 4.041879229246359e-16
2997.86932988646 3.814340133350726e-14 5.219988768220395e-16
2999.239326940101 3.775118442134705e-14 4.0075590424103907e-16
3000.6093079366183 3.8911460316891355e-14 4.013056815633663e-16
3001.9792728447333 3.851485577406437e-14 3.995769667273591e-16
3003.349221633166 3.604552095172464e-14 4.2290658343534747e-16
3004.7191542706437 3.8636770920228575e-14 4.0708567557675205e-16
3006.089070725897 4.025818510478528e-14 4.3555424117573227e-16
3007.4589709676584 3.894258369550527e-14 4.71942511891981e-16
3008.8288549646663 3.8207674193544913e-14 4.384918837857082e-16
3010.198722685661 3.8606711414996414e-14 4.212176526780816e-16
3011.5685740993877 3.7992405852197916e-14 4.1709887556271876e-16
3012.9384091745947 3.6550525383009444e-14 4.212785331711655e-16
3014.3082278800357 3.818837878300646e-14 3.9701027160872135e-16
3015.6780301844656 3.7507767481096896e-14 4.0859601473104527e-16
3017.047816056646 3.7597305639885253e-14 3.8704402901176805e-16
3018.417585465338 3.794933592089593e-14 4.1668994393765214e-16
3019.787338379311 3.796257335179562e-14 5.201570566177943e-16
3021.1570747673363 3.830634675563646e-14 4.0334200170812485e-16
3022.5267945981886 3.8829935089784023e-14 3.9427882858184265e-16
3023.896497840647 3.888562242386831e-14 4.014533299939846e-16
3025.2661844634945 3.853999232380709e-14 4.071379533914654e-16
3026.6358544355176 3.892436571087572e-14 3.9248679803302816e-16
3028.0055077255056 3.8393658911839434e-14 3.8826732987606047e-16
3029.3751443022543 3.8308162794275374e-14 3.982764005764093e-16
3030.744764134561 3.753529944001445e-14 4.0145928569439496e-16
3032.1143671912278 3.894247188715623e-14 3.9871034614319953e-16
3033.483953441061 3.81041159454136e-14 4.3225780070325535e-16
3034.8535228528704 3.728924992136423e-14 3.8514892514118456e-16
3036.2230753954686 3.843342202651534e-14 3.935811381311011e-16
3037.5926110376727 3.8522658641574475e-14 4.118632855064011e-16
3038.9621297483054 3.846500957918435e-14 4.446477221996584e-16
3040.3316314961917 3.8361115906005924e-14 3.8960712424037996e-16
3041.70111625016 3.845524837150019e-14 4.020823048968801e-16
3043.070583979043 3.8048154172654405e-14 4.0938171719896244e-16
3044.440034651679 3.9122134351532445e-14 3.9916591751992434e-16
3045.8094682369083 3.8626738662001295e-14 4.254669522766604e-16
3047.178884703575 3.84162204814225e-14 3.8932130356024084e-16
3048.5482840205286 3.764627092050013e-14 3.907586920019518e-16
3049.9176661566216 3.8994987929885996e-14 4.305036748788305e-16
3051.28703108071 3.8215039992054237e-14 5.35680947079479e-16
3052.656378761656 3.695154127342573e-14 4.1193838027113114e-16
3054.0257091683225 3.700935974240531e-14 4.2707920008242016e-16
3055.3950222695785 3.753456421541623e-14 3.8801419937372944e-16
3056.764318034296 3.750448776952513e-14 3.979363433178663e-16
3058.1335964313525 3.746694049303924e-14 3.791872690303924e-16
3059.502857429628 3.8027371372260574e-14 3.945571053747953e-16
3060.8721009980063 3.6702970984724484e-14 4.3517834383560857e-16
3062.2413271053765 3.6052470010023915e-14 3.789423970992971e-16
3063.6105357206307 3.791817866096413e-14 3.9250381810131206e-16
3064.9797268126663 3.717276933858961e-14 3.8360425468274794e-16
3066.3489003503823 3.691051099746073e-14 4.3041743633688817e-16
3067.718056302684 3.8023132819392513e-14 4.155818660239659e-16
3069.087194638481 3.913001853420549e-14 5.188754428290393e-16
3070.4563153266836 6.105876980237734e-14 2.3854154566069815e-15
