wavelength flux error
1150.583251953125 2.2345882807442603e-14 1.899282157057352e-14
1152.2596435546875 1.813740638527319e-14 1.7796562021363954e-14
1153.93603515625 1.980934439106772e-14 1.6813361751574947e-14
1155.6123046875 2.2178487074208525e-14 1.6670533361943032e-14
1157.2886962890625 1.1713589828459513e-14 1.522563914952823e-14
1158.965087890625 2.264625254900024e-14 1.4350928553689447e-14
1160.6414794921875 4.495466431292221e-15 1.2342939543434194e-14
1162.31787109375 9.402409821657556e-16 1.1423885925773702e-14
1163.9942626953125 9.59613451526585e-15 1.0904555626251988e-14
1165.670654296875 6.899234974283835e-15 9.16780858856419e-15
1167.3470458984375 8.018338292328005e-15 8.576638036654049e-15
1169.0234375 1.0767863143289983e-14 8.138385730843516e-15
1170.6998291015625 2.4767048560137873e-14 7.953505543512214e-15
1172.376220703125 2.111965862069097e-14 7.30698901179553e-15
1174.0526123046875 6.8717966125069526e-15 6.4318925924492735e-15
1175.72900390625 8.078627556414725e-15 6.1404514251886446e-15
1177.4053955078125 4.702487636348276e-15 5.656439858468592e-15
1179.081787109375 1.9062141052910916e-14 5.774913509768104e-15
1180.7581787109375 1.352875009420643e-14 5.136476401818805e-15
1182.4345703125 1.552194821513673e-14 4.937110680540034e-15
1184.1109619140625 1.0590704508305852e-14 4.511349146086186e-15
1185.787353515625 1.4924200452391158e-14 4.407372463678932e-15
1187.4637451171875 1.6214279064904503e-14 4.261971211469732e-15
1189.14013671875 1.1342367474929949e-14 3.918753037725816e-15
1190.8165283203125 1.0687489880990917e-14 3.648062483607023e-15
1192.492919921875 1.0205532369167956e-14 3.651193964413022e-15
1194.169189453125 1.0139127527202061e-14 4.358177637135349e-15
1195.845703125 9.5601330739087e-15 3.6351685245674444e-15
1197.52197265625 1.5271251873737873e-14 4.246351076889416e-15
1199.1983642578125 1.1466399356429343e-14 3.503696305659368e-15
1200.874755859375 1.2704991918276783e-14 3.039648881989626e-15
1202.5511474609375 1.2981580362807308e-14 2.7618957671566267e-15
1204.2275390625 1.8431452178846626e-14 4.390205646936929e-15
1205.9039306640625 3.4859247920963204e-14 3.612454912570347e-15
1207.580322265625 7.819425310159542e-14 8.415611991183323e-15
1222.6678466796875 9.99319442300528e-14 9.890930780030553e-15
1224.34423828125 2.975260825471143e-14 4.513912267784578e-15
1226.0206298828125 1.2618766505345137e-14 2.0815614450208145e-15
1227.697021484375 1.014913860960566e-14 1.847999097837256e-15
1229.3734130859375 1.007538067462465e-14 1.8281946204975032e-15
1231.0498046875 1.023851837323288e-14 1.7635458895895028e-15
1232.7261962890625 8.355155014573047e-15 1.6700592867175193e-15
1234.402587890625 8.675960273016141e-15 1.6709895406518413e-15
1236.078857421875 1.3829370557516454e-14 1.8277342580906705e-15
1237.75537109375 1.739791443506819e-14 2.0170005937810917e-15
1239.431640625 1.8606627062668288e-14 1.9522224785903982e-15
1241.1080322265625 2.5576078527180662e-14 2.3970284900720748e-15
1242.784423828125 1.744237519446957e-14 1.8764818512381027e-15
1244.4608154296875 1.6653103117954433e-14 1.847778657512733e-15
1246.13720703125 9.81636562265081e-15 1.6002094558760223e-15
1247.8135986328125 1.0250471702184533e-14 1.6009362101447665e-15
1249.489990234375 1.0163879523986726e-14 1.5899938150156618e-15
1251.1663818359375 6.352989355830167e-15 1.3883178113732546e-15
1252.8427734375 5.8458300727275495e-15 1.5508053063153495e-15
1254.5191650390625 6.5676859499377675e-15 1.3688400769929052e-15
1256.195556640625 4.998144910103863e-15 1.3134306755944363e-15
1257.8719482421875 5.769952861312509e-15 1.3244829732484472e-15
1259.54833984375 4.540985558361193e-15 1.2677989990225974e-15
1261.2247314453125 4.300058047943022e-15 1.236274444429042e-15
1262.901123046875 4.221413156372828e-15 1.2351532904442326e-15
1264.5775146484375 6.2599017054763405e-15 1.2973422376734065e-15
1266.25390625 6.281189337506736e-15 1.2680307684127898e-15
1267.9302978515625 6.529754544010299e-15 1.2840499613903816e-15
1269.606689453125 5.77872304044838e-15 1.245846022612134e-15
1271.2830810546875 5.321260874427067e-15 1.2146106238909477e-15
1272.95947265625 6.636322300203204e-15 1.2614699688407133e-15
1274.6358642578125 7.265870644404017e-15 1.2903078408046964e-15
1276.312255859375 4.40430027517924e-15 1.1988424703030984e-15
1277.988525390625 6.5718376819287345e-15 1.2681488236298134e-15
1279.6650390625 5.409855862028657e-15 1.2152169936020633e-15
1281.34130859375 5.9483701872562605e-15 1.2213581942278938e-15
1283.0177001953125 8.93138136419478e-15 1.329116984623757e-15
1284.694091796875 7.818240311066333e-15 1.2787185242621262e-15
1286.3704833984375 7.504374793560094e-15 1.2567764534008588e-15
1288.046875 6.748494026375144e-15 1.2743303641997569e-15
1289.7232666015625 5.749524967723577e-15 1.1896710093084657e-15
1291.399658203125 7.307678496614595e-15 1.2468129107214248e-15
1293.0760498046875 7.440964213062742e-15 1.234588848864006e-15
1294.75244140625 6.499242723184305e-15 1.189474074148229e-15
1296.4288330078125 6.822239255861945e-15 1.2066898070429359e-15
1298.105224609375 3.8931154679947965e-15 1.0836938468380334e-15
1299.7816162109375 4.807756467516567e-15 1.1226442334010488e-15
1301.4580078125 6.933495339417903e-15 1.223958691255083e-15
1303.1343994140625 4.937693439207745e-15 1.138006340569808e-15
1304.810791015625 5.543343172318251e-15 1.157297092427051e-15
1306.4871826171875 7.178286590624975e-15 1.2378485492823958e-15
1308.16357421875 8.184726903387798e-15 1.2721522189758925e-15
1309.8399658203125 6.707924536333452e-15 1.2202641452973965e-15
1311.516357421875 7.638712524928731e-15 1.228555539059832e-15
1313.1927490234375 6.857615586904021e-15 1.2099588248237455e-15
1314.869140625 6.9785896794638275e-15 1.2001057140648098e-15
1316.5455322265625 7.715152166220748e-15 1.2381739158132598e-15
1318.221923828125 6.350215746444383e-15 1.1837675073034584e-15
1319.898193359375 6.8449795493968815e-15 1.2131684444191288e-15
1321.57470703125 7.977299546033535e-15 1.2432473255299579e-15
1323.2509765625 8.499194661319535e-15 1.2924293407002132e-15
1324.927490234375 9.107857290623425e-15 1.3053569692994451e-15
1326.603759765625 1.0337216346312846e-14 1.349129196793824e-15
1328.2801513671875 8.919490715681225e-15 1.3001964210682983e-15
1329.95654296875 9.52023273989534e-15 1.3270716118143747e-15
1331.6329345703125 7.88705411473422e-15 1.2562206939083415e-15
1333.309326171875 6.936830531647717e-15 1.2177622217294441e-15
1334.9857177734375 7.905036624204428e-15 1.2365317306867706e-15
1336.662109375 7.006369819034927e-15 1.3601353311522096e-15
1338.3385009765625 7.524121672659433e-15 1.2188644233520588e-15
1340.014892578125 8.282110281333625e-15 1.2741360760174804e-15
1341.6912841796875 7.993371149174738e-15 1.2941555938467174e-15
1343.36767578125 1.0020205795473452e-14 1.3526216195144719e-15
1345.0440673828125 8.76777779746556e-15 1.2760363944346455e-15
1346.720458984375 7.382214007841184e-15 1.232239814743033e-15
1348.3968505859375 9.4144315485197e-15 1.3007496394619737e-15
1350.0732421875 9.597903120059717e-15 1.3101717163298754e-15
1351.7496337890625 8.362258232868722e-15 1.28197197781253e-15
1353.426025390625 7.393829370646882e-15 1.2423843048358241e-15
1355.1024169921875 1.2465445918595584e-14 2.0968832122454607e-15
1356.77880859375 8.839389350958227e-15 1.5322284973535234e-15
1358.4552001953125 9.87471433425537e-15 1.3100796014968615e-15
1360.131591796875 6.148089968306984e-15 1.2124880652042468e-15
1361.807861328125 7.128986731995933e-15 1.238538881134408e-15
1363.484375 8.941516960441626e-15 1.307641946553782e-15
1365.16064453125 9.107202534155198e-15 1.3388456874185647e-15
1366.837158203125 8.936362764957583e-15 1.3260747599145748e-15
1368.513427734375 8.359817930947682e-15 1.296238765501371e-15
1370.1898193359375 7.693244506072963e-15 1.2744559368341873e-15
1371.8662109375 6.7592903083208474e-15 1.2489731623742785e-15
1373.5426025390625 7.228704532744393e-15 1.2709519732896331e-15
1375.218994140625 1.0346810688506396e-14 1.3965382661263576e-15
1376.8953857421875 9.23422105382661e-15 1.3821139303093273e-15
1378.57177734375 7.508996205320313e-15 1.2904197550328523e-15
1380.2481689453125 9.307986612104146e-15 1.3592935921608756e-15
1381.924560546875 9.100959901333933e-15 1.3564913954131215e-15
1383.6009521484375 7.615045577349499e-15 1.3126764986340247e-15
1385.27734375 8.551364267573875e-15 1.33328226914188e-15
1386.9537353515625 9.239501457219794e-15 1.3614807371098046e-15
1388.630126953125 1.0972103962696676e-14 1.4209526144024235e-15
1390.3065185546875 5.640407218842963e-15 1.2562185763259734e-15
1391.98291015625 4.623008417325037e-15 1.2212199160992546e-15
1393.6593017578125 4.868392168078713e-15 1.2343567618364583e-15
1395.335693359375 8.534689576974227e-15 1.3408142978671021e-15
1397.0120849609375 8.0157175723892e-15 1.3438185119727763e-15
1398.6884765625 8.749846957005133e-15 1.38536346633235e-15
1400.3648681640625 6.88937847539311e-15 1.3176279356063181e-15
1402.041259765625 7.959316189530379e-15 1.3842217717985696e-15
1403.717529296875 1.0487407993355242e-14 1.4471350380767644e-15
1405.39404296875 1.0862082006144868e-14 1.4930060014562026e-15
1407.0703125 7.673340925878382e-15 1.3806030352896625e-15
1408.746826171875 8.438603853503594e-15 1.4117458956613613e-15
1410.423095703125 8.824558651084752e-15 1.430713822086582e-15
1412.0994873046875 1.38902840848853e-14 1.631056066474419e-15
1413.77587890625 9.926706910623733e-15 1.4858639255240728e-15
1415.4522705078125 7.962652652309613e-15 1.3815353009272342e-15
1417.128662109375 8.093919042211507e-15 1.3967472715060926e-15
1418.8050537109375 1.126638777252829e-14 1.5107871288432017e-15
1420.4814453125 9.743701207204705e-15 1.5230240020739478e-15
1422.1578369140625 1.0588464953193311e-14 1.5579245123579035e-15
1423.834228515625 7.449780979010712e-15 1.452809311790421e-15
1425.5106201171875 8.130670954759923e-15 1.4531906883749222e-15
1427.18701171875 7.745635187926536e-15 1.4282720378578848e-15
1428.8634033203125 1.1715342339627382e-14 1.5688407553447617e-15
1430.539794921875 8.681140726521548e-15 1.4786181939350227e-15
1432.2161865234375 8.805330156149132e-15 1.4943842299405038e-15
1433.892578125 1.0370939269041882e-14 1.5535054355929594e-15
1435.5689697265625 7.748896264773465e-15 1.4653040006744875e-15
1437.245361328125 1.0616743148137396e-14 1.6182320935321072e-15
1438.9217529296875 8.847620817139645e-15 1.5156373453782982e-15
1440.59814453125 8.884936006597986e-15 1.501741663999473e-15
1442.2745361328125 7.833518244335959e-15 1.4742285515649957e-15
1443.950927734375 7.784537717128032e-15 1.4726717050079423e-15
1445.627197265625 9.912694444577305e-15 1.5523999517176742e-15
1447.3037109375 1.1680366655169357e-14 1.6027696129590984e-15
1448.97998046875 1.1114289454321625e-14 1.5968563700751977e-15
1450.656494140625 1.2823185201670754e-14 1.6401588119212057e-15
1452.332763671875 9.101557059561748e-15 1.5050753739216292e-15
1454.0091552734375 9.287096238526013e-15 1.5212578324998042e-15
1455.685546875 1.0119897338200547e-14 1.5474966897442558e-15
1457.3619384765625 1.091627771520904e-14 1.5694774064837417e-15
1459.038330078125 9.44865591475351e-15 1.5126914706668662e-15
1460.7147216796875 9.578918570612906e-15 1.5325134180611561e-15
1462.39111328125 1.0731241673815443e-14 1.5499362505114666e-15
1464.0675048828125 1.0889652928577995e-14 1.5595440393530537e-15
1465.743896484375 8.767687164940204e-15 1.4731142797228826e-15
1467.4202880859375 1.1492659918893068e-14 1.5711555905104893e-15
1469.0966796875 1.3322744905170606e-14 1.7979968371367033e-15
1470.7730712890625 1.2555747254069417e-14 1.643786971671651e-15
1472.449462890625 9.681274878992063e-15 1.5414041935128925e-15
1474.1258544921875 7.442947964225212e-15 1.4725957896800446e-15
1475.80224609375 1.0567209508414912e-14 1.5757501089746335e-15
1477.4786376953125 7.973609870515295e-15 1.4747072310593128e-15
1479.155029296875 1.1615462755585997e-14 1.6059583743681556e-15
1480.8314208984375 9.450718439980074e-15 1.5410087350056431e-15
1482.5078125 1.0847220813085291e-14 1.7881663845091067e-15
1484.1842041015625 1.3189842894647565e-14 1.6385919068479036e-15
1485.860595703125 9.974848875213879e-15 1.5231159051487249e-15
1487.536865234375 9.795753075879376e-15 1.5110277920793403e-15
1489.21337890625 9.80139431530809e-15 1.5681256477790423e-15
1490.8896484375 1.2775806413766085e-14 1.643431429592041e-15
1492.566162109375 7.870911360825447e-15 1.4860648840908089e-15
1494.242431640625 1.0800904204496479e-14 1.6054835065221012e-15
1495.9188232421875 7.712794026495592e-15 1.4556199788676475e-15
1497.59521484375 9.487952314275478e-15 1.510258580284115e-15
1499.2716064453125 7.818882362040352e-15 1.4631267024835704e-15
1500.947998046875 8.933791172929719e-15 1.5678802199825754e-15
1502.6243896484375 8.75328167560625e-15 1.4729624490670873e-15
1504.30078125 1.2380106502126766e-14 1.5944606432630073e-15
1505.9771728515625 1.2849714273578759e-14 1.6044679140183433e-15
1507.653564453125 8.381550255275386e-15 1.4572943512461325e-15
1509.3299560546875 1.1587683463047845e-14 1.571258293255344e-15
1511.00634765625 9.26940510838966e-15 1.4907526820582694e-15
1512.6827392578125 7.137483319489841e-15 1.443769776177323e-15
1514.359130859375 6.144729788605226e-15 1.4121454834542285e-15
1516.0355224609375 6.539253171480809e-15 1.4595848342146265e-15
1517.7119140625 7.726328765959769e-15 1.5169267412822561e-15
1519.3883056640625 1.0245133700550937e-14 1.545960277857055e-15
1521.064697265625 1.0000823140541432e-14 1.5661766249674101e-15
1522.7410888671875 1.1062762746074251e-14 1.6045803576420913e-15
1524.41748046875 5.3369885821916846e-15 1.4342205384882149e-15
1526.0938720703125 6.727920019602811e-15 1.4712728300955518e-15
1527.770263671875 7.769285194846823e-15 1.5341307215948198e-15
1529.446533203125 9.159465314033735e-15 1.5314994137441743e-15
1531.123046875 7.141024764242311e-15 1.452442864161615e-15
1532.79931640625 9.858378456834623e-15 1.5387071347297164e-15
1534.475830078125 7.780006090860221e-15 1.4750567380291736e-15
1536.152099609375 7.27999576583243e-15 1.4546809369664977e-15
1537.8284912109375 8.381068293528398e-15 1.470322353249614e-15
1539.5048828125 9.869937915465803e-15 1.524276022649108e-15
1541.1812744140625 9.103358698640557e-15 1.4937693898999156e-15
1542.857666015625 9.684152249913886e-15 1.5495046872248406e-15
1544.5340576171875 9.59292002523102e-15 1.4925714735542612e-15
1546.21044921875 8.43493704787493e-15 1.4675741548522475e-15
1547.8868408203125 7.463495289459707e-15 1.4304443597302368e-15
1549.563232421875 1.249257299576435e-14 1.6016464472710392e-15
1551.2396240234375 8.477363234137003e-15 1.4657667983010436e-15
1552.916015625 9.098284124253557e-15 1.4688073289443313e-15
1554.5924072265625 9.865457958207775e-15 1.4938082475363709e-15
1556.268798828125 1.1279423609586534e-14 1.5120203029352856e-15
1557.9451904296875 8.788888399609979e-15 1.4482901792585825e-15
1559.62158203125 1.192217931501741e-14 1.5224783010976792e-15
1561.2979736328125 9.018496161721044e-15 1.7113881417964247e-15
1562.974365234375 8.175409540968001e-15 1.4229201660597769e-15
1564.650634765625 1.1892416271316788e-14 1.5054340923747913e-15
1566.3271484375 1.4427544377834493e-14 1.5450457999113755e-15
1568.00341796875 7.815136782347593e-15 1.3738144897338929e-15
1569.679931640625 7.599924345175115e-15 1.3627738387829067e-15
1571.356201171875 8.848331477782391e-15 1.4181355945780925e-15
1573.03271484375 6.881916538644273e-15 1.364705709177357e-15
1574.708984375 7.747806133370349e-15 1.3806142584762136e-15
1576.385498046875 7.96339719427025e-15 1.4127813934393797e-15
1578.061767578125 1.0718997812562883e-14 1.8113998629775818e-15
1579.73828125 1.588356182691264e-14 1.813084187993197e-15
1581.41455078125 1.0501721156097946e-14 1.4234030807188302e-15
1583.091064453125 8.95970445188507e-15 1.3797416027823048e-15
1584.767333984375 1.10441915487057e-14 1.41936919218665e-15
1586.4437255859375 1.1457081146976598e-14 1.4385591471231698e-15
1588.1201171875 1.022746205217237e-14 1.4869282224222978e-15
1589.7965087890625 1.0179237078353394e-14 1.3982130620213162e-15
1591.472900390625 9.447191394787707e-15 1.3764777730782972e-15
1593.1492919921875 1.079453959893081e-14 1.9876049506213416e-15
1594.82568359375 1.0638223903679765e-14 1.3792493707608317e-15
1596.5020751953125 1.0121767586948084e-14 1.362474836152526e-15
1598.178466796875 1.1100866523206486e-14 1.374357967248675e-15
1599.8548583984375 1.1103288190402686e-14 1.3722521374626823e-15
1601.53125 9.92806809256997e-15 1.3283713838719365e-15
1603.2076416015625 8.212079291320534e-15 1.2833779466258537e-15
1604.884033203125 8.226481392522699e-15 1.279416267652427e-15
1606.560302734375 8.288742549310626e-15 1.3229501612512721e-15
1608.23681640625 6.345909854457016e-15 1.2592290372996336e-15
1609.9130859375 1.023487528452674e-14 1.3327332859129409e-15
1611.589599609375 9.595655094617704e-15 1.3043554587184353e-15
1613.265869140625 8.804537333310502e-15 1.3006394192997123e-15
1614.9423828125 9.021804672413019e-15 1.2993866575707232e-15
1616.61865234375 1.1240919185870248e-14 1.3565713341475187e-15
1618.295166015625 1.5893411126023313e-14 1.4166786979088151e-15
1619.971435546875 1.5577938787016132e-14 1.4089351227050163e-15
1621.64794921875 1.1611564709962732e-14 1.3005626569388674e-15
1623.32421875 9.645519924222565e-15 1.2587364876408052e-15
1625.000732421875 9.069596812395948e-15 1.230079986606653e-15
1626.677001953125 8.134348771816902e-15 1.208340038982424e-15
1628.3533935546875 6.5311000558470125e-15 1.346805679540387e-15
1630.02978515625 9.024317819167522e-15 1.2549372272350145e-15
1631.7061767578125 1.3120636067692152e-14 1.57568986375626e-15
1633.382568359375 1.1368039349495332e-14 1.2858589061283615e-15
1635.0589599609375 1.2485173315937136e-14 1.2808164131142383e-15
1636.7353515625 1.3119793269909634e-14 1.3167029756279165e-15
1638.4117431640625 1.3073528330330604e-14 1.287312944061442e-15
1640.088134765625 1.4247670155221465e-14 1.2805790321307703e-15
1641.7645263671875 1.1199677151668436e-14 1.7472641163982622e-15
1643.44091796875 1.3212501873019564e-14 1.2460792743099842e-15
1645.1173095703125 1.1193627642359146e-14 1.2196139416312604e-15
1646.793701171875 1.1381103138640835e-14 1.7424903445866554e-15
1648.469970703125 1.1007920750871324e-14 1.204867627415155e-15
1650.146484375 1.2626479587362835e-14 1.2190200656561167e-15
1651.82275390625 1.2120037741166542e-14 1.2110418623259285e-15
1653.499267578125 1.0566065166903171e-14 1.1731170209038013e-15
1655.175537109375 8.722010066226568e-15 1.1297624865315371e-15
1656.85205078125 1.137529249262267e-14 1.1631189616317667e-15
1658.5283203125 1.2368440317344232e-14 1.1732015124402899e-15
1660.204833984375 1.3389596133499704e-14 1.1690410983616136e-15
1661.881103515625 1.3033960033232567e-14 1.1526722925350426e-15
1663.5576171875 1.1648469935474602e-14 1.1276643859211882e-15
1665.23388671875 1.40011878027352e-14 1.1836527343391055e-15
1666.910400390625 1.0475953566809523e-14 1.2496669882371982e-15
1668.586669921875 1.1178279405354898e-14 1.1332036637588761e-15
1670.2630615234375 5.847934949601476e-15 1.0406853254247227e-15
1671.939453125 1.0594993883150747e-14 1.0816305804576404e-15
1673.6158447265625 1.0410685443058842e-14 1.0714632204752734e-15
1675.292236328125 1.2214099902926184e-14 1.0820010514929457e-15
1676.9686279296875 1.1517068867334095e-14 1.2095712013712582e-15
1678.64501953125 1.0474617795851703e-14 1.0440301526543115e-15
1680.3214111328125 9.681706865795163e-15 1.0460975483203225e-15
1681.997802734375 1.2521774456620942e-14 1.0813718118922542e-15
1683.6741943359375 1.3597604555455785e-14 1.098265566387886e-15
1685.3505859375 1.3718753983835673e-14 1.0704523925318438e-15
1687.0269775390625 1.371451288986877e-14 1.0619792043231038e-15
1688.703369140625 1.2755934173790551e-14 1.0415569223274474e-15
1690.379638671875 1.3716899828714133e-14 1.0378638586774186e-15
1692.05615234375 1.3837369936670323e-14 1.0314801948704366e-15
1693.732421875 1.3035466057812785e-14 1.0135914942991362e-15
1695.408935546875 1.3940910397109742e-14 1.0337002682251901e-15
1697.085205078125 1.1420258083660612e-14 9.75428742497949e-16
1698.76171875 1.1903325208644476e-14 1.034618240181777e-15
1700.43798828125 1.2121387064651518e-14 9.670659862097072e-16
1702.114501953125 1.4538524328649646e-14 9.873614250215123e-16
1703.790771484375 1.2821536875555397e-14 1.048104169372368e-15
1705.46728515625 1.3681450652838593e-14 9.934286161435765e-16
1707.1435546875 1.6121434089490065e-14 1.0121062220261258e-15
1708.820068359375 1.805724996340862e-14 1.0024242119225355e-15
1710.496337890625 1.6523849278335216e-14 1.0428744820769015e-15
1712.1727294921875 1.3315311344025502e-14 9.355911948018031e-16
1713.84912109375 1.3364965262426497e-14 9.55691392519266e-16
1715.5255126953125 1.383007528892857e-14 9.293682554965626e-16
1717.201904296875 1.381133383793762e-14 9.2097299431897e-16
1718.8782958984375 1.3409590346219642e-14 9.08418589612122e-16
1720.5546875 1.3558682544496502e-14 8.834195239046546e-16
1722.2310791015625 1.6211890431993246e-14 9.133833673533346e-16
1723.907470703125 1.4104917998554803e-14 8.73062269723425e-16
1725.5838623046875 1.3952020928278876e-14 8.874623062827809e-16
1727.26025390625 1.470027035212554e-14 8.891580133036248e-16
1728.9366455078125 1.4664230794285762e-14 8.782013774330944e-16
1730.613037109375 1.6151454631206652e-14 8.914762366011414e-16
1732.289306640625 1.6599309749540207e-14 8.876115429001753e-16
1733.9658203125 1.6724994192319695e-14 8.812387846423892e-16
1735.64208984375 1.730259273531598e-14 8.804372797160498e-16
1737.318603515625 1.8744793382958515e-14 8.909324414490042e-16
1738.994873046875 1.6706782983953727e-14 8.580535870519076e-16
1740.67138671875 1.5848259187736975e-14 8.205181160877214e-16
1742.34765625 1.5160382037205863e-14 8.050987283159041e-16
1744.024169921875 1.6752077223775204e-14 1.0689478502592833e-15
1745.700439453125 1.6787047826035545e-14 8.386451505545554e-16
1747.376953125 1.8191813005541228e-14 8.263124567216512e-16
1749.05322265625 1.852192885014054e-14 8.220410283873254e-16
1750.729736328125 1.7992743322277523e-14 8.054005896824818e-16
1752.406005859375 1.5669435285978542e-14 7.716967251947596e-16
1754.0823974609375 1.481078782295149e-14 7.71862108377711e-16
1755.7587890625 1.555343242978617e-14 7.667489939916104e-16
1757.4351806640625 1.6850761644328013e-14 7.747717724306479e-16
1759.111572265625 1.71073092893265e-14 7.708690681261737e-16
1760.7879638671875 1.505759289499066e-14 7.381487147693321e-16
1762.46435546875 1.525455685434749e-14 7.342520455746071e-16
1764.1407470703125 1.5667378689982608e-14 7.321475922171538e-16
1765.817138671875 1.5880583659070094e-14 8.247930913725138e-16
1767.4935302734375 1.5724260340522524e-14 9.023996793680513e-16
1769.169921875 1.4313078039408442e-14 8.327663713236962e-16
1770.8463134765625 1.4861897790988815e-14 6.921510670247202e-16
1772.522705078125 1.6452828953839732e-14 7.046405148924257e-16
1774.198974609375 1.465792886915819e-14 6.789237475808378e-16
1775.87548828125 1.5631337438076938e-14 7.07962842809353e-16
1777.5517578125 1.6860316175973042e-14 6.986482861861935e-16
1779.228271484375 1.7820260309162235e-14 7.094984076636067e-16
1780.904541015625 1.4063321904581039e-14 6.577042487631375e-16
1782.5810546875 1.4168171877956912e-14 6.538208673977726e-16
1784.25732421875 1.442300089310542e-14 6.521107608168254e-16
1785.933837890625 1.5844012164539442e-14 6.50663763845119e-16
1787.610107421875 1.5210932963498e-14 6.480354206097889e-16
1789.28662109375 1.5582982021184084e-14 6.640787540263774e-16
1790.962890625 1.6249163269804225e-14 7.159449107273631e-16
1794.315673828125 1.519345359159846e-14 7.751235028619953e-16
1795.9920654296875 1.544251007721143e-14 7.802138002980792e-16
1797.66845703125 1.7202093970190152e-14 6.942453559868065e-16
1799.3448486328125 1.8435394270183147e-14 6.607505498183784e-16
1801.021240234375 1.8802135819421736e-14 6.624211105486007e-16
1802.6976318359375 1.6927125052654778e-14 6.930900559863108e-16
1804.3740234375 1.6997279709478168e-14 6.2618509400462095e-16
1806.0504150390625 1.7945483966018416e-14 6.4237533469799885e-16
1807.726806640625 1.7216989891600566e-14 6.269529823108662e-16
1809.4031982421875 1.9684242706955943e-14 6.604181952656995e-16
1811.07958984375 1.8798505436209804e-14 6.428188093854457e-16
1812.7559814453125 1.882005226032206e-14 6.41366253760023e-16
1814.432373046875 1.8174264176940014e-14 6.277513638032126e-16
1816.108642578125 1.8940625706297815e-14 6.451403149356329e-16
1817.78515625 1.8575725606686556e-14 6.25861050962737e-16
1819.46142578125 1.7943605246941406e-14 6.139296919281537e-16
1821.137939453125 1.883976441107056e-14 6.271702462618369e-16
1822.814208984375 1.813538536466104e-14 6.263991286424803e-16
1824.49072265625 1.870638721506411e-14 9.844205266286454e-16
1826.1669921875 1.7645458119837365e-14 6.08122116404423e-16
1827.843505859375 1.8908745080229057e-14 6.230771713024673e-16
1829.519775390625 1.8148568585452107e-14 6.095545549973484e-16
1831.1962890625 1.70516880238121e-14 5.830014485294654e-16
1832.87255859375 1.755680426344594e-14 5.876441419924846e-16
1834.549072265625 1.688821405312381e-14 5.756931423814369e-16
1836.225341796875 1.7648880132944272e-14 5.828974222956307e-16
1837.9017333984375 1.6878652745215203e-14 5.649743110108481e-16
1839.578125 1.7498364072283078e-14 5.720331659559103e-16
1841.2545166015625 1.7701496125561815e-14 5.755669874118552e-16
1842.930908203125 1.7076123230274493e-14 5.647089250005615e-16
1844.6072998046875 1.7465048572401672e-14 5.949274077290099e-16
1846.28369140625 1.7832393209098706e-14 6.196369999267532e-16
1847.9600830078125 1.7763214334230552e-14 5.629270853168937e-16
1849.636474609375 1.8208104837248718e-14 5.706421260982819e-16
1851.3128662109375 1.698571093348457e-14 5.545023368048248e-16
1852.9892578125 1.6763369867027998e-14 5.472814338690411e-16
1854.6656494140625 1.6889687890452032e-14 5.489219249296359e-16
1856.342041015625 1.698519254932085e-14 5.457645037396271e-16
1858.018310546875 1.7699058364739617e-14 5.592576327102697e-16
1859.69482421875 1.6804662723206645e-14 5.430762858628379e-16
1861.37109375 1.7384792200649327e-14 5.472007010412559e-16
1863.047607421875 1.7226236103252794e-14 5.44340747234411e-16
1864.723876953125 1.706080379239045e-14 6.229561514701284e-16
1866.400390625 1.7821598621218897e-14 5.53668962263845e-16
1868.07666015625 1.645916645435109e-14 5.34019809590795e-16
1869.753173828125 1.7147023276091466e-14 5.410778175029098e-16
1871.429443359375 1.8715899395061776e-14 5.680638636859582e-16
1873.10595703125 1.952338267994288e-14 5.797920936318781e-16
1874.7822265625 1.9089659459301314e-14 5.698526913914409e-16
1876.458740234375 1.7997791638643158e-14 5.525253619059333e-16
1878.135009765625 1.8729800899792114e-14 5.627546611725682e-16
1879.8114013671875 1.8514076854719494e-14 5.586947793168192e-16
1881.48779296875 1.8488774286519113e-14 5.574282533024372e-16
1883.1641845703125 1.884627131817137e-14 5.629887599033657e-16
1884.840576171875 1.8912222997510483e-14 5.640942437786509e-16
1886.5169677734375 1.7482195907385888e-14 5.385092430299204e-16
1888.193359375 1.8222539972735825e-14 5.492836079981135e-16
1889.8697509765625 1.888523652781096e-14 5.619709968776804e-16
1891.546142578125 1.7869452594606976e-14 5.410836937939814e-16
1893.2225341796875 1.8809379645186655e-14 5.568598941948296e-16
1894.89892578125 1.9353606784127016e-14 5.633550487134939e-16
1896.5753173828125 1.954475162713621e-14 5.657326172568776e-16
1898.251708984375 2.0238810424116384e-14 5.748890434166965e-16
1899.927978515625 1.9472010131691905e-14 5.609147467924543e-16
1901.6044921875 1.9710143280417085e-14 5.619148809449248e-16
1903.28076171875 2.0040160869194516e-14 5.663585216653393e-16
1904.957275390625 2.064426307311039e-14 5.734858274604514e-16
1906.633544921875 1.9999982708374456e-14 5.609595865990996e-16
1908.31005859375 1.9705755649750308e-14 5.564225075566911e-16
1909.986328125 2.1156404604008756e-14 5.751721641793163e-16
1911.662841796875 2.2717352494592766e-14 6.019461874277551e-16
1913.339111328125 2.3091085453777992e-14 6.08904774847686e-16
1915.015625 2.34282977404094e-14 6.197105329744867e-16
1916.69189453125 2.2235361948484862e-14 5.999078026401876e-16
1918.368408203125 2.1744093003472735e-14 5.933310682607908e-16
1920.044677734375 2.1081127091920372e-14 5.850372922181911e-16
1921.7210693359375 2.0296498450022085e-14 5.73910243906585e-16
1923.3974609375 1.8624575690820606e-14 5.998514749491952e-16
1925.0738525390625 1.9057353622693035e-14 6.125445813011561e-16
1926.750244140625 1.9182121575823594e-14 6.335059997677399e-16
1928.4266357421875 1.8294641111272006e-14 5.38721530662326e-16
1930.10302734375 1.7883494706806558e-14 5.314757990732759e-16
1931.7794189453125 1.8394723136187785e-14 5.347738806720881e-16
1933.455810546875 1.765626287211254e-14 5.233316831645442e-16
1935.1322021484375 1.7834580248168516e-14 5.278642623444203e-16
1936.80859375 1.8015171060654922e-14 5.28688478341658e-16
1938.4849853515625 1.794308008651411e-14 5.265546435288468e-16
1940.161376953125 1.7752712819750494e-14 5.238473674107444e-16
1941.837646484375 1.6758724738345256e-14 5.114387053103834e-16
1943.51416015625 1.731529992359069e-14 5.156756170521086e-16
1945.1904296875 1.7881992070358128e-14 5.175283428055497e-16
1946.866943359375 1.7644136748439648e-14 5.131959810385808e-16
1948.543212890625 1.8051190289703964e-14 5.161730900899429e-16
1950.2197265625 1.772182152816413e-14 5.153308217030169e-16
1951.89599609375 1.7073466934951903e-14 5.077552237205704e-16
1953.572509765625 1.7515511407267294e-14 5.106560468671204e-16
1955.248779296875 1.7594356622129513e-14 5.082465557695371e-16
1956.92529296875 1.8705114971577334e-14 5.197125760787226e-16
1958.6015625 1.827103430303203e-14 5.190503551326473e-16
1960.278076171875 1.8279692673818862e-14 5.838702396355523e-16
1961.954345703125 1.8568010830602964e-14 5.106358768950639e-16
1963.6307373046875 1.7375254609663243e-14 4.978204801613431e-16
1965.30712890625 1.8256832948638363e-14 5.127726233836313e-16
1966.9835205078125 1.76625376921858e-14 5.638676095257012e-16
1968.659912109375 1.676629043663013e-14 4.989554513711047e-16
1970.3363037109375 1.692201236178515e-14 4.980636844963235e-16
1972.0126953125 1.8137726563727252e-14 5.164606577755357e-16
1973.6890869140625 1.845117618805639e-14 5.23444338546529e-16
1975.365478515625 1.8554232992682926e-14 5.263224506221807e-16
1977.0418701171875 1.713116512525297e-14 5.090044914386521e-16
1978.71826171875 1.601829088750291e-14 5.187191652502709e-16
