wavelength flux error
2806.7264107016904 -6.169641785360419e-16 3.427454197383617e-16
2807.1164601045225 -1.9093689539714243e-16 3.4686148470770905e-16
2807.506509869843 4.376782833761173e-17 3.7363107201648607e-16
2807.896559997652 5.44304132986371e-16 3.749800927027299e-16
2808.2866104879495 3.222025075378884e-16 3.803571925778561e-16
2808.6766613407362 4.543965803564729e-16 3.623141842900643e-16
2809.0667125560108 1.1674006520850017e-16 3.6507120739042866e-16
2809.4567641337744 3.749089780701375e-16 3.7095565707981803e-16
2809.846816074027 -1.6714145828319935e-16 3.5109069590619516e-16
2810.2368683767677 -1.3603449182732013e-19 3.660710178541246e-16
2810.626921041997 8.193112634772922e-16 3.940585805278385e-16
2811.016974069715 5.381444815082657e-16 3.6304429338040964e-16
2811.407027459922 3.891148446561203e-17 3.6417656755128706e-16
2811.797081212617 3.822785329659626e-16 3.714459451948337e-16
2812.187135327801 1.6899919542794664e-16 3.639315835554129e-16
2812.5771898054736 5.645100811227649e-17 3.6811720496876176e-16
2812.9672446456348 1.2919110964325573e-16 3.7203278206421997e-16
2813.3572998482846 3.862594232905384e-16 3.769979078579492e-16
2813.747355413423 6.761033833322438e-16 3.920822247954793e-16
2814.1374113410498 1.1038924352674131e-16 3.712254974999408e-16
2814.5274676311656 -4.427131532163091e-16 3.498705627745338e-16
2814.91752428377 -3.706513181406726e-16 3.420451154709442e-16
2815.307581298863 2.2612523128254397e-16 3.6126330868730787e-16
2815.6976386764445 5.905864814272619e-17 3.646628921345749e-16
2816.0876964165145 -4.6387689249446436e-17 3.6912168795690455e-16
2816.4777545190736 -7.694022165369968e-17 3.6270764898910493e-16
2816.867812984121 -2.2549575256708334e-16 3.621410830334416e-16
2817.257871811657 -1.1794546958077437e-16 3.4967879232966074e-16
2817.6479310016816 2.66087093754654e-16 3.7719208587292394e-16
2818.037990554195 3.5274640895304705e-16 3.8355165554378114e-16
2818.428050469197 -2.3651978040151125e-16 3.4686888582621215e-16
2818.818110746687 -2.434294663129435e-16 3.493874892180346e-16
2819.2081713866664 4.188788724045986e-16 3.8726935229664324e-16
2819.598232389134 4.656685616026766e-16 3.794995387163361e-16
2819.9882937540906 -3.758282303172458e-16 3.5287149361662253e-16
2820.3783554815354 4.1000135101174163e-16 3.84820134351626e-16
2820.768417571469 6.62694530990355e-16 3.867791442091727e-16
2821.1584800238916 2.492810161895932e-16 3.787028909024153e-16
2821.5485428388024 -1.4548184457899153e-17 3.6219202570337477e-16
2821.938606016202 4.563597356499324e-16 3.7420005660851587e-16
2822.32866955609 4.129706356543235e-16 3.9298478596439646e-16
2822.718733458467 -1.5813243157471889e-16 3.6143937093778e-16
2823.108797723332 3.391814445321796e-16 3.790025094824432e-16
2823.498862350686 2.363085914171276e-16 3.756028585855699e-16
2823.888927340529 -2.0821965672325082e-16 3.749264349967409e-16
2824.27899269286 -5.241234511658358e-16 3.4731701525162137e-16
2824.66905840768 2.0473986814958749e-16 3.8070338703174315e-16
2825.0591244849884 5.943708932759264e-16 3.9935510120084646e-16
2825.4491909247854 1.0690163583982432e-15 4.168060213427067e-16
2825.839257727071 -4.549853266874289e-16 3.623445995693216e-16
2826.229324891846 3.823925925079377e-16 4.0469093457864785e-16
2826.6193924191084 -2.8720130699119524e-16 3.5934271194436645e-16
2827.00946030886 7.09161784927793e-17 3.7284721369353323e-16
2827.3995285611 2.162290548526626e-16 3.79013699178529e-16
2827.7895971758294 3.3079944600581045e-16 3.8446873494143486e-16
2828.1796661530466 2.328519242356756e-16 3.7823693637468974e-16
2828.5697354927524 6.89466726164752e-16 3.9847214989921577e-16
2828.9598051949474 5.881842046597792e-17 3.8164834391872325e-16
2829.3498752596306 3.666038683078149e-16 3.869314489558825e-16
2829.739945686803 2.3627534030747265e-17 3.7579570051240406e-16
2830.130016476463 2.408689732759482e-16 3.8882160360133905e-16
2830.5200876286126 -3.914705451038295e-16 3.4583598468120006e-16
2830.9101591432504 3.783967210838946e-16 3.897634803740551e-16
2831.3002310203765 -2.3242097151996473e-16 3.7088611097316737e-16
2831.6903032599917 3.440722550817646e-17 3.7920295366764843e-16
2832.0803758620955 2.837105857872748e-16 3.933790701851133e-16
2832.470448826688 2.5621696931327627e-16 3.9446555119440803e-16
2832.8605221537687 6.069677893352609e-16 3.869250567590055e-16
2833.250595843338 1.0137635142582356e-16 3.7806364548973876e-16
2833.6406698953965 2.2138430765914783e-16 3.866706734793425e-16
2834.030744309943 1.9794114255559365e-16 3.8828157807463905e-16
2834.4208190869786 -3.2851973525372617e-16 3.5719645383870126e-16
2834.810894226503 -3.5395376497457445e-16 3.667023991436802e-16
2835.2009697285157 1.785882131882479e-16 3.811819781038566e-16
2835.5910455930166 -4.196672827120915e-16 3.5365577446903196e-16
2835.9811218200066 -3.118749957947916e-16 3.703866203114937e-16
2836.3711984094853 5.386659145577333e-16 3.99042989643119e-16
2836.761275361452 2.1328762029172135e-16 3.797776077081905e-16
2837.1513526759086 2.8688220966172376e-16 3.7253416283638814e-16
2837.541430352853 2.8926039339747933e-16 3.8684198192936906e-16
2837.9315083922857 6.5541052955728356e-18 3.807947629434617e-16
2838.321586794207 4.970022911094452e-17 3.748764835018757e-16
2838.711665558618 -6.7360647991456036e-18 3.903870223549725e-16
2839.101744685516 7.256265117980595e-18 3.771337858352675e-16
2839.491824174904 -1.8701487394912488e-16 3.770138905301729e-16
2839.88190402678 1.50409383090277e-16 3.8063993233592967e-16
2840.2719842411448 4.738639876154847e-16 4.1175409509804164e-16
2840.6620648179983 -3.9315364949384423e-16 3.6987630781101337e-16
2841.0521457573404 -1.4630924620584289e-16 3.922875331597202e-16
2841.442227059171 2.6269986611402866e-16 3.955925362959331e-16
2841.8323087234903 4.566209544336578e-16 4.0351567672736176e-16
2842.222390750298 -4.742457328447297e-16 3.62069934745921e-16
2842.6124731395944 -2.5545578499984073e-16 3.733243244403004e-16
2843.00255589138 1.0508676057934888e-16 3.9566152837204883e-16
2843.3926390056536 -7.980392729579573e-17 3.7942675532141504e-16
2843.782722482416 -3.361945847422415e-16 3.680117550672028e-16
2844.1728063216665 2.61045851439644e-16 3.8622082259153695e-16
2844.562890523406 -3.836614081049986e-16 3.7541561768223436e-16
2844.9529750876345 -2.459380936588442e-16 3.745840096117753e-16
2845.3430600143515 -4.102354667954441e-16 3.6867178303471685e-16
2845.7331453035567 -1.7224367640127763e-16 3.676604547697185e-16
2846.123230955251 -6.507835668731536e-17 3.926280987414111e-16
2846.5133169694336 5.432898102558923e-16 3.948431489924782e-16
2846.9034033461053 -2.086817411348556e-16 3.723452370399159e-16
2847.293490085265 -1.159157580515251e-16 3.862253845406196e-16
2847.683577186914 6.323091546473647e-16 4.1986995179512553e-16
2848.073664651051 -4.949957921823134e-17 3.786817618171478e-16
2848.4637524776767 5.162758676779644e-16 4.131456967481232e-16
2848.8538406667913 -3.9856552160270065e-16 3.801392638713678e-16
2849.2439292183944 -3.9151812868854164e-17 3.894797547601832e-16
2849.6340181324863 -1.5620012917020964e-16 3.781883878381246e-16
2850.0241074090663 -1.3634950847268468e-16 3.9743750546437585e-16
2850.4141970481355 2.40965921136679e-16 4.0258764211686375e-16
2850.804287049693 4.1184593930302174e-16 3.962946421942766e-16
2851.1943774137394 1.0350047358473686e-16 3.9713462679391704e-16
2851.5844681402737 6.521269074988181e-17 4.028412954468011e-16
2851.9745592292975 5.1861728413732314e-17 3.893776671889244e-16
2852.3646506808095 -4.371351078266355e-16 3.801329183089416e-16
2852.75474249481 1.7362042499096707e-16 3.882643441217969e-16
2853.1448346712996 3.2431653988554017e-16 4.062038907733726e-16
2853.5349272102776 8.347883341983524e-18 3.9506906805333065e-16
2853.925020111744 3.365502152664473e-16 4.124352579712348e-16
2854.315113375699 1.0370987381797795e-16 3.8549866108081877e-16
2854.705207002143 3.193074872296638e-16 4.032296363065525e-16
2855.0953009910754 -1.7250565998706195e-17 3.863133282206343e-16
2855.4853953424968 1.1476197304895002e-16 3.9842455901459316e-16
2855.8754900564063 -6.916046945423284e-17 3.9140462538957685e-16
2856.2655851328045 4.102098851669499e-16 4.1643031113914496e-16
2856.6556805716914 6.558554452410169e-16 4.2404203246854813e-16
2857.045776373067 -5.104427256487402e-16 3.804705617634815e-16
2857.435872536931 -2.200113900264045e-18 4.0271917977184576e-16
2857.825969063284 -9.437177010792409e-17 3.983914826153343e-16
2858.216065952125 3.914113788517688e-16 4.331500582329421e-16
2858.6061632034553 -2.3354576248123013e-16 3.8270629455965517e-16
2858.9962608172737 1.818468547928432e-16 4.0385292535977856e-16
2859.386358793581 4.4428200708906505e-17 3.876522687497212e-16
2859.7764571323773 -4.0968731141281936e-18 4.040457613698563e-16
2860.1665558336617 -1.0784623674369106e-17 4.10894405330025e-16
2860.556654897435 -5.79779036099089e-16 3.7578324677974186e-16
2860.9467543236965 4.818262674161941e-16 4.0825436576463467e-16
2861.336854112447 2.8293832304238075e-16 4.0435350882079767e-16
2861.726954263686 6.660756540442659e-16 4.3291214654165507e-16
2862.1170547774136 1.6415198360169282e-16 4.0758781866482125e-16
2862.50715565363 -6.299816038980678e-16 3.8027641668320444e-16
2862.897256892335 -2.95826522519778e-17 4.09941855963032e-16
2863.2873584935282 1.691172798104797e-16 4.1487520479289263e-16
2863.6774604572106 2.12596124999816e-16 4.276403093328516e-16
2864.067562783381 -1.2770801071789714e-16 4.0673704967112134e-16
2864.4576654720404 -1.2593090939396068e-16 4.0769264220135727e-16
2864.8477685231883 -4.972396746419384e-16 3.9195544229312265e-16
2865.2378719368253 -3.124749403219032e-17 4.1903390192783535e-16
2865.6279757129505 1.306831506773848e-16 4.163035720128172e-16
2866.0180798515644 -2.5769872449882805e-16 3.9699531133287304e-16
2866.4081843526665 -4.088855036337487e-16 3.963817088093493e-16
2866.7982892162577 4.358777612869974e-16 4.4090550239476484e-16
2867.1883944423375 5.4849366121992586e-17 4.1797521649839195e-16
2867.5785000309056 9.816744125071682e-18 4.0653867011703455e-16
2867.968605981963 1.4477794939134816e-16 4.146849310128904e-16
2868.3587122955087 -5.469382567541891e-17 4.065141916536841e-16
2868.7488189715427 -4.867792912767136e-16 3.9105941397326494e-16
2869.1389260100655 8.810399541779058e-16 4.446063112910788e-16
2869.529033411077 2.707540563947613e-16 4.255488700828746e-16
2869.919141174577 -1.6256031317745633e-16 4.144764304430034e-16
2870.3092493005656 1.0605033231832889e-17 4.007011842091551e-16
2870.699357789043 -4.439057840002131e-16 3.944115401100785e-16
2871.089466640009 -1.9097938667111403e-16 4.225424891940268e-16
2871.4795758534638 1.88325152742664e-16 4.2285676171484543e-16
2871.869685429407 6.298858650661697e-17 4.167719868170326e-16
2872.2597953678387 7.643365795538345e-16 4.473175586420676e-16
2872.6499056687594 8.561470102747146e-16 4.490456633165877e-16
2873.040016332168 -2.224204557184208e-16 4.0143937547383693e-16
2873.430127358066 -2.2549515984599246e-16 4.001167580991443e-16
2873.8202387464526 -8.859706428229751e-17 4.2782666475289835e-16
2874.210350497327 1.2408859169201984e-16 4.2185319596216064e-16
2874.600462610691 3.9239316518775903e-16 4.3638837673355075e-16
2874.990575086543 6.546451710881723e-16 4.399852395839014e-16
2875.3806879248837 2.3457796512115703e-16 4.291087220315431e-16
2875.770801125713 1.7472809582772673e-16 4.252785266167321e-16
2876.1609146890314 4.32201193182915e-16 4.287066057181902e-16
2876.551028614838 1.5554406921647588e-16 4.174207625250615e-16
2876.9411429031334 3.750725001677176e-16 4.3307974618766966e-16
2877.3312575539167 5.466639064116751e-17 4.1613586601774495e-16
2877.7213725671895 -6.001932457244212e-16 3.8951794240228305e-16
2878.1114879429506 2.1345554158042241e-16 4.331084173132438e-16
2878.5016036812003 -7.759740432619539e-17 4.3134898816784016e-16
2878.8917197819387 -8.679036173195875e-18 4.147229407332495e-16
2879.2818362451662 2.251443020175134e-16 4.3064666541873596e-16
2879.671953070882 3.91989458666841e-17 4.204405455131066e-16
2880.062070259086 -5.388794404301816e-16 4.0195712600169006e-16
2880.452187809779 -2.7882487788215384e-17 4.184948752685114e-16
2880.84230572296 -5.154838876156661e-16 3.8258356229804786e-16
2881.2324239986306 8.116439631397725e-16 4.3741351975144477e-16
2881.622542636789 5.364171342191919e-16 4.3690988173508946e-16
2882.0126616374364 2.43859553893202e-16 4.4036208324697746e-16
2882.4027810005728 -3.5257033711158586e-16 4.1765249622994187e-16
2882.7929007261973 -3.4523108813252153e-16 4.058800887601591e-16
2883.1830208143106 1.169476720438356e-16 4.0790617232508514e-16
2883.5731412649125 2.377428301382888e-16 4.262174332843976e-16
2883.963262078003 1.277100968154952e-16 4.4197849405158873e-16
2884.353383253582 -2.721127932447854e-16 4.051534615743007e-16
2884.74350479165 6.160083899421532e-16 4.3888275516459493e-16
2885.1336266922062 -3.2298863270076727e-16 4.108558635047847e-16
2885.523748955251 9.88995591335122e-16 4.575341193363162e-16
2885.913871580785 -2.407382450987651e-16 4.192020684884996e-16
2886.303994568807 -2.048046366652772e-16 4.16409617923989e-16
2886.6941179193177 3.448772100130558e-16 4.473497012525791e-16
2887.0842416323176 -2.8913338740019983e-16 4.181162264446596e-16
2887.4743657078056 7.715347149181715e-17 4.36626015231858e-16
2887.8644901457824 3.2513839962006594e-17 4.326437378992903e-16
2888.254614946248 5.553071905287187e-17 4.286346927446738e-16
2888.644740109202 -8.635352288140041e-17 4.3454429178052545e-16
2889.034865634644 1.7080101231622095e-16 4.4355217348981147e-16
2889.4249915225755 4.2198157230300834e-16 4.550418093019293e-16
2889.815117772995 -3.6407659476727333e-16 4.0939431499557587e-16
2890.205244385904 -4.0125419063072525e-17 4.3152928057951415e-16
2890.5953713613007 1.2708076937372076e-16 4.401909587245816e-16
2890.9854986991863 -1.2046728925167928e-16 4.3031413718225287e-16
2891.3756263995606 -2.6268938686691984e-16 4.2462717559700705e-16
2891.765754462424 5.064496218731319e-16 4.650189087185001e-16
2892.1558828877755 -3.060939572731379e-16 4.2304196235718286e-16
2892.5460116756153 1.5484016013786011e-16 4.3822291877274874e-16
2892.9361408259447 7.099097265919909e-17 4.319593822663834e-16
2893.326270338762 2.8349547871932864e-16 4.4261170678202613e-16
2893.7164002140676 -1.3395283934158804e-16 4.2610626363663336e-16
2894.1065304518625 -8.481387644551434e-18 4.338290913716504e-16
2894.4966610521456 2.0379638640229873e-16 4.521978024176317e-16
2894.886792014918 -2.033455845713671e-16 4.2197320964934393e-16
2895.2769233401787 -1.2229208591999126e-16 4.373768725608511e-16
2895.6670550279273 -5.540205600206155e-16 4.200925096147116e-16
2896.0571870781655 1.2698846062253742e-16 4.454410318690883e-16
2896.4473194908915 6.775546828015673e-17 4.47529586790075e-16
2896.837452266107 -5.09222479469411e-16 4.1746691704213716e-16
2897.2275854038107 2.0555430431163632e-16 4.491326100399245e-16
2897.617718904003 -7.038243149445427e-17 4.483525918936131e-16
2898.0078527666838 -3.5493483021904207e-16 4.3313444104315346e-16
2898.397986991853 2.224191600700206e-16 4.483103990054155e-16
2898.7881215795114 -1.5899238592316296e-16 4.558799483593998e-16
2899.178256529658 1.14958629922254e-16 4.420332466255012e-16
2899.5683918422933 -5.829004474478404e-16 4.3219048849378916e-16
2899.9585275174177 2.5137476346745025e-17 4.539882019459037e-16
2900.3486635550303 -2.0096649347188921e-16 4.39087087688767e-16
2900.7387999551315 -4.256588856962861e-16 4.2995682997747833e-16
2901.1289367177214 4.371394983123274e-16 4.786144103000462e-16
2901.5190738428 -3.3357772096017857e-16 4.259524607267477e-16
2901.9092113303673 -4.955376651674781e-16 4.2388888499961753e-16
2902.2993491804227 8.209682619148739e-16 4.833360785761665e-16
2902.6894873929673 -7.848351635431112e-17 4.4305060467894757e-16
2903.0796259680005 7.525454317860439e-17 4.46487725165627e-16
2903.469764905522 7.53736408983277e-17 4.585766866043966e-16
2903.859904205532 -4.570048345040313e-16 4.271667688665247e-16
2904.2500438680313 -5.91227103721521e-16 4.3891949642429096e-16
2904.6401838930187 3.4034977584266934e-18 4.516058758227878e-16
2905.030324280495 1.739845002298233e-16 4.680227441825741e-16
2905.4204650304596 1.0854461236595867e-16 4.61831080284997e-16
2905.810606142913 -5.813224310415472e-17 4.569526624378875e-16
2906.2007476178546 6.515184338029789e-16 4.679191177695547e-16
2906.5908894552854 4.691053049735011e-17 4.546941067612766e-16
2906.981031655205 2.845752424219765e-16 4.664869146316566e-16
2907.3711742176124 3.0374373814744916e-16 4.666572427568982e-16
2907.761317142509 -7.431158536018416e-17 4.44408728513752e-16
2908.151460429894 5.4157561148075e-16 4.737659976041672e-16
2908.5416040797677 2.2015572726968751e-16 4.710435105085255e-16
2908.93174809213 1.429668229589876e-16 4.584630143496421e-16
2909.321892466981 -1.2378711973368545e-16 4.48731438253552e-16
2909.712037204321 5.556294939388523e-16 4.725785633944179e-16
2910.102182304149 8.322020731539326e-16 4.92887614248258e-16
2910.4923277664657 5.961927818011436e-16 4.897797156812697e-16
2910.8824735912713 -9.421057019179063e-17 4.505278045725297e-16
2911.2726197785655 -2.584165346557059e-16 4.495237569840144e-16
2911.662766328348 1.1243882520330883e-15 5.069062493672319e-16
2912.0529132406195 1.1095005385612983e-16 4.690410719115039e-16
2912.4430605153793 4.657321887141179e-16 4.7966582590669545e-16
2912.8332081526282 3.3456606198697294e-19 4.634119807694512e-16
2913.2233561523653 8.722043636278545e-16 4.858272706368144e-16
2913.613504514591 3.8238164498152597e-16 4.881461771238996e-16
2914.003653239305 -2.519327834830195e-16 4.441540773896499e-16
2914.3938023265086 -1.9152226262086117e-16 4.568921249280802e-16
2914.7839517762 -1.9457399390507785e-16 4.6095385743014e-16
2915.174101588381 -1.8877549899319702e-16 4.537595096046453e-16
2915.5642517630495 -1.0888653670515273e-16 4.60285584294522e-16
2915.954402300207 3.786633725233182e-16 4.935429637078105e-16
2916.344553199853 -4.23477044924758e-16 4.481996090314851e-16
2916.7347044619883 2.39923925582752e-16 4.765764178071194e-16
2917.1248560866115 3.579556874657377e-16 4.758842564499383e-16
2917.5150080737235 1.3719504554898846e-16 4.650349616729147e-16
2917.905160423324 -6.140468839667326e-16 4.492462833820115e-16
2918.2953131354134 -1.4162048153197112e-16 4.807573683057577e-16
2918.6854662099913 8.078319972345812e-17 4.783896381611245e-16
2919.075619647058 -2.760675941947986e-17 4.64584491315925e-16
2919.465773446613 -2.211518377117473e-16 4.661422315523046e-16
2919.8559276086567 -2.6926745577212803e-16 4.684993295091358e-16
2920.2460821331892 1.2100484903880918e-16 4.747218364488044e-16
2920.63623702021 4.176129083287396e-16 4.843980655757775e-16
2921.02639226972 -4.579361003075865e-16 4.691994805097557e-16
2921.416547881718 6.125258490903894e-16 5.014090222068408e-16
2921.8067038562053 2.825134682686437e-17 4.781499875669782e-16
2922.196860193181 -1.0484566322322281e-16 4.743131475153357e-16
2922.587016892645 -4.280816166217033e-17 4.631174659454098e-16
2922.977173954597 -5.484149808145445e-16 4.489551430142354e-16
2923.367331379039 5.626721392502544e-17 4.74264245676216e-16
2923.757489165969 3.5863630203560175e-16 4.983282581005149e-16
2924.1476473153875 -3.1565815441448155e-17 4.835411563334162e-16
2924.5378058272945 -1.7856412538304956e-16 4.783578761228701e-16
2924.927964701691 2.750085490280465e-16 4.887159373119989e-16
2925.3181239385754 1.5909335767961088e-17 4.824646321039205e-16
2925.7082835379483 -5.9374990183503e-16 4.549134666045003e-16
2926.0984434998104 3.794185807771704e-16 4.854850700552822e-16
2926.4886038241602 -1.822815535026497e-16 4.692925658353847e-16
2926.8787645109996 -1.1277456135386056e-16 4.681428669327513e-16
2927.268925560327 -3.0623056895573817e-16 4.628837286716442e-16
2927.6590869721435 -1.4306146976006567e-16 4.907899481532432e-16
2928.049248746448 -1.8009018421290267e-16 4.727395237080909e-16
2928.4394108832416 -5.53929979926342e-16 4.583145501535541e-16
2928.829573382524 2.766172554254068e-16 4.909406805284218e-16
2929.2197362442944 -6.927858320590052e-17 4.643924700535234e-16
2929.609899468554 2.0724821568820853e-16 4.997501189534165e-16
2930.000063055302 4.789216191818246e-16 4.904372117092941e-16
2930.3902270045387 2.9921454981832223e-17 4.934190204906425e-16
2930.780391316264 -4.040750132317055e-16 4.800694111291074e-16
2931.1705559904776 3.7636451174258836e-16 4.97942815231526e-16
2931.5607210271796 3.8511870264547726e-16 4.902771838332375e-16
2931.9508864263707 3.558931587177775e-16 4.981732133453143e-16
2932.3410521880505 -3.8326548634925264e-16 4.805693787776968e-16
2932.731218312219 -6.785672803679293e-16 4.749258634387507e-16
2933.121384798876 9.330474571670907e-16 5.2971001671912e-16
2933.511551648022 -7.579070480213356e-16 4.61717357146151e-16
2933.901718859656 1.75446655183183e-16 5.126816875296784e-16
2934.2918864337785 3.3764603292663777e-16 4.994587509257692e-16
2934.6820543703902 -2.2168077176069536e-16 4.751202836820812e-16
2935.07222266949 1.258793750423458e-16 5.115797550326683e-16
2935.462391331079 1.7301242674603168e-16 5.076038226537605e-16
2935.852560355156 -1.8731130639727524e-16 4.942391685081369e-16
2936.242729741722 1.1036373194996102e-16 4.940683213420632e-16
2936.6328994907767 3.239944874420108e-16 5.010723737069062e-16
2937.02306960232 2.300505439238644e-16 5.029123960495522e-16
2937.413240076352 2.8119893936473555e-16 5.010801036297447e-16
2937.803410912872 -2.5295466059457344e-16 4.924389955911605e-16
2938.1935821118814 -1.340343717942361e-16 4.910381973572496e-16
2938.583753673379 9.012432968394471e-16 5.366259307165887e-16
2938.973925597365 -1.6127491038539253e-16 4.912947610955105e-16
2939.3640978838403 -5.501743837931172e-16 4.74233557062973e-16
2939.7542705328033 2.0317426095119391e-16 4.892551921983603e-16
2940.144443544256 -2.077897689579711e-17 5.050486338912005e-16
2940.5346169181967 -4.535191810509546e-16 4.8505726821632025e-16
2940.924790654626 -2.045448010483815e-16 4.981640790922502e-16
2941.314964753544 7.930884541811567e-16 5.412271842679037e-16
2941.7051392149506 2.9785289510037187e-16 5.186827526920096e-16
2942.095314038846 8.887627896766798e-17 5.065749429007317e-16
2942.4854892252297 -2.5001722047613147e-16 4.892743262518848e-16
2942.8756647741025 -4.509034216038166e-16 4.916339013264435e-16
2943.2658406854634 -3.054173518104461e-16 5.005938341441885e-16
2943.656016959313 -3.0833649283987514e-16 5.074501137072864e-16
2944.0461935956514 3.6558050319762335e-16 5.123658268040493e-16
2944.4363705944784 -7.496730641502937e-16 4.819355411321149e-16
2944.826547955794 -6.443852571909884e-16 4.793468206475577e-16
2945.2167256795988 1.9684483259531987e-16 5.074095061543354e-16
2945.6069037658913 5.297774767616857e-16 5.360051847530576e-16
2945.997082214673 -3.2147940912360034e-16 5.012786225094937e-16
2946.3872610259427 -4.0119805864329216e-16 4.99097188876896e-16
2946.777440199702 -6.665395153256659e-16 4.911095103222295e-16
2947.1676197359493 -5.538233276515629e-16 5.075423743659568e-16
2947.5577996346856 -1.5319745314669352e-16 5.078237996653709e-16
2947.9479798959096 1.513027749364267e-16 5.0948426929423915e-16
2948.3381605196228 -5.573972433254038e-17 5.180515779568493e-16
2948.728341505825 8.479730364646219e-16 5.590464640388997e-16
2949.1185228545155 7.014441111677706e-17 5.161067962802056e-16
2949.508704565694 5.1508722582652365e-16 5.480669018742605e-16
2949.8988866393624 5.075936870551966e-16 5.339886940981015e-16
2950.2890690755185 7.885559948668638e-16 5.400544208818737e-16
2950.6792518741636 -1.2975361529297074e-16 5.185620909712901e-16
2951.0694350352974 5.543916877596363e-16 5.28840740579502e-16
2951.4596185589194 -2.277657338779645e-16 5.038170058121288e-16
2951.84980244503 1.0948437744137302e-16 5.391188292794779e-16
2952.2399866936294 1.4116413853075668e-16 5.396176425186878e-16
2952.630171304718 -3.268407201538157e-17 5.090377215225651e-16
2953.0203562782945 5.697545695049741e-16 5.457509777739818e-16
2953.4105416143598 -4.096386910476721e-16 5.012409187421426e-16
2953.8007273129138 -6.53997087065202e-16 5.075448658905305e-16
2954.1909133739564 8.363136321292895e-16 5.565638422311787e-16
2954.5810997974877 -3.856575971415116e-16 5.087894701552386e-16
2954.971286583507 -3.257593806719038e-16 5.115082187825092e-16
2955.361473732016 3.6710525729776725e-16 5.296875671731874e-16
2955.7516612430127 -5.745594439087281e-16 5.03157375362162e-16
2956.1418491164986 7.346567843028021e-17 5.313563860199534e-16
2956.532037352473 8.221283874724446e-16 5.67559860535666e-16
2956.9222259509356 1.1098783428441168e-16 5.415033416588103e-16
2957.312414911887 -2.3003536453606906e-16 5.331683091012684e-16
2957.7026042353277 1.607709270858523e-16 5.27192885276268e-16
2958.092793921256 3.073338262534384e-16 5.417683578242553e-16
2958.482983969674 -2.9228335733730954e-16 5.290665043307822e-16
2958.8731743805797 3.944073835577638e-16 5.455492244241974e-16
2959.263365153974 -2.486929894267442e-17 5.427874285068773e-16
2959.653556289858 1.2863528913752266e-16 5.60924843089227e-16
2960.04374778823 -2.8477012920515397e-16 5.294962447388888e-16
2960.43393964909 5.473509441331951e-16 5.463818811131642e-16
2960.8241318724395 2.519534540371635e-16 5.61719550132437e-16
2961.214324458277 1.1146996624488386e-15 5.899228524353967e-16
2961.6045174066035 -3.3277825793542605e-16 5.233031013601563e-16
2961.994710717419 -3.6989632777778314e-16 5.164479905876369e-16
2962.3849043907226 -7.531322987715756e-17 5.501647018818634e-16
2962.7750984265144 5.2036028695211716e-17 5.469507951851747e-16
2963.1652928247954 5.686096224899141e-16 5.612176948826315e-16
2963.555487585565 -2.315594764317415e-16 5.364182165803141e-16
2963.945682708823 1.4407226018186733e-16 5.598336007234961e-16
2964.33587819457 1.6020862606840885e-16 5.521731978587587e-16
2964.726074042805 6.977906352343038e-16 5.688573374759556e-16
2965.1162702535294 1.184666916958181e-16 5.616573988094089e-16
2965.506466826742 2.476041270026052e-16 5.643977952582456e-16
2965.896663762443 1.4347490914407265e-16 5.497789665008991e-16
2966.286861060633 -7.195435476250416e-16 5.326018130390141e-16
2966.677058721312 -9.644934933250016e-16 5.084906801987516e-16
2967.067256744479 -7.473768588481876e-19 5.294178429873878e-16
2967.4574551301343 6.699318049381262e-16 5.831934916769062e-16
2967.847653878279 6.456347965303839e-18 5.476370177855985e-16
2968.237852988912 -4.1093319225862983e-16 5.36421060235814e-16
2968.6280524620333 -3.346954838386183e-16 5.370382497740048e-16
2969.0182522976434 -6.512318429937253e-16 5.258495089123409e-16
2969.4084524957425 6.389294906508921e-16 5.908818658735659e-16
2969.79865305633 -2.786943349667648e-16 5.578406412169784e-16
2970.1888539794063 3.3046923865843855e-17 5.655572111222434e-16
2970.5790552649705 1.609616474499714e-16 5.662430689037872e-16
2970.9692569130243 -4.1194344895540884e-16 5.500776595554903e-16
2971.359458923566 1.6291525505757418e-16 5.541907285813356e-16
2971.749661296597 4.081641186243942e-16 5.895086775208376e-16
2972.1398640321163 -4.7143131993070196e-17 5.679763465490363e-16
2972.530067130124 2.911010904672144e-16 5.881390799029776e-16
2972.92027059062 4.101411998356411e-16 5.909900066448272e-16
2973.3104744136053 -4.245656984874261e-16 5.55881112483359e-16
2973.7006785990793 1.7703376673446867e-16 5.865036029923713e-16
2974.0908831470415 2.28177354453711e-16 5.701700061374593e-16
2974.4810880574923 4.053425575761831e-16 5.770140920516609e-16
2974.871293330432 -3.6830250546530017e-16 5.593231909986376e-16
2975.26149896586 2.8839303359982024e-16 5.816555954731557e-16
2975.651704963777 4.163690436778439e-17 5.646227046375002e-16
2976.0419113241824 -9.543375942281934e-16 5.260501516870885e-16
2976.4321180470765 -4.115371217414749e-16 5.506065020936132e-16
2976.8223251324594 1.4699243627253153e-15 6.278767115917067e-16
2977.2125325803304 -2.9993005846659404e-16 5.505200908275664e-16
2977.6027403906905 -4.3230235935558265e-16 5.636941238047378e-16
2977.992948563539 -2.549026678643388e-16 5.646010524967961e-16
2978.383157098876 -6.536022212836604e-16 5.624522590831657e-16
2978.773365996702 9.232971201310562e-17 6.014672108007883e-16
2979.1635752570164 1.2684378179571111e-15 6.259347048331752e-16
2979.5537848798194 -6.703503522063107e-16 5.428020082899809e-16
2979.943994865111 2.983127279962561e-16 5.774999764093103e-16
2980.3342052128914 -4.232578037792677e-16 5.533166708972498e-16
2980.7244159231604 1.0386849488415223e-15 6.267384596975979e-16
2981.1146269959177 8.010918436341379e-16 6.169443991749735e-16
2981.504838431164 -2.348147488766091e-16 5.684856622493262e-16
2981.8950502288985 -1.194882255461251e-16 5.873105879053764e-16
2982.285262389122 5.265666612764326e-16 5.930655202830964e-16
2982.6754749118345 5.955602767367167e-16 6.016098262181673e-16
2983.0656877970346 -2.702694739907984e-16 6.049833409231215e-16
2983.455901044724 2.1823708570532162e-16 5.864868182862358e-16
2983.846114654902 -2.404258225948175e-16 5.615519536435731e-16
2984.2363286275686 -4.3971096377045874e-16 5.707512248481752e-16
2984.6265429627238 -2.0610750714338568e-16 5.826927170374126e-16
2985.0167576603676 -6.220844641175069e-16 5.703270536126689e-16
2985.4069727204997 -4.2431014166417664e-16 5.636762681335206e-16
2985.797188143121 4.447407223248621e-16 6.033423441730909e-16
2986.1874039282307 1.9338917531788888e-16 5.933152565737155e-16
2986.5776200758287 7.490166020569665e-16 6.21041454507437e-16
2986.967836585916 3.639531103248786e-16 6.079953249983494e-16
2987.358053458491 -1.7610170445431765e-16 5.87218800921405e-16
2987.7482706935552 4.117015775703711e-16 6.148393364822963e-16
2988.1384882911084 -4.110133646997225e-16 5.9172076741763655e-16
2988.5287062511497 -1.5544537589782206e-16 5.934394905042377e-16
2988.9189245736793 -5.070440680382116e-16 5.905910759512859e-16
2989.309143258698 2.006262252342431e-16 6.030382300502701e-16
2989.699362306205 2.860298505009158e-16 6.143722853654308e-16
2990.0895817162013 -1.0031316943997702e-15 5.656478020948063e-16
2990.4798014886856 1.326432454803952e-16 6.043232019083317e-16
2990.870021623659 5.98514983994821e-16 6.299320969522094e-16
2991.2602421211204 1.0432055738808076e-16 6.091864406275756e-16
2991.650462981071 5.606099026647099e-17 6.045719473197811e-16
2992.04068420351 -3.5613648884461306e-16 5.874888968743869e-16
2992.4309057884375 2.45986709818027e-16 6.201205568519067e-16
2992.8211277358537 -4.2118306910237836e-16 5.986258935721493e-16
2993.2113500457585 4.8103394465568196e-17 6.174065173450949e-16
2993.6015727181516 -2.3515332358187193e-16 5.967017901336282e-16
2993.991795753034 3.799183272041155e-16 6.363659846566815e-16
2994.3820191504046 -8.759310361735401e-16 5.716342306771575e-16
2994.772242910264 -2.8797566369720064e-16 6.111691535119661e-16
2995.162467032612 9.226958590281771e-16 6.455857296054788e-16
2995.5526915174482 4.3694450981543947e-16 6.207500735272344e-16
2995.9429163647737 -8.723462082923595e-16 5.995614644010064e-16
2996.3331415745874 -6.334149555903146e-16 5.804671013533323e-16
2996.7233671468903 4.683414914777435e-16 6.448913795466955e-16
2997.1135930816813 6.735933334865896e-16 6.564732305265548e-16
2997.503819378961 4.5530652958117435e-16 6.554936951253673e-16
2997.894046038729 -5.403101058368699e-17 6.093612412180861e-16
2998.284273060986 6.775132945260047e-16 6.523023770994037e-16
2998.6745004457316 5.846490031510797e-16 6.505390680236721e-16
2999.0647281929655 -1.420519650321313e-16 6.095642890014833e-16
2999.4549563026885 -1.0799624706919565e-17 6.355454437254798e-16
2999.8451847749 6.705171191463262e-16 6.63314159862985e-16
3000.2354136096 4.653356987277048e-16 6.425149407681147e-16
3000.6256428067886 -9.23747946986795e-17 6.302831455062122e-16
3001.0158723664663 2.3870328367511907e-16 6.469304681469193e-16
3001.4061022886317 9.394280787200919e-17 6.336490440222375e-16
3001.7963325732867 1.5303111306688372e-16 6.364326273445891e-16
3002.1865632204294 -1.2737564292696348e-16 6.2194309894758e-16
3002.5767942300618 3.31977131568598e-16 6.613210873672811e-16
3002.967025602182 7.668546178447905e-17 6.508791645976289e-16
3003.357257336791 -8.126799129426797e-16 5.923245231200907e-16
3003.7474894338884 7.492452744954011e-17 6.490750888555621e-16
3004.137721893475 -1.1368189120333502e-16 6.153559360098936e-16
3004.52795471555 6.718762299116683e-16 6.678473857671181e-16
3004.918187900113 -3.9626539626361083e-16 6.338627574705033e-16
3005.3084214471655 6.433467062452771e-16 6.654985495306524e-16
3005.6986553567062 4.506786367476603e-16 6.608627110866745e-16
3006.0888896287356 -4.525505021293234e-16 6.153302100470625e-16
3006.479124263253 2.384719729472124e-16 6.623210866254418e-16
3006.86935926026 1.1382516550222092e-15 6.843796417784318e-16
3007.2595946197553 2.737770467215548e-17 6.337815520099722e-16
3007.6498303417393 3.90773191630235e-17 6.336388845325943e-16
3008.0400664262115 -2.818736150629936e-16 6.296833809623297e-16
3008.430302873173 2.4224456185269815e-16 6.710357262607676e-16
3008.8205396826224 1.8998981039113695e-16 6.429813374324178e-16
3009.2107768545607 -1.2017541763850146e-15 6.263024905356591e-16
3009.6010143889885 1.5561966151778343e-16 6.753531986296417e-16
3009.991252285904 -1.2281288726536475e-16 6.452310866919308e-16
3010.3814905453078 1.240825447323685e-16 6.643112834821193e-16
3010.7717291672006 -1.7960574700474255e-16 6.54499797901997e-16
3011.161968151582 6.640371517311041e-16 6.894424987563745e-16
3011.5522074984524 -8.768715726501692e-16 6.313791512573701e-16
3011.9424472078113 -1.0447884160050368e-15 6.12744886960127e-16
3012.332687279659 1.1880270480323204e-15 6.928903179192421e-16
3012.7229277139945 3.245577982225538e-16 6.9484118811012e-16
3013.113168510819 -2.7548494155348084e-16 6.312397921085633e-16
3013.5034096701324 6.069806782779644e-16 6.886115198643976e-16
3013.8936511919337 -1.7656934268339754e-16 6.713867191937541e-16
3014.2838930762246 -1.1635536423074165e-15 5.9583519643497685e-16
3014.6741353230036 -4.572801694531078e-16 6.583232653673424e-16
3015.0643779322713 -2.5097806593939937e-16 6.52731144229844e-16
3015.4546209040277 1.922252497232768e-17 6.746038025705807e-16
3015.8448642382727 -3.8483374160826887e-16 6.610011888934056e-16
3016.235107935006 2.7491082455364575e-16 6.827054690216005e-16
3016.6253519942284 2.9231753332015895e-16 6.94603549496921e-16
3017.0155964159394 4.110104700766353e-16 6.764943293242601e-16
3017.4058412001386 -1.86095287072283e-17 6.656761147813831e-16
3017.796086346827 1.730812790892e-16 6.786130065946395e-16
3018.1863318560036 -3.595578761747434e-16 6.672477935178602e-16
3018.576577727669 -7.504685329744231e-16 6.349186280805771e-16
3018.9668239618227 3.1379836202558575e-16 7.091250604761628e-16
3019.3570705584652 8.886702291799746e-16 7.027906818919761e-16
3019.7473175175965 -7.728310702896243e-16 6.655447729414879e-16
3020.1375648392163 1.0051960748044388e-15 7.090853198341551e-16
3020.5278125233244 2.28329964187897e-16 6.879258242152401e-16
3020.9180605699216 4.321254353540731e-16 7.054231886643515e-16
3021.308308979007 9.46923131985824e-16 7.18293456553454e-16
3021.698557750582 1.591519278241267e-16 6.996021415850106e-16
3022.088806884645 3.389136411794012e-16 6.892596409579044e-16
3022.4790563811957 -9.170495140071778e-17 6.772455025310878e-16
3022.8693062402363 1.1440637187789384e-15 7.407063530587171e-16
3023.259556461765 1.2527944663506517e-15 7.284850882813581e-16
3023.6498070457824 3.690086603818498e-16 7.164691786907669e-16
3024.0400579922884 -2.423992199700028e-16 6.724187263552596e-16
3024.4303093012827 5.822778474992735e-16 6.931149241516713e-16
3024.8205609727665 1.4068263549195337e-15 7.483710422181476e-16
3025.2108130067386 8.525930495601649e-17 6.852671973844984e-16
3025.601065403199 1.0462830973738138e-15 7.322416423676262e-16
3025.991318162148 -2.3297321926578815e-16 7.143673888348924e-16
3026.381571283586 -4.260389090155119e-16 6.894965725493241e-16
3026.771824767512 -5.487390956493265e-16 6.972206564451846e-16
3027.162078613927 -2.2633277411063927e-16 7.008546522141708e-16
3027.552332822831 -1.0686137517501208e-15 6.498414105401999e-16
3027.942587394223 2.2855054350457752e-15 7.834772243145774e-16
3028.332842328104 -3.6664281684292493e-16 6.851294607671727e-16
3028.723097624473 -1.468901105875474e-16 7.021620269044773e-16
3029.1133532833314 6.235744328268786e-17 7.188170248282565e-16
3029.5036093046783 -2.3109801211362624e-16 7.05905134513819e-16
3029.8938656885134 9.135186898715604e-16 7.333952792660539e-16
3030.2841224348376 1.1195855165926279e-15 7.375233747450456e-16
3030.6743795436505 2.1955442268074202e-17 7.25887739413383e-16
3031.0646370149516 5.950541594413441e-16 7.031034130651584e-16
3031.4548948487413 -1.9928944371449508e-16 6.962372932422039e-16
3031.8451530450197 3.918647665511654e-16 7.306412391685846e-16
3032.235411603787 -6.687002497501703e-17 7.054392302595424e-16
3032.6256705250426 1.5361699334257989e-16 7.290987228266636e-16
3033.0159298087874 7.223751453520316e-16 7.387363319312146e-16
3033.40618945502 1.4457445889451038e-16 7.10264023119231e-16
3033.7964494637413 2.019412660580283e-16 7.252174753947449e-16
3034.1867098349517 -3.3862120496813164e-16 6.961537235693041e-16
3034.5769705686507 -4.118134279667774e-16 7.105915581145042e-16
3034.9672316648384 -4.2363910798548776e-16 7.328229891277547e-16
3035.357493123514 1.1115411521352375e-15 7.659382298745794e-16
3035.747754944679 -1.5015255184596104e-16 7.151438271093471e-16
3036.138017128332 1.3879456397019812e-15 7.803637212051867e-16
3036.528279674474 8.262298242653366e-16 7.512172610022843e-16
3036.918542583105 1.8855815771669968e-16 7.525531982438955e-16
3037.308805854224 5.4266912807864245e-16 7.421372487519318e-16
3037.699069487832 1.163133447969649e-15 7.965013679609322e-16
3038.0893334839284 1.1706348489592434e-15 7.599395692156855e-16
3038.4795978425136 5.006932656429862e-16 7.682514197445826e-16
3038.869862563587 1.7833765902513968e-16 7.442332656047856e-16
3039.260127647149 -1.1071917348134095e-16 7.434204144573588e-16
3039.6503930932 -6.658422153424009e-16 7.300126864569438e-16
3040.04065890174 -3.6964996710377135e-16 7.648470526309679e-16
3040.430925072768 -5.894695224011356e-16 7.280165524056326e-16
3040.8211916062846 2.9382289570984227e-16 7.738101006140621e-16
3041.21145850229 -5.218692737891435e-16 7.339072206395293e-16
3041.6017257607846 -1.9543175595673285e-16 7.5180386778219665e-16
3041.9919933817673 -4.520763273471546e-16 7.370933284004634e-16
3042.3822613652383 5.034756695716637e-16 7.849641185979832e-16
3042.7725297111983 6.3221036384986e-16 7.811027845542218e-16
3043.1627984196466 1.237718185730169e-15 7.967795472382345e-16
3043.553067490584 6.912513678841436e-16 7.821025901410854e-16
3043.9433369240096 9.748828289322658e-16 8.025702006153189e-16
3044.333606719924 3.3968771213970407e-16 7.873954081600395e-16
3044.7238768783272 -8.483340488663322e-16 7.27295966334326e-16
3045.114147399219 1.5783941080508159e-15 8.335564546926553e-16
3045.5044182825986 4.486192635608683e-16 7.959668878151686e-16
3045.894689528468 -2.418113602449393e-16 7.523073594390945e-16
3046.284961136825 5.761240631459539e-16 7.88688027532784e-16
3046.675233107672 -1.7963343973119357e-15 6.934507648056799e-16
3047.0655054410067 3.161327213069845e-17 7.769153213454008e-16
3047.4557781368294 -1.6048714002767353e-16 7.917414143221097e-16
3047.8460511951416 -6.233887218431678e-16 7.618870989660532e-16
3048.2363246159425 3.174072488343009e-17 7.890290537798033e-16
3048.6265983992316 6.947282975037186e-16 8.14444391956974e-16
3049.0168725450094 -3.3532247092556793e-16 7.708696675016599e-16
3049.407147053276 -2.1275569030832122e-16 7.797878547522248e-16
3049.7974219240314 2.1737862896213736e-16 7.9685545477203145e-16
3050.187697157275 8.866918635644015e-16 7.977911501907391e-16
3050.5779727530075 1.4128344765926941e-15 8.628730031966389e-16
3050.9682487112286 -3.2387427511267734e-16 7.895508609375717e-16
3051.358525031938 4.3498498227149846e-16 8.299484844915566e-16
3051.7488017151363 1.4217228639108046e-15 8.544558013979614e-16
3052.139078760823 -2.3223853189842214e-16 7.970052202860525e-16
3052.5293561689987 -7.772604056126381e-16 7.65026476307396e-16
3052.9196339396626 -1.7883970583876185e-16 8.169459345988727e-16
3053.309912072815 -3.7260471544378373e-16 7.921220629486682e-16
3053.7001905684565 -2.3892649815519075e-16 7.992889685858373e-16
3054.090469426587 3.7296420867200693e-16 8.043783765291641e-16
3054.4807486472055 8.170460606785077e-17 8.246832561146244e-16
3054.8710282303123 1.8947711356540584e-15 8.771754915306709e-16
3055.2613081759087 8.377293408691338e-16 8.369909509833782e-16
3055.651588483993 -7.863004943298825e-16 7.953518035180224e-16
3056.0418691545656 1.1137755981684402e-15 8.54485706305787e-16
3056.4321501876275 3.228532149900313e-16 7.994227953813592e-16
3056.8224315831776 5.456313999380023e-16 8.668096045489859e-16
3057.212713341217 6.250377424047374e-17 8.198461580814093e-16
3057.6029954617443 7.406074353912494e-16 8.256778991906348e-16
3057.993277944761 1.1845218726418993e-16 8.369299786626249e-16
3058.3835607902656 -1.5265084930474343e-16 8.101651411587021e-16
3058.7738439982586 6.560087358081935e-16 8.666416001090186e-16
3059.1641275687407 1.3453112384226525e-16 8.3604972977803495e-16
3059.554411501712 1.981652114021337e-16 8.2308652597917e-16
3059.9446957971713 -4.550658170416948e-16 8.091280703644406e-16
3060.3349804551185 5.694483386073212e-16 8.319872358535499e-16
3060.7252654755553 1.3099405413642474e-15 8.979218000747918e-16
3061.1155508584807 6.874150875605199e-16 8.90798771697262e-16
3061.5058366038943 -2.603362007745394e-16 8.600761534664402e-16
3061.896122711797 -4.4320329393729163e-16 8.157311131945445e-16
3062.286409182188 5.756733618223584e-16 8.739827901223058e-16
3062.6766960150676 -5.360630562574036e-16 8.350563188576517e-16
3063.066983210436 1.1032393500491585e-15 8.856770230479864e-16
3063.457270768293 1.6903485844426465e-15 9.109385244684596e-16
3063.847558688638 1.0603926318113065e-15 9.067968316520495e-16
3064.2378469714727 3.0768639216138854e-16 8.599629492259414e-16
3064.628135616795 -5.339178478772664e-17 8.662157875996265e-16
3065.0184246246067 9.746492766797832e-16 8.789117129443438e-16
3065.4087139949065 1.2868844847136264e-15 8.985797901432026e-16
3065.7990037276954 1.1468568567224703e-17 8.6344481491530425e-16
3066.1892938229726 5.826353681466457e-16 8.771916501870564e-16
3066.579584280739 -1.8314635988741675e-16 8.709350202823656e-16
3066.9698751009932 6.282704852517444e-16 8.673908578849362e-16
3067.360166283736 2.6834164382289126e-15 9.436007895253582e-16
3067.750457828968 -1.0297494669239903e-15 8.245137680449617e-16
3068.140749736688 3.573964592498613e-16 8.865203804169439e-16
3068.531042006897 4.237748457482117e-16 8.913076737692667e-16
3068.921334639595 8.024929180521784e-16 8.650558063016345e-16
3069.311627634781 5.949676460508184e-16 9.04785972425192e-16
3069.701920992456 2.4895969310821793e-16 8.961951927127995e-16
3070.09221471262 1.6678353799402865e-17 8.638445732401831e-16
3070.4825087952718 -2.411122887290492e-16 8.802108923490044e-16
3070.8728032404124 -5.664998182446043e-16 8.554704937784113e-16
3071.2630980480417 2.1741187905089733e-16 8.836383795715733e-16
3071.65339321816 9.886920855263612e-16 9.275230490935724e-16
3072.0436887507667 1.286172578641393e-16 8.804370889485298e-16
3072.4339846458615 9.369030527774056e-16 9.067218488544023e-16
3072.8242809034455 -2.9487328780453945e-16 8.669202472839154e-16
3073.214577523518 -4.175728180667652e-16 8.835291747965352e-16
3073.6048745060793 1.2074539682018748e-15 9.61836742408852e-16
3073.995171851129 1.5611090865272002e-15 9.48815221669043e-16
3074.385469558667 -9.718995667366482e-16 8.566016250815019e-16
3074.775767628694 9.51714112348003e-17 9.151463361947016e-16
3075.1660660612097 -3.5648841997582436e-16 9.0409667772029e-16
3075.5563648562143 1.1857980616773782e-15 9.670622304798171e-16
3075.946664013707 -8.824663306315456e-16 8.762979546268438e-16
3076.336963533688 -1.2810813445625816e-16 9.069945425351336e-16
3076.7272634161586 1.3543120324651917e-15 9.498968848292147e-16
3077.117563661117 1.5608685013438239e-15 9.579792900286952e-16
3077.5078642685644 7.88190506478842e-16 9.399122595599092e-16
3077.8981652385005 3.496601561276916e-16 9.039950967385563e-16
3078.288466570925 -1.6272314920024917e-16 9.038129752241856e-16
3078.6787682658382 1.0567879028547047e-15 9.535204869685403e-16
3079.06907032324 -3.8539418018845273e-16 8.639818339930174e-16
3079.4593727431306 -1.7766000985480336e-16 9.534418984396412e-16
3079.8496755255096 2.5390253689317445e-16 9.369035280286848e-16
3080.2399786703772 6.176320131039712e-16 9.474073148813135e-16
3080.6302821777335 2.3691324626573263e-15 1.0082933959678184e-15
3081.0205860475785 -1.817039730936288e-16 9.35716375890247e-16
3081.4108902799117 1.154093245903654e-15 9.548553789414636e-16
3081.801194874734 7.247750910922504e-16 9.627678644289446e-16
3082.191499832045 -3.6709229436394875e-16 9.482736745968868e-16
3082.5818051518445 -9.177234985042807e-16 8.905681297061291e-16
3082.9721108341328 -2.070060458219773e-17 9.372732666371508e-16
3083.3624168789092 1.1297202774796617e-15 9.657998046810764e-16
3083.7527232861744 1.356517931582509e-16 9.845952177574187e-16
3084.143030055928 -8.113767915755018e-16 9.155749167884839e-16
3084.533337188171 6.278414521738878e-16 1.0019440038569872e-15
3084.9236446829022 6.890673637369569e-16 9.902323207528379e-16
3085.3139525401216 1.5870079855988304e-16 9.79257456180697e-16
3085.70426075983 -1.7038841070013303e-15 9.196325204616413e-16
3086.0945693420276 2.408674335932966e-16 9.985159410278716e-16
3086.484878286713 -9.660669444707149e-16 9.362545550952997e-16
3086.8751875938874 1.048434035711156e-15 1.0174982281983423e-15
3087.26549726355 3.187869052569858e-16 9.754734548712311e-16
3087.655807295702 -6.370505318635396e-17 1.0130144917135925e-15
3088.046117690342 7.993574529850835e-16 1.011432492364314e-15
3088.436428447471 1.398912940472024e-15 1.0476733256316365e-15
3088.8267395670878 -5.966882946493631e-16 9.838886103105352e-16
3089.217051049194 9.679953313574878e-16 1.0522062883722246e-15
3089.6073628937884 -7.938633797343444e-17 9.884841450468902e-16
3089.997675100872 2.28604802882603e-16 9.89108638532984e-16
3090.3879876704436 6.348339569049281e-16 1.0221813845254228e-15
3090.7783006025043 2.8412618766242364e-16 1.0073297181490118e-15
3091.1686138970535 -3.7832910123691723e-16 9.560554070372499e-16
3091.558927554091 9.885616929214577e-16 1.0338294650307691e-15
3091.9492415736177 7.323734042975063e-16 1.0264618915543902e-15
3092.3395559556325 1.9155187249396382e-16 1.0200450389344757e-15
3092.7298707001364 3.7329282379423136e-16 1.0281496375297862e-15
3093.120185807128 4.3461909090570236e-16 1.0185228683066782e-15
3093.510501276609 -1.1749876011066634e-15 9.869680828497558e-16
3093.9008171085784 6.350278775305246e-16 1.0571143843601525e-15
3094.2911333030365 3.594995907729499e-16 1.061590969327881e-15
3094.6814498599833 6.5351897845228025e-16 1.0637890602482548e-15
3095.071766779419 -2.663809329157801e-16 1.0258617555584222e-15
3095.4620840613425 -1.4123791632614541e-15 9.681079913223248e-16
3095.8524017057553 -5.44711011016093e-16 1.031249984688889e-15
3096.2427197126567 -4.948781506634677e-16 1.0299953793165118e-15
3096.633038082047 1.1609550861620985e-16 1.060217273057274e-15
3097.023356813925 -3.111365211637578e-16 1.0032114192409643e-15
3097.4136759082917 -6.199375045115865e-16 1.0152948453794016e-15
3097.8039953651473 3.963958933173108e-16 1.0805998361231603e-15
3098.194315184492 3.5491164462253093e-16 1.0346986156027407e-15
3098.584635366325 -3.857851643499283e-16 1.0597832274000516e-15
3098.9749559106467 4.759565470020344e-16 1.0693594186445104e-15
3099.3652768174566 -5.31522318182065e-16 1.0548491102250574e-15
3099.7555980867555 1.038231065521828e-15 1.0859308710492082e-15
3100.145919718543 1.7881890861204512e-15 1.12805730674953e-15
3100.536241712819 1.4620534747263009e-15 1.0749031874040254e-15
3100.926564069584 -4.989077186504224e-17 1.0433901250698917e-15
3101.316886788837 -2.5196721874649345e-17 1.096399667516262e-15
3101.707209870579 -1.5042559727256212e-16 1.050719880752105e-15
3102.0975333148094 -1.0805269107344628e-16 1.0637111943585842e-15
3102.487857121529 4.084797485175948e-16 1.0931107760000703e-15
3102.8781812907364 -3.45777221943821e-18 1.0787510509562146e-15
3103.268505822433 1.5421080720245518e-15 1.162397101812635e-15
3103.658830716618 1.1051976586182205e-15 1.0975620819936504e-15
3104.049155973292 -1.927468918751481e-15 1.0059704223135513e-15
3104.4394815924543 1.560002805951477e-15 1.1823276848544534e-15
3104.829807574105 9.72701305076127e-16 1.1285949734193852e-15
3105.2201339182448 1.2400566050727214e-15 1.1794678494289947e-15
3105.6104606248728 -4.381307924328001e-16 1.1059378421826008e-15
3106.0007876939894 -8.705537827369239e-16 1.0659135505373978e-15
3106.3911151255948 -1.1396405583219808e-15 1.0312306881793373e-15
3106.7814429196887 2.1444680240833005e-15 1.199465556389454e-15
3107.1717710762714 1.3857096261307704e-15 1.1516005919714325e-15
3107.5620995953427 7.301829446020126e-16 1.137964331197963e-15
3107.952428476903 6.635120806599977e-16 1.1015957565174646e-15
3108.3427577209513 -4.907186891581072e-16 1.0725661776844058e-15
3108.733087327488 7.967076635812324e-16 1.163200677881505e-15
3109.1234172965137 -3.811867405466536e-16 1.1154238454588305e-15
3109.513747628029 -1.03517513241199e-15 1.086779708579976e-15
3109.9040783220316 1.2670894831118807e-16 1.1689258091906583e-15
3110.294409378523 2.960319849734821e-16 1.1261993174854632e-15
3110.6847407975033 8.067072260396987e-16 1.1384774237732187e-15
3111.0750725789726 1.0226332970542092e-15 1.1749602307438826e-15
3111.4654047229296 1.1121156157971033e-15 1.1557512407901279e-15
3111.8557372293762 -1.785472965193787e-16 1.1408160977103058e-15
3112.2460700983106 7.080498713807607e-17 1.1394320517089156e-15
3112.636403329734 -1.4085729705405872e-15 1.1113154518147056e-15
3113.0267369236462 4.511892835261006e-16 1.1682218931467907e-15
3113.4170708800466 -8.796220140102215e-17 1.185392621711741e-15
3113.8074051989356 -1.7117677821161835e-17 1.2028042788242694e-15
3114.1977398803137 -3.5979377995943557e-16 1.1585322400618367e-15
3114.58807492418 2.9785916124845346e-16 1.153367236816466e-15
3114.9784103305356 -8.158491901501265e-16 1.15106578748379e-15
3115.368746099379 5.194327553748004e-16 1.1967742932243425e-15
3115.7590822307116 -1.0922748544195737e-15 1.1369512716251233e-15
3116.1494187245326 1.9953368391632958e-16 1.1393119223051033e-15
3116.539755580842 7.834200456235165e-16 1.2227501755110325e-15
3116.9300927996405 2.8771812550471396e-16 1.2159821354303208e-15
3117.320430380927 1.4240863032663698e-15 1.2480642904457402e-15
3117.7107683247027 9.668495503850434e-16 1.2468022175703284e-15
3118.1011066309666 7.07047333366641e-16 1.2160109563931359e-15
3118.491445299719 1.1754990098303165e-16 1.243533058938737e-15
3118.8817843309603 -6.609349019218226e-16 1.1773325904360185e-15
3119.2721237246906 2.1628787321053155e-16 1.1981900666178725e-15
3119.662463480909 5.575317835892446e-16 1.2288109127141027e-15
3120.0528035996163 2.44926053543156e-16 1.2513313800373446e-15
3120.443144080812 -2.620169087589228e-16 1.1748319041274743e-15
3120.8334849244966 -1.4228467914603271e-15 1.196045480803708e-15
3121.2238261306697 -8.880755625470325e-16 1.2211283892695358e-15
3121.6141676993316 -1.4704785223273133e-15 1.1678208190714673e-15
3122.004509630482 -1.2400091851397064e-15 1.2036975352819439e-15
3122.3948519241203 -4.653549836268817e-16 1.2026757408067273e-15
3122.785194580248 1.7271699324027852e-15 1.2824651465766495e-15
3123.175537598864 -4.106084231970011e-16 1.2525965962537884e-15
3123.5658809799693 4.841367115753324e-16 1.2726081912264956e-15
3123.9562247235626 -5.801829396948285e-16 1.2286365134170976e-15
3124.346568829644 -7.600577173010992e-16 1.2292957474840625e-15
3124.7369132982153 -3.9440478510783486e-16 1.247134012504893e-15
3125.1272581292747 -1.4518482974290633e-16 1.247174897517173e-15
3125.5176033228227 -7.647292637630726e-16 1.2224390775083826e-15
3125.9079488788593 -1.7972363700816537e-15 1.2010145808168293e-15
3126.298294797384 1.5065241955023024e-15 1.3363322251479603e-15
3126.688641078398 -4.3132576763568543e-16 1.2647297781607552e-15
3127.0789877219004 -1.270695558103975e-15 1.2233654875111738e-15
3127.4693347278917 7.231131046302353e-16 1.3512831795638133e-15
3127.859682096371 2.3451388026264816e-16 1.2787532746152403e-15
3128.2500298273394 -1.0482673438789469e-15 1.2398675724574798e-15
3128.6403779207963 5.824483554180386e-16 1.2917055175463198e-15
3129.0307263767418 9.716099597751327e-16 1.3147134080001984e-15
3129.421075195176 -1.2900748863531148e-15 1.2751157103287553e-15
3129.811424376099 -7.837930641113637e-16 1.2636718066636798e-15
3130.2017739195103 -2.346798199332312e-16 1.332606413749257e-15
3130.59212382541 -4.593960592052441e-16 1.2975214450312201e-15
3130.982474093799 4.853529902051237e-16 1.351703015262969e-15
3131.372824724676 -6.965831895828981e-16 1.243030875785247e-15
3131.7631757180416 3.1371854701790774e-16 1.3247655299284604e-15
3132.1535270738964 2.8941474752689475e-15 1.4572724874268801e-15
3132.5438787922394 2.477891260768456e-16 1.340884083986179e-15
3132.9342308730716 8.675821122951819e-17 1.3355844935701353e-15
3133.3245833163915 1.1836952539811583e-15 1.3464930934546433e-15
3133.7149361222005 -5.696421836072776e-17 1.3196976501732273e-15
3134.105289290498 -1.1077920096876843e-15 1.3056597545285933e-15
3134.4956428212845 -5.138897739718829e-16 1.3195689266666795e-15
3134.8859967145595 2.2244899347815664e-15 1.4491066946039727e-15
3135.2763509703227 8.327419466916377e-16 1.4079175231993075e-15
3135.666705588575 -1.445980437749102e-15 1.328970808591005e-15
3136.0570605693156 1.8215129399855595e-16 1.3424006150970222e-15
3136.447415912545 -2.1863140730682867e-17 1.3787349704094006e-15
3136.837771618263 -3.950447516664057e-16 1.3132445048710059e-15
3137.2281276864696 1.2942847284169433e-15 1.385048301089711e-15
3137.618484117165 6.092779231078604e-16 1.3802905783219695e-15
3138.0088409103487 9.636877425076207e-16 1.3826414520318005e-15
3138.399198066021 1.3803975774921774e-15 1.4274051208490776e-15
3138.789555584182 5.529121278707787e-16 1.3621232824493417e-15
3139.1799134648318 1.6556955201830172e-15 1.444741341176965e-15
3139.57027170797 -2.0308627056246314e-15 1.3256681901279807e-15
3139.9606303135974 2.1107222146725376e-15 1.4719237008199872e-15
3140.350989281713 1.3081366492713046e-17 1.407197027361257e-15
3140.741348612317 1.1577740649177029e-17 1.3893150344802002e-15
3141.1317083054096 -1.6809234607592604e-15 1.3745571045705646e-15
3141.5220683609914 -1.4284246173672487e-15 1.362115482499245e-15
3141.9124287790614 -1.5549553576540911e-15 1.4237322337711923e-15
3142.3027895596197 6.735660523427268e-17 1.4099371636864503e-15
3142.6931507026675 -6.17976267425384e-16 1.4671806523612194e-15
