wavelength flux error
2500.799507045321 4.375954972594553e-16 2.6302124912148235e-16
2501.190000867844 -8.021346049318188e-16 2.036054444261489e-16
2501.580494049608 1.723777879781129e-16 2.3786805799488574e-16
2501.9709865906134 -1.6355728292130898e-16 2.1678042513500222e-16
2502.3614784908596 1.7302693201834353e-16 2.3762851178387e-16
2502.7519697503467 2.2076149266158222e-16 2.512904126571615e-16
2503.1424603690753 -2.7084348557007787e-17 2.1888062645405278e-16
2503.532950347045 8.028773505267252e-17 2.449013165781381e-16
2503.9234396842553 2.6315830751070117e-17 2.2071337660898587e-16
2504.3139283807072 -1.1196642319418931e-16 2.2346516802877745e-16
2504.7044164364006 -7.116552625692472e-17 2.2617864814286554e-16
2505.0949038513345 -1.621481417361613e-16 2.1640414399591456e-16
2505.48539062551 -5.444016507846581e-17 2.321270293935432e-16
2505.875876758926 4.9135289802070534e-17 2.3477572971070456e-16
2506.2663622515834 1.1478940696333772e-16 2.3951427509782106e-16
2506.656847103482 -6.769543364099756e-17 2.2683455251116835e-16
2507.0473313146213 1.2596122654741605e-16 2.3666678739327155e-16
2507.4378148850024 2.4488193835872905e-17 2.309163035442369e-16
2507.8282978146244 -1.9588271255368543e-16 2.163211678708848e-16
2508.2187801034875 -1.5245432294604035e-16 2.1888354274525136e-16
2508.6092617515915 4.814091564005323e-16 2.553034684108656e-16
2508.999742758937 -1.816115379699678e-16 2.1863600527620546e-16
2509.3902231255233 1.1995356083636308e-16 2.331511383624391e-16
2509.7807028513507 8.760856260545026e-17 2.316639027680297e-16
2510.1711819364195 3.8355452542584587e-16 2.5369375045089386e-16
2510.5616603807293 -2.5369394518982505e-16 2.1927800098955336e-16
2510.9521381842806 -2.954684324744148e-16 2.123502690041466e-16
2511.3426153470723 6.665159381918033e-17 2.4737857626116085e-16
2511.7330918691055 3.4031652948497846e-16 2.5394172513282635e-16
2512.1235677503796 2.349028143131682e-17 2.319571450480849e-16
2512.514042990895 2.413226262390167e-17 2.287427183174543e-16
2512.9045175906517 1.5314102635255256e-16 2.3243530415297337e-16
2513.2949915496492 5.107870823606733e-17 2.294773495221732e-16
2513.685464867888 -1.7522182999699748e-16 2.299697063633889e-16
2514.075937545368 -6.754416356464257e-17 2.305420013250332e-16
2514.466409582089 7.067499118356809e-17 2.3511891069528564e-16
2514.8568809780513 1.9105766847257341e-16 2.380530526978177e-16
2515.2473517332546 -1.6628221843939049e-16 2.1414592245384038e-16
2515.637821847699 -1.7710556711656292e-17 2.3285315179276096e-16
2516.028291321384 1.4530395191680407e-16 2.343303521490804e-16
2516.418760154311 1.9421263991495453e-17 2.3478417015279765e-16
2516.809228346479 -6.884322594431306e-17 2.2462256015253663e-16
2517.1996958978875 1.761466696633166e-16 2.458511370334244e-16
2517.5901628085376 -2.1374778323342388e-16 2.1906606712548126e-16
2517.980629078429 -1.959650856499625e-17 2.2942924672107736e-16
2518.371094707561 6.892129994953758e-17 2.2944682548728874e-16
2518.761559695934 2.6262279604970714e-16 2.4259456187617883e-16
2519.152024043549 -1.340253599739276e-16 2.2243308526838185e-16
2519.5424877504042 1.398558306750439e-17 2.313798409309539e-16
2519.9329508165015 1.3495716421150313e-16 2.337419604259257e-16
2520.3234132418393 1.6407855604408986e-16 2.4108336225452956e-16
2520.713875026418 3.296033832000317e-17 2.343172360097032e-16
2521.104336170238 -1.8957410025104354e-16 2.1646918834041737e-16
2521.4947966732993 -4.3797650878517914e-17 2.278396984300919e-16
2521.8852565356015 3.3252908376013984e-16 2.494456569758412e-16
2522.275715757145 3.4432543381123755e-16 2.415242766223666e-16
2522.6661743379295 4.376960689992906e-16 2.5046682380216987e-16
2523.0566322779555 -8.83430171756716e-17 2.2460514044874797e-16
2523.4470895772224 -4.7810806330147674e-17 2.245045210998287e-16
2523.8375462357303 4.488290328253828e-16 2.5608500325339904e-16
2524.2280022534796 1.3681554192800165e-16 2.453522038657236e-16
2524.61845763047 3.768940999746784e-17 2.284904080238192e-16
2525.0089123667008 1.7255146448186112e-17 2.3815190949796013e-16
2525.3993664621735 -3.157630787369692e-16 2.129628092284508e-16
2525.7898199168867 -1.2979086189783008e-16 2.192938265325138e-16
2526.180272730842 6.186122207640714e-17 2.382954256081444e-16
2526.570724904038 1.938062357007949e-16 2.446064383523065e-16
2526.9611764364745 -6.140508916019462e-17 2.27620868161913e-16
2527.3516273281525 -3.558682950521447e-16 1.9976375287186743e-16
2527.742077579072 4.2862416456496216e-18 2.3775890942526793e-16
2528.132527189232 -8.214794708763647e-17 2.1845212738550142e-16
2528.5229761586334 9.875714768035115e-17 2.4223520367282297e-16
2528.913424487276 2.0710655410721286e-16 2.3790502748577034e-16
2529.30387217516 1.7389860605884538e-16 2.3677378522414946e-16
2529.694319222285 1.7323428738104332e-16 2.3999469896760237e-16
2530.0847656286505 -5.985754974137698e-17 2.258050172808514e-16
2530.4752113942577 -2.2145174448455065e-16 2.1995962941653315e-16
2530.865656519106 -1.1555668114806256e-16 2.234851977267503e-16
2531.256101003195 8.999192065171348e-17 2.4184164082913265e-16
2531.6465448465256 -1.260399971522274e-16 2.1955635838411833e-16
2532.036988049097 -1.1915207188024185e-16 2.2634733136074474e-16
2532.4274306109096 -1.9082815521441962e-16 2.188371444825798e-16
2532.8178725319635 4.162915476925168e-17 2.2626677581057373e-16
2533.2083138122584 1.1048694289513076e-16 2.348384840713259e-16
2533.598754451795 -8.331149597441314e-17 2.2316601350712364e-16
2533.9891944505716 1.8201970753178128e-16 2.434222952732967e-16
2534.37963380859 6.340905256873626e-18 2.285126727629066e-16
2534.770072525849 6.284133842565362e-17 2.426999942252311e-16
2535.16051060235 -7.393036109632123e-17 2.36432811293416e-16
2535.5509480380915 -3.384127038694997e-17 2.323824696465458e-16
2535.941384833074 -6.776549945035585e-17 2.3167999025487416e-16
2536.331820987298 -1.042916885730886e-16 2.2717685910577967e-16
2536.7222565007633 -2.295199301590856e-17 2.3143971581086684e-16
2537.1126913734693 1.2961050577114418e-16 2.4277369732913147e-16
2537.5031256054162 -3.46518825474246e-16 2.1534329289345652e-16
2537.893559196605 8.950104223737525e-17 2.4242211203875097e-16
2538.2839921470345 -2.345256545074721e-16 2.1678207374171503e-16
2538.6744244567053 5.930550831616389e-17 2.366748030384603e-16
2539.064856125617 -1.9695990925642796e-16 2.2332597349237534e-16
2539.45528715377 -3.122937099855741e-16 2.1120868037892707e-16
2539.845717541164 -1.6906914712691273e-16 2.1818873968377634e-16
2540.2361472877988 6.084721027420613e-17 2.349589812943052e-16
2540.626576393675 -4.537274527286767e-17 2.415697869559335e-16
2541.0170048587925 -2.0094856163660008e-16 2.1587760734092445e-16
2541.407432683151 2.061457254410127e-16 2.470261768888713e-16
2541.7978598667505 -8.084795097202706e-17 2.264864199677251e-16
2542.1882864095915 2.4851031978244637e-16 2.5542815924999733e-16
2542.578712311673 9.902410403812519e-17 2.3797414718573763e-16
2542.9691375729963 -3.05447376019257e-16 2.1379983683582909e-16
2543.35956219356 -1.9008015085296295e-16 2.180163542045693e-16
2543.7499861733654 -1.3951916725194483e-16 2.1736989849007094e-16
2544.1404095124117 -1.919422820841371e-17 2.2591275771031027e-16
2544.5308322106994 8.585934246142002e-17 2.3559762696578804e-16
2544.921254268228 -4.462855036661688e-16 1.9664994502554584e-16
2545.3116756849977 -3.2871643331906245e-17 2.2890050623275436e-16
2545.7020964610083 -1.9108370293302665e-16 2.255272890334527e-16
2546.0925165962603 -9.42766554694985e-18 2.336047578432734e-16
2546.482936090754 -3.044581991972325e-16 2.0764302778131308e-16
2546.873354944488 3.773423216576419e-16 2.608594478914427e-16
2547.263773157463 -1.3624144187633018e-17 2.326007193743038e-16
2547.6541907296796 -3.7721728459548124e-16 2.0932985885365235e-16
2548.044607661137 -8.512298637273038e-17 2.350558800523082e-16
2548.435023951836 -9.89362631223382e-17 2.312089418659991e-16
2548.8254396017755 -6.302601063660378e-17 2.2659084321170597e-16
2549.2158546109567 1.562972464339373e-16 2.4243058029047567e-16
2549.606268979379 -1.7374418357423831e-16 2.1847459819718135e-16
2549.9966827070416 -8.122094443537063e-17 2.3253330032329734e-16
2550.387095793946 -4.3230379340254715e-17 2.2981929709784663e-16
2550.7775082400913 2.4260303561421073e-16 2.4141349172194444e-16
2551.1679200454782 1.0524447033799899e-16 2.356646144184219e-16
2551.5583312101057 -9.338688481175604e-17 2.222344409744917e-16
2551.9487417339747 -1.592415643166011e-17 2.2981652793671526e-16
2552.3391516170846 -1.2334821705888345e-16 2.0984550940354793e-16
2552.729560859436 -6.04216299095165e-17 2.284458688109634e-16
2553.1199694610277 1.2199612935714733e-16 2.390085717076765e-16
2553.510377421861 2.8672930241614064e-17 2.405658852331681e-16
2553.9007847419352 -1.048640365656347e-16 2.1904928949836982e-16
2554.291191421251 -3.232854766345627e-16 2.062760923012763e-16
2554.681597459808 3.65352436149336e-16 2.5077225763967253e-16
2555.0720028576056 4.920392401695868e-17 2.3385077788582975e-16
2555.4624076146447 1.7127876824996269e-16 2.400818169285211e-16
2555.8528117309247 5.428541065034336e-16 2.6443040969594014e-16
2556.2432152064453 -5.972999540528775e-17 2.2489439460702997e-16
2556.6336180412077 -1.1809991090991916e-16 2.3129463717479516e-16
2557.024020235211 -4.483896605518018e-17 2.3059817296347316e-16
2557.414421788456 -7.110889537262588e-17 2.2923051788524253e-16
2557.8048227009417 1.1605618970868987e-16 2.3840051283532297e-16
2558.195222972668 1.9049682789924913e-17 2.34152912332703e-16
2558.5856226036362 9.226820524390055e-17 2.3127806469361637e-16
2558.9760215938454 2.099437369444112e-16 2.5095227988985983e-16
2559.366419943295 -5.798780408049372e-17 2.262782099431603e-16
2559.7568176519867 3.168157502994502e-16 2.4910751621309647e-16
2560.147214719919 2.3570602382583267e-16 2.5301167028354697e-16
2560.5376111470923 1.8687041798235183e-16 2.4413362859896723e-16
2560.9280069335073 -1.2019680938241112e-16 2.222667271287666e-16
2561.3184020791628 1.1746391003188477e-16 2.414452043878105e-16
2561.7087965840597 1.9889048294360471e-16 2.4553913207331746e-16
2562.0991904481975 -1.027470938249777e-16 2.3126862384290135e-16
2562.489583671577 1.1590706917745423e-17 2.333370826654451e-16
2562.879976254197 4.121097083937992e-17 2.375276950063162e-16
2563.2703681960584 7.19763778403322e-17 2.3310826379893287e-16
2563.660759497161 3.464857795171398e-16 2.5096391944365015e-16
2564.0511501575047 3.21942175441372e-16 2.4933252590870775e-16
2564.4415401770893 -9.092475858913495e-17 2.2715095774905333e-16
2564.8319295559154 5.777789714391221e-17 2.326862223198619e-16
2565.222318293982 -7.944244345811813e-17 2.1697243414412877e-16
2565.61270639129 -7.59837966801988e-17 2.362481861725158e-16
2566.0030938478394 6.194561352456784e-17 2.3842593304915916e-16
2566.39348066363 7.050464996102209e-17 2.363848299827922e-16
2566.783866838661 8.60834332221932e-17 2.486109754501973e-16
2567.174252372934 -2.2136285633327663e-16 2.239496566740052e-16
2567.5646372664473 -5.626760482004854e-17 2.242213320133379e-16
2567.9550215192025 6.792451192651686e-17 2.487775778423686e-16
2568.3454051311983 -8.980872624469102e-18 2.4187178902338586e-16
2568.7357881024354 3.281681064527764e-16 2.518259191277565e-16
2569.1261704329136 5.2814320817408716e-17 2.3905637158936456e-16
2569.5165521226327 -4.3568745803866645e-17 2.347614634925937e-16
2569.9069331715937 -2.8259723981511255e-16 2.1180671392569447e-16
2570.297313579795 2.78601310447955e-16 2.5817793970774204e-16
2570.6876933472377 2.468277031557075e-16 2.487905608468411e-16
2571.0780724739216 2.942553281357653e-16 2.4576170143221574e-16
2571.4684509598465 -2.29351415514631e-16 2.1306789549572373e-16
2571.8588288050123 -1.6552958375080624e-16 2.221307357387413e-16
2572.2492060094196 -3.1333889323705417e-16 2.1357282104188274e-16
2572.639582573068 5.981261852367588e-17 2.362895647822824e-16
2573.0299584959575 -1.662578493022121e-16 2.1721263997435633e-16
2573.420333778088 2.8327219239959646e-16 2.485789744519555e-16
2573.81070841946 -1.3381908067906344e-16 2.202916986047015e-16
2574.2010824200725 -1.6182606161863502e-16 2.234439996373366e-16
2574.5914557799265 1.5258895299738446e-16 2.3897331371587616e-16
2574.9818284990215 4.724173596977157e-16 2.5609612698582753e-16
2575.3722005773575 2.0146566692191715e-16 2.437474482252809e-16
2575.762572014935 2.1157756439541377e-16 2.390331454399282e-16
2576.1529428117533 1.4345228190713405e-16 2.39921777767888e-16
2576.543312967813 2.479173648879511e-16 2.4869802658725375e-16
2576.9336824831134 3.7299531824687807e-16 2.6015427925855286e-16
2577.324051357655 2.9969710417412086e-16 2.6208117363703694e-16
2577.7144195914384 -9.196659071794385e-17 2.425004564405163e-16
2578.104787184462 -4.874882447136426e-17 2.34661495780422e-16
2578.4951541367273 -3.395015831374773e-16 2.1816963708077545e-16
2578.8855204482334 2.361109440340922e-16 2.44741368350724e-16
2579.2758861189814 2.5690167352038043e-17 2.324083922238264e-16
2579.66625114897 -1.4396306546776392e-16 2.2877237481737617e-16
2580.0566155381994 2.3233942073038467e-16 2.451918565127362e-16
2580.4469792866703 -4.0194571382730993e-16 2.0905633807552724e-16
2580.837342394382 -2.586088197323807e-16 2.2172476485319881e-16
2581.2277048613346 2.234744691577432e-17 2.4055239948794575e-16
2581.618066687529 2.525120307564162e-16 2.481146440826845e-16
2582.008427872964 -5.308606950892707e-17 2.37106901376184e-16
2582.398788417641 5.9520575154041016e-18 2.373600479858159e-16
2582.789148321558 3.8826469613791225e-16 2.5166561158287244e-16
2583.1795075847167 2.1831061224191625e-16 2.485017644255774e-16
2583.569866207117 -7.37740617746006e-17 2.266076444390765e-16
2583.9602241887574 9.577404750280287e-17 2.4393922219756406e-16
2584.3505815296394 2.7146666532466392e-17 2.3455519325049543e-16
2584.7409382297624 -1.9845794275175416e-16 2.2349745051448093e-16
2585.131294289127 -4.7082047993386884e-17 2.2996655073291666e-16
2585.521649707732 -2.6033777132525434e-16 2.2657852539177287e-16
2585.9120044855786 -2.310326091598543e-16 2.262231955833164e-16
2586.3023586226664 -1.3962958680458077e-16 2.316257706509295e-16
2586.692712118995 -1.4711758844302188e-16 2.3267746268190135e-16
2587.083064974565 -4.247516014055956e-16 2.0384778020332082e-16
2587.4734171893756 1.1711339497010999e-17 2.31422195951767e-16
2587.8637687634277 3.521858258680938e-16 2.6061652985573866e-16
2588.254119696721 2.224195218248801e-16 2.5235436549242315e-16
2588.6444699892554 3.2478181697882636e-16 2.580719818478218e-16
2589.034819641031 -6.255792187233474e-17 2.2798956495427596e-16
2589.4251686520474 -6.303406025750543e-17 2.384250871052055e-16
2589.8155170223054 2.369588857338654e-16 2.4965109189344147e-16
2590.2058647518043 1.9994660792429502e-16 2.4116949833573327e-16
2590.5962118405437 -9.450540010627471e-17 2.314637309246728e-16
2590.986558288525 1.0249753417756859e-16 2.4213278270988467e-16
2591.3769040957472 5.4757703393325985e-17 2.412841379262158e-16
2591.7672492622105 2.444010566477933e-16 2.5252657121959455e-16
2592.157593787915 2.3872295556179885e-16 2.501955846306969e-16
2592.547937672861 3.0569419148628887e-16 2.4583961046174744e-16
2592.9382809170475 7.291474622899528e-17 2.411838234151629e-16
2593.328623520475 -1.3950713219220082e-16 2.3242107600474836e-16
2593.718965483144 1.0302914029340612e-16 2.425505909194872e-16
2594.109306805054 3.8365035568589697e-16 2.6031018991095156e-16
2594.499647486205 -1.0601115175474657e-16 2.383336883531309e-16
2594.889987526598 2.3146269785888633e-16 2.510337457769462e-16
2595.2803269262313 -2.3134983491900645e-17 2.3398568372689404e-16
2595.6706656851056 4.0209255060191406e-16 2.6058640793687616e-16
2596.0610038032214 -9.178274816433367e-17 2.301857404581198e-16
2596.451341280578 -5.733335848902452e-18 2.3245033020273617e-16
2596.841678117176 9.266580128494385e-17 2.389862222740897e-16
2597.232014313015 4.735989442677463e-16 2.6318668695256982e-16
2597.622349868095 7.825172537854608e-17 2.418378797057132e-16
2598.0126847824167 -3.0296438919075256e-16 2.1136582349732522e-16
2598.4030190559793 -1.0907619995640706e-16 2.331172919929999e-16
2598.7933526887823 -2.1813241023946116e-16 2.282303886061049e-16
2599.1836856808272 -4.335590273442577e-16 2.0971702004591375e-16
2599.574018032113 6.405681718422552e-17 2.397850732056047e-16
2599.9643497426396 1.2621325238270347e-16 2.451431725875958e-16
2600.354680812408 8.279996611531925e-17 2.48956135462817e-16
2600.7450112414167 8.490214306843652e-17 2.401036997145008e-16
2601.1353410296674 -4.23411031946161e-16 2.1028993382222872e-16
2601.5256701771586 -1.3495143569475816e-17 2.376678097339608e-16
2601.9159986838913 1.1197337942079047e-16 2.4260857022248325e-16
2602.306326549865 3.962208828522735e-16 2.530711949095888e-16
2602.6966537750795 -1.691386887574405e-16 2.2956967328714455e-16
2603.0869803595356 4.2810427495553947e-16 2.6309953900517107e-16
2603.4773063032326 1.1006499258130204e-18 2.384563579421364e-16
2603.8676316061706 -1.097350533413629e-16 2.321674272172016e-16
2604.25795626835 2.474719410939087e-16 2.438737930905009e-16
2604.6482802897704 3.320441358966976e-16 2.570014110483039e-16
2605.0386036704317 -6.310522977950997e-17 2.3097217802953436e-16
2605.4289264103345 8.523876402708331e-17 2.4160164181473144e-16
2605.8192485094783 -4.1441956859331084e-17 2.2549368006097507e-16
2606.209569967863 3.00151639588141e-16 2.512958446743494e-16
2606.599890785489 7.153272098918509e-17 2.351414252268694e-16
2606.990210962356 1.9677412389749412e-16 2.48249134174559e-16
2607.3805304984644 1.546299326674448e-16 2.455396372431722e-16
2607.770849393814 4.2835705621191373e-17 2.359580468415714e-16
2608.161167648404 2.7822616171889487e-16 2.5274978373544917e-16
2608.551485262236 3.84710807700669e-16 2.5595816410392886e-16
2608.9418022353084 -3.907549441729882e-16 2.1781947846370148e-16
2609.3321185676223 2.6526435481180417e-16 2.511026804849399e-16
2609.722434259177 1.3506297361828668e-16 2.4821348319157933e-16
2610.1127493099734 1.1211853165914897e-16 2.45748532863476e-16
2610.5030637200107 1.177581459729231e-16 2.3758479205004625e-16
2610.893377489289 1.7812762594019192e-16 2.4949345720534404e-16
2611.2836906178086 1.4587077540148144e-16 2.4479049800798007e-16
2611.674003105569 8.103494272677635e-17 2.3776352043659586e-16
2612.064314952571 -9.176165045533686e-17 2.373551783323193e-16
2612.4546261588134 -4.587955139119728e-18 2.4284223979968323e-16
2612.8449367242974 -8.563453512163414e-17 2.296436988578092e-16
2613.2352466490224 1.526010967063236e-16 2.47167488616273e-16
2613.625555932989 5.772856284721497e-17 2.3639846726895924e-16
2614.0158645761962 1.0249598130583673e-17 2.4081415618976406e-16
2614.4061725786446 9.697638623723666e-18 2.411807906052835e-16
2614.7964799403344 9.047048433832352e-17 2.439737953796078e-16
2615.186786661265 3.316686654506265e-16 2.508549097944746e-16
2615.5770927414364 -2.0673492456434502e-16 2.2829257839701126e-16
2615.9673981808496 -2.7374396533601043e-16 2.219350967829445e-16
2616.3577029795038 -7.933896133818894e-17 2.320257039527716e-16
2616.748007137399 -1.4480455416164263e-16 2.287033998337116e-16
2617.1383106545354 2.6027223624438033e-16 2.5478088785742736e-16
2617.5286135309125 1.173376130534861e-16 2.390852334870368e-16
2617.9189157665314 -2.6990256555250934e-17 2.400648650238442e-16
2618.309217361391 -1.1285357311026353e-16 2.256245682479954e-16
2618.6995183154913 3.301357079015992e-16 2.532575873262953e-16
2619.0898186288337 -1.3920592465815925e-16 2.3105857011034504e-16
2619.4801183014165 1.507696595490385e-17 2.400915384321063e-16
2619.8704173332408 9.76047357144299e-17 2.4498749425488614e-16
2620.260715724306 1.900895556892789e-16 2.521074745828429e-16
2620.6510134746122 -4.502286359854015e-17 2.3174691719453184e-16
2621.04131058416 1.715772922981134e-17 2.3673554168086803e-16
2621.4316070529485 1.5516776389204878e-17 2.431320914152359e-16
2621.821902880978 -1.883457559691569e-16 2.293243764377954e-16
2622.212198068249 1.2041959195007512e-16 2.4707536380514193e-16
2622.602492614761 2.2158777237394705e-16 2.5451667992744905e-16
2622.9927865205145 3.2837732198534647e-16 2.5452067666716214e-16
2623.383079785509 4.861169681269574e-16 2.6422930247351206e-16
2623.7733724097443 3.5339342750585205e-16 2.5214441809343953e-16
2624.1636643932206 3.8597059407987563e-16 2.6484228818051985e-16
2624.5539557359384 -7.63837391636393e-17 2.4285965240046723e-16
2624.9442464378967 1.026789912984136e-16 2.4706701193588107e-16
2625.334536499097 1.0490005802740552e-16 2.5465251995651345e-16
2625.724825919538 1.1473843164248712e-16 2.4617748092365657e-16
2626.11511469922 4.679403121988282e-16 2.636044726411578e-16
2626.5054028381433 -1.1681039189067863e-16 2.370763961612967e-16
2626.895690336308 -7.025812904990566e-18 2.457447742484039e-16
2627.2859771937133 -6.440601618377624e-18 2.3940934254539623e-16
2627.6762634103598 -2.0964145098928635e-17 2.4150993432868017e-16
2628.066548986247 2.763625603427774e-16 2.541952236868611e-16
2628.4568339213765 -2.112124630516902e-17 2.374436564484712e-16
2628.8471182157464 2.7416344717132975e-16 2.4787552877492974e-16
2629.2374018693577 5.214721094113901e-16 2.671204222342345e-16
2629.62768488221 1.9980883182702582e-17 2.470822940630401e-16
2630.017967254303 -1.4338579496785768e-16 2.3199837620347473e-16
2630.408248985638 1.3524569381422054e-16 2.5428499847776223e-16
2630.7985300762134 4.601095008132174e-16 2.712415713883441e-16
2631.18881052603 2.9823175822830897e-16 2.6229499783326066e-16
2631.5790903350876 -2.34461423281189e-16 2.2492383836964447e-16
2631.9693695033866 -7.007761993131524e-18 2.337857280096717e-16
2632.359648030927 1.6045574325973017e-16 2.477468503605057e-16
2632.749925917708 4.342427999959724e-16 2.663449287516163e-16
2633.1402031637303 -6.579627955663448e-17 2.376540415774135e-16
2633.530479768994 -1.2250523183820808e-16 2.3897896014819465e-16
2633.9207557334985 -1.1356725981791901e-17 2.4654688046731716e-16
2634.311031057244 1.980015665648466e-16 2.562438717019894e-16
2634.701305740231 -1.6011183298057364e-16 2.2881442932710727e-16
2635.0915797824587 -4.986227896399512e-17 2.3583923987489306e-16
2635.4818531839283 8.211301305840724e-17 2.4995354146309263e-16
2635.8721259446384 5.723829609387183e-17 2.42605383595791e-16
2636.2623980645894 -3.1365360551267096e-17 2.405794251518365e-16
2636.652669543782 1.634734134466405e-16 2.4571071439630356e-16
2637.0429403822154 -3.4996139801713196e-16 2.1717654173179388e-16
2637.43321057989 1.670204008295938e-17 2.4437720677593992e-16
2637.8234801368058 -1.2875651218430344e-16 2.2689239446067763e-16
2638.2137490529626 1.5304955013923173e-16 2.4408084598239916e-16
2638.604017328361 1.4922580313431794e-17 2.460407211909979e-16
2638.994284963 1.187064309621076e-16 2.5258572483182113e-16
2639.3845519568804 -2.789206093920063e-16 2.241643882914658e-16
2639.774818310002 2.0503624906819056e-16 2.5359650580165456e-16
2640.1650840223647 2.1463290793574879e-16 2.4174159870070494e-16
2640.555349093968 1.5244755604314493e-16 2.486474255266136e-16
2640.945613524813 3.7636275303304383e-16 2.643687197296652e-16
2641.335877314899 2.3642482369920635e-16 2.629290230193823e-16
2641.726140464226 -1.9515393472091855e-16 2.305887923631114e-16
2642.1164029727943 2.507356013630607e-16 2.5614114653418684e-16
2642.506664840603 1.432844243175527e-16 2.400122113273653e-16
2642.896926067654 1.601182203665863e-16 2.526654392801593e-16
2643.2871866539454 -4.3318681462243764e-17 2.450974717165299e-16
2643.6774465994777 -2.9068140678481946e-16 2.2433972625571674e-16
2644.067705904252 1.5134234361580187e-16 2.5505644269511996e-16
2644.4579645682666 -5.44306531869861e-17 2.3746583120643866e-16
2644.8482225915227 2.557927383088036e-16 2.5374179941576e-16
2645.23847997402 1.8072625454945118e-16 2.570168091551271e-16
2645.628736715758 3.963113957622185e-16 2.61258715583191e-16
2646.0189928167374 4.110485349232399e-16 2.585730592684454e-16
2646.409248276958 4.057921917779284e-17 2.4561436534416726e-16
2646.7995030964194 2.623228333610171e-17 2.4718959479460153e-16
2647.1897572751222 8.334509991437358e-17 2.48736690220396e-16
2647.580010813066 3.848346291488566e-16 2.673485914548118e-16
2647.9702637102514 1.6488526915084346e-16 2.552408989121159e-16
2648.360515966677 2.3055223044136142e-17 2.4545124281623378e-16
2648.7507675823445 -1.7500174009788617e-16 2.263727948009229e-16
2649.141018557253 3.2728923591459235e-16 2.613923651256308e-16
2649.5312688914023 -2.761920579969524e-16 2.2281958624155743e-16
2649.921518584793 3.32466033405911e-16 2.632491897294653e-16
2650.311767637425 1.3577147857870003e-17 2.4172010086138404e-16
2650.7020160492975 2.4774503852076855e-16 2.478423241671883e-16
2651.0922638204115 -2.554043816818752e-17 2.405822270614944e-16
2651.482510950767 -1.804822441833583e-17 2.4325971836345937e-16
2651.872757440363 2.4311930767293076e-16 2.6728630436984516e-16
2652.2630032892002 -4.107670320812916e-17 2.434221046260845e-16
2652.653248497279 -2.1349778276633152e-16 2.3245303920722285e-16
2653.0434930645984 1.6481465318445875e-16 2.531144393195922e-16
2653.433736991159 -1.4454299943557545e-16 2.366446949375187e-16
2653.823980276961 -3.038394550989998e-16 2.2066953118528612e-16
2654.214222922004 4.035103661464485e-16 2.676588835483749e-16
2654.604464926288 2.5234152101930093e-16 2.5701676776374403e-16
2654.994706289813 3.2955230299747376e-16 2.6344636507867146e-16
2655.3849470125797 3.817323638466665e-16 2.6835469502943383e-16
2655.775187094587 3.0216113274058212e-18 2.444549647198846e-16
2656.1654265358356 -6.212752013352973e-17 2.4458632248564517e-16
2656.555665336325 -1.0600989508496896e-16 2.374635627511943e-16
2656.945903496056 7.15077139723679e-17 2.515435638803003e-16
2657.3361410150283 -2.672503917387057e-16 2.22304969836436e-16
2657.726377893241 1.2224029475363979e-16 2.5175195945925024e-16
2658.1166141306953 -1.0213975037754847e-16 2.4287808767822164e-16
2658.5068497273905 -5.948392402286679e-17 2.418324748994267e-16
2658.897084683327 -1.166729423543955e-16 2.4102372303385086e-16
2659.2873189985044 -2.5339695204670987e-16 2.309331720721296e-16
2659.6775526729234 -6.038913175103171e-17 2.4774243377699715e-16
2660.067785706583 -1.0533936682917888e-16 2.4247227882926105e-16
2660.458018099484 5.165441923286302e-17 2.558796685902216e-16
2660.8482498516264 8.326363308725849e-17 2.5584613214868544e-16
2661.2384809630094 -3.831526470504267e-16 2.2154678518116933e-16
2661.6287114336337 4.2272140522173296e-16 2.746951046431195e-16
2662.018941263499 1.1421890320143255e-16 2.5558782381638e-16
2662.4091704526054 -9.725760695705869e-17 2.330026085112799e-16
2662.799399000953 3.8327242865101104e-16 2.721954768805299e-16
2663.189626908542 -2.2347446068529653e-16 2.385237482941534e-16
2663.579854175372 -1.2154439107697711e-16 2.523836434122101e-16
2663.970080801443 -1.6394946549043993e-16 2.410396367991332e-16
2664.3603067867552 1.3010845387177423e-16 2.581134785697938e-16
2664.7505321313083 -2.670692763837285e-17 2.4539317731403053e-16
2665.140756835103 5.898267831337003e-17 2.5040169482249967e-16
2665.5309808981383 -5.579973022610786e-17 2.5061741671172274e-16
2665.9212043204147 3.8388334549000897e-17 2.5116314167732546e-16
2666.3114271019326 -1.4255195756259657e-16 2.4777547076849107e-16
2666.701649242692 -1.8842057322630193e-16 2.353898880482579e-16
2667.0918707426918 -4.3495317995336256e-16 2.209324473304782e-16
2667.482091601933 1.3693344684296143e-16 2.5357651276301343e-16
2667.8723118204152 1.9434290403552745e-16 2.6318308755406646e-16
2668.2625313981384 1.2921199143397757e-16 2.596705115234477e-16
2668.652750335103 3.238790353655453e-16 2.5742057671838453e-16
2669.0429686313087 2.428039858752966e-16 2.592693584435839e-16
2669.4331862867552 -2.221838044389394e-16 2.356449534469093e-16
2669.8234033014432 -1.0028288704201213e-16 2.4575491328250722e-16
2670.2136196753722 -1.321843488782157e-17 2.537450214244356e-16
2670.603835408542 -1.319565308684838e-16 2.4446914510974886e-16
2670.9940505009536 -1.9331013917066888e-16 2.341211486887941e-16
2671.384264952606 2.05047165486832e-16 2.595567583325668e-16
2671.7744787634992 6.225431540239429e-16 2.900754281766476e-16
2672.164691933634 -5.4493806188413756e-17 2.5026648665314536e-16
2672.5549044630097 -1.6256519754530246e-16 2.4049562570306214e-16
2672.945116351627 -2.9598529588379924e-16 2.3310231288339913e-16
2673.3353275994846 9.169677807686497e-17 2.6057072865213025e-16
2673.7255382065837 6.518479694107667e-17 2.566423754391791e-16
2674.115748172924 1.6049649600016793e-16 2.651391146904091e-16
2674.5059574985053 3.660880801035155e-17 2.5654029574978697e-16
2674.8961661833278 2.666463069122398e-16 2.680539375634722e-16
2675.286374227391 5.121228939052698e-17 2.473093491611597e-16
2675.676581630696 1.271583904727898e-16 2.532739953602798e-16
2676.066788393242 7.706103156525155e-18 2.5279885747775254e-16
2676.4569945150292 3.119055944019811e-16 2.7230775172809294e-16
2676.847199996057 5.944637076490914e-17 2.551228237478891e-16
2677.2374048363263 1.523885087776982e-16 2.6162176893788322e-16
2677.6276090358365 -3.0601432248346674e-18 2.5777212874204346e-16
2678.017812594588 3.6199736764758024e-16 2.746228304104762e-16
2678.4080155125807 8.90414282063781e-17 2.6263441922051213e-16
2678.7982177898143 -1.645076222421462e-16 2.4187601209289603e-16
2679.1884194262893 -1.570110409752474e-16 2.3891192963067975e-16
2679.5786204220053 3.1808981392143026e-16 2.7038719071076585e-16
2679.9688207769623 9.829086383605058e-17 2.55140218277524e-16
2680.35902049116 -2.282439611753458e-16 2.415104926501759e-16
2680.7492195645996 2.237323444535552e-16 2.6519123334710714e-16
2681.13941799728 8.635648450656123e-17 2.6311609007955153e-16
2681.5296157892017 6.89201435412529e-17 2.5833006297395684e-16
2681.9198129403644 -3.152113337671017e-16 2.3175760021516993e-16
2682.310009450768 -1.195240656627591e-16 2.4778507190886045e-16
2682.7002053204133 -1.6070159663483893e-16 2.3819445274813804e-16
2683.090400549299 1.7730727492924533e-16 2.6452252023596195e-16
2683.4805951374265 9.518937235655125e-18 2.5090462919777545e-16
2683.8707890847945 -1.2840261978337455e-16 2.391995517438322e-16
2684.260982391404 2.312855839426137e-16 2.6655966107603664e-16
2684.6511750572545 2.964883431586193e-16 2.715144432942138e-16
2685.041367082346 2.8358414025817015e-17 2.516202695611856e-16
2685.4315584666792 -2.2408396048708997e-17 2.507127719752417e-16
2685.821749210253 1.7650269255452192e-16 2.68539514018719e-16
2686.211939313068 -2.6254717010258556e-16 2.3613965051533713e-16
2686.602128775124 -8.490056261334216e-17 2.450026376670069e-16
2686.9923175964213 3.954844646042187e-16 2.7130943960199657e-16
2687.3825057769595 1.2443569860183845e-16 2.590129498221465e-16
2687.772693316739 2.1448634084993213e-16 2.658055360360732e-16
2688.1628802157597 1.7560584684687673e-16 2.578225318762629e-16
2688.5530664740218 4.4189779127978105e-17 2.633588591219104e-16
2688.9432520915248 3.946156502622069e-16 2.7290243033777157e-16
2689.3334370682687 2.798828912093179e-16 2.8014908583231584e-16
2689.7236214042537 3.710083869940023e-17 2.581329359752361e-16
2690.11380509948 -2.4290596556736373e-17 2.417144414840261e-16
2690.5039881539474 -2.1987083711781196e-16 2.491998597106348e-16
2690.8941705676557 -2.486036394418148e-16 2.4008203593545407e-16
2691.2843523406054 4.581077330551095e-16 2.840484842319472e-16
2691.674533472796 -1.5842614014741954e-16 2.4861456034946294e-16
2692.0647139642283 2.3599727507317463e-16 2.70298645390714e-16
2692.454893814901 2.5525542580468907e-16 2.72141966229105e-16
2692.8450730248155 -6.815017811942537e-18 2.655399308842041e-16
2693.2352515939706 5.097658245445497e-17 2.6591746459865597e-16
2693.6254295223666 -1.8044992761655555e-16 2.372548276437435e-16
2694.015606810004 -2.855405009496391e-16 2.393332896910174e-16
2694.405783456883 -1.262245298008531e-16 2.5201665808545205e-16
2694.795959463003 -5.490108973159872e-18 2.5239199616086077e-16
2695.1861348283637 -3.1109078975256817e-17 2.5939714593201407e-16
2695.5763095529655 2.7752268680522597e-17 2.53948810047744e-16
2695.966483636809 3.020539717323459e-16 2.684664406973146e-16
2696.356657079893 1.0653543145621364e-16 2.69883546986392e-16
2696.746829882218 7.367823835729877e-17 2.6440402724636947e-16
2697.137002043785 1.7807724388358236e-16 2.665385235051779e-16
2697.527173564592 -1.2213362786561032e-16 2.48032927403999e-16
2697.917344444641 -1.7333369606549177e-17 2.538934474836043e-16
2698.307514683931 8.521176908231472e-17 2.674284697433786e-16
2698.6976842824615 4.0234972638582604e-18 2.5114687021159105e-16
2699.087853240234 1.7677946070328417e-16 2.6468333085651094e-16
2699.4780215572473 -6.827775958141451e-16 2.171732153216647e-16
2699.868189233501 -9.971369754522263e-17 2.575988984831522e-16
2700.258356268997 -9.67622222751495e-17 2.5770382398452897e-16
2700.6485226637333 1.2366811708155772e-16 2.6586318997536896e-16
2701.038688417711 2.127656666055679e-16 2.7252401646882e-16
2701.42885353093 4.237151283812567e-16 2.893524455574465e-16
2701.81901800339 -1.796831627922005e-16 2.4641690668619145e-16
2702.209181835091 -1.4880605677278682e-16 2.4566337692539467e-16
2702.599345026033 1.9355530987552247e-16 2.6954881691006864e-16
2702.9895075762165 7.447838331301592e-17 2.614652526344986e-16
2703.379669485641 -8.666022345325599e-17 2.587346504523389e-16
2703.7698307543064 6.327688808638607e-17 2.6486534063782417e-16
2704.1599913822133 -1.2447394271708874e-16 2.4776740440017354e-16
2704.550151369361 5.155243098855585e-16 2.8826784664297514e-16
2704.94031071575 3.8817872579535694e-16 2.811920016672245e-16
2705.33046942138 1.7751695436151549e-16 2.761934828169751e-16
2705.720627486251 3.3634142718866884e-16 2.7514514764037807e-16
2706.1107849103632 1.623925847975702e-16 2.6834882049019356e-16
2706.500941693717 1.5449226178688577e-16 2.6442257174470236e-16
2706.891097836311 1.1367922201672054e-16 2.6145817076476386e-16
2707.281253338147 3.1251546909438983e-16 2.8624442238752765e-16
2707.671408199224 4.4257751368159244e-16 2.803243960953367e-16
2708.0615624195416 -1.9043195838124937e-16 2.4349573414983523e-16
2708.451715999101 -6.555040146154671e-18 2.5662773802147616e-16
2708.841868937901 -2.617245238235607e-16 2.48147544247753e-16
2709.232021235942 -2.599041935157768e-16 2.379992747265464e-16
2709.6221728932246 2.2989502617607644e-16 2.7516520551457e-16
2710.012323909748 -1.6495719679106242e-16 2.57342160189885e-16
2710.4024742855127 1.4599565723320675e-16 2.7007545452918096e-16
2710.7926240205184 -3.10836987105835e-16 2.4553588258905514e-16
2711.1827731147655 -2.6226736394113493e-16 2.4949200454042913e-16
2711.5729215682536 -2.364862558671804e-16 2.4730778355892485e-16
2711.9630693809827 1.019199280235428e-16 2.746855830445903e-16
2712.3532165529527 -1.4161140514205957e-16 2.432180655904664e-16
2712.7433630841642 -4.4630601797749995e-17 2.5025246042079347e-16
2713.1335089746167 1.5232344399531326e-16 2.6855716564501013e-16
2713.52365422431 3.7045100104075144e-16 2.8271685192054805e-16
2713.913798833245 2.2934375204608166e-16 2.710941223081589e-16
2714.303942801421 1.32321599385988e-16 2.733483258662368e-16
2714.694086128838 2.0996595515170064e-16 2.752096181472185e-16
2715.084228815496 2.1268935124890844e-16 2.689133538474635e-16
2715.474370861395 -5.667006073679153e-17 2.544914698499862e-16
2715.8645122665357 7.563494359840465e-17 2.625400689654102e-16
2716.254653030917 1.1679882469898735e-16 2.6852623696806575e-16
2716.64479315454 -1.9358266352694642e-16 2.4012733405658833e-16
2717.0349326374035 3.544761899363112e-16 2.842423895360783e-16
2717.425071479508 1.3632879228449265e-16 2.626176878901602e-16
2717.8152096808544 -2.5651258088200593e-16 2.520192943988351e-16
2718.2053472414414 8.337530141790152e-17 2.7250251485852705e-16
2718.5954841612693 3.8798242807356595e-18 2.6363093176697554e-16
2718.985620440339 6.908377377544829e-17 2.696833523057457e-16
2719.3757560786494 3.2573567439928584e-17 2.6935682945663313e-16
2719.765891076201 -2.3604553142643695e-16 2.4154741259578065e-16
2720.156025432994 4.773884243429444e-17 2.6413199992790556e-16
2720.5461591490275 -4.2017678240634756e-16 2.430279912685322e-16
2720.9362922243026 7.385785203591238e-17 2.6519510282668633e-16
2721.3264246588187 5.371220520954546e-16 2.941583659467932e-16
2721.716556452576 1.9376890867449518e-16 2.784660762928887e-16
2722.106687605574 2.6660556172171793e-16 2.8422170332510645e-16
2722.4968181178133 -2.275135225207319e-16 2.524965616641533e-16
2722.886947989294 -1.8408384201719807e-17 2.70776102747585e-16
2723.277077220016 8.05539435795477e-17 2.760651504278322e-16
2723.6672058099784 2.6354024089267643e-16 2.7923964979698195e-16
2724.0573337591827 6.539940239415724e-16 3.0247266761453587e-16
2724.4474610676275 3.2571002366555305e-16 2.781574266868089e-16
2724.8375877353137 -5.588392178909356e-17 2.603166076029878e-16
2725.227713762241 9.447961513676938e-19 2.6997567441456265e-16
2725.6178391484095 -2.0583675845964757e-17 2.5254180113069946e-16
2726.007963893819 4.332467448013021e-16 2.8705349055770707e-16
2726.3980879984697 -4.408598215217395e-17 2.5807958245135866e-16
2726.7882114623617 4.763799077062527e-16 2.8687194395869375e-16
2727.1783342854947 4.647270114138236e-17 2.5938497588182015e-16
2727.5684564678686 2.892425845139734e-16 2.8137670259356546e-16
2727.9585780094835 -8.31869362612256e-17 2.6100037412450075e-16
2728.34869891034 1.7026723145396922e-16 2.789998557250388e-16
2728.738819170437 -3.7015120106904444e-18 2.6807203508089474e-16
2729.128938789776 3.8457442917144415e-16 2.8067950228723553e-16
2729.5190577683557 1.0223071093559635e-16 2.7514975739269765e-16
2729.9091761061763 -1.5723544697645234e-16 2.5537997173384347e-16
2730.2992938032385 -3.400145547676752e-16 2.505843137139372e-16
2730.6894108595416 -1.6267198696325956e-16 2.5205197381999303e-16
2731.079527275085 1.5723486625968322e-16 2.735950258385201e-16
2731.4696430498707 -8.642104427162948e-17 2.652398433630592e-16
2731.859758183897 3.735808458920276e-17 2.6558117463736987e-16
2732.2498726771646 -2.4635662451078524e-16 2.4966521907533476e-16
2732.6399865296735 -3.4927998730024166e-17 2.5793445655959553e-16
2733.030099741423 -8.45615312277402e-17 2.56084596300475e-16
2733.420212312414 1.114689019919481e-17 2.644211782037052e-16
2733.810324242646 3.9828437440053615e-16 2.9240785060870257e-16
2734.2004355321187 -2.133814030666079e-16 2.5448505853681056e-16
2734.5905461808334 1.8668197025937436e-17 2.73754552938747e-16
2734.9806561887885 -1.6194202766992257e-16 2.579545951121641e-16
2735.370765555985 -1.178491113199483e-16 2.5724095314724636e-16
2735.7608742824227 -4.525865246817875e-17 2.7191303742677676e-16
2736.1509823681013 4.4346888726092415e-16 2.9922147965364297e-16
2736.5410898130217 1.1438976814146909e-16 2.8061060015822344e-16
2736.9311966171826 1.9866542740459582e-16 2.861768848665771e-16
2737.3213027805846 3.6703579985075374e-16 2.959237183725365e-16
2737.7114083032275 3.115388649137643e-16 2.927564058841091e-16
2738.101513185112 -2.4093166077887496e-18 2.6370884419026693e-16
2738.4916174262376 2.5197238766724664e-17 2.763034881334064e-16
2738.8817210266043 6.658715973349866e-17 2.75899972382483e-16
2739.271823986212 1.640351664130581e-16 2.7731437391136684e-16
2739.6619263050607 3.7746163246571317e-16 2.88847906907123e-16
2740.0520279831508 3.463511235741496e-16 2.899299009120056e-16
2740.442129020482 1.1526820697979788e-16 2.8158101225411905e-16
2740.832229417054 1.5145566033451005e-16 2.8149528524013296e-16
2741.2223291728674 3.2040142040925293e-16 2.968930594070216e-16
2741.612428287922 -1.7631618767813038e-16 2.6643008026522397e-16
2742.0025267622177 6.147202180693117e-17 2.6960265837171265e-16
2742.392624595754 -1.1045641690032236e-16 2.701330427963999e-16
2742.782721788532 -4.93478127626417e-16 2.4859890808553865e-16
2743.172818340551 -1.3911058841590542e-16 2.624844524179186e-16
2743.562914251811 1.5117399635706545e-16 2.7907566549289167e-16
2743.953009522312 -9.427955227329637e-17 2.6556372642835543e-16
2744.343104152055 2.64213530270834e-17 2.7815521799825593e-16
2744.733198141038 2.784221069631134e-16 2.9162452422479646e-16
2745.1232914892626 3.549686882914767e-17 2.785000556836568e-16
2745.513384196728 9.952846443769948e-17 2.823299384868449e-16
2745.903476263435 -3.137092521616447e-16 2.5799620187658186e-16
2746.293567689383 2.4234069881635904e-17 2.807099093560204e-16
2746.683658474572 2.1419355885453421e-16 2.910158946160183e-16
2747.0737486190023 -2.5353992887911665e-16 2.547467447152281e-16
2747.463838122673 -2.0119171022252426e-17 2.7453251014369805e-16
2747.853926985586 2.7238575586929425e-16 2.8920464562458313e-16
2748.2440152077397 -1.15220195743688e-16 2.639146184319731e-16
2748.634102789134 -1.9845177281293163e-16 2.5571951151736314e-16
2749.02418972977 -3.310806373755628e-17 2.7243011365302143e-16
2749.4142760296468 4.920050301563575e-17 2.7397698456979896e-16
2749.8043616887653 1.2809392817846412e-16 2.782653192432548e-16
2750.194446707124 -2.8569137289816794e-16 2.580178181988732e-16
2750.584531084725 -7.176950526976696e-17 2.7483627344471825e-16
2750.974614821566 1.8328715997123457e-16 2.9110008432697757e-16
2751.3646979176483 -3.4231605280790945e-17 2.788622903810155e-16
2751.7547803729717 -1.0270156996357815e-16 2.6831576262063627e-16
2752.144862187537 -3.3984745534557426e-17 2.676854616610975e-16
2752.534943361343 -1.0596974086546737e-16 2.7287985333177443e-16
2752.9250238943896 1.2604255895574092e-16 2.9177302868426546e-16
2753.315103786678 -3.4599773414103403e-16 2.601731489714465e-16
2753.705183038207 4.0470298147242555e-16 3.0313011330428085e-16
2754.0952616489776 -1.4907309635363617e-16 2.6811602027604997e-16
2754.485339618989 -2.1377180846145913e-16 2.6245223339256525e-16
2754.8754169482418 2.643903235733617e-16 2.88308111788845e-16
2755.2654936367353 7.098726626171166e-18 2.8252981794903216e-16
2755.6555696844703 -2.3855114647802103e-16 2.5881321824981384e-16
2756.0456450914467 2.0396917348632688e-17 2.7776192563760407e-16
2756.4357198576636 2.827910490319925e-16 2.8829020366807646e-16
2756.825793983122 2.0372542081013944e-18 2.695610711597938e-16
2757.215867467821 -8.76568236479131e-17 2.683089926010681e-16
2757.6059403117615 3.678079505114486e-16 2.965453375213854e-16
2757.9960125149432 1.3146072012521992e-16 2.887610145140354e-16
2758.386084077366 7.838440366145953e-17 2.7886144129875806e-16
2758.77615499903 4.3381220200788283e-17 2.822590729535904e-16
2759.1662252799347 1.8166639694785072e-16 2.8709714963675597e-16
2759.5562949200807 1.5504750599835735e-16 2.877814462502403e-16
2759.946363919468 3.568400041098954e-16 2.9534248100145446e-16
2760.3364322780967 -1.2287736667746091e-16 2.6670472443228117e-16
2760.726499995966 -1.5892783086410726e-16 2.695779232242364e-16
2761.1165670730766 -8.769657633999974e-17 2.7976096494007005e-16
2761.5066335094284 1.390704930749154e-16 2.9558614511207592e-16
2761.8966993050212 1.0948628716668865e-16 2.864351287478787e-16
2762.2867644598555 -3.520672836202616e-18 2.7784529949731133e-16
2762.6768289739302 5.329597778292337e-16 3.116316446446348e-16
2763.066892847247 5.633242412963731e-16 3.209612963022892e-16
2763.4569560798036 -2.84297727462933e-16 2.5483542333935614e-16
2763.847018671602 -1.0356666417688666e-16 2.71585291701022e-16
2764.2370806226418 1.3922275083756502e-16 2.95102198736149e-16
2764.6271419329228 6.945139069134622e-17 2.8449932142692697e-16
2765.0172026024443 5.070647065579522e-16 3.063046401518795e-16
2765.4072626312072 3.218832622188367e-16 3.0736910817107437e-16
2765.797322019211 3.4822001920424077e-16 3.058853432815925e-16
2766.1873807664565 2.050478389798277e-16 3.0391173237091374e-16
2766.577438872943 1.8545940972579586e-16 2.982811275778669e-16
2766.9674963386706 2.4005229028707004e-16 2.959520342144869e-16
2767.357553163639 -8.354693630669386e-17 2.7312044374555216e-16
2767.7476093478485 7.527896591066764e-17 2.912280052841238e-16
2768.137664891299 -1.503507270952143e-16 2.765434401096912e-16
2768.5277197939918 -1.171078194843973e-16 2.630999511937517e-16
2768.9177740559244 3.8692850975324286e-16 3.092464145053144e-16
2769.307827677099 -9.441877252458714e-17 2.8076811392321253e-16
2769.697880657514 2.835825547847497e-16 2.9956677389411236e-16
2770.0879329971704 1.0128353764331963e-16 2.976503313899348e-16
2770.477984696068 -9.29187180899624e-17 2.782352144404843e-16
2770.8680357542066 -6.049907202247584e-17 2.6557434442805016e-16
2771.2580861715865 -6.9643450503952e-17 2.807222899779696e-16
2771.648135948207 -2.349813873968502e-16 2.6744272916714473e-16
2772.038185084069 5.40614348828859e-16 3.106164852813166e-16
2772.4282335791722 1.1691442475258394e-16 2.8882367616321017e-16
2772.818281433517 -3.44560361580182e-16 2.6345185488759455e-16
2773.208328647102 -1.4087463846179417e-16 2.8501413328790645e-16
2773.5983752199286 -1.745857055315563e-17 2.871417023507237e-16
2773.988421151996 -3.339108823858208e-17 2.881174393131498e-16
2774.378466443305 2.263123386361015e-16 2.9094033351266414e-16
2774.768511093855 4.0327626201953657e-16 2.980670511863933e-16
2775.158555103646 6.415891863778836e-17 2.8924990338054935e-16
2775.5485984726783 5.10683523989031e-16 3.1040916106683616e-16
2775.938641200951 3.307352596995591e-16 3.0098845366729367e-16
2776.328683288466 1.6420495341844443e-17 2.85255619357222e-16
2776.7187247352213 2.982054346993233e-16 3.010177915037532e-16
2777.108765541218 4.714585702341038e-17 2.830429745060093e-16
2777.4988057064556 -1.6853076304380086e-16 2.787360101023961e-16
2777.8888452309343 1.7302394006894396e-17 2.90235078196505e-16
2778.2788841146544 -2.1161556746315895e-16 2.7264525751044804e-16
2778.6689223576154 7.72792520965929e-17 2.838937897884533e-16
2779.058959959818 5.073888388301379e-16 3.1621564204087865e-16
2779.4489969212614 -1.7039768418871769e-16 2.773677119981107e-16
2779.839033241946 2.442917125772295e-16 3.0233524232630626e-16
2780.229068921871 -2.301640523438173e-16 2.825780636624594e-16
2780.619103961038 5.975932953637553e-17 2.8813541933883385e-16
2781.0091383594463 3.9551999658475497e-16 3.1174770519731147e-16
2781.399172117095 6.395648211443339e-17 2.914850076929637e-16
2781.7892052339853 -2.1574410477030558e-16 2.723781374237678e-16
2782.1792377101165 2.884963204446788e-16 3.016022982224932e-16
2782.5692695454886 1.324612274501699e-16 2.926452121944306e-16
2782.959300740102 -2.413728865776699e-17 2.8834366640229605e-16
2783.3493312939568 2.1214449998839725e-16 2.9476903031985724e-16
2783.7393612070523 1.0718420473857632e-16 2.9579257926889333e-16
2784.1293904793893 2.0599801343262029e-16 3.0082036607956774e-16
2784.519419110967 -2.506306261714389e-16 2.7941796167357934e-16
2784.909447101786 1.9231438292548614e-17 2.921062202934769e-16
2785.2994744518464 1.84077219098115e-18 2.933527806683736e-16
2785.6895011611477 1.0627913426598935e-16 2.978215627266273e-16
2786.07952722969 1.1284796993243423e-16 2.918018616930238e-16
2786.4695526574737 4.786864479160758e-16 3.118649742448845e-16
2786.8595774444984 2.9205794701730475e-17 2.9105306114701954e-16
2787.2496015907645 -1.7644693409786954e-16 2.838677144671164e-16
2787.639625096271 -2.4360797667805402e-17 2.963039061525678e-16
2788.0296479610197 -2.698654825949524e-16 2.824947756857498e-16
2788.4196701850087 3.035335584855504e-16 3.1598430547266245e-16
2788.809691768239 7.390566415822743e-17 2.954026761352898e-16
2789.19971271071 3.920660295612808e-16 3.1019723935924077e-16
2789.589733012423 2.6581724327064493e-16 3.111971995130627e-16
2789.979752673377 9.380558924662433e-17 2.876989677079034e-16
2790.3697716935712 4.343662600051606e-16 3.158857280581799e-16
2790.7597900730075 3.689505739781881e-16 3.1266672225315103e-16
2791.1498078116842 8.52018500609939e-17 2.976390083663586e-16
2791.5398249096024 1.785533489918519e-16 3.0281833692889943e-16
2791.929841366762 -9.704112106621734e-17 2.854385932766468e-16
2792.319857183162 1.2953610284172943e-16 3.0370989784968826e-16
2792.7098723588038 1.807847941692048e-16 3.0872468733860834e-16
2793.0998868936867 1.3058407376185702e-16 2.974155444146839e-16
2793.4899007878107 1.3182202193293276e-16 2.958430736689844e-16
2793.879914041175 -3.6052828938660964e-17 3.0115313953905664e-16
2794.2699266537816 -1.839435949109813e-18 2.9294369311396744e-16
2794.6599386256285 -2.0560850693585862e-17 2.918220929731192e-16
2795.049949956717 4.753650031995029e-16 3.2476360833316715e-16
2795.439960647046 -3.5255368582913837e-16 2.722621012849053e-16
2795.829970696617 3.0355971504849e-16 3.119143603729698e-16
2796.2199801054285 -2.827182332907996e-16 2.8595204121807176e-16
2796.6099888734807 -4.62028224564727e-17 3.0279483036228807e-16
2796.999997000775 6.168529319241549e-17 3.0241137182322407e-16
2797.39000448731 1.0026984975702934e-16 2.9331509608268033e-16
2797.7800113330863 -4.0059300764018415e-16 2.699712803215239e-16
2798.1700175381034 8.616066002502852e-17 3.0393945994640983e-16
2798.560023102362 3.2244490584964754e-16 3.0300966364112337e-16
2798.9500280258612 4.4300102428735796e-16 3.261728041737229e-16
2799.340032308602 1.825939343831561e-16 3.011865077987624e-16
2799.730035950584 2.561141875790496e-16 3.15354176076064e-16
2800.1200389518062 -3.821417515657792e-16 2.7225671040761356e-16
2800.510041312271 2.5063600609906606e-16 3.119920169085145e-16
2800.9000430319757 2.8741370695825583e-17 2.998952615435644e-16
2801.290044110922 -5.30806287309827e-17 2.9890141254739297e-16
2801.680044549109 -3.497185842753155e-17 2.9840799624980813e-16
2802.070044346538 -4.3917683507290085e-17 2.8804548939425865e-16
2802.4600435032075 -3.220343213969579e-16 2.8174426221232244e-16
2802.850042019118 2.9634592075129527e-16 3.104781267064489e-16
2803.24003989427 -1.3594273667344322e-17 2.966715902159208e-16
2803.630037128663 -3.331258315622588e-16 2.8072808580794096e-16
2804.0200337222973 -4.470597655672814e-16 2.716496943407811e-16
2804.410029675172 -1.9936935887478645e-17 3.053785171375727e-16
2804.8000249872885 -7.118734303009613e-17 2.9306652070867535e-16
2805.190019658646 8.80617897893818e-17 3.0383729518377586e-16
2805.580013689245 3.247084425109424e-17 3.050623214829846e-16
2805.9700070790846 5.293029389855549e-17 3.050943252618782e-16
2806.359999828165 -1.4450492744499863e-16 2.9151752193178315e-16
2806.7499919364873 -1.5823302355900589e-16 2.8157280986071477e-16
2807.1399834040503 -1.9559767345532144e-16 2.812921023500171e-16
2807.5299742308544 -2.0282458959950865e-16 2.8002611131651354e-16
2807.9199644169 -2.8588400186833367e-16 2.8645658024268186e-16
2808.3099539621862 -3.2794502471716084e-17 3.032484648341178e-16
2808.699942866714 -2.484056289570517e-16 2.808160999791495e-16
2809.0899311304825 -8.778464602458485e-17 2.972891907964783e-16
2809.4799187534923 -1.2611276775518012e-16 2.950633470205962e-16
2809.869905735743 1.645928002062489e-16 3.0907148982227125e-16
2810.2598920772352 -7.835156252455429e-17 2.984238217967316e-16
2810.649877777969 2.329154509265546e-16 3.201061034761585e-16
2811.039862837943 -6.327488530468899e-17 3.0426332836818253e-16
2811.4298472571586 2.0297856080564995e-16 3.176331842678859e-16
2811.8198310356147 -1.927791198763891e-16 2.8336795124326133e-16
2812.2098141733127 -4.4386065478052406e-17 3.076443124233867e-16
2812.599796670251 7.441426047057691e-17 3.054250914074988e-16
2812.9897785264316 2.875499938095144e-16 3.1888183257978005e-16
2813.3797597418525 8.601393507577529e-17 3.0370509906668245e-16
2813.769740316515 4.704570135884061e-16 3.228975402820756e-16
2814.1597202504176 -1.8535206987445404e-16 2.9140962280501224e-16
2814.5496995435624 2.1044005291393052e-17 3.041425901080508e-16
2814.9396781959476 2.500390511280494e-18 3.072514898829564e-16
2815.3296562075743 -1.712970799859588e-16 2.9951561106394137e-16
2815.719633578442 -6.107023109470863e-17 3.058922632539104e-16
2816.109610308551 3.594110601704382e-16 3.3321052299193415e-16
2816.499586397901 1.2028648923192777e-16 3.050125937458856e-16
2816.8895618464926 8.114887016582915e-18 3.0840667930519027e-16
2817.2795366543246 -2.76396325377249e-16 2.7811493272953707e-16
2817.669510821398 -3.392593956604203e-17 2.974507401560846e-16
2818.0594843477124 1.8775134544564535e-16 3.19342059929007e-16
2818.4494572332683 1.1763872875780892e-16 3.1283113294558516e-16
2818.8394294780646 -2.602200792085592e-16 2.915590648012628e-16
2819.2294010821033 1.8068225464447762e-16 3.2104188065633715e-16
2819.619372045382 -2.9989607182300033e-16 2.8203816193650027e-16
2820.009342367902 4.376608510239999e-16 3.3527759424080996e-16
2820.399312049663 3.182949134241473e-16 3.3119443605074976e-16
2820.7892810906656 2.6922435494890355e-17 3.123950539671676e-16
2821.179249490909 -2.3838712694635433e-16 3.0559202323004184e-16
2821.5692172503936 3.943159034827535e-16 3.3276220700052824e-16
2821.9591843691196 -5.3432624469286395e-17 3.1058905763817373e-16
2822.349150847086 1.7761065716025048e-17 3.1393751776052154e-16
2822.7391166842945 1.9326874897507295e-16 3.1740124780749395e-16
2823.1290818807433 -1.164710123403467e-17 3.028840382817402e-16
2823.5190464364337 7.826586683117123e-18 3.1569884129159367e-16
2823.909010351365 2.047379349102913e-16 3.320185831204523e-16
2824.2989736255377 3.325126179199701e-17 3.150706571396216e-16
2824.6889362589513 -1.0588003508232804e-16 3.086418493515494e-16
2825.078898251606 1.0265032988376785e-16 3.1474452264624716e-16
2825.468859603502 2.1129213391809456e-16 3.1278087410510033e-16
2825.8588203146387 4.455186339114409e-16 3.450277886376625e-16
2826.2487803850167 -1.0676462388528963e-16 3.163129277710048e-16
2826.638739814636 -2.8402727723156266e-16 2.9945905742955197e-16
2827.0286986034967 -2.844274357923701e-16 2.962459715598192e-16
2827.418656751598 -9.998975289731161e-17 3.1598396692860703e-16
2827.8086142589405 3.350398992742128e-16 3.26620034574629e-16
2828.1985711255243 2.5330603040178855e-16 3.3158891726107773e-16
2828.588527351349 -1.1864125102033766e-16 3.070920850257744e-16
2828.978482936415 -1.1209045674143972e-16 3.042393829478271e-16
2829.368437880722 1.3345866172343046e-16 3.251029954708442e-16
2829.75839218427 1.7877929386911908e-16 3.223775153704365e-16
2830.1483458470598 -1.7908051604978629e-16 3.115192900178241e-16
2830.53829886909 5.122194434845402e-16 3.428213163638833e-16
2830.928251250362 5.984320990828753e-16 3.4826062647872544e-16
2831.3182029908744 4.3296274989154004e-16 3.3220549774517126e-16
2831.7081540906283 2.1916872664872506e-16 3.174865652720904e-16
2832.0981045496233 7.123180364102701e-17 3.270845881617935e-16
2832.488054367859 -4.215670922388738e-16 2.8617200762504733e-16
2832.8780035453365 5.918559857471343e-17 3.218258040891397e-16
2833.2679520820548 -6.718677265665161e-16 2.717280450865682e-16
2833.657899978014 1.7820560417892615e-16 3.274750699611794e-16
2834.0478472332143 3.578938624535615e-16 3.2782189720874464e-16
2834.4377938476564 2.262854163090031e-16 3.2870805390962603e-16
2834.827739821339 2.296023296555274e-16 3.3083206153223976e-16
2835.217685154263 -3.310970320980207e-16 3.039940504329562e-16
2835.607629846428 -3.915747176592679e-16 2.9132616582883613e-16
2835.997573897834 3.733344391043974e-16 3.3926237446663357e-16
2836.3875173084816 6.390786564547022e-17 3.228918803393024e-16
2836.77746007837 -2.4696559854000454e-16 3.0181291298729046e-16
2837.1674022075 2.8190658891128005e-16 3.3188458419349543e-16
2837.5573436958703 -1.6821217152568377e-16 3.133502938634037e-16
2837.947284543482 1.5964625694000724e-16 3.3312961207429454e-16
2838.337224750335 1.034847066809056e-16 3.357722184440128e-16
2838.727164316429 -4.676887278060274e-16 2.924648231900244e-16
2839.1171032417637 -1.6090259782008235e-16 3.122006760596044e-16
2839.5070415263403 -3.13977652356173e-16 3.086176066742457e-16
2839.896979170158 4.5079697322292776e-17 3.1913923837863267e-16
2840.286916173216 -4.8033865399828475e-17 3.2105231839789177e-16
2840.676852535516 4.3216802687949433e-16 3.4828478855767516e-16
2841.0667882570565 3.6142703200197365e-18 3.19157062721798e-16
2841.4567233378384 1.3236495343055525e-16 3.3479790041278973e-16
2841.8466577778618 -3.25663142046211e-16 3.0071550984473605e-16
2842.2365915771256 2.7198146038446504e-16 3.320714267164763e-16
2842.626524735631 -1.8873886919632507e-16 3.0096692140402425e-16
2843.016457253377 2.5559911237921826e-16 3.2838646947292623e-16
2843.406389130365 1.769771611855008e-16 3.283751965150913e-16
2843.796320366593 9.051764526859348e-17 3.265668394488568e-16
2844.1862509620632 3.805864411855846e-17 3.206757443026948e-16
2844.576180916774 5.466495310876191e-16 3.556560888758421e-16
2844.966110230726 -1.8502850542983016e-16 3.0673567970572986e-16
2845.356038903919 4.1157415479812787e-16 3.4639416553973896e-16
2845.7459669363534 1.4968057265372887e-16 3.34160983690266e-16
2846.135894328029 2.2769145946748733e-16 3.4363590313782017e-16
2846.5258210789452 2.8652621669686597e-16 3.4031866463311097e-16
2846.9157471891026 6.065527760915345e-17 3.220690739041828e-16
2847.3056726585014 3.4799634112279746e-17 3.3095382872277013e-16
2847.6955974871416 -4.4194436197252014e-17 3.2840814574269675e-16
2848.0855216750224 -3.1433981396637666e-17 3.2215922186709067e-16
2848.4754452221446 1.8400696273237792e-16 3.3997452256361104e-16
2848.8653681285077 7.301101444357398e-17 3.3563999819156415e-16
2849.255290394112 4.001598461568609e-16 3.4451231419237385e-16
2849.645212018958 3.0364206157799304e-16 3.264249937266029e-16
2850.035133003044 2.96653490470587e-16 3.4450657644262916e-16
2850.425053346372 7.979036675897215e-17 3.274191253124475e-16
2850.814973048941 1.5723488990281076e-16 3.366193805391692e-16
2851.2048921107507 5.60583608352543e-16 3.5718481899249356e-16
2851.5948105318016 3.814465630003187e-16 3.5049225759139727e-16
2851.984728312094 4.52216787882299e-16 3.492157690708352e-16
2852.374645451627 -1.0375291842100137e-16 3.198335142787154e-16
2852.764561950402 1.3874666846345556e-16 3.3507091543440674e-16
2853.154477808417 3.3695839907358034e-16 3.5202324692743204e-16
2853.5443930256743 6.137648676973861e-16 3.625451851838409e-16
2853.934307602172 5.247249092066774e-17 3.3469910667901753e-16
2854.324221537911 -4.10530913870895e-16 3.0984894530628283e-16
2854.7141348328905 -1.4732738549840128e-16 3.142743640382488e-16
2855.104047487112 5.580352762310197e-16 3.6359808098708526e-16
2855.4939595005744 4.16503625408321e-16 3.5632976863586657e-16
2855.883870873278 7.158807665713627e-17 3.350146961504295e-16
2856.273781605222 -5.3747571638914174e-17 3.2978664230509036e-16
2856.663691696408 -3.9717673422529957e-16 3.046877313555805e-16
2857.053601146835 -8.677095237976818e-17 3.2900781281184687e-16
2857.4435099565026 -2.638103258823127e-17 3.312632212116928e-16
2857.8334181254118 4.589885086652439e-16 3.5633158984777235e-16
2858.223325653562 -1.1860852457287717e-16 3.155895178265941e-16
2858.613232540953 1.4562497467100842e-16 3.4336745753285656e-16
2859.0031387875856 4.452867913675142e-16 3.567040452539474e-16
2859.393044393459 5.870704577670097e-17 3.3675064356239565e-16
2859.782949358574 -8.532959799689552e-18 3.3295568037399016e-16
2860.1728536829296 -3.136063468972062e-16 3.146543269383914e-16
2860.5627573665265 -5.695011389501711e-17 3.2743224563571807e-16
2860.9526604093644 2.3237934941297434e-16 3.4500240282321105e-16
2861.3425628114437 2.1078144303354295e-16 3.381243856976379e-16
2861.732464572764 2.1469442533190345e-16 3.372934470207154e-16
2862.1223656933257 -2.391862042311439e-16 3.2310792839976555e-16
2862.5122661731275 8.158104074071455e-16 3.8304872726259947e-16
2862.9021660121716 2.4802781058318866e-16 3.495757650100229e-16
2863.2920652104563 -2.626112248598576e-16 3.2776806161975927e-16
2863.681963767982 -3.1575647405830017e-16 3.137100176008881e-16
2864.071861684749 5.5204773411508653e-17 3.456212593369882e-16
2864.4617589607574 7.28388584009922e-16 3.73939667667846e-16
2864.8516555960064 -1.0899164406656731e-16 3.17483575383678e-16
2865.2415515904972 3.0861685077739654e-16 3.703765474567808e-16
2865.631446944228 6.286967438212161e-16 3.734002369682356e-16
2866.021341657201 2.3162030435086164e-16 3.5197610406158735e-16
2866.411235729415 4.229815960986202e-16 3.7101936232860624e-16
2866.8011291608696 2.9943222664057106e-16 3.5380377106943764e-16
2867.1910219515653 3.3641259126109183e-16 3.5014773970438936e-16
2867.5809141015025 2.354069100102221e-16 3.5660302969193326e-16
2867.970805610681 8.174794471251209e-17 3.4569342522394334e-16
2868.3606964791006 5.167887916302813e-16 3.6970222145918907e-16
2868.7505867067607 3.6643704936813655e-16 3.705699446018505e-16
2869.1404762936627 2.8909125433397835e-17 3.585242440566792e-16
2869.530365239805 -1.4400709578825366e-16 3.288877137459123e-16
2869.920253545189 4.281536970870433e-16 3.719012116495581e-16
2870.3101412098135 -5.394986391862712e-17 3.44294326755788e-16
2870.70002823368 2.8508578702817666e-16 3.60442817096247e-16
2871.089914616787 -7.606838275034076e-17 3.4476235344632886e-16
2871.479800359136 1.7913229398899458e-16 3.494508062635161e-16
2871.8696854607247 -1.7944290650799758e-16 3.2469725243701935e-16
2872.259569921556 -2.0386453527520825e-16 3.343076295403391e-16
2872.6494537416274 -3.2455483715781125e-17 3.3864162105478505e-16
2873.03933692094 4.443246118774037e-16 3.6149440976158787e-16
2873.429219459494 -1.9139831118099737e-16 3.2917232380035364e-16
2873.819101357289 -3.2357347962438764e-16 3.206577695362968e-16
2874.208982614325 1.8632453089184718e-16 3.65781778336897e-16
2874.598863230603 1.2591151138051155e-16 3.5264292750172116e-16
2874.988743206121 5.296953538652539e-16 3.784515144530377e-16
2875.3786225408808 1.9729510082299222e-16 3.405938283441672e-16
2875.7685012348816 5.4759558965359034e-17 3.447895855325607e-16
2876.1583792881233 4.0702891243214956e-16 3.741116774914989e-16
2876.548256700606 6.056601540033957e-16 4.008111182029249e-16
2876.9381334723303 2.1117139819160376e-16 3.760665358742743e-16
2877.3280096032954 3.0123786797811216e-16 3.751225184165233e-16
2877.717885093502 8.0585209863152e-16 3.8230779315879076e-16
