wavelength flux error
2167.862092444586 -2.2794924982178897e-15 5.7468364412896045e-15
2168.055698284998 -2.9496886215595838e-15 5.84181364561321e-15
2168.2493040025265 5.9667990401497124e-15 6.165018982165855e-15
2168.4429095971723 -4.0696118916940164e-16 5.843800228778948e-15
2168.6365150689353 3.989141126871578e-15 6.043093216191212e-15
2168.8301204178147 5.459829885402661e-15 6.069507823266249e-15
2169.023725643811 1.5218203421741646e-15 5.9234288452467465e-15
2169.217330746924 6.347370091576376e-15 6.127920492005878e-15
2169.410935727154 -2.8280632072364434e-15 5.782572471853884e-15
2169.6045405845007 -8.51302417036563e-15 5.643967538299443e-15
2169.798145318964 -3.1526302245641568e-15 5.7978312385997975e-15
2169.9917499305448 -3.517798264647773e-15 5.785261945902854e-15
2170.1853544192422 -6.7959512926189615e-15 5.705274927332338e-15
2170.378958785056 -2.3864246543727406e-15 5.8684187614318806e-15
2170.5725630279876 -6.106964089070185e-15 5.75698630816028e-15
2170.7661671480355 -3.686328755791597e-16 5.874815422269997e-15
2170.9597711451997 5.471063724835913e-16 5.9255405853639926e-15
2171.1533750194812 3.0351106767231826e-15 6.019935225759854e-15
2171.3469787708796 1.7314706651355429e-15 5.931255165004441e-15
2171.540582399395 6.639286864529415e-15 6.154851672986276e-15
2171.734185905027 7.051373967493148e-16 5.96043771713878e-15
2171.927789287776 -3.550179993912473e-15 5.804396988833807e-15
2172.121392547642 -6.0727090280060825e-15 5.714675432210952e-15
2172.314995684624 4.9018175476743506e-15 6.093584620162596e-15
2172.5085986987237 8.34713589404381e-15 6.144213624187242e-15
2172.70220158994 1.2958346943311796e-15 5.97171293847546e-15
2172.895804358273 -1.1033672369605826e-14 5.542341077595844e-15
2173.089407003723 -9.118635786162054e-15 5.5836303505561386e-15
2173.28300952629 2.531318404952501e-15 5.957891887707707e-15
2173.476611925974 -4.679911221001904e-15 5.802454911963043e-15
2173.670214202774 1.7384742113891608e-15 5.996995192764288e-15
2173.8638163566916 4.18176560834031e-15 6.039870740104829e-15
2174.0574183877256 -1.4692814422680956e-15 5.889260146416001e-15
2174.251020295877 -5.99957516034659e-15 5.761460333448604e-15
2174.4446220811446 5.140335779753801e-15 6.097771660547894e-15
2174.638223743529 2.0622335576326447e-15 6.030130526391349e-15
2174.8318252830313 -2.3847567099913008e-15 5.781608171780982e-15
2175.0254266996494 2.531097608092728e-15 6.030058771916288e-15
2175.2190279933843 -3.0921320728048e-15 5.884432577330037e-15
2175.412629164237 -6.2439561786793574e-15 5.7283030619977664e-15
2175.606230212206 -1.46843666234191e-16 5.900000467760977e-15
2175.799831137291 -1.2638584387049605e-15 5.8968487625029316e-15
2175.993431939494 2.170581834077114e-15 6.008766641148759e-15
2176.1870326188136 2.6634727337345813e-16 5.959265656617418e-15
2176.38063317525 -5.546882812106876e-15 5.820095656703159e-15
2176.5742336088033 2.103408554466556e-15 6.007757151874595e-15
2176.767833919473 -1.1169107564317621e-15 5.835104459802879e-15
2176.9614341072597 9.9664329184527e-16 5.9948407392322546e-15
2177.1550341721636 4.513283512543392e-15 6.071900420354048e-15
2177.348634114184 6.107824966002076e-15 6.148092532414109e-15
2177.5422339333213 5.970102215092033e-15 6.148694610769231e-15
2177.735833629576 -6.3093102495465445e-15 5.752814802735338e-15
2177.929433202947 -5.9604479932153864e-15 5.747506343273003e-15
2178.1230326534346 1.1769937424756675e-15 5.958837318215199e-15
2178.3166319810393 9.049520397194017e-16 5.9167950199144886e-15
2178.510231185761 7.71634736657156e-15 6.221190661803692e-15
2178.703830267599 6.137872359220953e-16 6.059855294096061e-15
2178.897429226555 -4.135422147993247e-15 5.812076240731033e-15
2179.091028062627 4.100990673887773e-15 6.082504902788182e-15
2179.284626775816 -4.625834554189065e-15 5.8175454370782675e-15
2179.478225366122 2.572480664639737e-15 6.0296198598611735e-15
2179.6718238335443 3.169305488482445e-15 6.016679657938022e-15
2179.865422178084 -2.907186689425137e-15 5.95936418451756e-15
2180.0590203997403 6.621677008699663e-16 5.986930101021986e-15
2180.2526184985136 8.005900110874456e-15 6.169648301890458e-15
2180.4462164744036 8.964849976669257e-15 6.219945117741419e-15
2180.6398143274105 -1.0473485418979128e-15 5.932619580316825e-15
2180.833412057534 7.737661880310175e-15 6.144461068816515e-15
2181.0270096647746 -1.4009399904691486e-14 5.513177929651968e-15
2181.2206071491323 -2.4970059573553595e-15 5.948870676368511e-15
2181.4142045106064 4.8340172295461456e-15 6.117939189041498e-15
2181.6078017491977 4.022685978419843e-15 6.077909639630033e-15
2181.8013988649054 -1.0651333305682162e-14 5.589584078615644e-15
2181.9949958577304 5.4161460224839126e-15 6.1363774968805105e-15
2182.1885927276717 1.5824361072498767e-15 6.013589415538347e-15
2182.3821894747307 2.721843573268202e-15 6.0742288392661175e-15
2182.5757860989056 -3.3109870423164095e-15 5.907746776047159e-15
2182.769382600198 -5.51534226864949e-16 5.975256537967166e-15
2182.9629789786068 -4.373826989954652e-15 5.867413417700803e-15
2183.1565752341326 2.8774652320487387e-16 5.964366745882401e-15
2183.3501713667756 1.3417050961970084e-15 6.0889555606257894e-15
2183.543767376535 -2.8887727717030695e-15 5.9954920756758025e-15
2183.737363263411 -7.889008129857956e-16 5.9456675419776055e-15
2183.9309590274042 2.14326132237875e-15 5.997054908417103e-15
2184.1245546685145 -5.744335599998789e-15 5.80078642872031e-15
2184.3181501867416 -1.882301778257039e-15 5.9622998445815904e-15
2184.511745582085 4.151649399486407e-15 6.101082952986683e-15
2184.7053408545457 3.762872839033699e-16 6.066054630251244e-15
2184.8989360041232 -6.341391839876475e-15 5.784530659925138e-15
2185.0925310308176 6.678649520340704e-16 6.041313303432068e-15
2185.2861259346287 3.581510299971347e-15 6.103967946820636e-15
2185.4797207155566 -7.223277741351779e-15 5.74838384138702e-15
2185.673315373602 4.120427640806573e-15 6.1093386195516425e-15
2185.8669099087633 5.254189656281109e-15 6.164158549922853e-15
2186.0605043210417 -1.2404556830263383e-15 6.022658757198771e-15
2186.2540986104373 -1.4739082357647197e-14 5.54180578908911e-15
2186.447692776949 1.3065695603301118e-16 6.040230583961236e-15
2186.641286820578 -4.177251515523704e-15 5.950508151268018e-15
2186.8348807413245 4.6264869445721184e-15 6.166771949061273e-15
2187.0284745391873 -1.9884578194528378e-15 5.938598354266219e-15
2187.2220682141665 -1.2746225681316237e-15 5.929138657006342e-15
2187.415661766263 -2.2860627303910003e-15 5.9948891504717e-15
2187.609255195476 -2.8494940428219694e-15 5.960799990287402e-15
2187.8028485018062 -9.790057280262294e-15 5.731858989338893e-15
2187.996441685253 1.4594272229488842e-15 6.0711776965665766e-15
2188.1900347458172 8.8957091663286e-15 6.270556041580167e-15
2188.3836276834977 -1.3067622509652056e-15 5.9743512294599185e-15
2188.577220498295 -8.463154153082461e-15 5.771391143854658e-15
2188.7708131902095 -4.83215679918934e-15 5.891259624059777e-15
2188.964405759241 -4.374888989033071e-15 5.88323620118108e-15
2189.1579982053886 8.845943996356317e-15 6.228130602449711e-15
2189.3515905286536 7.159123194515228e-15 6.2047703908055784e-15
2189.5451827290353 -5.225839469787094e-15 5.864465431400148e-15
2189.738774806534 1.3452390486808367e-15 6.063284122478569e-15
2189.9323667611493 -5.258018310942829e-15 5.883650537778964e-15
2190.1259585928815 -1.4201370881039625e-15 6.0302497310909826e-15
2190.3195503017305 -6.809914359889084e-15 5.793552247425711e-15
2190.5131418876963 1.3457013563593405e-14 6.4414039862804705e-15
2190.7067333507794 -6.94421267180206e-15 5.8049872456803004e-15
2190.900324690979 4.447432802533652e-16 6.041574024356598e-15
2191.093915908295 4.815351712203091e-16 6.095520195189297e-15
2191.2875070027285 2.2169117763060196e-15 6.097959378200467e-15
2191.481097974279 1.7971773452118764e-15 6.081364407311652e-15
2191.674688822946 -8.292943972187004e-15 5.8235140513012015e-15
2191.86827954873 2.9115876784077538e-15 6.124610240447371e-15
2192.06187015163 4.351489802874185e-15 6.123317686340065e-15
2192.2554606316476 -4.981035841055823e-15 5.966578103620543e-15
2192.449050988782 4.00714780596063e-15 6.17497514596919e-15
2192.6426412230335 2.6854549419095248e-15 6.03226829102385e-15
2192.836231334401 -2.4432551074790757e-15 5.882124312655759e-15
2193.029821322886 -6.894392018915443e-15 5.8270255609256284e-15
2193.223411188488 5.40763642977368e-16 6.030583887162219e-15
2193.4170009312065 6.107385412178943e-15 6.244176432983141e-15
2193.6105905510417 2.2416781118124215e-18 6.043555018118707e-15
2193.804180047994 6.810731554935465e-15 6.23150719218254e-15
2193.997769422063 -4.568402287011517e-15 5.84482127476985e-15
2194.191358673249 2.3850422768839523e-16 5.963875766217057e-15
2194.384947801552 8.06886690416712e-16 6.055957316229098e-15
2194.578536806972 4.877338775790043e-15 6.169474229702746e-15
2194.772125689508 -1.4630606594088083e-15 5.950541353193386e-15
2194.965714449161 4.878770774852119e-15 6.21066367772773e-15
2195.1593030859312 1.4959698743175625e-15 6.029074860142286e-15
2195.3528915998186 2.9849129804584572e-15 6.14811121010485e-15
2195.5464799908223 6.5487582295033086e-15 6.256243600135612e-15
2195.7400682589428 -2.5719806436514387e-15 5.956810465581645e-15
2195.933656404181 -4.0692883552890156e-16 6.026147707312278e-15
2196.127244426535 3.7167774754928307e-16 6.000322654329508e-15
2196.3208323260064 1.071240264409378e-14 6.301990532438542e-15
2196.514420102594 6.566342461805175e-15 6.246185856469722e-15
2196.7080077562996 2.308772773256825e-15 6.152389780936279e-15
2196.901595287121 5.758524977953973e-15 6.193744255916849e-15
2197.09518269506 -1.1812753637639362e-14 5.6281477021071455e-15
2197.288769980115 6.092061878119154e-15 6.181465930752646e-15
2197.4823571422876 5.992908975253625e-15 6.1678396659620306e-15
2197.675944181576 2.2775031157608714e-14 6.6890355482699384e-15
2197.8695310979824 -9.60528742765643e-16 5.987580769362328e-15
2198.063117891505 -5.19622794328779e-15 5.844341228505928e-15
2198.256704562145 8.853515074487113e-15 6.303472881350964e-15
2198.4502911099016 -1.352268821613295e-15 6.026488606458541e-15
2198.6438775347747 -2.6546866017618648e-15 5.945001138150748e-15
2198.837463836765 -5.012561890151013e-15 5.886484380232809e-15
2199.031050015872 6.485139517806511e-15 6.208716996201483e-15
2199.2246360720956 1.4618366480477199e-15 6.033572995889923e-15
2199.4182220054367 3.0224764279680963e-15 6.115433873373088e-15
2199.6118078158943 2.130292839351727e-15 6.015501763101743e-15
2199.8053935034686 -6.833504356843951e-15 5.873737398748821e-15
2199.99897906816 4.319552270583892e-15 6.206345728967298e-15
2200.192564509968 3.6426464181188815e-15 6.159810564893492e-15
2200.386149828893 5.052218781730767e-15 6.232102410671399e-15
2200.5797350249345 1.7390280274909006e-15 6.1436455690408086e-15
2200.7733200980933 -3.4531127602549734e-15 5.890695507909707e-15
2200.966905048369 7.569499609807011e-15 6.300283895819167e-15
2201.160489875761 5.416703167125086e-15 6.2645567381144244e-15
2201.35407458027 -4.4707071490657806e-15 5.943116566091377e-15
2201.5476591618967 4.103351699345951e-16 6.052768547533315e-15
2201.7412436206396 -4.858792545950746e-16 6.082518159534049e-15
2201.934827956499 4.2863293413144944e-16 6.063140229897694e-15
2202.1284121694753 -1.5268620124426961e-15 6.057940612789868e-15
2202.321996259569 6.053340652974427e-15 6.295530570757872e-15
2202.515580226779 1.3001711868296412e-15 6.143475006181857e-15
2202.7091640711064 7.344999159481374e-15 6.313769259757728e-15
2202.90274779255 -1.7491945101443973e-15 6.011711281514101e-15
2203.096331391111 -9.167811513954345e-15 5.747120371823226e-15
2203.2899148667884 2.6564676717381777e-15 6.209277007751859e-15
2203.483498219583 -8.888343985734447e-16 6.128887485830024e-15
2203.6770814494944 1.9289307134077007e-15 6.158307274655988e-15
2203.870664556522 -2.8823817772556497e-16 6.0784176520997295e-15
2204.064247540667 -4.9203320462610514e-15 5.951257066105468e-15
2204.257830401929 8.415195976933348e-16 6.1635515990153496e-15
2204.451413140308 1.0877434742110256e-14 6.411213211472622e-15
2204.6449957558034 -2.1511526782125514e-15 6.080071048617968e-15
2204.8385782484156 4.196393480991157e-15 6.305529376085559e-15
2205.032160618145 1.0997278501960625e-15 6.127102429922407e-15
2205.225742864991 8.55481518572282e-15 6.366299343092307e-15
2205.4193249889536 2.42336597876294e-15 6.237502715472036e-15
2205.6129069900335 3.059111792140028e-16 6.154075483253979e-15
2205.80648886823 -5.202237366861997e-15 5.964050283848439e-15
2206.0000706235437 -5.3900954049686576e-15 5.921142579189915e-15
2206.1936522559736 -2.503913736334417e-15 6.0359237356792785e-15
2206.387233765521 6.926601392890266e-15 6.321100696608335e-15
2206.580815152185 -2.1225554674680353e-15 6.048251823862865e-15
2206.774396415966 2.347156690281616e-15 6.2483135425627465e-15
2206.9679775568634 2.062201689468195e-15 6.200920609057165e-15
2207.1615585748777 1.1292325375900078e-15 6.168942616525058e-15
2207.3551394700094 1.868957337500614e-15 6.1941322884207524e-15
2207.5487202422573 -1.4908326272566843e-14 5.6821020234929e-15
2207.742300891622 -3.4177008275690345e-15 6.111008273770059e-15
2207.935881418104 8.022262345384673e-15 6.352504551783202e-15
2208.129461821703 -2.403496531426974e-15 6.054568222890095e-15
2208.323042102418 -3.7932694544148146e-15 5.991862819316349e-15
2208.5166222602506 6.990409106312294e-15 6.32934046045635e-15
2208.7102022952004 3.3070353148087875e-15 6.2637768471402396e-15
2208.9037822072664 -2.699646721710682e-15 6.1195644774978795e-15
2209.097361996449 -7.210951054933901e-15 5.963722010764724e-15
2209.2909416627485 6.7378258805295205e-15 6.346422307235039e-15
2209.4845212061655 -3.019356528237758e-15 6.0398696373703654e-15
2209.6781006266992 5.3185284497729985e-15 6.298222770843671e-15
2209.871679924349 8.67897703558086e-15 6.497136375910213e-15
2210.0652590991162 1.469101549392906e-15 6.215020122992024e-15
2210.2588381510004 5.2932450473490115e-15 6.28772904184262e-15
2210.452417080001 7.191898989927023e-15 6.379812771710731e-15
2210.6459958861187 -6.9981458822770276e-15 5.893339986907422e-15
2210.8395745693533 1.904640771343459e-14 6.754945798344413e-15
2211.0331531297047 -5.714111015391683e-15 6.00653082701378e-15
2211.226731567173 3.2002434961568892e-15 6.289479460946749e-15
2211.420309881758 -2.871311846906779e-15 6.068311911595553e-15
2211.6138880734597 2.760021394157087e-15 6.262572856201247e-15
2211.807466142279 -7.9879042763589e-18 6.148960189250731e-15
2212.001044088214 4.670111635039656e-15 6.220415019348916e-15
2212.194621911267 3.042219023842898e-15 6.278472634783164e-15
2212.3881996114355 2.9963221317770754e-15 6.3202525766606686e-15
2212.5817771887223 -8.445488772675442e-15 5.9225799585535305e-15
2212.7753546431245 9.307281571096424e-16 6.211366142133386e-15
2212.968931974645 1.4501496540840275e-15 6.273384528829212e-15
2213.162509183281 2.030113384044696e-15 6.218659366091588e-15
2213.356086269035 -5.104862450774679e-15 5.9663790713565724e-15
2213.549663231905 -3.261083343616596e-15 6.122843008085446e-15
2213.7432400718926 -3.843437810943374e-15 6.103184909289937e-15
2213.936816788996 -2.225040612150682e-15 6.08644715308088e-15
2214.130393383217 -9.637323154206802e-15 5.897848348143202e-15
2214.323969854555 -5.31839156203636e-15 6.048344896128451e-15
2214.5175462030093 -2.59516462273506e-15 6.1194211973994405e-15
2214.711122428581 1.0291035803200984e-14 6.538088373356463e-15
2214.904698531269 5.586506246464962e-15 6.366496370756996e-15
2215.098274511074 -5.201740070134511e-16 6.161231959503076e-15
2215.291850367996 2.3683076843452755e-15 6.281930376904018e-15
2215.4854261020346 3.9951307540793525e-15 6.273901142838751e-15
2215.6790017131907 -5.207802365470411e-15 6.04456393375985e-15
2215.8725772014627 -4.967889007890239e-15 6.084456035397244e-15
2216.066152566852 -2.669631588924047e-15 6.067918262259178e-15
2216.2597278093585 -3.5209881277153215e-15 6.105286119336947e-15
2216.4533029289814 -5.093184144868005e-16 6.258955212653045e-15
2216.646877925721 5.345551579980525e-15 6.3631129521547835e-15
2216.8404527995776 3.999221357192952e-15 6.323384096042508e-15
2217.0340275505514 -2.6102380251667498e-15 6.185303777342687e-15
2217.227602178642 -1.1247267741470912e-14 5.8401027011419076e-15
2217.421176683849 9.59904309263392e-15 6.44469292847513e-15
2217.6147510661726 6.096310408594545e-15 6.358987106186089e-15
2217.808325325614 1.106421949089208e-15 6.274970439381438e-15
2218.001899462172 1.4814138954982787e-16 6.2531070642598995e-15
2218.195473475846 -2.991593722136992e-15 6.1509633892835986e-15
2218.3890473666374 -3.814081314521746e-15 6.068892582679945e-15
2218.5826211345457 3.419820342351505e-15 6.2889364407201415e-15
2218.7761947795707 -7.800246602001916e-15 5.961909316955558e-15
2218.969768301713 1.0727306321906665e-14 6.4890380721619236e-15
2219.163341700972 2.8731233992497844e-16 6.235354947517677e-15
2219.3569149773475 4.038771442240273e-15 6.354164843898407e-15
2219.5504881308398 6.279511858230682e-15 6.352823627273642e-15
2219.7440611614493 -2.9293381827249314e-15 6.115927639069099e-15
2219.9376340691756 6.65414397845743e-16 6.2658799507056266e-15
2220.1312068540183 1.0317534386898713e-16 6.2561931836030794e-15
2220.324779515978 3.3698894380682162e-15 6.344056198957865e-15
2220.518352055055 1.6025734291430337e-15 6.311194732073756e-15
2220.7119244712485 -5.368045138685087e-16 6.262996556576058e-15
2220.905496764559 -7.228414353774458e-15 5.954245546117339e-15
2221.099068934986 -1.5637970993059737e-14 5.694552693520405e-15
2221.29264098253 -2.2737355600209606e-16 6.246384646658584e-15
2221.486212907191 -1.4402826090791872e-15 6.191365982381798e-15
2221.679784708969 4.834475947719008e-15 6.3573747917163556e-15
2221.8733563878636 5.2744314171764275e-15 6.430270547208472e-15
2222.066927943875 7.790165583289953e-15 6.431680091635811e-15
2222.2604993770033 4.075931730419567e-16 6.232517308166608e-15
2222.4540706872485 -2.2354357562682172e-15 6.116238342117005e-15
2222.6476418746106 1.2816367517501108e-15 6.2237148920639514e-15
2222.8412129390895 -6.450745269739214e-15 6.025468889773994e-15
2223.0347838806847 -4.46004990952902e-15 6.17316616216238e-15
2223.2283546993976 -3.466715080582894e-16 6.298315191026909e-15
2223.4219253952265 1.079820854497088e-15 6.250226156707565e-15
2223.615495968173 -7.395272304148837e-15 5.992931715723564e-15
2223.809066418236 -6.275419252604867e-15 6.0082114753907224e-15
2224.002636745416 -2.1379312114347796e-15 6.14901952659306e-15
2224.1962069497126 -1.8681941116615944e-15 6.221609369222389e-15
2224.389777031126 -2.467501016227121e-15 6.116676768756499e-15
2224.5833469896565 1.4784668505077412e-15 6.308944712067863e-15
2224.776916825304 -7.246938549542083e-15 6.0257367850531674e-15
2224.970486538068 -1.6096757155069155e-15 6.143292665221422e-15
2225.164056127949 1.2442532787556022e-14 6.586084503546081e-15
2225.3576255949465 1.765653747007639e-15 6.275640952978792e-15
2225.5511949390616 -9.358457980291232e-15 5.8481014796399476e-15
2225.7447641602926 -3.4876881316280437e-15 6.1392908296398174e-15
2225.938333258641 -2.2131024911452848e-15 6.191662444584188e-15
2226.1319022341063 2.6005729537623394e-15 6.347647229760275e-15
2226.3254710866886 -3.944837363341265e-15 6.0695643614994305e-15
2226.5190398163872 -2.8614852146880867e-15 6.085508396748136e-15
2226.7126084232027 -2.2399989502735757e-15 6.173836541178447e-15
2226.9061769071354 -5.106464417972969e-15 6.128794477082989e-15
2227.099745268185 1.5669236097994384e-15 6.304155807950043e-15
2227.2933135063513 -9.491302704299642e-15 5.961023006762396e-15
2227.4868816216344 -6.592685786973492e-15 6.01907462132098e-15
2227.6804496140344 -6.96541156975392e-16 6.188601622505309e-15
2227.874017483551 -8.933710857567842e-16 6.207172059866517e-15
2228.0675852301847 -2.9439001307889772e-15 6.1444938447081884e-15
2228.261152853935 -6.930168856833785e-16 6.261034582678121e-15
2228.4547203548022 -5.483944001873746e-15 6.0491021661244944e-15
2228.6482877327862 -2.282145134764611e-15 6.189095026571845e-15
2228.8418549878875 5.290227125889609e-15 6.411125870041466e-15
2229.035422120105 3.927562810325046e-15 6.390901736566657e-15
2229.22898912944 6.481746533605183e-16 6.2537458077122106e-15
2229.4225560158916 5.688218719607419e-15 6.522979528424907e-15
2229.6161227794596 -3.362911765886359e-15 6.203269033096261e-15
2229.809689420145 -1.1873555690050127e-14 5.824537527432298e-15
2230.003255937947 1.1278154858929877e-15 6.292958127985376e-15
2230.196822332866 1.0631638409777692e-14 6.59358988729927e-15
2230.3903886049015 -4.981098918999286e-15 6.1005141848616175e-15
2230.5839547540545 5.368040998590594e-15 6.476592841207158e-15
2230.777520780324 -3.83756583303247e-15 6.100678640865964e-15
2230.97108668371 -1.2612274156216043e-14 5.77731360975984e-15
2231.1646524642133 4.804413207556839e-16 6.3106144669318874e-15
2231.358218121833 -5.947908418185407e-15 6.029682909268686e-15
2231.5517836565696 1.8263298260895185e-15 6.329102521707823e-15
2231.7453490684234 -7.93952627911253e-17 6.301001723545942e-15
2231.938914357394 7.79743247311517e-16 6.307733666213408e-15
2232.1324795234814 4.4925857591941674e-15 6.407847871355e-15
2232.3260445666856 -2.5212343910235823e-15 6.1612888076271464e-15
2232.5196094870066 3.72400658587183e-15 6.407197516378105e-15
2232.7131742844444 8.539951464010054e-15 6.507697954774246e-15
2232.906738958999 -3.167228403392958e-16 6.244852148888249e-15
2233.1003035106705 9.451230970381706e-18 6.261263421356486e-15
2233.293867939459 1.0058658431490607e-14 6.535333948838175e-15
2233.4874322453643 1.1490608142623737e-15 6.308641466020056e-15
2233.6809964283866 -5.9408448618262544e-15 6.108825046682442e-15
2233.8745604885253 -3.693072417212565e-15 6.182045688128702e-15
2234.068124425781 -2.724179973416978e-15 6.1919315544093216e-15
2234.2616882401535 3.4347012278602252e-15 6.382736512194535e-15
2234.455251931643 -4.071994922500471e-15 6.1180405799671765e-15
2234.6488155002494 -9.750144312733741e-15 5.947850005140019e-15
2234.8423789459725 -4.319333828852538e-15 6.1436166209656825e-15
2235.0359422688125 7.372954361705469e-16 6.3182741661673635e-15
2235.2295054687693 6.417457150419129e-15 6.479507762666087e-15
2235.4230685458433 2.1075846276343712e-17 6.266118819809783e-15
2235.6166315000332 -4.726126547596569e-15 6.151315314940518e-15
2235.810194331341 6.84723322653097e-15 6.46634800232943e-15
2236.003757039765 1.665055817707901e-15 6.336471582438427e-15
2236.197319625306 -4.6983348144316674e-15 6.183336889184929e-15
2236.3908820879637 -7.123610807626043e-15 6.062382593591041e-15
2236.5844444277386 -2.949743341996065e-15 6.143840838608931e-15
2236.7780066446308 -1.7090626314450284e-16 6.202605359905815e-15
2236.971568738639 -2.564417314066441e-15 6.166494237388365e-15
2237.165130709764 4.20012537384334e-15 6.415958914295071e-15
2237.358692558006 3.7264342503698765e-15 6.4332339069886204e-15
2237.5522542833655 5.218123428073086e-15 6.447300568699568e-15
2237.745815885841 2.022980399891814e-15 6.363138146469239e-15
2237.9393773654333 -6.677216906149413e-15 6.041845018934989e-15
2238.132938722143 -7.289080001812737e-17 6.278541266938565e-15
2238.326499955969 5.430075784498641e-15 6.488150702180407e-15
2238.5200610669126 -2.2644580637744585e-15 6.206462975897799e-15
2238.7136220549723 -4.896376106549696e-15 6.08999835407903e-15
2238.9071829201494 -1.7875276304361436e-15 6.2789509487741826e-15
2239.100743662443 8.342436689270853e-16 6.313288591888687e-15
2239.294304281854 5.171872932445014e-15 6.488033618246537e-15
2239.487864778381 -3.865407995450139e-15 6.173097747613597e-15
2239.6814251520254 5.8269725052539505e-15 6.420772989623165e-15
2239.8749854027865 8.475368504859932e-15 6.5548459996133835e-15
2240.0685455306643 1.6295490591804224e-15 6.3396680876373145e-15
2240.262105535659 -1.606305651332389e-17 6.255652276325631e-15
2240.455665417771 8.829152177185573e-16 6.324098151336557e-15
2240.6492251769996 -8.210539347755255e-15 6.069361063027731e-15
2240.8427848133447 8.850431159900138e-16 6.270605989568963e-15
2241.0363443268066 1.240889666185589e-15 6.3240975508703905e-15
2241.2299037173857 -6.5484598606368615e-15 6.080529614861159e-15
2241.4234629850816 -1.1705835550504488e-15 6.243996270712439e-15
2241.617022129894 1.1810336013344962e-15 6.307729028115979e-15
2241.8105811518235 -1.5007599539582097e-14 5.856685775467488e-15
2242.0041400508703 1.4615489123123442e-15 6.320577504032306e-15
2242.1976988270335 -9.37670765485951e-16 6.2311709498123675e-15
2242.3912574803135 5.667719788099508e-16 6.2952064530863085e-15
2242.5848160107103 -1.928634456614033e-15 6.264229212533636e-15
2242.778374418224 1.6048694127668678e-15 6.362999981801042e-15
2242.9719327028542 -5.869298390705328e-15 6.1380809822733444e-15
2243.1654908646024 -7.251963478831571e-15 6.0939602953935975e-15
2243.359048903466 -3.160542640056654e-16 6.2376649022402415e-15
2243.5526068194476 -6.015879954475706e-15 6.1155671102683545e-15
2243.7461646125453 3.925838020909089e-15 6.403223020642491e-15
2243.93972228276 3.578549697413874e-15 6.3843514408561675e-15
2244.133279830092 1.1592176999313354e-14 6.65157615859349e-15
2244.3268372545404 1.780243453326217e-14 6.888238520829965e-15
2244.5203945561057 3.0329353714562696e-15 6.423512533435942e-15
2244.7139517347878 1.138996896683368e-15 6.323449000729081e-15
2244.9075087905867 4.54941357936696e-15 6.5005457073296564e-15
2245.1010657235024 -6.376893726577096e-15 6.124760321908048e-15
2245.2946225335354 7.352186047701689e-16 6.366004539872021e-15
2245.4881792206847 3.417731564845195e-15 6.428159794656531e-15
2245.6817357849513 4.064517810589377e-15 6.4081141996793375e-15
2245.8752922263343 2.1241885706540554e-15 6.328785468779326e-15
2246.0688485448345 -2.5990321495960594e-16 6.334510170113321e-15
2246.2624047404515 2.2491244119749706e-15 6.385515131163775e-15
2246.4559608131854 7.518044777243767e-15 6.536332543212592e-15
2246.649516763036 -8.664796876821473e-15 6.043974268195896e-15
2246.8430725900034 -5.7105290558987195e-15 6.069632378114627e-15
2247.0366282940877 -2.3230400220607445e-15 6.2729414486437314e-15
2247.2301838752887 -3.681837937978181e-15 6.176337572485795e-15
2247.4237393336066 8.620494706225834e-15 6.527904249700604e-15
2247.6172946690417 3.2632354884063406e-15 6.4160605953539235e-15
2247.810849881593 2.2017773006053905e-15 6.36430636156031e-15
2248.004404971262 -1.163319831490948e-15 6.2898150434704676e-15
2248.1979599380475 7.48097847159559e-15 6.546376727980144e-15
2248.3915147819494 3.336400977174877e-15 6.386839545292069e-15
2248.5850695029685 -5.232346241876463e-15 6.098294419700645e-15
2248.7786241011045 -3.832917656667329e-15 6.171243780703232e-15
2248.9721785763572 -6.479866185468507e-15 6.071605728038505e-15
2249.165732928727 9.188212082869913e-16 6.2908254150899275e-15
2249.359287158213 -1.803815836812041e-15 6.29740950399636e-15
2249.5528412648164 -3.910096229307984e-15 6.240393966246879e-15
2249.7463952485364 6.889246928990002e-15 6.4890152200028896e-15
2249.939949109373 3.7404043781117744e-15 6.403643778767169e-15
2250.1335028473272 -4.925563741558175e-15 6.0917043803191045e-15
2250.327056462398 -5.363356261291678e-16 6.244545355224339e-15
2250.5206099545853 2.9082600095653097e-15 6.4360007795131824e-15
2250.71416332389 4.426787724621631e-15 6.488005198890463e-15
2250.907716570311 4.778646619670829e-15 6.443388847860789e-15
2251.1012696938487 -1.5730196453187078e-15 6.2089486772913446e-15
2251.2948226945036 1.9501936451738117e-15 6.335312117397521e-15
2251.488375572276 -5.948649529777419e-16 6.276568237202443e-15
2251.6819283271643 5.484702530833611e-15 6.471340148192649e-15
2251.8754809591696 -1.5007496432908428e-15 6.282804022959694e-15
2252.0690334682918 4.22232285806823e-15 6.458557177739566e-15
2252.2625858545307 1.3685584877883501e-16 6.300028119775342e-15
2252.456138117887 1.858840417891119e-15 6.40435084990179e-15
2252.6496902583594 -2.1375252880416843e-16 6.2603538172832815e-15
2252.8432422759493 3.581334893048392e-15 6.334378238445603e-15
2253.0367941706554 7.926942061566487e-15 6.58145726333045e-15
2253.230345942479 4.9454125123417206e-15 6.475836550339588e-15
2253.423897591419 4.490328217335274e-16 6.304058208280306e-15
2253.617449117476 7.54400255339384e-15 6.56473672311443e-15
2253.81100052065 -5.6846339032071025e-15 6.147866205853207e-15
2254.0045518009406 -3.0234051666497385e-15 6.238422625495518e-15
2254.198102958348 -7.295067571648095e-17 6.415231462148139e-15
2254.3916539928723 -1.1904684994415113e-14 5.9690946415249195e-15
2254.585204904514 3.84505574769859e-15 6.3644021547370966e-15
2254.7787556932717 4.007090305180374e-15 6.45495968050125e-15
2254.972306359147 1.6672124539517471e-15 6.398573336450802e-15
2255.1658569021383 4.7590057485654375e-15 6.474593590063194e-15
2255.359407322247 5.0936972039160164e-15 6.4921321267736e-15
2255.552957619472 1.6598585419712384e-15 6.3406000481281196e-15
2255.7465077938145 8.99182657224904e-15 6.5801742754984155e-15
2255.9400578452737 3.95465933369816e-15 6.498736549850055e-15
2256.1336077738497 -3.622838769759547e-16 6.267057415328923e-15
2256.327157579543 1.116257044712825e-15 6.36388168824402e-15
2256.5207072623525 -1.4284853179572521e-15 6.2749430622297544e-15
2256.7142568222785 1.4255702855013818e-15 6.368543738995001e-15
2256.907806259322 9.724560189174745e-15 6.6464418349235835e-15
2257.101355573482 4.493997294989777e-16 6.309578505396821e-15
2257.2949047647594 -4.4291326605595175e-15 6.216717635945439e-15
2257.488453833153 -4.17435519405845e-15 6.259042435207161e-15
2257.6820027786634 7.160108202317089e-15 6.6062421979202765e-15
2257.8755516012916 4.663139679252562e-15 6.5298446789431405e-15
2258.069100301036 3.0321286169692205e-15 6.4321864293425436e-15
2258.262648877897 -7.4186129558451e-15 6.141150736536341e-15
2258.456197331875 7.904289611017273e-15 6.6610350465514835e-15
2258.64974566297 -5.736282149776296e-17 6.384833898899653e-15
2258.8432938711817 1.1977988253373407e-15 6.4033494567791286e-15
2259.0368419565107 -5.11484014447685e-15 6.190612944024743e-15
2259.230389918956 -4.983939197354795e-15 6.202556280224034e-15
2259.423937758518 -4.2431096879316845e-15 6.271934278266855e-15
2259.6174854751976 3.842905409027999e-15 6.495455415418287e-15
2259.8110330689933 4.66487320724547e-15 6.5281207477930574e-15
2260.004580539906 -1.520918319651492e-15 6.3090205543534946e-15
2260.1981278879357 -4.522098543211724e-15 6.266364835309296e-15
2260.3916751130823 -3.3476642971013957e-15 6.34296926953689e-15
2260.5852222153458 -6.980315484157195e-15 6.1667630290180925e-15
2260.7787691947256 1.94613907990572e-15 6.456884679927299e-15
2260.972316051223 1.675983434540697e-15 6.429599340477729e-15
2261.1658627848365 -8.839819465210711e-15 6.104456158867872e-15
2261.3594093955676 8.774772681610389e-16 6.428550652567965e-15
2261.552955883415 -8.498541244898715e-15 6.0583167835828816e-15
2261.74650224838 -1.2073754534826887e-15 6.388932491052223e-15
2261.940048490461 3.3217232361021046e-15 6.517784197320688e-15
2262.133594609659 -5.416795420197649e-15 6.205697663425626e-15
2262.327140605974 -1.0116452371234967e-14 6.115738428637594e-15
2262.520686479406 -5.435518373159021e-15 6.305645574782302e-15
2262.714232229954 2.1952371884601674e-15 6.490108632178959e-15
2262.9077778576197 -6.876227765475029e-15 6.184692620233559e-15
2263.101323362402 5.9268727777057585e-15 6.6542831041176575e-15
2263.2948687443013 -6.628997871959141e-16 6.337418747807917e-15
2263.4884140033178 7.577997451112304e-16 6.398094025012294e-15
2263.6819591394506 4.366577471356753e-15 6.584607182847507e-15
2263.8755041526997 -4.821761446171289e-15 6.2893818388038756e-15
2264.069049043067 1.2654605113772957e-15 6.451204674306642e-15
2264.26259381055 -7.276836242942221e-15 6.188769645913949e-15
2264.4561384551503 -5.916469042251184e-15 6.211850996591011e-15
2264.6496829768676 4.259388430893496e-15 6.532558417865579e-15
2264.843227375701 1.004074978533669e-14 6.708364673773652e-15
2265.036771651652 -1.6572893953031733e-15 6.306862517792168e-15
2265.2303158047193 -7.01553109745488e-15 6.206895155734204e-15
2265.4238598349043 -1.7111102410473693e-15 6.387681199880761e-15
2265.6174037422056 -2.3875121409765234e-16 6.465300542230535e-15
2265.8109475266233 -1.4188189888097669e-15 6.345591280045405e-15
2266.004491188158 -4.771262454585224e-15 6.233757646117932e-15
2266.1980347268104 1.0904089966619147e-14 6.7532810512406405e-15
2266.3915781425794 -3.604351997125921e-15 6.309570105665112e-15
2266.5851214354648 -9.9278147872008e-15 6.16523712158521e-15
2266.778664605467 -1.4249511645304057e-14 5.984019619695086e-15
2266.972207652586 5.33499882103642e-15 6.51632584696095e-15
2267.165750576822 -4.128595635063276e-16 6.3931305020120676e-15
2267.359293378175 -5.180599211125745e-15 6.315117745376411e-15
2267.552836056645 -1.1750023045650662e-15 6.376929762751764e-15
2267.7463786122316 -8.653364169083105e-15 6.1158538617341256e-15
2267.939921044935 4.357351880264537e-15 6.5250124022894395e-15
2268.133463354755 7.886628589351128e-15 6.611885683357609e-15
2268.3270055416924 3.696956027407903e-15 6.5226279657415e-15
2268.5205476057463 1.6517779928082444e-15 6.430449265198264e-15
2268.714089546917 -8.462506653105049e-16 6.3473765264320634e-15
2268.9076313652045 1.1067873917596675e-15 6.439702183308878e-15
2269.101173060609 -1.187395266025746e-15 6.417247897251469e-15
2269.2947146331303 -1.0773673371329515e-14 6.0781619424699714e-15
2269.4882560827687 -1.4923119715667558e-14 5.8993523871396064e-15
2269.6817974095234 -2.1472974820165814e-16 6.4003970219595796e-15
2269.875338613396 1.9031324071787993e-14 6.939417737524643e-15
2270.068879694384 -1.3910445404173695e-15 6.338888903781851e-15
2270.2624206524897 -2.306488434534746e-16 6.369828714607452e-15
2270.455961487712 1.6147352003543283e-15 6.37292571141584e-15
2270.6495022000518 -3.312709415758673e-15 6.284831353139213e-15
2270.8430427895078 1.149433647132887e-15 6.484523603707292e-15
2271.0365832560806 -4.530071182526419e-15 6.278828083304264e-15
2271.23012359977 -1.3758989350040046e-15 6.34599208131631e-15
2271.423663820577 -5.586212999495229e-16 6.375786826457731e-15
2271.6172039185008 -9.966797247116109e-15 6.016888601339786e-15
2271.810743893541 -2.797949039120217e-15 6.278150483975062e-15
2272.0042837456976 7.027016850910521e-15 6.6044886557772146e-15
2272.1978234749718 1.003062116045122e-14 6.633773374077728e-15
2272.3913630813627 3.508172593128392e-16 6.406022145391023e-15
2272.5849025648704 -3.647358796799213e-15 6.3114764195094615e-15
2272.778441925495 -1.9395146102449096e-16 6.401717728952686e-15
2272.9719811632363 1.363497995856332e-15 6.451231721599348e-15
2273.1655202780944 -1.1069209610168194e-14 6.05097426773589e-15
2273.35905927007 -3.996219756963624e-15 6.3158353047931715e-15
2273.5525981391615 -3.921569168949761e-15 6.2775609881161836e-15
2273.74613688537 -6.991554718173384e-18 6.393661650342014e-15
2273.939675508696 7.07055286268709e-16 6.365653280143661e-15
2274.1332140091386 2.070726936772469e-15 6.4511160759007195e-15
2274.3267523866975 4.124850984531647e-15 6.5535272877153455e-15
2274.520290641374 4.98199288230018e-16 6.456589851308653e-15
2274.7138287731664 -5.598469213794864e-15 6.2398738937143e-15
2274.9073667820767 1.635304014809022e-16 6.4042204839158965e-15
2275.100904668103 7.835472708145617e-15 6.601097066413617e-15
2275.294442431247 -6.247156526088518e-15 6.1914591953153085e-15
2275.487980071507 -7.817036903074706e-15 6.213041992956603e-15
2275.681517588884 -6.0688579775631804e-15 6.278064042955888e-15
2275.875054983378 -1.497171112076594e-16 6.4135486742804355e-15
2276.0685922549887 4.7029972863035885e-15 6.5731094836762876e-15
2276.2621294037167 5.304687490133278e-15 6.591120628901614e-15
2276.455666429561 2.307387451429395e-15 6.4367026113553665e-15
2276.6492033325226 -1.264023454573105e-14 6.009128956230483e-15
2276.842740112601 1.6466709161953406e-15 6.537481155624786e-15
2277.0362767697957 -3.3065710273046297e-15 6.321653109609401e-15
2277.229813304108 -4.817392137220147e-15 6.287496214933685e-15
2277.4233497155365 -1.0311325896911627e-15 6.318979020828931e-15
2277.6168860040825 7.945201088509873e-15 6.596339759168057e-15
2277.8104221697445 -1.5606586707536484e-15 6.40430227489525e-15
2278.003958212524 -3.686181591933978e-15 6.304285730195781e-15
2278.19749413242 -7.527480364428068e-15 6.182065650731029e-15
2278.3910299294334 -4.762791965904208e-15 6.3146630277527106e-15
2278.584565603563 2.6331044782928617e-16 6.4265729255058374e-15
2278.7781011548095 -6.376117379613088e-15 6.283845650886437e-15
2278.971636583173 -1.37922148055434e-14 6.107521395397215e-15
2279.1651718886537 -4.10611565773111e-15 6.308072188069178e-15
2279.358707071251 -3.5085674930554916e-15 6.261852995776201e-15
2279.552242130965 4.4878280672674e-15 6.600163281912023e-15
2279.745777067796 -1.0791694247546767e-14 6.132478727709725e-15
2279.939311881744 1.225665437688879e-15 6.502583783221844e-15
2280.132846572808 -1.9903138495667638e-15 6.4174417431241796e-15
2280.3263811409893 4.526135494623286e-16 6.459761300011687e-15
2280.519915586288 -5.055690171403615e-15 6.264381054243048e-15
2280.713449908703 3.716254089609161e-15 6.539875717726672e-15
2280.906984108235 4.927667154487439e-15 6.528048234222443e-15
2281.100518184884 2.5238009506013687e-15 6.539943783355462e-15
2281.2940521386495 -4.082251420586411e-15 6.339615998731698e-15
2281.4875859695317 4.681486783423042e-15 6.582077127376794e-15
2281.6811196775316 -1.248530018102353e-15 6.422089243397531e-15
2281.874653262648 -2.2281799665833817e-15 6.3495076460490814e-15
2282.0681867248804 -5.195478365665392e-15 6.341678787341246e-15
2282.2617200642303 -8.354258822255186e-15 6.263350681519481e-15
2282.4552532806974 4.960319153655023e-15 6.6307915382989985e-15
2282.648786374281 3.044778622717415e-15 6.584132059415698e-15
2282.842319344981 -4.986989560582355e-15 6.260326549793885e-15
2283.0358521927983 7.738134646227628e-15 6.674577851179154e-15
2283.229384917732 -3.73431741176483e-15 6.376604595053339e-15
2283.4229175197834 -5.3573457006191455e-15 6.285761757506845e-15
2283.6164499989513 -4.9880627133736066e-15 6.277789165078882e-15
2283.8099823552357 -3.2112804121615044e-15 6.4398854265023066e-15
2284.0035145886372 -8.727284145994864e-15 6.191133184340027e-15
2284.1970466991556 -1.8372104024350606e-15 6.415028852440476e-15
2284.390578686791 -3.5113745431576446e-15 6.372856268267694e-15
2284.584110551543 4.4860619095608275e-15 6.612237917196097e-15
2284.7776422934116 4.556455712713821e-16 6.457350570346477e-15
2284.9711739123973 -9.394922690095482e-16 6.43123716607168e-15
2285.1647054084997 -2.7014531685844333e-15 6.424020731566685e-15
2285.358236781719 -1.694848179481689e-15 6.372820001864351e-15
2285.5517680320554 2.910404097082941e-15 6.551640906775489e-15
2285.7452991595082 2.8188098800767007e-15 6.607494735134344e-15
2285.9388301640784 -3.69173347685756e-15 6.369999515615987e-15
2286.1323610457653 3.2232174510349264e-15 6.557394101697414e-15
2286.3258918045685 -7.345453025678449e-17 6.4034932275156045e-15
2286.519422440489 2.9101020149803267e-15 6.59325081944585e-15
2286.7129529535264 2.091006961706593e-15 6.5898936644771576e-15
2286.9064833436805 2.4537815928660365e-15 6.5267281806914695e-15
2287.1000136109515 -2.130453264040831e-15 6.37201714483553e-15
2287.2935437553397 -3.1782867333479758e-15 6.325276052571423e-15
2287.487073776844 -2.415461070000239e-15 6.373091921644166e-15
2287.680603675465 -4.123181181893658e-15 6.404158546041422e-15
2287.8741334512038 -3.5121133794763616e-15 6.405823778455941e-15
2288.0676631040587 -1.7457374395442631e-15 6.402311852204265e-15
2288.261192634031 -6.536296295206188e-15 6.214502358274288e-15
2288.45472204112 4.3972173137102114e-15 6.564339137341196e-15
2288.648251325326 -7.437124809348948e-15 6.2051844255213215e-15
2288.841780486648 1.9101270999093684e-15 6.545205080023937e-15
2289.0353095250875 -5.411596906994285e-15 6.320509724806396e-15
2289.228838440644 4.495478275461061e-16 6.439461347923798e-15
2289.422367233317 4.392207166558457e-15 6.555191455502238e-15
2289.615895903107 2.1886096124481895e-16 6.40107294856642e-15
2289.8094244500135 -5.699864951279133e-15 6.19018047131191e-15
2290.0029528740374 -5.587593359652563e-15 6.274267550578187e-15
2290.1964811751777 6.685294783630897e-15 6.704007843896723e-15
2290.390009353435 9.443912113841904e-15 6.762496192510906e-15
2290.583537408809 -4.152011375983802e-15 6.340065071126592e-15
2290.7770653413004 -6.0859965190620686e-15 6.273155757630981e-15
2290.970593150908 -1.0695166403233092e-15 6.440849294191487e-15
2291.1641208376327 1.8797911289583868e-15 6.5228471923049565e-15
2291.3576484014743 -5.193048628847274e-16 6.4917121079809156e-15
2291.5511758424323 -3.65882719053943e-15 6.372109999039235e-15
2291.7447031605075 1.0124192109248411e-14 6.6824781652049484e-15
2291.9382303557 -7.49819823796143e-15 6.216592529975998e-15
2292.1317574280083 -9.516772072815497e-15 6.181502957323593e-15
2292.3252843774344 -2.7027022704286803e-15 6.329140322860603e-15
2292.5188112039773 -4.321955347146249e-15 6.313915955096974e-15
2292.7123379076365 -1.1604518073052715e-15 6.4198311156264706e-15
2292.905864488413 1.4805665716432626e-14 6.874510126778893e-15
2293.099390946306 -8.992606131158912e-16 6.433889363003145e-15
2293.292917281316 -3.667357110064462e-16 6.423432277946519e-15
2293.4864434934425 -9.362262360783595e-15 6.103095573865479e-15
2293.679969582686 1.0686990585267026e-14 6.743759510964377e-15
2293.8734955490468 -2.8438649191139514e-15 6.348157921904258e-15
2294.067021392524 2.8433351452480994e-15 6.58332288544974e-15
2294.2605471131183 8.480262787719326e-15 6.708915214906108e-15
2294.4540727108297 5.660264304229056e-15 6.6541638541604486e-15
2294.6475981856574 2.513161907729259e-16 6.4666469288259825e-15
2294.841123537602 -1.1633558187904183e-15 6.4614846700385195e-15
2295.034648766664 3.632153928914407e-15 6.586309473232573e-15
2295.2281738728416 1.0067331765885504e-15 6.4834881860924985e-15
2295.4216988561375 6.407247285469221e-15 6.713049684120333e-15
2295.6152237165493 2.9690768625564508e-15 6.57355373868317e-15
2295.808748454078 1.5566840149730462e-15 6.549780153092804e-15
2296.002273068724 -7.844194088519272e-15 6.23322869209136e-15
2296.1957975604864 -6.922532700414333e-15 6.277478350345665e-15
2296.3893219293664 3.8382375430809825e-15 6.588812156051031e-15
2296.5828461753626 2.9855061727261047e-15 6.5679489148181636e-15
2296.7763702984753 -2.965583830722914e-15 6.368164759413127e-15
2296.9698942987056 -6.421098452148404e-15 6.31855391090444e-15
2297.1634181760523 4.415398922743764e-15 6.641155671224288e-15
2297.3569419305163 7.0016103937318995e-15 6.69221702032495e-15
2297.5504655620966 5.246883047551934e-15 6.697238917009741e-15
2297.7439890707938 -5.4163623445197745e-15 6.356945904984223e-15
2297.937512456608 -1.5997088973666345e-14 5.9849181968520535e-15
2298.1310357195393 -2.2397171954773237e-15 6.435463362426964e-15
2298.324558859587 2.8462439713200486e-15 6.589453065066783e-15
2298.5180818767517 2.033784445631194e-15 6.548903593138215e-15
2298.7116047710338 9.247376219733659e-15 6.7284027959926116e-15
2298.905127542432 2.126318338649839e-15 6.599947043248716e-15
2299.0986501909474 -9.62053348079568e-16 6.504447841664266e-15
2299.2921727165794 -3.2572538217795297e-15 6.407725183955446e-15
2299.4856951193287 -4.477982183506017e-15 6.357297407433853e-15
2299.679217399194 -6.785848986638134e-15 6.3501101230637584e-15
2299.872739556177 -4.8240195455932486e-15 6.340403227998306e-15
2300.0662615902766 6.808611016861878e-16 6.508844173036956e-15
2300.2597835014926 5.437388129246133e-15 6.751702194486218e-15
2300.453305289826 6.651561826182707e-15 6.696297459947322e-15
2300.6468269552756 3.0232628450890088e-15 6.561277838918456e-15
2300.840348497843 7.797855528033423e-16 6.563182775595735e-15
2301.0338699175263 -1.7212165330188411e-15 6.4742108241388524e-15
2301.227391214327 3.327329244846025e-15 6.615064253108185e-15
2301.4209123882442 2.0411245125064875e-15 6.598538081501399e-15
2301.614433439279 3.856072947237344e-15 6.602136324404811e-15
2301.80795436743 -5.538614174369855e-15 6.332171019251844e-15
2302.0014751726976 4.0342801841589146e-16 6.576177767361911e-15
2302.194995855082 -1.4354432429603628e-14 6.024555277420974e-15
2302.388516414584 -1.1459699379607475e-14 6.115183115348829e-15
2302.5820368512027 -3.3228331939655783e-16 6.5742224724624026e-15
2302.775557164938 1.0327959083681131e-15 6.540474355739252e-15
2302.96907735579 -1.5472982087055047e-14 6.057043998959367e-15
2303.162597423759 -1.0480410072407768e-14 6.25466335403726e-15
2303.356117368845 1.002417859457964e-15 6.577988574306459e-15
2303.5496371910476 -3.106643151944377e-15 6.4442353707256795e-15
2303.743156890367 1.0215758067713283e-15 6.63737527590052e-15
2303.9366764668034 -2.996294928814044e-15 6.4305869783646085e-15
2304.1301959203565 -1.874016875614404e-15 6.421343682618053e-15
2304.323715251027 -6.4687811877194236e-15 6.299688047352033e-15
2304.5172344588136 2.390387503264827e-15 6.6105445294309444e-15
2304.7107535437176 -4.0343218058651486e-15 6.4327983364231156e-15
2304.904272505738 2.51494354920124e-15 6.654885927427692e-15
2305.0977913448755 8.781519626082205e-15 6.837426903573419e-15
2305.2913100611295 -5.812446882846534e-16 6.5062318807444414e-15
2305.484828654501 4.4119574272434215e-15 6.620456453941848e-15
2305.6783471249887 9.857199430657556e-15 6.7850525875051615e-15
2305.8718654725935 1.4988501168578052e-15 6.582415004260377e-15
2306.065383697315 -1.3029670450110808e-15 6.489904486601426e-15
2306.258901799154 7.496027008898747e-15 6.801397546477456e-15
2306.4524197781093 3.23281526190422e-15 6.664342085001629e-15
2306.6459376341813 -5.420679053682014e-15 6.3224901730034584e-15
2306.83945536737 3.001861183996992e-16 6.5741529741198994e-15
2307.0329729776763 -9.884843617839201e-15 6.25542074379251e-15
2307.2264904650992 1.793603792412738e-15 6.6419481819430466e-15
2307.4200078296385 9.98399201243731e-16 6.601817523189311e-15
2307.613525071295 -5.521897247554644e-15 6.321361265439348e-15
2307.807042190068 1.3539754956054081e-16 6.535631422240271e-15
2308.000559185958 -1.672883205214947e-14 6.063778198509461e-15
2308.1940760589655 4.585132486824182e-15 6.6596313922156415e-15
2308.387592809089 4.384081662894045e-16 6.569362956838116e-15
2308.58110943633 -4.206595504016526e-15 6.4764606403626806e-15
2308.774625940687 -1.2046739826486071e-14 6.159004231715937e-15
2308.9681423221614 -5.592466959027365e-16 6.548977578350435e-15
2309.161658580753 1.5321972570922008e-15 6.583406433823616e-15
2309.3551747164606 7.418827848838478e-15 6.7462184452316944e-15
2309.5486907292857 -9.818957717393284e-15 6.258674234753894e-15
2309.742206619227 3.9546979699126886e-15 6.652091649312297e-15
2309.9357223862858 6.75497404151168e-16 6.594661987196287e-15
2310.1292380304612 1.0792212473801572e-15 6.628088777396983e-15
2310.3227535517535 2.3808100876779383e-15 6.622578638236608e-15
2310.5162689501626 -9.866934515343593e-15 6.2105263227593166e-15
2310.7097842256885 -1.3803314783856102e-15 6.502330365499725e-15
2310.903299378331 3.0222739547365427e-15 6.604308533725558e-15
2311.0968144080907 -2.521195628241099e-15 6.3786597057182676e-15
2311.290329314967 8.698708690120743e-17 6.534666030452187e-15
2311.48384409896 -3.5743063048632756e-15 6.487138869891117e-15
2311.67735876007 6.520038254283515e-16 6.521953028448254e-15
2311.8708732982973 2.485669677534091e-15 6.647803346978316e-15
2312.0643877136413 -2.2079898049757353e-15 6.506198359942718e-15
2312.257902006102 -9.008303089684358e-16 6.491645229360302e-15
2312.4514161756792 -7.458493767014417e-15 6.3154912526357004e-15
2312.644930222374 4.76685630867684e-15 6.7302291508493625e-15
2312.8384441461853 5.649927465333302e-15 6.773041953714288e-15
2313.031957947113 5.102368651024053e-15 6.678810927225736e-15
2313.2254716251578 1.1270762356573517e-14 6.8614972827315804e-15
2313.41898518032 -2.3861333942409085e-16 6.553590129397313e-15
2313.6124986125983 -4.903641439206068e-15 6.403226364957048e-15
2313.8060119219936 -6.765992465143393e-16 6.564338988502619e-15
2313.9995251085056 -2.972652798090332e-15 6.485789958795206e-15
2314.193038172135 -1.6682249211070527e-15 6.512435091041765e-15
2314.386551112881 5.631496642362291e-15 6.761867740553711e-15
2314.5800639307436 4.386791640855585e-15 6.6778347675764795e-15
2314.7735766257233 -4.993828705340031e-15 6.334765605819157e-15
2314.96708919782 -8.343563153528161e-15 6.330819340175917e-15
2315.160601647033 -5.771749449146452e-15 6.4255023697065236e-15
2315.3541139733634 1.9231410868576512e-15 6.627601371647482e-15
2315.5476261768104 -3.1819356452327524e-15 6.4445980929020215e-15
2315.741138257374 -1.3856625908161093e-14 6.116491757683875e-15
2315.9346502150547 9.027119004441997e-15 6.7902580202814865e-15
2316.128162049852 1.0437572270497524e-15 6.652775239829693e-15
2316.3216737617663 5.569519078690354e-16 6.603808576931655e-15
2316.515185350798 2.1670498855645558e-15 6.563658650340864e-15
2316.708696816946 -5.121529441151027e-15 6.387373081036499e-15
2316.902208160211 3.9824865074000466e-15 6.691594805821076e-15
2317.095719380593 3.170180216930908e-15 6.633314759689195e-15
2317.289230478091 3.309043162350052e-15 6.684894189260946e-15
2317.4827414527067 -4.0204156784915346e-15 6.43662412222077e-15
2317.676252304439 5.929463207165939e-16 6.544319137718971e-15
2317.869763033288 -1.8822966144786675e-15 6.505846706331881e-15
2318.063273639254 8.048212443290655e-15 6.7430852690768755e-15
2318.256784122337 6.069877804068895e-15 6.7959717814213344e-15
2318.4502944825367 -1.3799313763174729e-14 6.129748684024632e-15
2318.643804719853 -2.5468449902581544e-15 6.447721748020657e-15
2318.8373148342866 -5.434425486058441e-16 6.577111350143172e-15
2319.0308248258366 3.538823088583072e-15 6.690414093145018e-15
2319.224334694504 -5.3713992802049585e-15 6.435030610566513e-15
2319.4178444402874 -1.0806748801305317e-14 6.243290531063765e-15
2319.6113540631886 -5.824418276617922e-15 6.402139314108908e-15
2319.804863563206 -1.1685626667516453e-14 6.168702828552046e-15
2319.9983729403402 4.647220509419957e-15 6.681048089418209e-15
2320.1918821945915 3.2446964210077216e-15 6.689531826715081e-15
2320.3853913259595 -3.949529480907866e-15 6.478195947810941e-15
2320.578900334445 -8.681306626111746e-16 6.594718535484383e-15
2320.7724092200465 -5.981435747506771e-15 6.408252856782148e-15
2320.965917982765 -5.7915930384474036e-15 6.380941740440731e-15
2321.1594266226 -1.7320582159267511e-15 6.498939765271807e-15
2321.3529351395528 -8.518906921462033e-15 6.2931292611858795e-15
2321.546443533622 5.7235421821664025e-15 6.762262811172329e-15
2321.739951804808 -2.1599319138770124e-15 6.5360192537992695e-15
2321.9334599531103 -3.346343601128336e-15 6.508018237922191e-15
2322.1269679785305 5.775521743997894e-16 6.618764783154452e-15
2322.320475881067 -8.088005067229304e-15 6.3567259664564425e-15
2322.51398366072 -4.164153010302285e-15 6.460260525270569e-15
2322.70749131749 -2.3226302702398938e-15 6.572203341180835e-15
2322.9009988513776 -5.37993035892986e-15 6.419986812948763e-15
2323.094506262382 -5.4136218886607274e-15 6.390114351926263e-15
2323.288013550502 3.891527193527888e-15 6.74953317152265e-15
2323.48152071574 1.0172094955322562e-15 6.606703169930862e-15
2323.6750277580945 1.0403189594320554e-14 6.9070854857209826e-15
2323.8685346775655 -3.681889892214991e-15 6.531933705480043e-15
2324.062041474154 5.572842799637736e-15 6.790368829403389e-15
2324.255548147859 8.335116362138133e-15 6.8798543160420805e-15
2324.4490546986804 1.6925736119729466e-15 6.662441556181705e-15
2324.6425611266195 -7.995408067565406e-16 6.573524169507955e-15
2324.8360674316746 -5.00325453858148e-15 6.3972397071334694e-15
2325.029573613847 3.37865241353307e-15 6.780999160024282e-15
2325.223079673136 -4.206950962668945e-15 6.50529863242911e-15
2325.4165856095424 9.191671319527077e-16 6.596578638172579e-15
2325.610091423065 4.111152794503521e-15 6.708167706326588e-15
2325.8035971137047 -9.293945487299393e-15 6.27446853051691e-15
2325.9971026814615 -3.86181510117601e-15 6.512146121661326e-15
2326.1906081263346 -1.8573717361924604e-15 6.608031752223297e-15
2326.384113448325 -6.466438732812255e-15 6.419282959700813e-15
2326.5776186474322 -5.0538644075477695e-15 6.47214868815516e-15
2326.771123723656 -1.0487050275110843e-14 6.289424486230044e-15
2326.964628676997 -6.428487863461907e-15 6.372066380553444e-15
2327.1581335074543 -2.709889053821379e-16 6.605223201236274e-15
2327.351638215029 1.4874664666761239e-15 6.722542350074002e-15
2327.5451427997205 6.881013990742017e-16 6.64137494929438e-15
2327.7386472615285 7.117360116508622e-15 6.821386611450999e-15
2327.932151600454 -5.23458835267899e-16 6.602890896017199e-15
2328.125655816495 -7.765387235506701e-16 6.578023989325628e-15
2328.3191599096544 -2.858973091496154e-15 6.559573640932918e-15
2328.5126638799297 5.350907677627039e-16 6.696346982856994e-15
2328.706167727322 -6.685337742308027e-15 6.388560833277564e-15
2328.899671451831 6.936842678090479e-15 6.749726694605795e-15
2329.0931750534573 9.442778416470217e-16 6.581609662393861e-15
2329.2866785322 3.39985739029084e-15 6.739664225246806e-15
2329.4801818880596 3.0667144988831265e-15 6.764308574191117e-15
2329.6736851210367 -6.5004089938092464e-15 6.465634699622045e-15
2329.86718823113 -8.026835989517509e-15 6.354581279528319e-15
2330.0606912183407 8.205987393020137e-15 6.8067345369354734e-15
2330.2541940826677 4.471056843642587e-15 6.703452771065779e-15
2330.4476968241115 1.0657436073961033e-14 6.896015304153301e-15
2330.641199442672 -9.528013275888635e-15 6.3357531674630595e-15
2330.8347019383496 3.0236300644162766e-15 6.6944412648101375e-15
2331.0282043111442 -4.083443550401547e-15 6.5090488019507794e-15
2331.2217065610557 1.45881293391071e-15 6.6928311592213644e-15
2331.415208688084 -6.121761216710781e-15 6.469660030515869e-15
2331.608710692229 -8.700858854597472e-15 6.395158277700468e-15
2331.802212573491 4.939374445075845e-15 6.754218565547118e-15
2331.9957143318693 -3.571101704772024e-15 6.562051283415215e-15
2332.189215967365 -4.870123165636128e-15 6.532913654992409e-15
2332.3827174799776 -4.924303546452558e-15 6.413534027773409e-15
2332.576218869707 -2.851071437910219e-15 6.569829089294186e-15
2332.769720136553 4.568070909920645e-15 6.808252502300589e-15
2332.963221280516 -2.3426222837747355e-15 6.563126271614579e-15
2333.1567223015954 -8.612048690096506e-15 6.3797214399108145e-15
2333.3502231997923 -7.812163156108009e-15 6.391363284103887e-15
2333.543723975106 -7.249404212536215e-15 6.3598252836615546e-15
2333.7372246275363 -4.997935491628888e-15 6.4601218571763065e-15
2333.930725157083 -3.943852083303205e-15 6.535260935950816e-15
2334.124225563747 -2.0065684048459056e-15 6.6032039606756276e-15
2334.317725847528 1.6038513739586004e-15 6.725226391681802e-15
2334.5112260084256 -4.524866076568946e-15 6.454379280944146e-15
2334.70472604644 -1.0795240099839502e-14 6.357197310826377e-15
2334.898225961572 1.532070524390252e-15 6.738982953679254e-15
2335.09172575382 1.3511325903914981e-15 6.717995481686575e-15
2335.2852254231852 7.402896047943218e-15 6.911225863995497e-15
2335.478724969667 3.0199932118623663e-15 6.779724295043273e-15
2335.6722243932654 3.0934713110665063e-15 6.733330794791018e-15
2335.8657236939816 5.518952970797444e-15 6.7920985391847686e-15
2336.0592228718137 -7.794004390809637e-15 6.417132517914456e-15
2336.2527219267627 -7.892463372383122e-16 6.676997280935574e-15
2336.4462208588293 -8.519928617750899e-15 6.4469194890372966e-15
2336.6397196680123 -4.791658192296388e-15 6.5451963535930885e-15
2336.833218354312 3.3216008182510615e-15 6.7546984081941256e-15
2337.0267169177287 4.541921683960774e-16 6.64165429822345e-15
2337.220215358262 -2.2347094980528953e-15 6.638858413555405e-15
2337.4137136759123 -3.328167236063832e-15 6.642578097358476e-15
2337.6072118706797 -2.642583359276399e-15 6.61373678688791e-15
2337.8007099425636 3.58543190763398e-16 6.687680738190477e-15
2337.994207891564 3.1002034477978916e-15 6.727392617206061e-15
2338.187705717682 -5.113707094232524e-15 6.4777339408168265e-15
2338.381203420917 5.056921926345242e-16 6.716339481822859e-15
2338.5747010012683 -9.170937220517736e-15 6.4273377572197146e-15
2338.768198458736 -4.073138866059279e-15 6.552680070937856e-15
2338.9616957933213 6.596640857457088e-16 6.662301630165354e-15
2339.1551930050236 -7.332916366199611e-15 6.469129459691538e-15
2339.3486900938424 -6.500920927552198e-15 6.469730285384403e-15
2339.542187059778 1.2004236077622705e-14 7.005219962803294e-15
2339.7356839028303 1.7900248451912173e-15 6.757611097052977e-15
2339.9291806229994 8.115013570669694e-16 6.676908120469797e-15
2340.122677220286 -5.319943920270605e-15 6.522043725621289e-15
2340.316173694689 -2.9818750700524785e-15 6.658675525103392e-15
2340.509670046209 -5.946451319998208e-15 6.4869614939954035e-15
2340.7031662748454 -6.538548009805643e-15 6.494953823285477e-15
2340.896662380599 2.0697637452014893e-15 6.832175917179646e-15
2341.0901583634695 3.969165000958256e-15 6.785704755365962e-15
2341.283654223457 1.1084678566320018e-15 6.675332265472794e-15
2341.477149960561 7.708260183713247e-15 6.9550866164406e-15
2341.6706455747817 2.2753272281125126e-15 6.786528113622229e-15
2341.8641410661194 2.4254349850181366e-15 6.743059188176151e-15
2342.057636434574 6.815218421220493e-15 6.902951775204425e-15
2342.251131680145 4.404090132566325e-15 6.764155022405381e-15
2342.4446268028337 1.3919227207676618e-14 7.0559488063491044e-15
2342.6381218026386 -7.61132652829189e-16 6.670011333631055e-15
2342.8316166795607 2.0771057714641545e-16 6.6218964688759975e-15
2343.0251114335997 -1.1058472074766086e-14 6.301194659431914e-15
2343.2186060647555 -1.3333295363170013e-15 6.624693216870622e-15
2343.412100573028 -1.3493753653603705e-15 6.617917306127014e-15
2343.6055949584174 -1.6356596201450063e-15 6.6014191200741656e-15
2343.7990892209236 -3.1894195181000227e-15 6.520705566382719e-15
2343.992583360546 -9.18658997236213e-15 6.389973306287381e-15
2344.1860773772864 6.467708114256627e-15 6.885314502306254e-15
2344.379571271143 -6.1065458164302014e-15 6.471462959204823e-15
2344.5730650421165 -2.5842061126969405e-15 6.64824211695367e-15
2344.766558690207 -1.5463947373749685e-15 6.575170828789584e-15
2344.960052215414 -1.9498817197576688e-15 6.570371218007181e-15
2345.1535456177385 -8.18568071168195e-15 6.440375165659243e-15
2345.3470388971796 -9.743493329513955e-16 6.677577399022467e-15
2345.540532053737 -1.3452822918264552e-15 6.628236287474397e-15
2345.7340250874117 5.554622685156353e-16 6.714732264353847e-15
2345.9275179982033 -1.4315161493160045e-14 6.1783457439211e-15
2346.1210107861116 1.6164063146546427e-15 6.72359376078401e-15
2346.3145034511367 -3.4165841034426908e-15 6.592902757722751e-15
2346.5079959932787 -2.8295715137124962e-15 6.607571059950809e-15
2346.701488412538 6.2070659739483924e-15 6.8405119697898625e-15
2346.8949807089134 -3.3060664645068092e-15 6.544545319257217e-15
2347.0884728824058 -7.366265359363154e-15 6.460964410661639e-15
2347.2819649330154 5.6984741426657224e-15 6.852808100022975e-15
2347.475456860742 1.0891874472444524e-14 7.023635739314358e-15
2347.668948665584 -9.010919524481556e-15 6.3567823855658644e-15
2347.8624403475446 -2.0110635467855197e-15 6.624530517438626e-15
2348.0559319066215 8.935198434641166e-16 6.74994294660261e-15
2348.2494233428147 -6.695420302407066e-16 6.582914841208036e-15
2348.442914656125 -5.0177944940489286e-15 6.521139582596374e-15
2348.6364058465524 -8.659660936490269e-16 6.683192709051028e-15
2348.8298969140965 -2.9231439211269968e-15 6.5661206801900636e-15
2349.023387858758 -6.075445448836052e-15 6.494738070424128e-15
2349.2168786805355 6.0320166142806925e-15 6.819880887388224e-15
2349.4103693794304 -3.711142498258099e-15 6.495725118385058e-15
2349.6038599554413 8.220427173897398e-15 6.968779717697663e-15
2349.7973504085703 -3.178327516231826e-15 6.631968619331539e-15
2349.9908407388148 5.306131017853543e-15 6.853272080132842e-15
2350.1843309461774 9.424200589808638e-15 6.941753379627386e-15
2350.3778210306564 -3.58239009862053e-15 6.610781289012279e-15
2350.571310992252 1.16264734463063e-15 6.7482050992269315e-15
2350.7648008309643 -3.6894647630540235e-16 6.713597683316726e-15
2350.958290546794 -6.59649314361944e-15 6.56326382777732e-15
2351.15178013974 8.61707297830749e-15 6.965269514730819e-15
2351.3452696098034 3.463291850084577e-15 6.79869301446251e-15
2351.538758956983 7.385752156603276e-15 6.9649630745110456e-15
2351.73224818128 1.86651926882872e-15 6.699759002990289e-15
2351.9257372826937 3.1337039507698577e-15 6.7707324559779255e-15
2352.119226261224 5.784029829340366e-15 6.929774422269567e-15
2352.3127151168715 8.517193658693231e-15 7.0031664394538105e-15
2352.5062038496358 2.649961642594249e-15 6.804381577901663e-15
2352.699692459517 4.790573148417971e-15 6.870418531831062e-15
2352.893180946515 -2.6345913122660572e-15 6.6069434543508576e-15
2353.086669310629 -1.7546274661663527e-15 6.647033640280505e-15
2353.2801575518606 -2.1868991431384305e-15 6.74494117470135e-15
2353.473645670209 1.832380123920876e-15 6.85180228868316e-15
2353.667133665674 3.3450867475635347e-15 6.764699485623461e-15
2353.860621538256 -8.778180272637214e-16 6.708684758137523e-15
2354.0541092879553 5.4987662713801665e-15 6.931932490751119e-15
2354.247596914771 -6.547851217429387e-15 6.499561835169162e-15
2354.4410844187037 -5.576738509642549e-15 6.539657549351937e-15
2354.634571799753 2.8902445468070296e-15 6.8323093475039685e-15
2354.8280590579193 8.124736724002658e-15 6.939808694884229e-15
2355.0215461932025 1.1004588657763208e-14 7.019319354759578e-15
2355.2150332056026 -1.060583375419449e-15 6.632417195157822e-15
2355.408520095119 4.8980476240876244e-15 6.87112917371562e-15
2355.6020068617527 4.960356404421324e-15 6.847136515826867e-15
2355.7954935055036 1.7156772025905498e-14 7.278554396490736e-15
2355.9889800263704 -4.573395356991044e-15 6.883424809551321e-15
2356.182466424355 3.0724918409730252e-15 7.001118694343895e-15
2356.3759526994563 -1.0740335296387907e-14 7.204481978280041e-15
2356.569438851674 2.368150393719613e-14 7.803692429717043e-15
