wavelength flux error
3197.6060657001244 -1.0560965796857383e-15 1.2853422469893509e-15
3197.9955127101844 -3.8887039957481844e-17 1.286809071451167e-15
3198.3849603579442 1.5825770747470986e-16 1.315757818943722e-15
3198.7744086434045 1.888298549275106e-15 1.334213870524207e-15
3199.1638575665647 -4.26735246725677e-16 1.289299151123535e-15
3199.553307127425 -1.7760506525152336e-16 1.2935672332218238e-15
3199.942757325985 1.0336401774501301e-15 1.3348369271191596e-15
3200.3322081622455 8.622652939761168e-16 1.336134514113768e-15
3200.721659636206 4.372948364917689e-16 1.3181115658978193e-15
3201.1111117478663 -2.6621298993582527e-16 1.3123490975075572e-15
3201.5005644972275 3.915926575394217e-16 1.321652309560119e-15
3201.890017884288 6.813782043757424e-16 1.3398671625664236e-15
3202.279471909049 -5.834052885270078e-16 1.3154161014284816e-15
3202.6689265715095 1.0207529835493088e-15 1.3666404060759552e-15
3203.0583818716705 -7.719716334653747e-16 1.3277984188480241e-15
3203.447837809532 1.8553294630614455e-15 1.3808245573488692e-15
3203.8372943850927 1.853951401057196e-15 1.3858182091491163e-15
3204.2267515983535 2.447912020687498e-16 1.3603877428890889e-15
3204.6162094493147 -1.4516306568066281e-15 1.286508907281311e-15
3205.0056679379763 -1.0349280512547592e-15 1.3190635860099815e-15
3205.395127064338 6.947638841317684e-16 1.3785792348796217e-15
3205.7845868283994 -2.197944226743828e-16 1.3668487785725682e-15
3206.1740472301612 3.6924215877864065e-16 1.3606147822763325e-15
3206.5635082696226 -8.900898520811928e-16 1.336897439634437e-15
3206.952969946785 1.542048392869861e-15 1.394149273117556e-15
3207.3424322616465 8.7054435182352e-16 1.404753526848587e-15
3207.731895214208 9.143788107459988e-17 1.356413730870887e-15
3208.12135880447 2.2129099138982314e-16 1.3920419000290826e-15
3208.5108230324327 2.537929711797119e-17 1.368364993359988e-15
3208.9002878980946 -8.152039654049742e-16 1.3512623001359246e-15
3209.2897534014573 6.477655613751488e-16 1.418732645994983e-15
3209.679219542519 1.1056011636456917e-15 1.407796315704888e-15
3210.0686863212813 -7.309743672357216e-16 1.3697693216732082e-15
3210.4581537377444 1.0725509070260726e-15 1.4431898222836795e-15
3210.847621791907 1.0609649639948296e-16 1.3894128907802561e-15
3211.2370904837694 -1.893660360891885e-15 1.3389451989143748e-15
3211.6265598133323 -8.712852271244901e-16 1.354065485769743e-15
3212.0160297805955 1.04449426959534e-16 1.4117468776655272e-15
3212.405500385558 -1.478072507984771e-15 1.3720383784541655e-15
3212.794971628221 2.824611992075944e-17 1.4168041893047261e-15
3213.184443508584 -1.2798554372789053e-15 1.372456650708817e-15
3213.573916026647 3.1448545254818297e-16 1.4417291953705998e-15
3213.963389182411 -6.548676020584367e-16 1.3862797125070762e-15
3214.352862975874 7.135081432750205e-16 1.4449912927078116e-15
3214.7423374070377 -1.5670261633813872e-16 1.431435518914987e-15
3215.131812475901 3.802205499407088e-16 1.4430032025147385e-15
3215.5212881824646 -6.167767568313064e-16 1.4008113004961509e-15
3215.910764526728 -7.787538510739756e-16 1.417346071455016e-15
3216.300241508692 -4.77083281012776e-16 1.4206855726723754e-15
3216.6897191283556 -1.862369403131171e-15 1.3886857876780442e-15
3217.0791973857195 1.1564338022974776e-15 1.476759546978582e-15
3217.4686762807833 6.384126296493533e-16 1.4691207899686195e-15
3217.8581558135475 -4.726843141371414e-17 1.4431326650794844e-15
3218.2476359840116 -4.2807535554014627e-16 1.4351921732339636e-15
3218.637116792176 -1.3889558889623477e-15 1.3826865351790184e-15
3219.02659823804 2.1592083225575586e-16 1.4459818671891185e-15
3219.416080321605 -2.21902972595441e-15 1.4100572245115549e-15
3219.8055630428694 -7.557404926452179e-16 1.4290547845747282e-15
3220.1950464018337 1.1184379769677856e-15 1.5026771384568631e-15
3220.5845303984984 -1.2520725137628302e-15 1.4236480393297076e-15
3220.9740150328635 3.6933806766617725e-16 1.4681774388992574e-15
3221.363500304928 5.444530016120756e-16 1.461116605065989e-15
3221.752986214693 -6.572954799687866e-16 1.4687103411562669e-15
3222.142472762158 -3.775825744218856e-16 1.4383374687303026e-15
3222.531959947323 -8.904862941940266e-16 1.427392297851452e-15
3222.9214477701885 -2.164439771328599e-16 1.4594200428147426e-15
3223.3109362307537 -2.6575248657132144e-15 1.4026716462496098e-15
3223.700425329019 -8.89537046283752e-16 1.439387603741176e-15
3224.0899150649843 -1.6789105118375002e-15 1.4026623498146952e-15
3224.47940543865 2.989110423187633e-16 1.4860013159403516e-15
3224.868896450015 -2.7879516686969027e-16 1.462372080559624e-15
3225.258388099081 1.6664354027505063e-15 1.5086350739446423e-15
3225.6478803858463 1.3471520140712506e-15 1.511633517757724e-15
3226.0373733103124 2.5979858431777114e-15 1.5596061602584892e-15
3226.4268668724785 -5.314789073617126e-16 1.4617813840484961e-15
3226.8163610723445 -1.247382200261409e-15 1.450001613572688e-15
3227.2058559099105 -5.308843228288968e-16 1.4714595609660447e-15
3227.5953513851764 7.890954564026152e-16 1.4968581715139867e-15
3227.9848474981427 -2.380427696035835e-16 1.4846776361224567e-15
3228.374344248809 5.879870949829566e-16 1.4931398407189188e-15
3228.763841637175 -5.723186061832817e-16 1.4727519576410852e-15
3229.1533396632417 8.381363397418974e-17 1.5006519258895804e-15
3229.542838327008 -1.0196456823404605e-15 1.450973045679062e-15
3229.9323376284747 1.5801545512452444e-15 1.5207876339695442e-15
3230.3218375676415 3.4085534640009867e-16 1.4954769851777843e-15
3230.7113381445083 -3.24725748577627e-17 1.4917902419932753e-15
3231.1008393590755 -9.226020913697829e-17 1.4733691341947066e-15
3231.490341211342 -2.3916655489336372e-15 1.4347579022223271e-15
3231.8798437013093 1.5346603275945757e-16 1.4723197406830213e-15
3232.2693468289763 -6.343494765015494e-16 1.4729544887296123e-15
3232.6588505943437 -1.4003239063506939e-15 1.4299145739150707e-15
3233.0483549974106 1.0189544663756463e-15 1.5068834222687708e-15
3233.4378600381783 3.9590812938108255e-15 1.5966612843377777e-15
3233.8273657166455 8.160148766505859e-16 1.4986982133845584e-15
3234.216872032813 -7.606619502166386e-17 1.4842398471045482e-15
3234.6063789866807 -2.302157050541845e-15 1.4251226402931795e-15
3234.9958865782482 1.4106619354968837e-15 1.5089320363980762e-15
3235.385394807516 -4.901398599854157e-17 1.4964615475786496e-15
3235.774903674484 -1.1534011388687872e-15 1.4388140809192364e-15
3236.1644131791522 1.6119889967852188e-15 1.5169087528411104e-15
3236.55392332152 -4.071003659441034e-16 1.444171618084074e-15
3236.9434341015885 2.1868692535290597e-16 1.4913158861004774e-15
3237.332945519356 -2.122625701243133e-15 1.4037083002092333e-15
3237.7224575748246 -1.5361586140567854e-15 1.4341847794818583e-15
3238.111970267993 1.7309559867941507e-15 1.5184618580241944e-15
3238.501483598862 1.4711201985148207e-15 1.5048015715988858e-15
3238.89099756743 -3.0408816460634826e-16 1.4367207526406307e-15
3239.2805121736988 -1.2742868845989544e-15 1.4234915276558413e-15
3239.6700274176674 6.564071626162315e-16 1.4788360771357028e-15
3240.059543299336 -1.8800883507534127e-15 1.3994435681133357e-15
3240.449059818705 -1.2978708248893514e-15 1.4045936906110118e-15
3240.838576975774 8.275542881362836e-17 1.4530664014986312e-15
3241.2280947705426 -9.477774003582311e-17 1.4374806996326313e-15
3241.617613203012 -8.410332661237856e-18 1.438333883229672e-15
3242.007132273181 1.9994071618973832e-15 1.4982832940741664e-15
3242.39665198105 3.0972485830128703e-15 1.539625259781406e-15
3242.7861723266196 1.346328538358646e-16 1.4305567807615497e-15
3243.175693309889 7.263131891212551e-16 1.462857955921435e-15
3243.5652149308585 6.388504340569893e-16 1.4480105174597923e-15
3243.954737189528 -1.5804947361507951e-16 1.3957845795075231e-15
3244.344260085898 1.3693209016237749e-15 1.4923262075128606e-15
3244.7337836199677 1.9957356457551745e-16 1.4212330117219397e-15
3245.1233077917373 1.4630599497670117e-15 1.4475289677465153e-15
3245.5128326012073 -7.237678127428701e-16 1.3927313085908659e-15
3245.902358048377 1.8294610721243886e-16 1.4158858360268326e-15
3246.2918841332475 1.982487086294038e-15 1.4386914804548448e-15
3246.681410855818 1.6073594021555378e-15 1.4630565682802471e-15
3247.0709382160876 2.2344852828684594e-16 1.4050402365524528e-15
3247.460466214058 1.4055828782776906e-15 1.4085175268629275e-15
3247.8499948497283 -3.0083773361279356e-16 1.353584297560489e-15
3248.239524123099 -6.494647966236783e-16 1.3704795623547404e-15
3248.6290540341697 -1.1791125901448221e-15 1.314116310464258e-15
3249.01858458294 -1.1993464906559934e-15 1.3329939138553972e-15
3249.408115769411 1.5862907151681878e-15 1.4134585592760164e-15
3249.7976475935816 4.3476891852466845e-16 1.3658986925645146e-15
3250.1871800554527 -1.3527878037197668e-16 1.3405956295426793e-15
3250.5767131550233 2.245745691483724e-15 1.3903824046205211e-15
3250.9662468922947 -1.10908074411117e-15 1.310161942877273e-15
3251.3557812672657 -1.7143220307925416e-16 1.3262963362432676e-15
3251.745316279937 -3.1985009343895406e-16 1.310001273110859e-15
3252.1348519303083 -8.672089509432153e-17 1.334238086225259e-15
3252.5243882183795 1.2323543098456211e-15 1.3451236229565446e-15
3252.913925144151 7.111019824548652e-16 1.341475312163887e-15
3253.3034627076227 1.7117454197614381e-15 1.368354835286356e-15
3253.693000908794 -4.106738940773906e-16 1.2925168567234997e-15
3254.082539747666 -9.178875307948991e-17 1.3065656564958539e-15
3254.472079224238 -5.496737448711189e-17 1.2783551759270307e-15
3254.86161933851 1.852506091752031e-15 1.3407161760412013e-15
3255.2511600904813 4.508509773262968e-16 1.29888930117921e-15
3255.6407014801534 2.761121677869366e-16 1.3012106725472993e-15
3256.030243507526 1.157156472402746e-15 1.3164257621874258e-15
3256.419786172598 2.0098659943038133e-15 1.3372597923107134e-15
3256.8093294753703 1.0780929035297325e-16 1.2549203958111654e-15
3257.1988734158426 -1.066975482641745e-15 1.226077879300035e-15
3257.588417994015 -1.5338440462637727e-16 1.2389631970282653e-15
3257.9779632098875 1.9228368803106046e-15 1.308570134699253e-15
3258.36750906346 -9.453290301022022e-16 1.2220470128980217e-15
3258.757055554733 -7.971703716027398e-16 1.2040763732668277e-15
3259.146602683706 8.501418073616741e-16 1.2785259671387794e-15
3259.5361504503785 1.003583609340608e-15 1.2606769760592496e-15
3259.9256988547518 8.737048249002106e-16 1.2533531026814624e-15
3260.315247896825 -8.677017958759464e-16 1.1984772977540343e-15
3260.7047975765977 -4.4156338988347637e-16 1.1968627483911418e-15
3261.0943478940712 6.700365753714599e-16 1.2480380611431167e-15
3261.4838988492443 -2.8140391917658125e-16 1.17293618425535e-15
3261.8734504421177 2.225921234106298e-16 1.2275675912370885e-15
3262.263002672691 -1.8726060795923887e-15 1.1393793611962976e-15
3262.652555540965 -1.274580555160993e-16 1.1912378910258949e-15
3263.042109046938 3.7775589369620195e-16 1.2008088612115273e-15
3263.431663190612 -1.358036721712768e-15 1.1503342644456642e-15
3263.821217971986 1.6166631169723555e-15 1.2184442949376407e-15
3264.21077339106 -5.748445020279155e-16 1.1659674939989293e-15
3264.6003294478337 -1.95044375746194e-16 1.1758139784759647e-15
3264.989886142307 1.3155567091720359e-15 1.2071020381021261e-15
3265.3794434744814 3.030513030836632e-16 1.165592527889061e-15
3265.769001444356 3.0777487421845063e-16 1.1732499415692886e-15
3266.15856005193 6.565071957650408e-16 1.1736434163256031e-15
3266.5481192972043 6.964881971494606e-16 1.1770709633097807e-15
3266.937679180179 -8.091374175157283e-17 1.147952262943635e-15
3267.3272397008536 1.7103881499459744e-15 1.1986551867607238e-15
3267.7168008592275 -9.415771885728527e-16 1.1063317911435354e-15
3268.1063626553023 5.089035008702624e-16 1.1521368236621625e-15
3268.4959250890774 4.2122708602362273e-16 1.1448285095834173e-15
3268.885488160552 1.3003374261878867e-15 1.1601046273410613e-15
3269.275051869727 1.341268322065229e-16 1.1437124087683682e-15
3269.664616216602 -7.567449788614622e-16 1.0992166078376435e-15
3270.054181201177 2.210557353022955e-17 1.1206052447903318e-15
3270.4437468234523 -1.2653471928415186e-16 1.1042489496429893e-15
3270.8333130834276 -1.8895503063081748e-16 1.1081446850059437e-15
3271.222879981103 5.493773816271046e-16 1.1072926620754706e-15
3271.6124475164784 -2.3527783656104366e-15 1.0251552616310848e-15
3272.002015689554 -1.1031575173660368e-16 1.117196846542827e-15
3272.39158450033 -3.4605427255954617e-16 1.0782872128014114e-15
3272.7811539488052 -2.7734136634974435e-16 1.0803035309222306e-15
3273.170724034981 6.350943083195005e-16 1.1212497009149172e-15
3273.560294758857 1.2034816909697549e-15 1.120426325557761e-15
3273.9498661204325 -6.504799540520065e-16 1.0657929920970936e-15
3274.3394381197086 6.010994891557659e-17 1.0759973335602667e-15
3274.7290107566846 -7.745061504805357e-16 1.051852135131838e-15
3275.118584031361 -3.1746003988842236e-17 1.0536143972766888e-15
3275.508157943737 4.3610337667260325e-16 1.0797470016465448e-15
3275.8977324938137 -4.9434854525942825e-16 1.0495710505796574e-15
3276.28730768159 4.888361369020584e-16 1.071799399719403e-15
3276.676883507066 1.110837399186243e-16 1.0586964386670547e-15
3277.0664599702427 2.395412647970915e-16 1.0594015618946557e-15
3277.456037071119 -4.695629143699117e-16 1.0396904587868221e-15
3277.845614809696 1.030948099242228e-17 1.0567366606334976e-15
3278.235193185973 -8.135414427177893e-16 1.0082585287101819e-15
3278.62477219995 -4.947707040377011e-16 1.020786473830332e-15
3279.0143518516265 3.123903365889954e-16 1.043821394680592e-15
3279.403932141004 -1.9629553877486743e-16 1.0106097342772777e-15
3279.793513068081 -6.284741871866129e-16 1.007411481849883e-15
3280.1830946328582 6.266632964130885e-16 1.0443953719069111e-15
3280.5726768353356 1.3432445974763656e-16 1.0280522600362415e-15
3280.962259675513 -3.0735169656455577e-17 1.005718440225416e-15
3281.3518431533903 -1.3699595977014894e-15 9.657923969710485e-16
3281.741427268968 1.6302407584738698e-16 9.975934306838155e-16
3282.1310120222456 -1.192045443886903e-15 9.74653729623561e-16
3282.520597413223 8.993966579757525e-16 1.0361947703264974e-15
3282.910183441901 1.0590434353144269e-15 1.0154465488313396e-15
3283.299770108279 -1.5381259320954531e-15 9.42698701879724e-16
3283.689357412357 1.8305609445039857e-15 1.0364549189756846e-15
3284.078945354135 -4.475961682042046e-16 9.752867468262334e-16
3284.468533933613 9.083573803444247e-16 1.0132764971342218e-15
3284.8581231507915 -1.0898432495351116e-15 9.488809021408549e-16
3285.2477130056695 5.610354130256991e-16 9.93814889466885e-16
3285.637303498248 -7.405702566882947e-16 9.49341564265526e-16
3286.0268946285264 -6.540586119498576e-16 9.462967282335608e-16
3286.4164863965048 5.401953437241842e-16 9.693498191981005e-16
3286.8060788021835 -2.811114971067851e-15 8.744194568306159e-16
3287.195671845562 1.0909124513961475e-15 9.920777533344229e-16
3287.5852655266413 9.084233154379488e-16 9.983994547729066e-16
3287.97485984542 -5.317741021518033e-17 9.41398848299334e-16
3288.3644548018992 -3.8232568903760225e-16 9.41788244955622e-16
3288.754050396078 1.0860107288099828e-15 9.746499602608388e-16
3289.143646627957 -3.19181074020877e-16 9.258813552594117e-16
3289.533243497536 6.966235661871493e-16 9.779922808508373e-16
3289.922841004816 -5.014183457427753e-18 9.478103791671639e-16
3290.312439149795 -7.325565635647874e-16 9.030712479177295e-16
3290.7020379324745 1.19184601798087e-16 9.401439877697295e-16
3291.091637352854 -1.691986595081261e-16 9.284121027661866e-16
3291.4812374109333 2.2678396536622294e-16 9.332641098987996e-16
3291.870838106713 7.371848290484805e-16 9.572079993235735e-16
3292.260439440193 4.830258566798969e-16 9.398094124893546e-16
3292.6500414113725 6.514816313919857e-16 9.283628287788443e-16
3293.0396440202526 -6.431840346408915e-16 8.960043073572505e-16
3293.4292472668326 -1.777879764946868e-16 9.063951848488446e-16
3293.8188511511125 5.215850051446226e-19 8.957484658116754e-16
3294.208455673093 -1.2517851890622276e-15 8.810708016851386e-16
3294.598060832773 1.237759600219997e-16 9.017314162765924e-16
3294.9876666301534 3.7162272107126455e-16 9.198298627045386e-16
3295.3772730652336 5.136749431558373e-16 9.233653797698515e-16
3295.766880138014 -2.0104516935079643e-16 8.914989628710255e-16
3296.156487848495 5.776716903873757e-16 9.052261826222139e-16
3296.546096196676 -2.8993486606225e-16 8.93135016569845e-16
3296.9357051825564 3.15871702618348e-16 8.98282072770897e-16
3297.3253148061376 4.781909506548567e-16 8.95042691431473e-16
3297.7149250674183 -5.606735773492556e-16 8.630078986399352e-16
3298.104535966399 7.865380191412846e-16 9.035664216542175e-16
3298.49414750308 1.6604420932869836e-16 8.892714402300678e-16
3298.8837596774615 -1.50386581325492e-16 8.807722573017733e-16
3299.273372489543 3.307583318491144e-16 8.740341363982331e-16
3299.662985939324 6.037742677412989e-16 8.860281160727599e-16
3300.0526000268055 1.1445455021422844e-15 9.001853136825157e-16
3300.4422147519867 7.4420199404541e-16 8.783863845105866e-16
3300.831830114869 -1.471594529052091e-16 8.575831699847844e-16
3301.2214461154504 5.720538287959021e-16 8.825845762650014e-16
3301.611062753732 2.0111111091641386e-15 9.089750888002243e-16
3302.0006800297137 1.6112065694900474e-16 8.659025583583388e-16
3302.390297943396 -1.7837355254034523e-16 8.432678827927913e-16
3302.7799164947774 -1.4381066827949983e-15 8.064661199255628e-16
3303.16953568386 7.865185678479392e-18 8.512690602760508e-16
3303.5591555106416 -4.1686670976861843e-16 8.254517622878102e-16
3303.9487759751237 4.2707405372210994e-16 8.671504789788296e-16
3304.3383970773066 1.2009893965053374e-16 8.380632685331221e-16
3304.728018817189 5.660861553894679e-16 8.466226928855616e-16
3305.1176411947713 5.125220359510408e-16 8.521899270191632e-16
3305.5072642100536 -1.5834539481028816e-16 8.325754993533499e-16
3305.8968878630367 5.322826893847007e-16 8.369547031688902e-16
3306.286512153719 -2.5036371184386584e-16 8.278502176572262e-16
3306.676137082102 -2.859400750972675e-16 8.053602179496798e-16
3307.065762648185 -1.008026889838608e-15 7.921358541718601e-16
3307.4553888519677 -2.1815972248973153e-16 8.131813596122814e-16
3307.845015693451 -1.7302577790835372e-16 8.029202270652705e-16
3308.2346431726337 -2.6681124623054547e-16 8.084446554954716e-16
3308.6242712895173 -1.405879144514034e-16 8.086197112519628e-16
3309.013900044101 7.459274852864216e-16 8.490873066166082e-16
3309.403529436384 -3.4121151541976e-17 8.025234436883774e-16
3309.7931594663673 -1.1359318608434098e-15 7.6799302487721235e-16
3310.182790134051 -1.151815061015607e-15 7.648477978579292e-16
3310.5724214394345 -1.1760264917574513e-15 7.544734542422038e-16
3310.962053382518 4.97885604674494e-16 8.198430304876686e-16
3311.351685963302 5.351888981146312e-16 8.001692337154452e-16
3311.741319181786 -7.264693366115599e-17 7.953786556273763e-16
3312.13095303797 -1.8605411880004108e-16 7.883649272829424e-16
3312.520587531854 -1.0069504431291326e-15 7.590775353459216e-16
3312.9102226634377 -7.705559209118193e-17 7.790116280248581e-16
3313.2998584327224 3.4709874961906414e-16 7.972347639552716e-16
3313.6894948397066 -7.069825075149748e-16 7.486489329336228e-16
3314.079131884391 2.67231889554022e-16 7.922448733126131e-16
3314.4687695667753 -3.2359150973021403e-16 7.68000320357404e-16
3314.8584078868603 -8.359843828223572e-16 7.586247565876177e-16
3315.2480468446443 -2.7104505570047026e-17 7.656695581517611e-16
3315.6376864401295 8.78589815968509e-16 7.962621746503779e-16
3316.027326673314 2.043815278186443e-16 7.782164103327653e-16
3316.4169675441985 -9.432723756618825e-16 7.44449741498641e-16
3316.806609052784 -1.0926037075998068e-15 7.309898751826806e-16
3317.196251199069 -1.559018438745835e-15 7.232379673154576e-16
3317.5858939830537 -5.809832343723961e-16 7.438543139140572e-16
3317.975537404739 -6.46357383063596e-16 7.37134066242262e-16
3318.3651814641244 1.643450453321415e-16 7.647405573175046e-16
3318.75482616121 -3.7697520802267886e-16 7.371515632181517e-16
3319.1444714959953 -2.296787380558206e-16 7.555679375191083e-16
3319.5341174684804 -6.931602684941051e-16 7.325173502163637e-16
3319.923764078666 3.8216795767340487e-16 7.633083749458464e-16
3320.313411326552 6.970924283899636e-16 7.719787938851658e-16
3320.7030592121378 -6.636039800517718e-16 7.290776400305445e-16
3321.0927077354236 2.396148414431639e-17 7.355284973410346e-16
3321.48235689641 5.547499491973841e-17 7.582539648332276e-16
3321.8720066950955 7.480181271206015e-16 7.718704265764323e-16
3322.2616571314816 -1.2303679984323627e-15 6.868047729597651e-16
3322.6513082055676 5.429749069527975e-16 7.559240276929704e-16
3323.040959917354 -4.944247952609316e-16 7.272182386816927e-16
3323.4306122668404 -4.1068933188515914e-17 7.289028149795122e-16
3323.8202652540267 -1.1701781140722871e-15 7.01494571207111e-16
3324.2099188789134 4.029074095025699e-16 7.425273675503435e-16
3324.5995731414996 4.442498297344624e-16 7.32809302652759e-16
3324.9892280417866 -1.124418962678436e-16 7.314014158065573e-16
3325.378883579773 -5.445164674727798e-16 7.056122066150872e-16
3325.76853975546 -6.943739064814346e-16 6.999059612133323e-16
3326.158196568847 6.881226353742352e-17 7.256634596829234e-16
3326.547854019934 7.742622977244446e-16 7.484069540562709e-16
3326.937512108721 4.6372102929889966e-17 7.165894294814302e-16
3327.3271708352086 4.579791799664588e-16 7.247129945213844e-16
3327.716830199395 7.626863415967817e-16 7.45869968374029e-16
3328.106490201283 -8.573339023323451e-16 6.786344871416386e-16
3328.49615084087 3.5844976941699055e-16 7.242453641772967e-16
3328.8858121181574 -1.4067828801225815e-15 6.723310336499224e-16
3329.2754740331457 1.640813823827757e-16 7.037873393231731e-16
3329.665136585833 5.932619601591649e-16 7.270694707253074e-16
3330.054799776221 -1.2283611396973282e-16 6.981148334480573e-16
3330.444463604308 2.692364877389608e-16 7.20110630844746e-16
3330.8341280700965 3.8000645071350904e-16 7.131071808807394e-16
3331.223793173584 3.915031749258048e-16 7.122911525219382e-16
3331.6134589147723 -9.565547656398053e-17 6.910369495869957e-16
3332.0031252936606 -5.547093039984548e-16 6.78802339923679e-16
3332.3927923102488 6.718215311177153e-16 7.144332334671241e-16
3332.782459964537 -3.5451864872131143e-16 6.788724999493869e-16
3333.1721282565254 2.394593770374836e-16 7.001543934841549e-16
3333.561797186214 6.159382378197074e-17 6.848582180710764e-16
3333.9514667536027 -5.470849509727844e-16 6.756537069042319e-16
3334.341136958691 -1.243740655368859e-15 6.423215383035288e-16
3334.73080780148 1.879105047841114e-16 6.923374733109527e-16
3335.1204792819685 -1.893351598208583e-17 6.883866232610722e-16
3335.5101514001576 1.1000029898923733e-15 7.168400119015598e-16
3335.8998241560466 -1.63639806652555e-16 6.704354335294207e-16
3336.2894975496356 2.2098574879235995e-16 6.768251221075989e-16
3336.679171580925 -2.4183390088912425e-17 6.759854983707282e-16
3337.0688462499143 4.1064525963989155e-16 6.890639113872771e-16
3337.458521556603 1.2934072600885204e-17 6.820264712923361e-16
3337.8481975009922 1.0372620843665301e-16 6.749916995677127e-16
3338.2378740830823 -4.0207795008002914e-16 6.56912276097462e-16
3338.627551302872 -2.5593165656705853e-16 6.58550176731507e-16
3339.0172291603612 4.464860473807959e-17 6.706931062181091e-16
3339.406907655551 -5.803855582777468e-16 6.508785221142315e-16
3339.796586788441 7.442517045273215e-17 6.707713453512458e-16
3340.1862665590306 -3.3175119821549566e-16 6.463210107222184e-16
3340.5759469673208 -5.109360186422948e-16 6.520020935788567e-16
3340.9656280133104 -1.6805214788799694e-18 6.577121329360973e-16
3341.355309697001 -5.729644523271547e-16 6.515520221797334e-16
3341.7449920183913 -2.99500769973315e-16 6.543845724408569e-16
3342.134674977481 -4.689597928973652e-16 6.414390963060325e-16
3342.524358574272 -1.3729259820302735e-16 6.526178056501682e-16
3342.9140428087617 1.008026120652341e-15 6.937788460567013e-16
3343.3037276809523 -4.485382949442155e-16 6.367074866168909e-16
3343.6934131908433 -7.673719307811831e-16 6.234911587243589e-16
3344.083099338434 1.625841827605059e-16 6.673595651711655e-16
3344.4727861237243 4.0330415045586823e-16 6.57702344756954e-16
3344.862473546715 -1.032009392029208e-15 6.171228218915933e-16
3345.2521616074064 -5.439003871845291e-16 6.280702728808559e-16
3345.641850305797 -7.202083177400622e-16 6.186389514358698e-16
3346.0315396418887 2.510269948393057e-16 6.463811543096743e-16
3346.4212296156797 -4.971528681857968e-16 6.354172934303893e-16
3346.8109202271708 1.7278768961053904e-16 6.4753375019011805e-16
3347.2006114763626 1.0664822385549877e-16 6.38331962901014e-16
3347.590303363254 -2.491744074044751e-16 6.263959064438088e-16
3347.9799958878452 -6.856719680746092e-16 6.197056407088759e-16
3348.369689050137 -4.24157530854865e-16 6.244012299064264e-16
3348.7593828501285 -3.65102835318412e-16 6.257668199617094e-16
3349.1490772878205 -4.818996733844015e-16 6.204474004217828e-16
3349.538772363212 -1.485541125833028e-15 5.855918846629401e-16
3349.928468076304 -3.5899827109127875e-16 6.143470038947722e-16
3350.318164427096 1.415143499142813e-16 6.348327388385074e-16
3350.7078614155885 -4.411451809722543e-16 6.158821713246121e-16
3351.09755904178 -4.0544204182408526e-16 6.134371813060784e-16
3351.4872573056728 4.2693833719835477e-16 6.4746315010882405e-16
3351.876956207265 -7.655280881476718e-16 6.075898119899142e-16
3352.2666557465573 2.444985385666718e-16 6.246225674981915e-16
3352.6563559235497 1.4703392746895729e-15 6.738092064738209e-16
3353.0460567382424 1.8742209354673245e-16 6.297958532252488e-16
3353.435758190635 -2.6910024768608847e-16 6.108735246431977e-16
3353.8254602807274 -4.408829361021567e-16 6.128054648101589e-16
3354.215163008521 -4.921653700324107e-16 6.030986157240907e-16
3354.604866374014 1.8607486108091878e-16 6.1766048258327085e-16
3354.994570377207 -2.6337025384944975e-16 6.126062947691229e-16
3355.3842750180993 5.85511519817688e-17 6.21219686326577e-16
3355.7739802966926 -1.0867175467502671e-16 6.04243431180068e-16
3356.1636862129862 -3.0639170065571925e-16 6.069579238570933e-16
3356.5533927669794 1.9615564931039487e-16 6.097403342653044e-16
3356.9430999586725 -4.022869897761084e-16 6.064217177837281e-16
3357.332807788066 2.952827609951174e-16 6.226508417385474e-16
3357.7225162551595 9.495933817564843e-16 6.301597142139178e-16
3358.1122253599533 6.246909726898073e-17 6.150227573654145e-16
3358.501935102447 -2.3789096810705596e-16 5.896314528569826e-16
3358.8916454826413 1.0467561812218197e-15 6.409291092769077e-16
3359.281356500535 -1.313272669833187e-15 5.643021703700549e-16
3359.671068156129 -5.508062314778504e-16 5.876950047314855e-16
3360.060780449423 -5.007997111263406e-16 5.904010292380259e-16
3360.450493380417 2.1637646751285727e-17 6.023054235065929e-16
3360.8402069491112 4.1404062216383393e-16 6.114289283640788e-16
3361.2299211555055 -2.664224829988909e-16 5.851065939084921e-16
3361.6196359996 3.6906657955633587e-16 6.145748912987319e-16
3362.009351481395 3.8650673541987145e-16 6.141104694753827e-16
3362.399067600889 5.936629085729235e-16 6.138639471649831e-16
3362.788784358084 6.69984144865999e-16 6.154045512850469e-16
3363.1785017529783 5.987503917258292e-16 6.112544478666837e-16
3363.568219785573 -2.557252994459714e-16 5.788183244233991e-16
3363.957938455868 6.292448049974548e-17 5.976697170033723e-16
3364.347657763863 -1.0615289639902838e-16 5.963890958522458e-16
3364.737377709558 2.091700535420468e-16 5.952783411473794e-16
3365.127098292953 7.875029032901613e-16 6.104288813112495e-16
3365.5168195140486 -4.1616415103537825e-17 5.867624498589904e-16
3365.9065413728435 1.2994532796502155e-16 5.88196549238237e-16
3366.2962638693393 3.0772369914312176e-16 5.953604596564379e-16
3366.6859870035346 4.58391831653526e-16 5.995086751215771e-16
3367.0757107754303 -7.646067025522337e-17 5.884384075961314e-16
3367.465435185026 3.825900171109516e-16 5.886476185404478e-16
3367.855160232321 3.3172641753236284e-17 5.903202002381129e-16
3368.244885917317 1.0731954697829287e-16 5.865824714261834e-16
3368.634612240013 -4.0466573241289536e-16 5.574181971022863e-16
3369.024339200409 -5.074797361043833e-16 5.740351851578279e-16
3369.414066798505 8.701490130795044e-16 6.075610886195221e-16
3369.803795034301 -1.868380143581707e-16 5.717759481110625e-16
3370.193523907797 -2.819522430590785e-16 5.7293591140080885e-16
3370.5832534189935 -3.9654700033491105e-16 5.651751643415237e-16
3370.97298356789 2.5433512840544897e-16 5.77632173797381e-16
3371.3627143544863 -2.802064234414287e-16 5.774229490062691e-16
3371.7524457787827 1.622350405730583e-16 5.849353647484406e-16
3372.1421778407794 2.1136759357506e-16 5.743522244616409e-16
3372.531910540476 -3.2449245883474005e-16 5.653499467938292e-16
3372.921643877873 -3.049000279048492e-16 5.669992265695746e-16
3373.3113778529696 -1.107009131642397e-15 5.300298506138313e-16
3373.7011124657665 -5.3341146873748704e-17 5.715205276258138e-16
3374.090847716264 2.2820076798753172e-17 5.690596636855463e-16
3374.480583604461 -1.2048412826117946e-16 5.626099104441496e-16
3374.870320130358 7.932142304730676e-16 5.966982328421292e-16
3375.260057293955 -2.893023772918087e-17 5.640871717494154e-16
3375.6497950952526 9.29243711516874e-16 5.982909901968597e-16
3376.03953353425 -9.429936592449241e-17 5.635889754848257e-16
3376.4292726109475 -7.10905755599476e-16 5.431387180975532e-16
3376.8190123253453 8.320017606837199e-17 5.763004641031512e-16
3377.208752677443 2.8462917543736165e-17 5.618586417458217e-16
3377.5984936672403 -5.687464141837891e-16 5.445201991551552e-16
3377.9882352947384 5.329841804477411e-16 5.879606398046763e-16
3378.3779775599364 3.667328711289259e-16 5.818247796304728e-16
3378.7677204628344 1.3336420705443568e-16 5.737993065417002e-16
3379.157464003433 9.72796830287095e-17 5.653201861257067e-16
3379.5472081817306 2.7981837346693065e-16 5.727094491658309e-16
3379.936952997729 -5.288152767763374e-16 5.479111890576803e-16
3380.326698451427 7.920667880468432e-16 5.872764840723853e-16
3380.7164445428257 -4.958622666258675e-16 5.488354464487197e-16
3381.106191271924 6.915077936270265e-17 5.608915596555451e-16
3381.4959386387227 -4.3534021975321123e-16 5.444135586649577e-16
3381.885686643221 -2.117160296588703e-16 5.591867663101912e-16
3382.2754352854204 -2.2674631189929806e-17 5.591437854042266e-16
3382.665184565319 4.803763840990505e-17 5.579422182160183e-16
3383.054934482918 9.152789058624322e-16 5.843822616227412e-16
3383.444685038217 2.8979678048193503e-16 5.662289590284518e-16
3383.834436231216 -2.8957256465051383e-16 5.565334052785375e-16
3384.224188061915 4.535279453838957e-16 5.696840755980006e-16
3384.6139405303143 -2.40306813167873e-16 5.545824582161011e-16
3385.0036936364136 -1.0036042306277955e-16 5.523952819379755e-16
3385.393447380213 -6.694086424492513e-16 5.329761913942511e-16
3385.7832017617125 2.770474555925719e-17 5.646450664297408e-16
3386.172956780912 -7.741066306277686e-17 5.469281764281505e-16
3386.5627124378116 -2.7183863439880264e-16 5.487197940240674e-16
3386.9524687324115 -3.6019150658149105e-16 5.458303716858511e-16
3387.342225664711 7.904783936748244e-16 5.782967862845539e-16
3387.731983234711 -1.124085749265836e-15 5.160908653075055e-16
3388.1217414424113 -1.699914114959589e-17 5.551411179995497e-16
3388.511500287811 -8.55606767220058e-16 5.267176901159565e-16
3388.901259770911 -1.5788730674435525e-16 5.449859048188705e-16
3389.2910198917116 6.16929263298668e-16 5.743878955725242e-16
3389.680780650212 -4.960696765827782e-16 5.34277831167284e-16
3390.070542046412 -5.466451855280411e-17 5.426522775515421e-16
3390.4603040803127 -6.974510187265149e-16 5.327540956054272e-16
3390.850066751913 -3.405855269232132e-16 5.378010649733732e-16
3391.239830061214 -3.603931273658291e-16 5.374138702075768e-16
3391.6295940082146 -7.404702729354764e-17 5.488291647083248e-16
3392.0193585929155 -1.2342938662042538e-15 5.078752426093785e-16
3392.4091238153164 2.9207171089158752e-16 5.529406575306311e-16
3392.7988896754173 4.0209638698705565e-16 5.607686351168639e-16
3393.188656173218 1.3917053561986106e-15 5.836192332417812e-16
3393.5784233087193 2.4106632242729036e-16 5.500925297552562e-16
3393.9681910819204 4.542512631136354e-17 5.494326241731335e-16
3394.3579594928215 -8.771972358056675e-16 5.196800417056447e-16
3394.7477285414234 -7.934908252772387e-16 5.207870221374091e-16
3395.137498227725 4.614534123358883e-16 5.537398754636326e-16
3395.5272685517266 -1.068319590342677e-16 5.367338709313998e-16
3395.917039513428 8.405932864518797e-16 5.654370264946216e-16
3396.3068111128296 -3.147451279137916e-17 5.487759154945194e-16
3396.696583349931 6.97413888420914e-18 5.43215362985576e-16
3397.086356224733 -6.200972979381588e-16 5.148169924540545e-16
3397.476129737235 -9.048745426458062e-16 5.05378799470995e-16
3397.865903887437 -3.4183736117489505e-16 5.329343893991139e-16
3398.255678675339 8.442124746884825e-17 5.372563201596278e-16
3398.645454100941 -3.481283671918674e-16 5.249132468778462e-16
3399.035230164244 2.6547122461842806e-16 5.477054005696751e-16
3399.4250068652464 -4.845196271403831e-16 5.15814437336603e-16
3399.8147842039484 5.732975075576832e-16 5.506305462599787e-16
3400.2045621803513 9.946351152901266e-17 5.331116273082926e-16
3400.5943407944537 6.316380523955762e-16 5.488820721070862e-16
3400.984120046256 5.663025613181407e-16 5.473583101586592e-16
3401.373899935759 -2.6975427815525845e-16 5.292632737605531e-16
3401.763680462962 -6.921023634381964e-16 5.132830845062131e-16
3402.153461627865 -1.165730984256247e-15 4.915118156460907e-16
3402.5432434304676 -2.2864135932568846e-16 5.251532944842752e-16
3402.933025870771 4.2582810706863296e-16 5.411924472095599e-16
3403.322808948774 -1.1753088047605144e-15 4.951536618514031e-16
3403.7125926644776 3.518669123428532e-16 5.43699030215974e-16
3404.102377017881 3.654240758438786e-16 5.278879849028203e-16
3404.492162008984 9.173426320507372e-16 5.568823215474505e-16
3404.8819476377876 -5.100110052802221e-16 5.155472796356332e-16
3405.271733904291 5.9468633329544e-16 5.4630470038388315e-16
3405.661520808495 2.9732990600482835e-16 5.340743265406427e-16
3406.051308350399 -7.39730528070812e-17 5.278980611834978e-16
3406.4410965300026 -6.827992350970729e-16 4.969066071479919e-16
3406.8308853473063 -2.244752800980901e-16 5.176137806551912e-16
3407.2206748023104 1.3028318476582599e-16 5.298664623004263e-16
3407.6104648950145 7.57637516457919e-16 5.382317634983802e-16
3408.0002556254185 4.40788663081701e-16 5.393244468897591e-16
3408.390046993523 -3.316551342446021e-16 5.113639949929239e-16
3408.7798389993272 1.1859853308501566e-15 5.600825405229216e-16
3409.1696316428315 3.156787698353566e-16 5.347049563072146e-16
3409.559424924036 3.637881526406443e-16 5.292973912913333e-16
3409.949218842941 8.789920171098512e-18 5.266649842953482e-16
3410.3390133995454 -6.053096943931676e-17 5.187034077305743e-16
3410.72880859385 2.7366727205235286e-16 5.288691184198678e-16
3411.1186044258548 -5.151153934520735e-16 4.997418890104516e-16
3411.5084008955596 -4.263680230512541e-16 5.065783348649957e-16
3411.898198002965 1.2487980004418854e-17 5.205229418760936e-16
3412.2879957480695 -5.568861882455524e-16 5.070290063749e-16
3412.677794130875 5.782414639448364e-17 5.200533849619381e-16
3413.06759315138 -4.122347000290126e-16 5.078325664076413e-16
3413.4573928095856 3.079664138478584e-16 5.242513383808378e-16
3413.847193105491 1.0482068618564466e-15 5.463692288258728e-16
3414.2369940390963 -5.357900656226867e-16 5.046907097562592e-16
3414.626795610402 -3.938240003907536e-16 5.070780660239004e-16
3415.0165978194073 -4.904965551057346e-16 5.035132409327901e-16
3415.4064006661133 8.474944722399606e-17 5.172383961649129e-16
3415.796204150519 -7.561086175577797e-17 5.126905217344886e-16
3416.1860082726253 2.876385292865496e-16 5.264916289652637e-16
3416.575813032431 -1.1088662625306607e-15 4.794354524619746e-16
3416.965618429937 -3.7713968419397694e-16 5.123504947164014e-16
3417.355424465143 7.973671482927613e-16 5.394845796660869e-16
3417.74523113805 4.3640156900678844e-16 5.281712816731393e-16
3418.1350384486555 4.0649007501306927e-16 5.248660611369366e-16
3418.5248463969624 2.260078551189757e-16 5.134305940038761e-16
3418.9146549829684 -6.14199922851662e-16 4.991972890898066e-16
3419.3044642066748 -1.803782873210961e-17 5.132663449462612e-16
3419.694274068082 -4.860710699593486e-16 4.988204333995847e-16
3420.0840845671887 -1.2598458502337384e-16 5.141890175843483e-16
3420.4738957039954 2.516118035880096e-16 5.177278632541048e-16
3420.863707478502 -7.304175515581307e-17 5.119571121810932e-16
3421.253519890709 6.638756185949501e-16 5.409742411184043e-16
3421.6433329406163 1.540315286400604e-16 5.143125461324955e-16
3422.033146628223 -9.484980733423135e-17 5.048544789443805e-16
3422.4229609535305 -8.188628708124537e-16 4.872292419447462e-16
3422.8127759165377 1.5420402294464646e-17 5.138018500145354e-16
3423.202591517245 -1.6141454839964682e-16 5.067278057333619e-16
3423.5924077556524 1.6719735275715467e-17 5.167922639558663e-16
3423.98222463176 6.850726998018967e-16 5.303992811202186e-16
3424.372042145568 2.701156642280603e-16 5.189632063942451e-16
3424.761860297075 -9.384631484453704e-16 4.800211868343754e-16
3425.1516790862834 2.0842081213122172e-16 5.099913396498126e-16
3425.541498513191 1.3610178460797425e-16 5.127551070573424e-16
3425.9313185777987 2.4347824990349754e-16 5.180492303806755e-16
3426.3211392801068 -2.954467662054266e-16 4.992281741514681e-16
3426.710960620115 -4.544875438728036e-16 4.977251325071373e-16
3427.100782597823 3.3926719662417063e-16 5.126188722396349e-16
3427.490605213232 -4.56513783600934e-16 4.943512098708078e-16
3427.8804284663397 -2.0305097281048193e-16 5.036824268839439e-16
3428.270252357148 -1.140108623243184e-15 4.706405602152299e-16
3428.660076885657 -1.7166085594776733e-16 5.064775601413844e-16
3429.0499020518655 1.5170906652567274e-17 5.029997994313593e-16
3429.439727855774 2.027702721486761e-16 5.091658704592816e-16
3429.829554297383 1.6265717836910244e-16 5.166291265337837e-16
3430.2193813766917 -5.964911096770914e-17 5.03240023496842e-16
3430.6092090937004 1.5733459563549865e-16 5.045701084431729e-16
3430.9990374484096 3.2510994408123676e-16 5.20982021517242e-16
3431.3888664408187 9.945910170221742e-17 5.077238984812013e-16
3431.7786960709277 -3.2093425761792967e-16 4.921033980022484e-16
3432.168526338737 -6.573676201393593e-16 4.86915338622822e-16
3432.5583572442465 6.049157208137826e-16 5.154852278042685e-16
3432.9481887874563 4.5585302758661057e-17 5.072142761695271e-16
3433.338020968365 -5.185241596160172e-16 4.837562563258593e-16
3433.727853786975 -6.886866286806509e-16 4.8795818933341e-16
3434.1176872432843 3.0822789523110165e-16 5.107692203194561e-16
3434.5075213372943 -1.912892929086455e-16 5.007754937176075e-16
3434.897356069004 -2.798105429834185e-16 4.960131996696409e-16
3435.287191438414 -4.325235959494865e-16 4.835468563810539e-16
3435.677027445524 2.1019263858546618e-16 5.076201625177037e-16
3436.066864090334 -3.932238404642987e-16 4.7997747818609365e-16
3436.4567013728442 1.851802112664061e-18 5.061691591153694e-16
3436.846539293055 2.3600523241389833e-16 5.085760781557245e-16
3437.236377850965 5.752786551239807e-16 5.162594962064627e-16
3437.6262170465757 -1.9461680340834057e-16 4.954045425472861e-16
3438.016056879886 1.204719820986181e-16 4.997522774843685e-16
3438.4058973508963 3.2545275481803197e-16 5.049373306666327e-16
3438.795738459607 8.356546960778743e-16 5.279103315361432e-16
3439.1855802060177 1.0840221783755352e-15 5.329974917358294e-16
3439.5754225901287 -3.083632045150084e-16 4.873731347202097e-16
3439.9652656119392 4.646791834082704e-16 5.071562194477561e-16
3440.3551092714506 7.165011198923477e-17 4.962891975587674e-16
3440.7449535686615 -6.252451355020182e-16 4.771399424888004e-16
3441.1347985035727 -3.7342473147346856e-17 4.958051397305869e-16
3441.524644076184 1.6831997244255012e-16 5.094132590197704e-16
3441.914490286495 -8.906597174640431e-16 4.641728047618418e-16
3442.3043371345066 -5.693022628726981e-17 4.904150274177672e-16
3442.694184620218 3.697453922964006e-16 5.058617415137434e-16
3443.0840327436295 5.484528866265952e-16 5.059412894239371e-16
3443.4738815047413 -9.398400294606817e-18 4.931695336046325e-16
3443.863730903553 8.851147013878762e-17 5.046358202069552e-16
3444.253580940065 -2.818993421420877e-16 4.841159569379779e-16
3444.643431614277 5.081986488222832e-17 4.948331222338171e-16
3445.033282926189 3.472766008324589e-16 5.054209225256949e-16
3445.4231348758008 -5.258373952640907e-16 4.756286434474462e-16
3445.8129874631127 2.676897484203173e-16 5.033726972041703e-16
3446.202840688125 3.1192713585187333e-16 5.075210007108302e-16
3446.5926945508377 -1.5054188805663735e-16 4.937189712829538e-16
3446.98254905125 9.021364285648898e-16 5.131249290399039e-16
3447.372404189362 3.6635046244533257e-16 5.059087159277322e-16
3447.7622599651745 -5.244570075694477e-16 4.759860902442025e-16
3448.152116378687 -2.22105137067639e-16 4.798173847404033e-16
3448.5419734299 4.848872421096617e-16 5.101416458823594e-16
3448.9318311188126 1.381832348382654e-16 5.000655457347231e-16
3449.321689445426 -2.540735979373965e-16 4.756698055269301e-16
3449.7115484097385 1.3364924400744276e-16 4.962332002603024e-16
3450.1014080117516 8.410691828610804e-16 5.121608115918305e-16
3450.4912682514646 3.812719562750019e-16 4.992253796239489e-16
3450.881129128878 9.822524597094608e-16 5.200833865081069e-16
3451.2709906439914 6.337921259139984e-17 4.901170586370473e-16
3451.6608527968046 -1.2631903713146797e-16 4.843251953818175e-16
3452.050715587318 1.5494580869851953e-16 4.907851313610072e-16
3452.440579015532 -5.573301925319078e-16 4.736668526693708e-16
3452.830443081445 2.3724755560001264e-17 4.847304516437617e-16
3453.220307785059 -1.493760435481432e-16 4.841321480429942e-16
3453.610173126373 4.3923881274177116e-16 5.02273453699954e-16
3454.0000391053863 -8.013718093301077e-16 4.604493626208559e-16
3454.3899057221006 3.438137723340267e-16 4.981456131877549e-16
3454.7797729765143 -1.254132677269091e-16 4.83571763425274e-16
3455.169640868629 -2.2234837875681216e-16 4.840820305726416e-16
3455.5595093984425 1.5949141190914296e-16 4.904186916359313e-16
3455.949378565957 3.4692730738137617e-16 4.984517333890856e-16
3456.3392483711714 9.496839919546397e-16 5.131851747242984e-16
3456.7291188140857 -1.514390510782789e-16 4.829113203263463e-16
3457.1189898947005 -3.26677205696193e-16 4.7349706544540895e-16
3457.508861613015 -1.2599572124898805e-16 4.831947906865686e-16
3457.8987339690298 3.911563163914901e-16 5.022066708340193e-16
3458.2886069627443 1.176138415231195e-16 4.864332739306826e-16
3458.6784805941593 3.541720137500161e-16 5.041541277140453e-16
3459.068354863274 -4.1032943421191904e-16 4.776160163413627e-16
3459.458229770089 -5.86120389957314e-16 4.68327904883982e-16
3459.8481053146043 1.9965995107507047e-16 4.937722379113193e-16
3460.237981496819 2.2494847783578063e-16 4.919811702717929e-16
3460.627858316735 -3.2668877406803215e-16 4.720097394643162e-16
3461.0177357743496 -4.3278308690728437e-16 4.655624618187105e-16
3461.4076138696655 2.1953656233981897e-16 4.957397392355411e-16
3461.797492602681 -4.667639239800299e-16 4.703730436097802e-16
3462.1873719733962 -5.440941205639492e-16 4.728341394958082e-16
3462.5772519818124 -1.1516096403499563e-17 4.80316742602731e-16
3462.9671326279276 5.781046077829028e-17 4.8940794001232e-16
3463.3570139117437 -6.183748226095587e-16 4.621542987159934e-16
3463.7468958332593 -1.9394715035686953e-16 4.749355394173313e-16
3464.1367783924757 -3.913531606841615e-16 4.800670609553279e-16
3464.5266615893916 1.823923886607368e-16 4.900887220917354e-16
3464.9165454240074 2.185828400089491e-16 4.868020351849314e-16
3465.306429896324 -5.296448788237197e-16 4.678230621679784e-16
3465.6963150063402 -4.473776434740601e-16 4.704208838322193e-16
3466.086200754057 -4.441732037860433e-16 4.707608439565571e-16
3466.4760871394733 -9.689679414004142e-18 4.857088246129176e-16
3466.8659741625897 -2.924424054532388e-16 4.732117121411873e-16
3467.2558618234066 3.1849311272565623e-16 4.909802165130312e-16
3467.6457501219234 -6.22285055514664e-16 4.654964666326043e-16
3468.0356390581396 -5.418993044334654e-16 4.675973354152832e-16
3468.4255286320567 5.831069996828264e-17 4.764542482880724e-16
3468.815418843674 -4.853006624092149e-16 4.709252319318398e-16
3469.2053096929912 -7.868270617508063e-17 4.795222861506273e-16
3469.595201180008 -1.0419047644086974e-15 4.469985720057683e-16
3469.9850933047255 -6.335254280978797e-16 4.692074340949753e-16
3470.374986067143 1.6372110434733704e-16 4.884174960511663e-16
3470.7648794672596 3.757091926106105e-16 4.889951803069068e-16
3471.1547735050776 -2.890634567839968e-16 4.783328951306306e-16
3471.544668180595 -4.20833559730102e-16 4.695256901888065e-16
3471.9345634938127 -1.2231082152790018e-16 4.717747857415612e-16
3472.32445944473 3.2877145726320323e-16 4.898691549551982e-16
3472.7143560333484 -2.9694687563834604e-16 4.681529872826025e-16
3473.1042532596657 9.357255762378763e-16 5.083200437363873e-16
3473.494151123684 4.57615900496902e-16 4.928380373959242e-16
3473.884049625402 -2.545514576532182e-16 4.755690445562534e-16
3474.27394876482 3.882675747307463e-16 4.884906252980201e-16
3474.663848541938 -4.90950277283872e-16 4.604746661336622e-16
3475.053748956757 5.983192794566285e-16 4.945152896692848e-16
3475.443650009275 -1.152886768817589e-16 4.767546508684004e-16
3475.8335516994935 4.750731112537387e-16 4.905582253577107e-16
3476.223454027412 1.3192446846522157e-16 4.851533485694983e-16
3476.6133569930307 -1.1599720825020684e-16 4.774216740893294e-16
3477.0032605963493 6.29969592193983e-16 4.924151390448042e-16
3477.393164837368 3.586448092077944e-16 4.929572974578338e-16
3477.783069716087 5.188232908413375e-16 4.903975560492833e-16
3478.1729752325064 4.705099076138165e-16 4.913452138617389e-16
3478.562881386625 -1.820455119410091e-16 4.779520468832005e-16
3478.9527881784443 3.061955062073554e-16 4.819024292763068e-16
3479.3426956079634 2.5195509235790234e-16 4.824118408659117e-16
3479.7326036751824 -2.2545254021039614e-16 4.724674531068815e-16
3480.122512380102 2.2955357483823697e-16 4.826164961166871e-16
3480.5124217227212 -3.2597030755820965e-16 4.6511034866956e-16
3480.902331703041 -3.3238629170152815e-17 4.788661685559466e-16
3481.2922423210603 6.446713095351073e-16 4.927675940894493e-16
3481.68215357678 -7.751710901580688e-17 4.754127278256443e-16
3482.0720654702 1.4249289378254248e-16 4.796457600441184e-16
3482.46197800132 -3.8704365054763597e-16 4.586524601376326e-16
3482.85189117014 -7.981378146866664e-17 4.768590913449212e-16
3483.2418049766593 -3.901187963743273e-16 4.580385961844148e-16
3483.6317194208796 -2.550617393886776e-16 4.669954146615334e-16
3484.0216345028 -8.903808804212357e-16 4.490251560699821e-16
3484.4115502224204 6.214736664178568e-17 4.771583817299811e-16
3484.8014665797405 4.771709499077938e-16 4.848558979135329e-16
3485.191383574761 -3.0658484951143542e-16 4.6248996429098e-16
3485.581301207482 8.633020829714673e-17 4.756732279303466e-16
3485.9712194779017 3.343182873587907e-16 4.754229102784054e-16
3486.3611383860225 5.0556185656668105e-17 4.720826353229275e-16
3486.7510579318437 -3.1567694124204433e-16 4.660041877772893e-16
3487.1409781153643 -3.450616146527062e-17 4.67371825615866e-16
3487.5308989365853 1.2164967768882525e-16 4.75276910501983e-16
3487.9208203955063 -1.573996622505973e-16 4.663784688711722e-16
3488.3107424921272 -1.3989636573012122e-16 4.623861479317495e-16
3488.7006652264486 -1.4674171267576965e-16 4.673552416139745e-16
3489.09058859847 6.778796926839444e-16 4.885543071996105e-16
3489.480512608191 4.676388337990874e-16 4.872764666769916e-16
3489.8704372556126 -1.9910612495129746e-16 4.632562511834354e-16
3490.260362540734 6.586904604013121e-16 4.860408155886708e-16
3490.650288463555 5.885385571365673e-17 4.741402679048241e-16
3491.0402150240775 -1.0582846522226912e-16 4.653756648523531e-16
3491.430142222299 -5.960388572542496e-16 4.497073130290644e-16
3491.8200700582206 5.845671422639977e-17 4.760684743109431e-16
3492.2099985318428 -2.839682943103896e-16 4.597552834238842e-16
3492.599927643165 -5.362379971297664e-16 4.547192605575189e-16
3492.9898573921864 -1.3133140748192636e-16 4.643378151739236e-16
3493.379787778909 1.115765227556797e-16 4.641054213168921e-16
3493.769718803331 -3.9814420168779476e-16 4.585444594944012e-16
3494.1596504654535 6.51657198064969e-16 4.893947248654309e-16
3494.549582765276 2.2807822914246853e-16 4.778421330675573e-16
3494.9395157027984 -4.115142081899266e-17 4.653671068833922e-16
3495.329449278021 -3.1648458515991495e-16 4.561757995745796e-16
3495.719383490944 1.5195424264349386e-16 4.681217629929878e-16
3496.1093183415664 -1.7632383181632568e-16 4.667389350701276e-16
3496.4992538298893 5.4866708484885586e-17 4.744008874297909e-16
3496.889189955912 9.338704660399674e-16 4.9059810261024565e-16
3497.279126719635 1.3480099234250526e-16 4.710881818382342e-16
3497.6690641210585 -3.6280162038859663e-17 4.663086610496788e-16
3498.059002160181 -4.366149177488741e-16 4.478716395389956e-16
3498.448940837004 -4.538263736645032e-16 4.528842482732044e-16
3498.8388801515275 -2.9327956234531343e-16 4.551867185726269e-16
3499.2288201037513 9.14329656470186e-16 4.902294797826235e-16
3499.618760693674 3.5707997067784637e-16 4.802651987567044e-16
3500.0087019212983 7.036637686207964e-16 4.812655959601769e-16
3500.3986437866215 2.130012942105872e-16 4.743269958012022e-16
3500.788586289645 4.864643251276092e-16 4.77481631972556e-16
3501.178529430369 3.8215986559043735e-16 4.72105387242186e-16
3501.568473208793 -3.871316161015954e-16 4.542793303781229e-16
3501.9584176249173 -1.7262422380072653e-16 4.589245136234226e-16
3502.348362678741 6.238589670602105e-16 4.824196270628844e-16
3502.7383083702653 -7.511605242916749e-16 4.4205693857232687e-16
3503.1282546994894 -2.552136908684706e-16 4.564297107978182e-16
3503.518201666414 6.083010919693918e-17 4.674489092482422e-16
3503.908149271038 -2.8073104152641305e-16 4.509014219667329e-16
3504.2980975133623 -2.0714104304381222e-16 4.57013235719456e-16
3504.688046393387 -2.255823956123426e-16 4.564930408212617e-16
3505.077995911112 -1.308213268969532e-16 4.598848013619696e-16
3505.467946066536 2.0972318546930075e-16 4.686636531073932e-16
3505.857896859661 3.6178506565084733e-16 4.766679498492196e-16
3506.2478482904858 -5.64664779984145e-17 4.586742031100955e-16
3506.637800359011 -2.0904383347272805e-16 4.561712314598824e-16
3507.027753065236 3.71428720986139e-16 4.740926299982702e-16
3507.4177064091614 4.496896964378814e-17 4.622139089340548e-16
3507.8076603907866 -3.3957306883839497e-16 4.533194818981525e-16
3508.1976150101113 -1.4319563218273546e-16 4.579591442923981e-16
3508.587570267137 4.896837012540081e-17 4.679526118570655e-16
3508.9775261618624 -6.300188980281318e-16 4.4088749070435454e-16
3509.367482694288 2.3277864138708594e-17 4.650037893277669e-16
3509.7574398644133 -2.5495041797809453e-16 4.538021325873892e-16
3510.147397672239 2.695961038265793e-16 4.649852146944099e-16
3510.5373561177653 3.1281614830731328e-16 4.761493078935125e-16
3510.927315200991 1.1926218889620441e-15 4.942256488650278e-16
3511.3172749219166 7.84194499948265e-17 4.614088138816001e-16
3511.7072352805426 -3.606603913837106e-16 4.546471839759207e-16
3512.0971962768685 -1.6531713378557754e-16 4.569100252122103e-16
3512.487157910895 -1.0735457534751031e-17 4.592541767926768e-16
3512.877120182621 4.0840124524902363e-16 4.722560201365829e-16
3513.2670830920474 -1.2555951409153723e-16 4.557731933483606e-16
3513.657046639174 6.078811819610366e-16 4.766799551610925e-16
3514.0470108240006 1.8736254059806778e-16 4.690278283148923e-16
3514.436975646527 1.2763383414638413e-16 4.669993679195095e-16
3514.826941106754 2.297106892563578e-16 4.641443173089062e-16
3515.2169072046804 -3.5092525540579077e-16 4.502582570465534e-16
3515.6068739403077 3.5906246125981467e-16 4.679030869336393e-16
3515.9968413136344 2.580835264015322e-16 4.680948018996522e-16
3516.386809324661 3.363444908866569e-16 4.703685335902288e-16
3516.776777973388 1.9939608142619325e-16 4.639506392486218e-16
3517.1667472598156 1.7272360724046448e-16 4.658074599895987e-16
3517.556717183943 -2.1819972472600179e-16 4.541195611985811e-16
3517.94668774577 2.2253722285984755e-16 4.624124901298996e-16
3518.3366589452976 3.334516308049805e-16 4.654277976573667e-16
3518.726630782525 -2.3889655771277928e-17 4.648054319803062e-16
3519.116603257453 -2.0872693227390593e-16 4.505166906441552e-16
3519.5065763700804 7.788478639333316e-17 4.61875265046978e-16
3519.896550120408 7.640831793467549e-16 4.792809673158347e-16
3520.286524508436 3.21848264715244e-17 4.584177230886802e-16
3520.6764995341637 -3.2713838234513257e-16 4.450993943560549e-16
3521.0664751975914 3.0809651475229645e-16 4.756893173168082e-16
3521.4564514987196 7.583011527387069e-17 4.566549138967633e-16
3521.8464284375477 -3.298892784855306e-16 4.400683033115968e-16
3522.236406014076 -1.3032716992006466e-16 4.514639852274224e-16
3522.6263842283047 2.49274649834567e-16 4.620518896755946e-16
3523.016363080233 2.253754194524796e-16 4.635290678947268e-16
3523.406342569861 -1.9065856095667592e-16 4.537145890840403e-16
3523.7963226971897 -1.5153148051662752e-16 4.523119365695438e-16
3524.1863034622183 -4.346071320075753e-16 4.3816928713063167e-16
3524.5762848649474 -1.9522941965962479e-16 4.484219841275072e-16
3524.966266905376 9.28892236466059e-16 4.79274226686479e-16
3525.356249583505 -3.4628257398075977e-16 4.447447420013566e-16
3525.746232899334 2.671502879716464e-16 4.6048442722277725e-16
3526.1362168528626 5.900123313291538e-16 4.768721363539061e-16
3526.526201444092 1.573759959764926e-17 4.533845633769056e-16
3526.916186673021 -2.5119988950631664e-17 4.537820081970625e-16
3527.3061725396506 2.097266095679306e-16 4.642903621052961e-16
3527.6961590439796 -1.5389266195003052e-16 4.445100624014474e-16
3528.0861461860095 -4.4294377815287387e-16 4.4093606629891977e-16
3528.476133965739 -3.6382245622199535e-16 4.467606139081579e-16
3528.8661223831687 2.3947223286453905e-16 4.557610489222971e-16
3529.2561114382984 6.376087607122325e-16 4.740627774682232e-16
3529.646101131128 -2.68820118557074e-16 4.470938724321455e-16
3530.036091461658 -3.337536431828455e-16 4.41764155720888e-16
3530.4260824298876 -4.942206703319079e-17 4.507945209791543e-16
3530.816074035818 4.697542904143037e-16 4.732145165677285e-16
3531.206066279448 -1.3941260048471337e-16 4.4338263874362397e-16
3531.596059160778 7.893293465268806e-17 4.577078298660008e-16
3531.9860526798084 -4.391890724420647e-16 4.403779516775462e-16
3532.376046836539 -2.9054958582637123e-16 4.4031706773752544e-16
3532.7660416309695 -2.518832584267432e-16 4.487322834091756e-16
3533.1560370630996 9.817799971438595e-17 4.517527652147964e-16
3533.5460331329305 4.3337434493666e-17 4.593170895134459e-16
3533.9360298404613 4.453561065764026e-16 4.687824312874066e-16
3534.326027185692 -1.0293217341806297e-15 4.1915428692502935e-16
3534.7160251686228 -3.999642181798732e-16 4.4296784650204517e-16
3535.106023789254 1.3348876412591727e-16 4.567065293786566e-16
3535.496023047585 4.086237162693568e-16 4.639546006541419e-16
3535.886022943616 -3.4771532037878124e-17 4.486296501402846e-16
3536.276023477347 2.7908929621531265e-16 4.616245516298776e-16
3536.666024648778 2.705220648646871e-17 4.522415656449969e-16
3537.0560264579094 -6.240826262943558e-16 4.376817086438226e-16
3537.446028904741 5.571838222984388e-16 4.715005915916462e-16
3537.8360319892727 2.1584008214878242e-17 4.495950344451348e-16
3538.226035711504 -2.3312514658070133e-16 4.444039350590954e-16
3538.6160400714357 -1.2929154274755465e-16 4.49452741335082e-16
3539.0060450690676 1.7237684140973938e-16 4.591976986894382e-16
3539.3960507043994 3.0757701584907225e-17 4.555007070789582e-16
3539.7860569774316 -1.4973426443531356e-17 4.50459694852358e-16
3540.1760638881633 -9.731880886589579e-16 4.159957527374715e-16
3540.566071436596 -6.81820659075638e-16 4.310168131767549e-16
3540.956079622728 -3.508985728554615e-16 4.441099694983738e-16
3541.34608844656 2.5162610530457103e-16 4.591209344763855e-16
3541.7360979080922 2.224190044855887e-16 4.579479453314638e-16
3542.1261080073245 3.416491138075118e-16 4.558831784896792e-16
3542.5161187442573 2.7416835038365217e-16 4.630954379222698e-16
3542.90613011889 -1.2079776514596226e-16 4.465740653391914e-16
3543.2961421312225 -8.070036541709151e-17 4.4065644636125053e-16
3543.686154781255 -3.5286232897228755e-16 4.461439747980426e-16
3544.076168068988 -4.821259257240091e-16 4.328964935303972e-16
3544.466181994421 -6.578083768312479e-17 4.45677767130498e-16
3544.856196557554 -8.196474058963481e-16 4.267273197069523e-16
3545.2462117583873 -2.8126743221766333e-16 4.424305226980868e-16
3545.6362275969204 4.2402406675305314e-16 4.586154434061531e-16
3546.026244073153 -2.444146811897192e-16 4.484841061646605e-16
3546.416261187087 2.4403001257168625e-16 4.590206548964119e-16
3546.80627893872 -2.318070850441594e-16 4.3732565987398513e-16
3547.1962973280533 -5.850495638614025e-16 4.305089573010671e-16
3547.5863163550875 9.577502098181342e-16 4.80274644694913e-16
3547.976336019821 -1.3729141060940343e-16 4.397002041077454e-16
3548.3663563222544 9.592544052210335e-17 4.517716048957963e-16
3548.756377262388 -4.731224723964296e-16 4.2991059689466044e-16
3549.1463988402224 -4.79809566038455e-17 4.394711018430346e-16
3549.5364210557564 -1.2804374887266126e-17 4.49925764551219e-16
3549.92644390899 -8.52054338218385e-17 4.4095311974564134e-16
3550.3164673999245 4.355081928375979e-16 4.604936832983635e-16
3550.7064915285587 1.312471282534068e-16 4.492539205196358e-16
3551.096516294893 2.171829430008105e-16 4.518771031303174e-16
3551.4865416989273 2.372673977086755e-16 4.545544426206193e-16
3551.876567740662 4.46607920264275e-16 4.573533627144858e-16
3552.2665944200967 7.929675667605803e-17 4.4529973289176e-16
3552.656621737231 -9.310400402522454e-17 4.4398732103987485e-16
3553.046649692066 3.7020215004488026e-16 4.539992990027286e-16
3553.4366782846005 2.9115273474690192e-16 4.606840050864663e-16
3553.8267075148356 3.758233578384016e-16 4.518355328652443e-16
3554.21673738277 1.684304931253276e-16 4.459580072387669e-16
3554.6067678884056 3.5973345180842985e-16 4.564826669202975e-16
3554.9967990317405 3.4960462937277004e-16 4.584730963467029e-16
3555.3868308127753 7.21391171425695e-17 4.425535022092837e-16
3555.776863231511 2.6200541767526653e-16 4.58254629886267e-16
3556.166896287946 1.4181306030734758e-16 4.469130235453853e-16
3556.5569299820822 2.7861997708589e-16 4.518252463785706e-16
3556.9469643139173 -4.760749527928614e-16 4.3230681899207094e-16
3557.336999283453 -8.207973645067029e-16 4.1505962947903907e-16
3557.7270348906886 5.176901991558688e-16 4.619576186928515e-16
3558.117071135625 2.661252065011727e-16 4.496969646957615e-16
3558.50710801826 -1.660298273895496e-16 4.445446489051551e-16
3558.8971455385963 3.0726435523794825e-16 4.54459954090092e-16
3559.2871836966324 9.657501688934765e-17 4.470252540110367e-16
3559.6772224923684 5.67324151412911e-17 4.44542864923827e-16
3560.067261925805 -2.894234400590406e-16 4.326434817101069e-16
3560.457301996941 1.2763707440025822e-16 4.507935666915735e-16
3560.8473427057775 -6.263586563176717e-17 4.3559652034485715e-16
3561.2373840523137 -2.1169792540047707e-16 4.3874296105380084e-16
3561.6274260365503 -3.3321972836897783e-16 4.336036087419126e-16
3562.0174686584865 1.769136699390093e-16 4.48582248505676e-16
3562.4075119181234 3.2083763923145486e-17 4.437116136417434e-16
3562.7975558154603 2.6301887210847624e-16 4.494001780132691e-16
3563.187600350497 1.0277013862024686e-15 4.650093558713407e-16
3563.577645523234 -5.918862660493966e-17 4.420351501781393e-16
3563.967691333671 1.23021424860814e-16 4.523273519728562e-16
3564.3577377818083 -1.53578012772426e-16 4.368139735352607e-16
3564.747784867646 -4.502043455156425e-16 4.2482085664346046e-16
3565.137832591183 -1.6565318011057627e-16 4.3789314182266054e-16
3565.52788095242 -1.2789194376436717e-16 4.381598891512488e-16
3565.9179299513576 -1.200610988074149e-16 4.3697672768922195e-16
3566.307979587995 6.385799170676934e-16 4.648546165065551e-16
3566.6980298623325 5.868343481441731e-16 4.579284866026964e-16
3567.08808077437 1.094617950881816e-15 4.746902199874406e-16
3567.478132324108 -6.443687324407646e-16 4.234118934245646e-16
3567.868184511546 -3.7924402049364637e-16 4.294320371802887e-16
3568.2582373366836 5.318505029775881e-16 4.530937771298435e-16
3568.648290799522 -1.3998094327549187e-16 4.3935839064533964e-16
3569.03834490006 2.169699679734122e-16 4.494549174536621e-16
3569.4283996382983 -2.989228790153034e-16 4.3441103837052266e-16
3569.8184550142364 -2.8378702360297887e-16 4.317425745890565e-16
3570.208511027875 5.613602510254662e-16 4.633132646049814e-16
3570.5985676792134 -4.0317791038621304e-16 4.237416581660862e-16
3570.9886249682513 5.884351844678272e-18 4.493895178857139e-16
3571.37868289499 -2.983489157644375e-16 4.3539325754147413e-16
3571.768741459429 7.542482479978747e-17 4.401627464805382e-16
3572.158800661568 -2.4394483956773577e-17 4.3931540205995623e-16
3572.5488605014066 6.113259211532164e-17 4.462695955148596e-16
3572.9389209789456 1.3861046798439381e-16 4.4224600080748854e-16
3573.3289820941845 -6.322505927776354e-16 4.2260955528935567e-16
3573.719043847123 -1.0063056470074987e-17 4.4171459647034457e-16
3574.1091062377623 -2.750087261504938e-16 4.3367784481492714e-16
3574.499169266102 -2.8463642543387086e-16 4.2796017383476983e-16
3574.889232932141 -6.082214113603995e-17 4.326366390523178e-16
3575.27929723588 1.2191692035710489e-15 4.750879572161183e-16
3575.6693621773197 7.454473553992193e-16 4.601821967019668e-16
3576.059427756459 -2.3088642487461346e-16 4.360513047443909e-16
3576.449493973299 1.6979314173423977e-16 4.527041864261714e-16
3576.839560827839 -5.784031120557989e-16 4.6627144460430295e-16
3577.229628320079 2.7707468724142533e-16 4.3575459470864063e-16
3577.6196964500186 1.5469673420813068e-15 5.313303173032733e-16
3578.0097652176587 -2.164325984103839e-15 3.934164317400407e-16
