wavelength flux error
1851.1864013671875 5.351679182815684e-14 1.206667144676432e-13
1853.84912109375 3.373774580561241e-14 1.1217869894716154e-13
1856.511962890625 2.138439300853126e-13 1.8440107839128028e-13
1859.1748046875 -5.2749078434215224e-14 1.6520289368264496e-13
1861.8375244140625 -4.3841286937601476e-14 8.50552064218281e-14
1864.5003662109375 -4.101189535004289e-16 7.780555307023221e-14
1867.1632080078125 2.3656468087608976e-14 5.72173195325168e-14
1869.825927734375 9.210530389324855e-15 5.29961274517432e-14
1872.48876953125 7.632900184844672e-15 4.692009923494035e-14
1875.151611328125 -1.8512796140903245e-14 3.9865537899887865e-14
1877.8143310546875 -2.490748831685853e-14 3.750068628565785e-14
1880.4771728515625 -3.212137316115776e-14 3.9945379225496055e-14
1883.1400146484375 -5.797443739132121e-15 3.780064775733491e-14
1885.802734375 1.6625340766075226e-14 3.419497419054028e-14
1888.465576171875 6.267369994972282e-15 3.22147432969995e-14
1891.12841796875 -1.0901174270726548e-14 3.101975260314492e-14
1893.7911376953125 2.0704617558734047e-14 3.0208139185613006e-14
1896.4539794921875 2.073133806008813e-14 2.7399543950975408e-14
1899.11669921875 1.1990252811889396e-14 2.6022691895213543e-14
1901.779541015625 3.112624497340552e-14 2.8243839287744182e-14
1904.4423828125 -1.5114773548160956e-15 2.627991547250394e-14
1907.105224609375 -8.297406002295143e-15 2.4853827085584076e-14
1909.7679443359375 2.814862939634101e-14 2.492772901616612e-14
1912.4307861328125 1.431868709158516e-14 2.219435708350828e-14
1915.093505859375 -1.4508234430455832e-14 2.157019036313785e-14
1917.75634765625 1.7725292033907267e-15 2.0827848994098286e-14
1920.419189453125 2.193713181215199e-14 1.850120195392123e-14
1923.0819091796875 1.0751175747196126e-14 1.7491745356833233e-14
1925.7447509765625 -1.7995501261553783e-14 1.9409453360405386e-14
1928.4075927734375 -9.13378496913888e-15 1.8713461634239578e-14
1931.0703125 -6.166708599520581e-15 1.7012500891540328e-14
1933.733154296875 -9.27810752488975e-15 1.6408425792678767e-14
1936.39599609375 -8.468615924890708e-15 1.63682493259246e-14
1939.0587158203125 -8.232877338307416e-15 1.5795541551165762e-14
1941.7215576171875 8.627329676294548e-16 1.4895835013053506e-14
1944.3843994140625 2.0807547308418495e-14 1.5165150832698905e-14
1947.047119140625 -4.997369980836244e-16 1.3518887242568601e-14
1949.7099609375 -2.527173831868277e-15 1.3077839728032128e-14
1952.372802734375 -8.13167468880242e-15 1.3643638255040214e-14
1955.0355224609375 5.2451905395000525e-15 1.322124579413407e-14
1957.6983642578125 -3.976374571545158e-15 1.261365381447551e-14
1960.361083984375 -4.55177294646095e-15 1.219506707260138e-14
1963.02392578125 -2.01366391924362e-15 1.1802835760881068e-14
1965.686767578125 -1.4811211498243795e-16 1.0855027068727187e-14
1968.349609375 9.069768336567767e-16 1.051994252885928e-14
1971.0123291015625 -2.2530197600281613e-15 1.0895417834817008e-14
1973.6751708984375 -2.861554910873489e-15 1.0552764208532437e-14
1976.337890625 3.3484211903840252e-15 9.375483279539052e-15
1979.000732421875 2.0883942745178577e-16 8.982770006071752e-15
1981.66357421875 -3.3440058193882254e-15 9.270319903972694e-15
1984.3262939453125 6.785641820947284e-16 9.012507638783956e-15
1986.9891357421875 4.271381323997254e-15 8.620353407061843e-15
1989.6519775390625 1.5748653195337553e-14 8.875539023081146e-15
1992.314697265625 3.696018524465246e-15 8.509260800864706e-15
1994.9775390625 3.095564279694961e-15 8.266947544544826e-15
1997.640380859375 4.248153986517646e-15 7.951329515870718e-15
2000.3031005859375 -6.545038406510556e-16 7.820933028805654e-15
2002.9659423828125 2.6734461515846093e-16 7.667663264032936e-15
2005.6287841796875 3.591244360538152e-15 7.499842320259336e-15
2008.29150390625 2.5901968947922597e-15 7.33202307055163e-15
2010.954345703125 4.0250514374414945e-15 7.83287026413131e-15
2013.6171875 2.3856572845134226e-15 7.662526009207839e-15
2016.2799072265625 6.701777618235228e-15 6.869115753228893e-15
2018.9427490234375 -9.922606635884312e-16 6.504389295371822e-15
2021.60546875 -1.3778826831004369e-15 7.000898833228611e-15
2024.268310546875 3.4624108610190095e-15 7.06046176656306e-15
2026.93115234375 -4.756357661244229e-15 6.6110087205745096e-15
2029.593994140625 1.8264476150437912e-15 6.615090995863802e-15
2032.2567138671875 6.5390558128040985e-15 6.855886792658675e-15
2034.9195556640625 4.037419389020828e-15 6.680022847534422e-15
2037.582275390625 6.864937869095679e-16 6.432187783431392e-15
2040.2451171875 -2.475727168234419e-15 6.476370292509597e-15
2042.907958984375 5.217771130085365e-16 6.423005946283155e-15
2045.57080078125 -3.3389791023627447e-15 6.6084985384353215e-15
2048.2333984375 4.5798406537176425e-15 6.718231656752116e-15
2050.896240234375 -4.250599529455047e-16 6.2640487787860976e-15
2053.55908203125 9.203726173659561e-15 6.582870286066722e-15
2056.221923828125 4.901005054130372e-15 6.322575367309581e-15
2058.884765625 6.161781832382876e-15 6.295362739813142e-15
2061.547607421875 4.588189857478728e-15 6.0593535262032025e-15
2064.21044921875 1.4738714212986096e-15 5.861113935227806e-15
2066.873046875 9.553396620879187e-15 6.170477049102915e-15
2069.535888671875 2.3349718917409093e-15 5.735991498808822e-15
2072.19873046875 5.926174959422882e-16 5.458602184626668e-15
2074.861572265625 4.820643226776094e-15 5.586534229331695e-15
2077.5244140625 3.6971971708113505e-15 5.4247623713509115e-15
2080.18701171875 6.751487864327214e-16 5.2882600472855656e-15
2082.849853515625 2.068927525096043e-15 5.277616654786842e-15
2085.5126953125 9.933021541245514e-15 5.65812333645126e-15
2088.175537109375 5.667492791397314e-15 5.416729534395625e-15
2090.83837890625 6.531178829911107e-16 5.024463917840949e-15
2093.501220703125 8.861181708746068e-16 4.993003843630503e-15
2096.163818359375 7.674563525293515e-18 5.021854632846932e-15
2098.82666015625 5.460751530730326e-15 5.233135990111203e-15
2101.489501953125 3.201356788982892e-15 5.135074138774625e-15
2104.15234375 5.6142355948386995e-15 5.229429797450492e-15
2106.815185546875 1.3893437800306164e-15 5.0468992795148736e-15
2109.47802734375 7.162433310225927e-16 4.978627153416756e-15
2112.140625 2.445128526531331e-15 4.99768793582882e-15
2114.803466796875 -2.5654713677871963e-15 4.874499275628417e-15
2117.46630859375 1.2952459370080705e-15 4.921545179584815e-15
2120.129150390625 -5.7800245065718365e-15 4.723674471457948e-15
2122.7919921875 -3.5943605947511e-15 4.682796237906982e-15
2125.45458984375 -5.549543877008626e-15 4.5922047936487135e-15
2128.117431640625 -7.292751976138961e-16 4.549690515960126e-15
2130.7802734375 -8.588099874738057e-16 4.5442021659783914e-15
2133.443115234375 4.925332263891989e-15 4.713199214999254e-15
2136.10595703125 1.699776273001634e-15 4.5329442510764345e-15
2138.768798828125 1.1609955559121186e-15 4.462737925243262e-15
2141.431640625 2.659483766361188e-15 4.4056529867960055e-15
2144.09423828125 -3.0265198580722947e-17 4.251247774357493e-15
2146.757080078125 -1.0574150731659424e-15 4.214369653899935e-15
2149.419921875 1.3694483525281522e-15 4.226337805928165e-15
2152.082763671875 4.965972057668303e-15 4.526854931218623e-15
2154.74560546875 2.100590251939119e-15 4.3304390021786654e-15
2157.408203125 2.7723612827364272e-15 4.179537965042944e-15
2160.071044921875 4.432389158259614e-15 4.3010228184699444e-15
2162.73388671875 -4.461578760654944e-16 4.0826467132394715e-15
2165.396728515625 1.1503815978083118e-15 4.0231113084758085e-15
2168.0595703125 -3.309879708976297e-15 3.942425914535679e-15
2170.72216796875 7.663776229837986e-16 3.935737742384159e-15
2173.385009765625 2.958537218718791e-15 4.015697652604965e-15
2176.0478515625 6.400327909669842e-15 4.2590447126369686e-15
2178.710693359375 7.853946984957838e-15 4.3409765155589825e-15
2181.37353515625 4.802799207192761e-15 4.225868973191859e-15
2184.036376953125 -9.947431186334865e-17 3.954886192706264e-15
2186.69921875 2.437019403671233e-16 3.751042631751833e-15
2189.36181640625 5.699755005808809e-15 4.00221331160115e-15
2192.024658203125 3.2645174947608033e-15 3.953944292068917e-15
2194.6875 6.627793525457301e-15 4.078341244768578e-15
2197.350341796875 2.0104081363526115e-15 3.764416434956031e-15
2200.01318359375 -2.84821837711897e-15 3.727675957352402e-15
2202.67578125 2.7161915633886792e-15 3.8280891721505575e-15
2205.338623046875 -4.763868937662243e-16 3.613888515833575e-15
2208.00146484375 5.070886829064642e-15 3.847687396967654e-15
2210.664306640625 4.833183231922839e-16 3.669796925517095e-15
2213.3271484375 4.692536269767459e-15 3.833927770255981e-15
2215.989990234375 5.9536645666930735e-15 3.689035584848082e-15
2218.652587890625 6.919389699747277e-15 3.70300019353299e-15
2221.3154296875 6.324179224195207e-15 3.6544910401602095e-15
2223.978271484375 -6.600628649443263e-17 3.35130110240469e-15
2226.64111328125 6.6206615080414196e-15 3.835557461646499e-15
2229.303955078125 4.6066293412239806e-15 3.6826519210411e-15
2231.966796875 2.105608922151601e-15 3.1906318695629947e-15
2234.62939453125 4.724113975678455e-16 3.0577114360733505e-15
2237.292236328125 7.208658651014672e-15 3.6052093927395334e-15
2239.955078125 7.14348370088819e-15 3.57085034826711e-15
2242.617919921875 1.801291371785049e-15 3.197198280728347e-15
2245.28076171875 6.642487005993321e-15 3.4880670654748687e-15
2247.943359375 8.775402788056743e-15 3.58755214392107e-15
2250.606201171875 2.6312095948236025e-15 3.059614507347594e-15
2253.26904296875 4.144996384970387e-15 3.071452851576657e-15
2255.931884765625 6.866566184057657e-15 3.2311755250997954e-15
2258.5947265625 9.413982409299418e-16 2.8668010094323087e-15
2261.257568359375 9.473571388896995e-15 3.454484114940367e-15
2263.92041015625 2.03707252177394e-15 2.9344787301596904e-15
2266.5830078125 5.03477654397377e-15 2.973945806820531e-15
2269.245849609375 9.485269760931524e-16 2.6857390348689926e-15
2271.90869140625 -7.152564846994822e-16 2.6930713755768994e-15
2274.571533203125 2.209584757525908e-15 2.752878677916631e-15
2277.234375 2.0941206142879908e-15 2.4975382666262173e-15
2279.89697265625 2.9939107969037884e-15 2.4852008082329848e-15
2282.559814453125 5.046437223042146e-15 2.6938358228117965e-15
2285.22265625 3.3380967057899426e-15 3.3606620870212708e-15
2287.885498046875 7.648814239857686e-15 2.7525093715516282e-15
2290.54833984375 5.6312774742209824e-15 2.63319016961252e-15
2293.2109375 4.1522222112851765e-16 2.2926439613007174e-15
2295.873779296875 -3.341343541895446e-16 2.171962730382424e-15
2298.53662109375 5.526735397321436e-15 2.442614744502117e-15
2301.199462890625 6.627046865914296e-15 2.582630561232674e-15
2303.8623046875 2.021386027456162e-16 2.178471543307363e-15
2306.525146484375 2.1597074341850753e-15 2.2922530555955596e-15
2309.18798828125 9.215857379530137e-15 2.6340052270660153e-15
2311.8505859375 4.434286935577937e-15 2.1992950012826628e-15
2314.513427734375 6.596860729256521e-15 2.295207082999109e-15
2317.17626953125 2.7975281139070102e-15 2.120581076527268e-15
2319.839111328125 6.039193295025603e-15 2.2774833420942863e-15
2322.501953125 6.145242243538315e-15 2.2590544462608745e-15
2325.16455078125 2.880577788561163e-15 1.952470447485707e-15
2327.827392578125 9.81862381248819e-15 2.2597828945955132e-15
2330.490234375 1.7353064464027549e-15 1.8048995203821154e-15
2333.153076171875 3.596736098651675e-15 1.8509211497470465e-15
2335.81591796875 4.96004833275168e-15 1.922902009604717e-15
2338.478515625 3.915920983066671e-15 1.825274262653607e-15
2341.1416015625 5.333664401390185e-15 1.8872029590097372e-15
2343.80419921875 6.2988309162156746e-15 1.915584491973387e-15
2346.467041015625 7.42103606891269e-15 1.9992457244154575e-15
2349.1298828125 7.726071267943804e-15 1.9527628856107464e-15
2351.792724609375 5.492070997471527e-15 1.8478557375109332e-15
2354.45556640625 4.145940403190102e-15 1.7319977239525428e-15
2357.1181640625 4.7254663696578644e-15 1.6939420159400647e-15
2359.781005859375 6.108630514942669e-15 1.7206201656467862e-15
2362.44384765625 4.506101776977946e-15 1.6431341210275548e-15
2365.106689453125 8.71768765709673e-15 2.34559156731711e-15
2367.76953125 3.843375575749656e-15 1.6106293375557895e-15
2370.43212890625 5.505656558912539e-15 2.2188396512658453e-15
2373.094970703125 3.5404939579869368e-15 1.4978060312891743e-15
2375.7578125 5.150332166769991e-15 1.786943904207982e-15
2378.420654296875 1.1537742823994205e-15 1.2843445170977893e-15
2381.08349609375 3.0853725675153605e-15 1.423274966985558e-15
2383.746337890625 2.7217798632581894e-15 1.3697410024114285e-15
2386.4091796875 6.4378629041779954e-15 1.5476201447963181e-15
2389.07177734375 6.715081541221277e-15 1.5587993915132988e-15
2391.734619140625 4.092251643344862e-15 1.3982670603717036e-15
2394.3974609375 3.954487240188107e-15 1.4213568608765006e-15
2397.060302734375 4.6763414233324304e-15 1.4338058099814155e-15
2399.72314453125 4.5029681785895784e-15 1.3666725196808814e-15
2402.3857421875 5.384077684828393e-15 1.4070385100569955e-15
2405.048583984375 4.208575525024242e-15 1.3348628326214566e-15
2407.71142578125 6.775915447493081e-15 1.4411766906884224e-15
2410.374267578125 3.048264901129097e-15 1.2759952074575852e-15
2413.037109375 4.671241437957012e-15 1.4087274937538206e-15
2415.69970703125 5.353482431257094e-15 1.2790113859036394e-15
2418.362548828125 7.020145962889071e-15 1.3604975436162792e-15
2421.025390625 5.418759872370194e-15 1.3184591925649298e-15
2423.688232421875 6.693538952273759e-15 1.3340082822567954e-15
2426.35107421875 7.257446901743573e-15 1.3353248890941838e-15
2429.013916015625 8.119381699638918e-15 1.6747831894643565e-15
2431.6767578125 4.442045333858313e-15 1.2028540183412948e-15
2434.33935546875 6.563531676847959e-15 1.2960182192977296e-15
2437.002197265625 5.6984073763897275e-15 1.2535011887520632e-15
2439.6650390625 7.531584879957691e-15 1.3863148960903534e-15
2442.327880859375 4.929796127524019e-15 1.1636880618932032e-15
2444.99072265625 6.951706124267397e-15 1.2988776966485417e-15
2447.6533203125 5.2138808136377446e-15 1.1621594850607644e-15
2450.316162109375 5.432459783259085e-15 1.1673093395009521e-15
2452.97900390625 7.049063244191859e-15 1.234329868540383e-15
2455.641845703125 4.472001924587382e-15 1.1383521417705246e-15
2458.3046875 5.066225183239428e-15 1.5713727485823416e-15
2460.96728515625 6.0809092441614036e-15 1.287732013612096e-15
2463.63037109375 5.399002405359014e-15 1.0833672097577485e-15
2466.29296875 4.179109789888107e-15 1.2195914952581582e-15
2468.955810546875 5.71203274837926e-15 1.1329992111812326e-15
2471.61865234375 3.929828840544113e-15 1.065170824468358e-15
2474.281494140625 5.697192307626891e-15 1.0414249969459125e-15
2476.9443359375 3.590867854393097e-15 1.075769218341759e-15
2479.60693359375 9.219464892852493e-15 1.6825088710971446e-15
2482.269775390625 5.655096464214247e-15 1.4898144871900668e-15
2484.9326171875 6.273818456799729e-15 1.0894383184071937e-15
2487.595458984375 5.514981968145335e-15 1.0140593741233758e-15
2490.25830078125 6.390617100446045e-15 1.120629459656886e-15
2492.9208984375 6.851622405285723e-15 1.4016150639748447e-15
2495.583740234375 4.4656847528667595e-15 9.652315246041912e-16
2498.24658203125 4.573997396931009e-15 1.0572383609173215e-15
2500.909423828125 8.069915822552214e-15 1.1826051663415887e-15
2503.572265625 8.20099332410687e-15 1.100657269793577e-15
2506.235107421875 6.407843209494356e-15 1.37782000266234e-15
2508.89794921875 6.036977456835586e-15 1.0061633329890712e-15
2511.560546875 6.5626630445605495e-15 9.889523646546927e-16
2514.223388671875 4.823233877045271e-15 9.201199262619665e-16
2516.88623046875 7.685615280317044e-15 1.176402979343556e-15
2519.549072265625 6.077020939417033e-15 1.0721552463931801e-15
2522.2119140625 4.817465159157996e-15 8.831370384167452e-16
2524.87451171875 6.73915252351635e-15 9.69001138856828e-16
2527.537353515625 7.21718911982647e-15 9.958117433406764e-16
2530.2001953125 9.090279662902004e-15 1.0789705793659067e-15
2532.863037109375 5.394760887875638e-15 1.1162420407483456e-15
2535.52587890625 8.222300437895052e-15 1.0239370488377818e-15
2538.1884765625 8.745085784808617e-15 1.1998771210481696e-15
2540.851318359375 7.227368761786573e-15 9.940156099760237e-16
2543.51416015625 9.186299317802751e-15 1.0285252145548216e-15
2546.177001953125 6.565124098788797e-15 9.879734063259035e-16
2548.83984375 5.983399234789962e-15 8.620062133607106e-16
2551.502685546875 5.25775161459136e-15 8.498589668036959e-16
2554.16552734375 6.480818062515629e-15 8.929189454685523e-16
2556.828125 6.7268667341329e-15 1.337338709926281e-15
2559.490966796875 7.307819104083839e-15 1.012456364270697e-15
2562.15380859375 8.741880612136207e-15 9.52031045516825e-16
2564.816650390625 7.098676505011385e-15 9.083898963710337e-16
2567.4794921875 9.32121049047668e-15 9.595688975935594e-16
2570.14208984375 7.567855677792067e-15 1.1708882654613384e-15
2572.804931640625 8.089122294631206e-15 1.6126905922329328e-15
2575.4677734375 7.752159035686289e-15 9.014540729615603e-16
2578.130615234375 5.610756830524326e-15 8.101654676481425e-16
2580.79345703125 6.259858930312504e-15 8.937244738013912e-16
2583.4560546875 5.766765476331991e-15 8.177996167830679e-16
2586.119140625 7.538323027053099e-15 1.6411838276665018e-15
2588.78173828125 9.327421783078896e-15 9.38495882536175e-16
2591.444580078125 7.845106502087345e-15 8.885387263400635e-16
2594.107421875 7.334585345217075e-15 8.643164957243467e-16
2596.770263671875 7.25826852370241e-15 8.333318187555476e-16
2599.43310546875 7.476667498822458e-15 8.674514705412533e-16
2602.095703125 8.445411457300676e-15 8.769085404577884e-16
2604.758544921875 7.124038365518073e-15 8.167354787035205e-16
2607.42138671875 7.541530740824351e-15 8.893659598921758e-16
2610.084228515625 8.78472946783896e-15 8.996053176750594e-16
2612.7470703125 8.482734270055543e-15 8.895116495591035e-16
2615.40966796875 7.46128876863211e-15 8.07855079405388e-16
2618.072509765625 7.790792208410557e-15 8.110186945238236e-16
2620.7353515625 9.3997778785322e-15 8.670549532428199e-16
2623.398193359375 8.318691940259644e-15 8.409448450063509e-16
2626.06103515625 8.259978157454818e-15 8.304894938219174e-16
2628.723876953125 1.1467809666286521e-14 1.6703639009411756e-15
2631.38671875 9.479636991832283e-15 8.658003915688179e-16
2634.04931640625 9.090010306424777e-15 1.0818852197374087e-15
2636.712158203125 1.2710152042991456e-14 9.680571206371132e-16
2639.375 1.2232285700303734e-14 1.5544474421094246e-15
2642.037841796875 1.595688438695876e-14 1.3004104027665984e-15
2644.70068359375 1.494630293011681e-14 1.2217142657030959e-15
2647.36328125 1.2225026627945765e-14 1.6553695119506432e-15
2650.026123046875 1.5819983533891732e-14 1.833570103339016e-15
2652.68896484375 1.6978907564852222e-14 1.8082753701933975e-15
2655.351806640625 1.486880957983841e-14 1.811533482425011e-15
2658.0146484375 1.739993545568034e-14 1.6311519929556955e-15
2660.67724609375 1.8148685475998828e-14 1.846495190839406e-15
2663.34033203125 1.5230817908967742e-14 1.1585720887709056e-15
2666.0029296875 1.6760911777415066e-14 1.0504466389879997e-15
2668.665771484375 1.7410143896760648e-14 1.0663813404291028e-15
2671.32861328125 1.675280058991216e-14 1.1846127403056998e-15
2673.991455078125 1.5303971062424412e-14 1.1087508813628286e-15
2676.654296875 2.1688505619276224e-14 1.1607472693794547e-15
2679.31689453125 2.192409766915964e-14 1.1622349768721884e-15
2681.979736328125 2.2269085718246845e-14 1.1696245981831534e-15
2684.642578125 2.5300296458015924e-14 1.2526186863001426e-15
2687.305419921875 2.586809991201016e-14 1.2364264868430742e-15
2689.96826171875 2.8086160716481005e-14 1.4139923329165981e-15
2692.630859375 2.4708193322830856e-14 1.2096811038961645e-15
2695.293701171875 2.6581743804796748e-14 1.5080579886871484e-15
2697.95654296875 2.640876443037437e-14 1.253294195075578e-15
2700.619384765625 2.7068101652780695e-14 1.255848105290668e-15
2703.2822265625 2.7655532554228708e-14 1.2611534961557954e-15
2705.94482421875 2.8173113730714343e-14 1.265406660342196e-15
2708.60791015625 2.940600914895855e-14 1.29920676894855e-15
2711.2705078125 3.042931304066826e-14 1.3328539881079246e-15
2713.933349609375 3.0477597306793544e-14 1.3516853304704006e-15
2716.59619140625 3.2297759302094e-14 1.3979718693895855e-15
2719.259033203125 3.251541288822046e-14 1.3952413528049929e-15
2721.921875 3.069634525948786e-14 1.6234236643449473e-15
2724.58447265625 3.404292161211277e-14 1.7627720191130676e-15
2727.247314453125 3.0161674346258424e-14 2.0882652872818586e-15
2729.91015625 2.875056150184602e-14 2.1056051105033382e-15
2732.572998046875 3.1403258628475567e-14 2.754344256673618e-15
2735.23583984375 3.3787266739840685e-14 2.684484579074109e-15
2737.8984375 3.332073793315196e-14 2.601379212003674e-15
2740.561279296875 3.059296997047316e-14 1.2646499422829427e-15
2743.22412109375 3.0572610686552953e-14 1.5817076093300282e-15
2745.886962890625 3.1503543941298687e-14 2.372578248774869e-15
2748.5498046875 2.984560230792459e-14 1.9943310274972512e-15
2751.212646484375 2.8013532723451633e-14 1.522088348304587e-15
2753.87548828125 3.004058251611895e-14 1.2430756954790205e-15
2756.5380859375 2.918834201030493e-14 1.2142673637890729e-15
2759.200927734375 3.3620482564394524e-14 1.5728538915697342e-15
2761.86376953125 3.348429660713498e-14 1.6464682544661846e-15
2764.526611328125 3.258968412516751e-14 1.269709375956011e-15
2767.189453125 3.0561982117130806e-14 1.2149393785536007e-15
2769.85205078125 3.131258883366968e-14 1.2352549343979031e-15
2772.514892578125 2.872034614255156e-14 1.1924090433104652e-15
2775.177734375 2.8141859909026554e-14 1.167097157747665e-15
2777.840576171875 2.625116039801055e-14 1.3374331540998998e-15
2780.50341796875 2.5726489555756397e-14 1.9882506014853862e-15
2783.166015625 2.5095419516865843e-14 1.783074869463161e-15
2785.8291015625 2.498323677926559e-14 1.1161490788823844e-15
2788.49169921875 2.3523041763691584e-14 1.1179297538957498e-15
2791.154541015625 1.774679714164687e-14 9.591538514494048e-16
2793.8173828125 1.5416428238699577e-14 9.107557652718334e-16
2796.47998046875 1.7053022947736973e-14 9.511850713607548e-16
2799.14306640625 1.5924424390354082e-14 9.230758594896472e-16
2801.8056640625 1.81655075503313e-14 9.63116165697542e-16
2804.468505859375 2.1270757440019876e-14 1.0181305321052352e-15
2807.13134765625 2.4874455725981508e-14 1.1493671699748563e-15
2809.794189453125 2.5603464796431288e-14 1.1274299695530356e-15
2812.45703125 2.8879530738394957e-14 1.1558768299327424e-15
2815.11962890625 2.8315911627160156e-14 1.1990021360136559e-15
2817.78271484375 3.0937688663083135e-14 1.1818398720737444e-15
2820.4453125 3.174510079719667e-14 1.6447254841772088e-15
2823.108154296875 3.31103010677361e-14 1.8170491492192943e-15
2825.77099609375 3.4643569615669736e-14 1.4035086061284317e-15
2828.43359375 3.5830083203788193e-14 1.250619053269912e-15
2831.0966796875 3.397114404016244e-14 1.2105451833814822e-15
2833.75927734375 3.318983407335149e-14 1.2360788856973447e-15
2836.422119140625 3.2261814611944314e-14 1.1914510490471206e-15
2839.0849609375 2.9946073967996104e-14 1.1814414489511797e-15
2841.74755859375 3.0623829074807526e-14 1.2077491276225958e-15
2844.41064453125 2.961395573750948e-14 1.170144782291886e-15
2847.0732421875 2.7930047462104354e-14 1.47498918715163e-15
2849.736083984375 2.345618884129659e-14 1.7361702082507174e-15
2852.39892578125 2.5528190672474693e-14 1.2428115270785955e-15
2855.061767578125 2.4745718576460116e-14 1.2236785351077786e-15
2857.724609375 2.638869652578802e-14 1.2235498919789143e-15
2860.38720703125 3.1280642139031034e-14 1.6211543572001346e-15
2863.05029296875 3.4791986728687635e-14 1.2461478839787118e-15
2865.712890625 3.37444746353454e-14 1.651289036606364e-15
2868.375732421875 3.434094168427472e-14 1.237505289180521e-15
2871.03857421875 3.536023741607802e-14 1.2100200229541846e-15
2873.701171875 3.6783906676900527e-14 1.221965728609312e-15
2876.3642578125 3.790644556057876e-14 1.2612013535173152e-15
2879.02685546875 3.919026968180958e-14 1.2755512563141056e-15
2881.689697265625 4.1052942566666834e-14 1.2958135549618493e-15
2884.3525390625 4.398021389347834e-14 1.3288438164982676e-15
2887.015380859375 4.312083120585307e-14 1.3042897077859047e-15
2889.67822265625 4.572253694905791e-14 1.336929804770994e-15
2892.3408203125 5.3385098533649533e-14 1.4159154153442206e-15
2895.00390625 5.3547362941289145e-14 1.9478217189129385e-15
2897.66650390625 5.536645767507606e-14 1.4253704206179467e-15
2900.329345703125 5.84740318231719e-14 1.462577401617276e-15
2902.9921875 6.290704312713127e-14 1.5040652871320284e-15
2905.65478515625 6.443740126985814e-14 2.33738953553061e-15
2908.31787109375 6.979253329778001e-14 1.574254142910664e-15
2910.98046875 6.751154810972354e-14 1.7047326862924925e-15
2913.643310546875 7.189511979461757e-14 1.793998841625663e-15
2916.30615234375 6.739363434720216e-14 1.531233339519618e-15
2918.96875 6.309720541192165e-14 1.492534204104582e-15
2921.6318359375 7.120508609820275e-14 2.617779252170175e-15
2924.29443359375 6.816349242856623e-14 2.714674103863673e-15
2926.957275390625 6.632282207154686e-14 1.5469297070651875e-15
2929.6201171875 6.725595422382366e-14 1.7677173150964934e-15
2932.282958984375 6.783581265072322e-14 1.578242185784574e-15
2934.94580078125 6.708153319932506e-14 1.5671750650539861e-15
2937.6083984375 6.685617500151037e-14 1.5540233962402054e-15
2940.271484375 6.873223778319781e-14 1.575161209318055e-15
2942.93408203125 6.586912411994314e-14 1.6423947671437202e-15
2945.596923828125 7.026664813154435e-14 1.6127875775053934e-15
2948.259765625 7.007263692904164e-14 1.6121193743891282e-15
2950.92236328125 7.538949662027478e-14 2.391542045914472e-15
2953.58544921875 7.457593841509597e-14 2.089947282956869e-15
2956.248046875 7.361254346967966e-14 1.6250455206807024e-15
2958.910888671875 7.743659907093539e-14 1.6568717248825987e-15
2961.57373046875 7.156337425862774e-14 1.6413412699155727e-15
2964.236328125 6.727857339164714e-14 1.6019627081977203e-15
2966.8994140625 6.723574740583396e-14 1.7131725225789343e-15
2969.56201171875 6.859932814937825e-14 1.7096265250243726e-15
2972.224853515625 7.290966197752088e-14 1.65520889332802e-15
2974.8876953125 7.291390391852073e-14 1.918833286842581e-15
2977.550537109375 7.416984371512794e-14 1.7089359814141235e-15
2980.21337890625 7.539228844086893e-14 1.707148212499825e-15
2982.8759765625 7.286249240675419e-14 1.692768451791644e-15
2985.5390625 6.942235279477557e-14 1.6775435639603399e-15
2988.20166015625 7.276204785173698e-14 1.87561279543422e-15
2990.864501953125 7.283209408834312e-14 1.721980606439195e-15
2993.52734375 7.178503261652883e-14 1.7211386556896242e-15
2996.18994140625 7.480095102346818e-14 1.7784900918779104e-15
2998.85302734375 7.458608248167228e-14 1.783940748893492e-15
3001.515625 7.116578376945015e-14 1.7232936133865576e-15
3004.178466796875 7.175669428224549e-14 1.7353325985450013e-15
3006.84130859375 7.325016922231711e-14 1.773841363305142e-15
3009.504150390625 7.368782098176804e-14 1.7751586054172409e-15
3012.1669921875 7.418687246549954e-14 1.807849947895639e-15
3014.82958984375 7.501548075208517e-14 1.826233103949899e-15
3017.49267578125 7.742725460346128e-14 1.8500451059213488e-15
3020.1552734375 8.619281232757209e-14 1.9336929975945e-15
3022.818115234375 8.822003322089475e-14 2.49751814959372e-15
3025.48095703125 9.204572190167279e-14 2.027581094083482e-15
3028.1435546875 9.413674131658264e-14 2.049279960609769e-15
3030.806640625 1.0060190663374949e-13 2.1855122929231776e-15
3033.46923828125 1.0287670509315922e-13 2.1088219298787732e-15
3036.132080078125 1.0323506779248356e-13 2.1348053008105094e-15
3038.794921875 1.0672478932506266e-13 2.1733321708998976e-15
3041.45751953125 1.1059476088832315e-13 2.2164622415411393e-15
3044.12060546875 1.0896186432513347e-13 2.2248349504665112e-15
3046.783203125 1.0992148489173681e-13 2.2422770529163718e-15
3049.446044921875 1.1005035587246387e-13 2.3112473459212636e-15
3052.10888671875 1.0523279838671462e-13 2.240407227685308e-15
3054.771728515625 1.0520609990821717e-13 5.728417753710947e-15
3057.4345703125 1.052698848772772e-13 4.9694554806638865e-15
3060.09716796875 1.0606765438831919e-13 3.0336770879532465e-15
3062.76025390625 1.1525226302835923e-13 3.136200897097723e-15
3065.4228515625 1.1431545814122313e-13 2.631467092839568e-15
3068.085693359375 1.221921327142217e-13 2.54686798316665e-15
3070.74853515625 1.181992871635007e-13 2.5115365448707787e-15
3073.4111328125 1.1522664875203426e-13 2.513750053720191e-15
3076.07421875 1.1583991415837352e-13 2.573057183104569e-15
3078.73681640625 1.1947921493317415e-13 2.6247283104694494e-15
3081.399658203125 1.235157538314463e-13 2.6516478645661383e-15
3084.0625 1.1922091731810663e-13 2.6514829048996606e-15
3086.72509765625 1.190680990218948e-13 2.7016929004305273e-15
3089.38818359375 1.1502909356368024e-13 2.7027694793064876e-15
3092.05078125 1.1418162693555695e-13 2.7150760209971453e-15
3094.713623046875 1.117028561661848e-13 2.725519513720317e-15
3097.37646484375 1.1726394594929745e-13 2.8366294840928737e-15
3100.039306640625 1.160981304582781e-13 3.197711582694383e-15
3102.7021484375 1.3745776706545337e-13 6.817198139276361e-15
3105.36474609375 1.3562347317246093e-13 3.0453369199886756e-15
3108.02783203125 1.3849708326799798e-13 3.1213881966743766e-15
3110.6904296875 1.5028198141215504e-13 3.168601177879621e-15
3113.353271484375 1.5407929110106827e-13 3.2334620905409084e-15
3116.01611328125 1.586750750324356e-13 3.331627491655288e-15
3118.6787109375 1.5572029885176086e-13 3.3991222532660627e-15
3121.341796875 1.5033888847368337e-13 3.4267596677855497e-15
3124.00439453125 1.4588571778557935e-13 3.3324469960317564e-15
3126.667236328125 1.437332105549624e-13 3.3458540452791343e-15
3129.330078125 1.4384709244065486e-13 3.3796330839409253e-15
3131.992919921875 1.421352727355718e-13 3.400293064557405e-15
3134.65576171875 1.5092920945154742e-13 3.5003164324415867e-15
3137.318359375 1.4806241627716987e-13 3.590945781424245e-15
3139.9814453125 1.473636073194215e-13 3.5608278309187235e-15
3142.64404296875 1.5257307678546994e-13 3.703753205823099e-15
3145.306884765625 1.526403379777455e-13 3.7473999665621656e-15
3147.9697265625 1.4683218562457773e-13 3.753303786204528e-15
3150.63232421875 1.3980267952410502e-13 3.638488470204208e-15
3153.29541015625 1.447446763142013e-13 3.735563528157234e-15
3155.9580078125 1.459175662243961e-13 3.773364914527299e-15
3158.620849609375 1.4538500611727123e-13 3.948829907133395e-15
3161.28369140625 1.4596321113585775e-13 3.90836629621011e-15
3163.9462890625 1.4785946718300774e-13 3.969165050614603e-15
3166.609375 1.5661896692747979e-13 4.132010099339558e-15
3169.27197265625 1.661326512556599e-13 4.330790520851776e-15
3171.934814453125 1.715986158506641e-13 4.417258185206337e-15
3174.59765625 1.7510950643066098e-13 4.502268105858673e-15
3177.260498046875 1.7515180386791507e-13 4.431585747509143e-15
3179.92333984375 1.7979754241437967e-13 4.536336194513714e-15
3182.5859375 1.7596818099874234e-13 4.562849172795721e-15
3185.2490234375 1.6806963264691388e-13 4.506598985317984e-15
3187.91162109375 1.6622468646757677e-13 4.619280625324171e-15
3190.574462890625 1.7653942001837064e-13 4.796345663167631e-15
3193.2373046875 1.881523365929172e-13 5.5354445900851045e-15
3195.89990234375 1.8415363635046478e-13 5.534252814728318e-15
3198.56298828125 1.8524672898076466e-13 5.365807184156118e-15
3201.2255859375 1.8590715718160705e-13 5.050948097002749e-15
3203.888427734375 1.9005496232783053e-13 5.284852010222288e-15
3206.55126953125 2.2114279266301218e-13 5.865720100394975e-15
3209.2138671875 2.2823024936960423e-13 6.19498382984935e-15
3211.876953125 1.9604965166477445e-13 5.515076412318954e-15
3214.53955078125 1.9930300357122455e-13 1.039849155675017e-14
3217.202392578125 2.1694649657462428e-13 6.457522538883768e-15
3219.865234375 2.2052139574037927e-13 8.975112828228573e-15
3222.528076171875 2.112674455951452e-13 6.86816030006439e-15
3225.19091796875 2.056043865977103e-13 5.979988656627843e-15
3227.853515625 2.1340683397947507e-13 7.466944407620926e-15
3230.5166015625 2.157212125944441e-13 8.065462970348498e-15
3233.17919921875 2.2547347561067965e-13 1.1877005353874443e-14
3235.842041015625 2.3058868725035764e-13 1.1964507245457601e-14
3238.5048828125 2.437096477316686e-13 1.2031582937517722e-14
3241.16748046875 2.3187989072262494e-13 1.2260780735682316e-14
3243.83056640625 2.294568343923914e-13 1.4536333901448047e-14
3246.4931640625 2.395028619872619e-13 1.1464900108112703e-14
3249.156005859375 2.3978036353330956e-13 8.053036997012278e-15
3251.81884765625 2.461833634084115e-13 1.0519758722709726e-14
3254.481689453125 2.794713245546365e-13 1.7104446317964782e-14
3257.14453125 2.8700777648590914e-13 1.4216795804294045e-14
3259.80712890625 2.8305621193290553e-13 8.638858535860508e-15
3262.47021484375 2.5744491716390983e-13 7.548190113855664e-15
3265.1328125 2.5328437264215964e-13 8.424104343512494e-15
3267.795654296875 2.4542591266565883e-13 8.056358213198462e-15
3270.45849609375 2.613595104228317e-13 7.956055959716397e-15
3273.12109375 2.589305180857038e-13 7.856633773466529e-15
3275.7841796875 2.886155127824336e-13 8.655585742502886e-15
3278.44677734375 3.0452417388963926e-13 8.939393448842859e-15
3281.109619140625 2.8586266925638426e-13 8.477167569526187e-15
3283.7724609375 2.8242561284433365e-13 8.508610279561214e-15
3286.43505859375 2.8697365122253016e-13 8.784660011137285e-15
3289.09814453125 2.917276338033903e-13 8.942286066357732e-15
3291.7607421875 3.195701082231439e-13 9.637076699804334e-15
3294.423583984375 3.1595030953492087e-13 9.663615936107706e-15
3297.08642578125 3.09989664146193e-13 9.346912858228165e-15
3299.749267578125 3.225224720539849e-13 9.577392217241954e-15
3302.412109375 3.2092639093081465e-13 9.617619505972955e-15
3305.07470703125 3.2524642159213746e-13 9.85112361964139e-15
3307.73779296875 3.186068759080535e-13 9.89353540634336e-15
3310.400390625 3.0812372510229113e-13 9.703839836706918e-15
3313.063232421875 3.143166065963654e-13 9.905066065854333e-15
3315.72607421875 3.426040375877071e-13 1.106701739256831e-14
3318.388671875 3.4184162662001527e-13 1.120205138501959e-14
3321.0517578125 3.754596731176535e-13 1.2232436472168345e-14
3323.71435546875 3.668321885402087e-13 1.2216089583319285e-14
3326.377197265625 3.681932688424927e-13 1.2108786602528163e-14
3329.0400390625 3.827323386603604e-13 1.2493450521897705e-14
3331.70263671875 3.7125348368444167e-13 1.2273232967039902e-14
3334.36572265625 3.592376504775452e-13 1.2083380696308217e-14
3337.0283203125 3.2542100524696194e-13 1.0903638289570111e-14
3339.691162109375 3.391279227923927e-13 1.2016306698313991e-14
3342.35400390625 3.8561637064928045e-13 1.2637085286895406e-14
3345.016845703125 4.160348010106424e-13 1.34123643791219e-14
3347.6796875 4.4214312116055976e-13 1.3985039966628744e-14
