wavelength flux error
1150.583251953125 -1.836471784106425e-14 5.193421579829764e-14
1152.2596435546875 -4.5036924764627756e-14 4.871832646503871e-14
1153.93603515625 -2.3694953876600422e-14 4.553088388628036e-14
1155.6123046875 -4.4596857267211257e-14 4.481452440586488e-14
1157.2886962890625 -8.091659158308232e-15 4.150319478824112e-14
1158.965087890625 -4.991544829378858e-15 3.8221453725530846e-14
1160.6414794921875 9.009378699076798e-15 3.4164481004439126e-14
1162.31787109375 8.98811986616661e-15 3.1733116975058914e-14
1163.9942626953125 1.1359641864856253e-14 2.956896134735133e-14
1165.670654296875 2.5223562049258262e-14 2.537099829812324e-14
1167.3470458984375 2.2832027203123842e-14 2.357178850980607e-14
1169.0234375 4.055466357698323e-14 2.264300671874636e-14
1170.6998291015625 3.046057533268552e-14 2.0496615066008597e-14
1172.376220703125 2.81277322464993e-15 1.8175065470108116e-14
1174.0526123046875 2.799036298421244e-14 1.7829733525644327e-14
1175.72900390625 1.4183276169472351e-14 1.6295514606743874e-14
1177.4053955078125 1.2410927489978508e-14 1.5195513575726183e-14
1179.081787109375 2.0030563985902125e-14 1.456203626919953e-14
1180.7581787109375 2.1365692892748138e-14 1.3251818601332267e-14
1182.4345703125 3.2936168034439564e-14 1.2942482168994997e-14
1184.1109619140625 1.2239172925197859e-14 1.1531234646343976e-14
1185.787353515625 1.5894795177859126e-14 1.0866879600758116e-14
1187.4637451171875 3.21642431926842e-14 1.0968793757938806e-14
1189.14013671875 2.3621118014588265e-14 1.0104782882289741e-14
1190.8165283203125 1.3332447667581404e-14 8.789278034765716e-15
1192.492919921875 2.3242731456390824e-14 8.831200236424173e-15
1194.169189453125 1.3564837085891252e-14 9.05356078463853e-15
1195.845703125 8.700830854413422e-15 7.48482357907157e-15
1197.52197265625 5.65886830192837e-15 7.800819384440154e-15
1199.1983642578125 1.5367090263587908e-14 7.235971228398887e-15
1200.874755859375 1.6425667995353076e-14 6.755295700941596e-15
1202.5511474609375 1.7444911211113648e-14 6.545427618149819e-15
1204.2275390625 2.1818891094912973e-14 6.5179761273622544e-15
1205.9039306640625 4.3777922096883276e-14 7.149226584270574e-15
1207.580322265625 5.5297102617354876e-14 1.1927214925888836e-14
1209.2567138671875 7.713155201344302e-14 9.98651251889757e-15
1210.93310546875 1.907713624658275e-13 2.944503026277266e-14
1212.6094970703125 2.1632467952364953e-13 2.232510678331235e-14
1214.285888671875 2.019430223086996e-13 2.346088140382438e-14
1215.9622802734375 2.13276919454157e-13 2.8376670994532602e-14
1217.638671875 2.244271120940139e-13 1.9091546648707797e-14
1219.3150634765625 1.9962723423090634e-13 2.1428910349733515e-14
1220.991455078125 1.385202174318534e-13 1.318284470843735e-14
1222.6678466796875 1.2486999010751648e-13 2.083429830295868e-14
1224.34423828125 7.272506300512807e-14 1.2495288583393247e-14
1226.0206298828125 2.2866438763638995e-14 4.644444703637675e-15
1227.697021484375 3.0639624545207925e-14 4.850255498612104e-15
1229.3734130859375 2.6043415403301066e-14 4.597894737471894e-15
1231.0498046875 2.3871356958195603e-14 4.380946729790492e-15
1232.7261962890625 2.5050140523637417e-14 4.3772477369098325e-15
1234.402587890625 2.1712173413888404e-14 4.191865259040809e-15
1236.078857421875 3.0365348500623404e-14 4.432947776488328e-15
1237.75537109375 3.354582846855532e-14 4.527966661961895e-15
1239.431640625 4.5070053917260766e-14 4.9246525199518176e-15
1241.1080322265625 5.798311863199762e-14 5.4111225998012755e-15
1242.784423828125 6.309349201948089e-14 5.549583687557147e-15
1244.4608154296875 7.095185035202803e-14 5.911311648780938e-15
1246.13720703125 5.374451494196027e-14 5.1529245111050625e-15
1247.8135986328125 3.031424192071787e-14 4.148025798306242e-15
1249.489990234375 2.880385342675547e-14 4.0542016528047776e-15
1251.1663818359375 2.3340008108185296e-14 3.662506089423603e-15
1252.8427734375 2.4363442442968883e-14 3.654045500829954e-15
1254.5191650390625 2.048150738636137e-14 3.489026542045871e-15
1256.195556640625 1.884446036173014e-14 3.4153022766245144e-15
1257.8719482421875 1.828461054711062e-14 3.3674843021366937e-15
1259.54833984375 1.7391719236091972e-14 3.302946320786547e-15
1261.2247314453125 1.6639140626851893e-14 3.2180590081533258e-15
1262.901123046875 1.4091077480196668e-14 3.0714433224560004e-15
1264.5775146484375 1.586674314071196e-14 3.1344769732918236e-15
1266.25390625 1.955714371915454e-14 3.241945549024134e-15
1267.9302978515625 2.2126582589266676e-14 3.289600469669608e-15
1269.606689453125 2.622127368749963e-14 3.492198045158628e-15
1271.2830810546875 2.326999067069936e-14 3.35609192075436e-15
1272.95947265625 2.1463567549803372e-14 3.2562669703380728e-15
1274.6358642578125 2.7044996288045492e-14 3.483007314164445e-15
1276.312255859375 2.8396345875831425e-14 3.5356781521653224e-15
1277.988525390625 2.0733946921565674e-14 3.1966968372235723e-15
1279.6650390625 2.5926352061858733e-14 3.444218075619645e-15
1281.34130859375 2.473197970205565e-14 3.338065365570894e-15
1283.0177001953125 2.5263863876888622e-14 3.3331580801909764e-15
1284.694091796875 2.846017150247293e-14 3.4324709991906486e-15
1286.3704833984375 2.29233542954968e-14 3.22365768417644e-15
1288.046875 2.4417196847867535e-14 3.2673220208491623e-15
1289.7232666015625 2.3860789375145658e-14 3.215377937117029e-15
1291.399658203125 2.3646186801695203e-14 3.1931757212618362e-15
1293.0760498046875 2.8219031386785e-14 3.396670516400235e-15
1294.75244140625 3.0726641933945253e-14 3.449866726586647e-15
1296.4288330078125 2.944476937662491e-14 3.3976568862673128e-15
1298.105224609375 2.656020714507986e-14 3.2415815366150513e-15
1299.7816162109375 2.7579353799084445e-14 3.3012619957709316e-15
1301.4580078125 2.5558783808463624e-14 3.2361152094899457e-15
1303.1343994140625 1.6085614760216575e-14 2.8047609282436147e-15
1304.810791015625 1.3654019490841763e-14 2.6654009267724696e-15
1306.4871826171875 1.4546777817687692e-14 2.7554348115932078e-15
1308.16357421875 2.91640728223002e-14 3.49607830309e-15
1309.8399658203125 2.8346425142052045e-14 3.367331624447951e-15
1311.516357421875 2.594214753225913e-14 3.5136961648764157e-15
1313.1927490234375 3.710323132175182e-14 3.6347073151276645e-15
1314.869140625 2.8758218679689196e-14 3.3458561628615024e-15
1316.5455322265625 2.380516980369715e-14 3.074167803930844e-15
1318.221923828125 2.4570775779666e-14 3.1141426768435633e-15
1319.898193359375 2.7352042343293387e-14 3.211264956883399e-15
1321.57470703125 2.449042284615767e-14 3.1580918283448e-15
1323.2509765625 2.9355149902673613e-14 3.403722489202601e-15
1324.927490234375 3.1957817875306535e-14 3.509196302344127e-15
1326.603759765625 2.610805587563783e-14 3.2966520189555e-15
1328.2801513671875 3.089626197569882e-14 3.4909728120004245e-15
1329.95654296875 2.854895071974055e-14 3.376998387958491e-15
1331.6329345703125 2.545754643060779e-14 3.2103980186618843e-15
1333.309326171875 2.3250520771373774e-14 3.1048869360706787e-15
1334.9857177734375 2.2207753756602056e-14 3.0003929282908888e-15
1336.662109375 1.5247130069465965e-14 2.6874951459268876e-15
1338.3385009765625 2.7310041367570835e-14 3.2166914734599837e-15
1340.014892578125 2.7954719837791978e-14 3.331269408476836e-15
1341.6912841796875 2.7426198383759606e-14 3.304098920869523e-15
1343.36767578125 3.4501467980306566e-14 3.608708485844641e-15
1345.0440673828125 2.836079929116695e-14 3.3197567484159925e-15
1346.720458984375 3.761507639111865e-14 3.712782153524356e-15
1348.3968505859375 3.229107112994248e-14 3.4624098022278255e-15
1350.0732421875 3.38167231576144e-14 3.903103680508819e-15
1351.7496337890625 3.7691241593735755e-14 3.775957258862371e-15
1353.426025390625 3.0607904855399146e-14 3.478724080308417e-15
1355.1024169921875 3.021125965499069e-14 3.4222659462421288e-15
1356.77880859375 2.270893806929474e-14 3.0965813545063767e-15
1358.4552001953125 1.966538267135238e-14 2.9483544003851368e-15
1360.131591796875 2.879332650128699e-14 3.3232497005322324e-15
1361.807861328125 3.7828654054702926e-14 3.728786417546252e-15
1363.484375 3.402044135769264e-14 3.628997889546697e-15
1365.16064453125 2.9487520823538726e-14 3.4470876114867056e-15
1366.837158203125 3.4240771567932426e-14 3.670448293853533e-15
1368.513427734375 3.282504408802338e-14 3.6012440079969624e-15
1370.1898193359375 2.9845236389691374e-14 3.4945305621371294e-15
1371.8662109375 2.6508153582339294e-14 3.278342766525888e-15
1373.5426025390625 2.0306922037470997e-14 3.012247789662423e-15
1375.218994140625 2.7458304320592333e-14 3.3561310960281707e-15
1376.8953857421875 2.6504411390778325e-14 3.3187240034950527e-15
1378.57177734375 2.854412940820478e-14 3.430328217592332e-15
1380.2481689453125 2.88721446110949e-14 3.4094844308262982e-15
1381.924560546875 3.0423329599928856e-14 3.528389857170673e-15
1383.6009521484375 3.928453428444362e-14 3.938120446064786e-15
1385.27734375 3.350728169319167e-14 3.626337359059371e-15
1386.9537353515625 3.272612080417944e-14 3.624350643281586e-15
1388.630126953125 3.2330617404183887e-14 3.530789925026718e-15
1390.3065185546875 2.849105771186161e-14 3.5416698514759625e-15
1391.98291015625 3.310893565062513e-14 3.691169260842215e-15
1393.6593017578125 2.8248833394001194e-14 3.5001813306864997e-15
1395.335693359375 2.9984925675220764e-14 3.565514040699408e-15
1397.0120849609375 2.460028640754834e-14 3.345036658485034e-15
1398.6884765625 3.0492894721820957e-14 3.5992721152957544e-15
1400.3648681640625 3.131302251453867e-14 3.632280142217307e-15
1402.041259765625 3.688931484498864e-14 3.8636539680233974e-15
1403.717529296875 3.4702634917147673e-14 3.7912148633412624e-15
1405.39404296875 3.3853945173448544e-14 3.8538114451763025e-15
1407.0703125 3.4803330193917265e-14 3.9064952004296254e-15
1408.746826171875 3.694107194619767e-14 4.0192323210938574e-15
1410.423095703125 2.974940647017081e-14 3.693759064078445e-15
1412.0994873046875 3.634300231093214e-14 4.010230054930439e-15
1413.77587890625 3.59869198243018e-14 3.9734400258993954e-15
1415.4522705078125 3.336259152514169e-14 3.782695405957779e-15
1417.128662109375 3.626606461426714e-14 3.933510469249354e-15
1418.8050537109375 3.010690180775717e-14 3.630961735434906e-15
1420.4814453125 3.245984413874879e-14 3.912809831051406e-15
1422.1578369140625 3.4774995247765714e-14 4.047387272744117e-15
1423.834228515625 3.506460258869554e-14 4.0589814597261336e-15
1425.5106201171875 4.2224721169634855e-14 4.293240279750572e-15
1427.18701171875 3.104632572076618e-14 3.828401727308094e-15
1428.8634033203125 3.2078059284366967e-14 3.926173046343764e-15
1430.539794921875 3.6033919988479046e-14 4.058547355340666e-15
1432.2161865234375 4.0487321069544724e-14 4.477578365995631e-15
1433.892578125 2.6948343052500198e-14 4.2826587206569976e-15
1435.5689697265625 3.395466755527245e-14 4.056092653859523e-15
1437.245361328125 3.415956482521326e-14 4.101950170590923e-15
1438.9217529296875 4.419245324500595e-14 4.510743094012426e-15
1440.59814453125 3.850023259726297e-14 4.239213130242904e-15
1442.2745361328125 3.2885559509907014e-14 3.987910313253814e-15
1443.950927734375 3.6242489993279156e-14 4.096966652245753e-15
1445.627197265625 3.231588919529703e-14 3.954868405014371e-15
1447.3037109375 3.097592711845398e-14 3.9256190867962594e-15
1448.97998046875 4.030597131553758e-14 4.3484575105491325e-15
1450.656494140625 5.202616969505157e-14 4.8001522292325915e-15
1452.332763671875 4.0467015995733144e-14 4.3123713658972575e-15
1454.0091552734375 3.1576944428375955e-14 3.954571519966359e-15
1455.685546875 3.3123013338208496e-14 4.0104189432776764e-15
1457.3619384765625 3.593103936670554e-14 4.106267921039552e-15
1459.038330078125 3.710810006713264e-14 4.14192123185538e-15
1460.7147216796875 3.6877713881743046e-14 4.10855152186535e-15
1462.39111328125 4.7783432484231614e-14 4.735478722610884e-15
1464.0675048828125 4.7141378122081065e-14 4.554809559576857e-15
1465.743896484375 3.4534227826574573e-14 4.0551537178374914e-15
1467.4202880859375 3.139662466643267e-14 3.888676168318237e-15
1469.0966796875 3.666031101736897e-14 4.177256481799514e-15
1470.7730712890625 2.6012449572815344e-14 4.26226174377064e-15
1472.449462890625 3.3914474147859336e-14 4.090716819644437e-15
1474.1258544921875 4.171350629278078e-14 4.4242805118555485e-15
1475.80224609375 4.309301125573345e-14 4.4979952481562484e-15
1477.4786376953125 3.792813299216026e-14 4.250338908005089e-15
1479.155029296875 3.964119952974167e-14 4.3277013916931395e-15
1480.8314208984375 4.2189074635082605e-14 4.451050141120573e-15
1482.5078125 4.1569913879430445e-14 4.4671319086571435e-15
1484.1842041015625 4.1271056938716605e-14 4.4355020043407734e-15
1485.860595703125 4.7061258969666175e-14 4.614130241488391e-15
1487.536865234375 4.028861391638244e-14 4.2825486063738545e-15
1489.21337890625 4.2522927589045204e-14 4.412523271031185e-15
1490.8896484375 3.6102631301160315e-14 4.221475413294451e-15
1492.566162109375 4.741380763484057e-14 4.707482166121761e-15
1494.242431640625 3.7913814747219873e-14 5.014072941160507e-15
1495.9188232421875 3.342972396840928e-14 4.032259264306155e-15
1497.59521484375 3.4840250666022185e-14 4.423300918252049e-15
1499.2716064453125 3.109907893272118e-14 3.9690066554534664e-15
1500.947998046875 3.662069698049178e-14 4.1440337320258324e-15
1502.6243896484375 3.588221977575759e-14 4.25523137030843e-15
1504.30078125 4.156782679024841e-14 4.3491139610832546e-15
1505.9771728515625 4.655913445040204e-14 4.57021793592036e-15
1507.653564453125 5.593276018668776e-14 4.955167305393127e-15
1509.3299560546875 4.267360119783459e-14 4.411495396549692e-15
1511.00634765625 3.17627360231585e-14 3.991667327891361e-15
1512.6827392578125 3.0986260920410486e-14 4.993429477686499e-15
1514.359130859375 4.4947434039684445e-14 4.77694310296135e-15
1516.0355224609375 4.625119392836184e-14 5.213346759364501e-15
1517.7119140625 3.997731575573933e-14 4.403808572553359e-15
1519.3883056640625 4.517740348486399e-14 4.628998210811546e-15
1521.064697265625 3.774042710291692e-14 4.3338169695723155e-15
1522.7410888671875 3.9871738181061767e-14 4.460312869915273e-15
1524.41748046875 3.842500929528321e-14 4.402397839179707e-15
1526.0938720703125 2.3461015235030046e-14 3.729018081057326e-15
1527.770263671875 2.3900820152232896e-14 6.142009118778645e-15
1529.446533203125 2.5293816655969428e-14 3.78163534422429e-15
1531.123046875 2.31720939907875e-14 3.6905975136028186e-15
1532.79931640625 3.9917796444601666e-14 4.392821708194524e-15
1534.475830078125 3.5579791744138126e-14 4.457854356785867e-15
1536.152099609375 3.6153788703042686e-14 4.262110124873082e-15
1537.8284912109375 4.1338040304185475e-14 6.299320924775661e-15
1539.5048828125 4.434704692227523e-14 4.5227620680174906e-15
1541.1812744140625 3.6082529515256076e-14 4.214855003778712e-15
1542.857666015625 3.873314971709896e-14 4.3227818243354865e-15
1544.5340576171875 3.4323587673251374e-14 4.15124706460465e-15
1546.21044921875 4.919909220150488e-14 4.721383247335625e-15
1547.8868408203125 3.8425304062748855e-14 7.051265953371194e-15
1549.563232421875 3.833890331399713e-14 4.405957918657017e-15
1551.2396240234375 2.904851381137219e-14 4.214234552144848e-15
1552.916015625 3.533800788341028e-14 4.162241128743537e-15
1554.5924072265625 3.819985099724407e-14 4.2609111497362434e-15
1556.268798828125 4.36738285239293e-14 4.442805122412e-15
1557.9451904296875 4.181577366270048e-14 4.406773611385223e-15
1559.62158203125 4.5877964106747285e-14 4.5344312174153394e-15
1561.2979736328125 4.629033023865678e-14 4.530225275315748e-15
1562.974365234375 3.669008930766264e-14 4.151657452067595e-15
1564.650634765625 4.842993207528935e-14 4.616118227815597e-15
1566.3271484375 4.075050098252021e-14 4.215594463541665e-15
1568.00341796875 4.079357430195399e-14 4.697787450523962e-15
1569.679931640625 5.301950556108742e-14 7.3390043161029e-15
1571.356201171875 4.647780912307026e-14 4.930042190595197e-15
1573.03271484375 3.659422550682419e-14 4.108272000992756e-15
1574.708984375 3.926490344885805e-14 4.194748559193263e-15
1576.385498046875 4.7527459127571364e-14 4.524328231936964e-15
1578.061767578125 4.81644583970927e-14 7.0605566342531526e-15
1579.73828125 5.1039257726887693e-14 5.0619862068548935e-15
1581.41455078125 3.6750780912399306e-14 4.048571424804378e-15
1583.091064453125 4.076161744291998e-14 4.174597221861609e-15
1584.767333984375 5.321371327523389e-14 5.009283816876731e-15
1586.4437255859375 4.281570283319776e-14 4.668243364840206e-15
1588.1201171875 3.6942152760238364e-14 4.218285487215092e-15
1589.7965087890625 4.0553294771740467e-14 4.1515786780035e-15
1591.472900390625 3.828980589624248e-14 4.6016678457354385e-15
1593.1492919921875 4.2100027755403654e-14 4.657848576511501e-15
1594.82568359375 3.817806869797248e-14 4.043688703379931e-15
1596.5020751953125 3.88660051408099e-14 4.0561214529797295e-15
1598.178466796875 3.69606214666203e-14 3.946660655755477e-15
1599.8548583984375 3.889097228396317e-14 3.9843570100400825e-15
1601.53125 3.5058473458289205e-14 4.036441912999697e-15
1603.2076416015625 4.20701817024742e-14 4.103413420007305e-15
1604.884033203125 3.398234520385693e-14 3.8872112248359604e-15
1606.560302734375 4.310227779617641e-14 4.172457193120371e-15
1608.23681640625 3.5741957895955856e-14 4.280353096974571e-15
1609.9130859375 3.9527107579878304e-14 4.052054000767014e-15
1611.589599609375 4.1789725705506514e-14 4.0804715326309225e-15
1613.265869140625 3.590672952111934e-14 3.825174108262582e-15
1614.9423828125 3.782768504901127e-14 3.881702546063492e-15
1616.61865234375 4.341781450968758e-14 4.296665257472795e-15
1618.295166015625 4.303035792269094e-14 4.516773545080403e-15
1619.971435546875 3.4058581557241605e-14 3.749764035517952e-15
1621.64794921875 3.9824378874914884e-14 5.298286376282215e-15
1623.32421875 5.0247888396795157e-14 7.227646588593272e-15
1625.000732421875 3.680075585628731e-14 4.638587047290938e-15
1626.677001953125 4.582017613095381e-14 4.023652986045578e-15
1628.3533935546875 3.918478090831137e-14 3.788324363408757e-15
1630.02978515625 4.3036110970468694e-14 4.017450163772834e-15
1631.7061767578125 4.482755177259365e-14 4.060569222985762e-15
1633.382568359375 3.782791205384113e-14 3.802250432094565e-15
1635.0589599609375 4.2916130447556017e-14 3.8767927195847325e-15
1636.7353515625 4.7034302993152755e-14 4.064492679597444e-15
1638.4117431640625 4.54834568174977e-14 4.453680178421798e-15
1640.088134765625 4.8946137670268647e-14 4.5716066464373834e-15
1641.7645263671875 5.108836192090592e-14 4.480497665048343e-15
1643.44091796875 4.9501974242784075e-14 4.025630384460943e-15
1645.1173095703125 5.144478322071516e-14 4.125572648940425e-15
1646.793701171875 4.6373051476285634e-14 3.949823053264051e-15
1648.469970703125 5.592639049892441e-14 4.232839207314815e-15
1650.146484375 5.1061077295608964e-14 4.0481178386611236e-15
1651.82275390625 3.681520623836747e-14 3.544951892388336e-15
1653.499267578125 4.071682295253738e-14 3.668900341142426e-15
1655.175537109375 4.2597422442690325e-14 3.726561261993815e-15
1656.85205078125 4.459405528222174e-14 3.771352787761096e-15
1658.5283203125 4.275101662108184e-14 4.8951410450365305e-15
1660.204833984375 4.4484205273358224e-14 3.891104188261541e-15
1661.881103515625 4.8477464176157475e-14 3.821514078897496e-15
1663.5576171875 4.742523241523314e-14 3.750716100550666e-15
1665.23388671875 4.999011255402315e-14 3.8863489452956555e-15
1666.910400390625 5.051223043897428e-14 3.938900563409207e-15
1668.586669921875 4.7524596156209645e-14 3.776327412260321e-15
1670.2630615234375 4.1827743932311076e-14 3.529529963517677e-15
1671.939453125 3.835653853995896e-14 3.401936520233315e-15
1673.6158447265625 4.0262027246234025e-14 3.422391942393033e-15
1675.292236328125 3.778293460434193e-14 3.301873765317086e-15
1676.9686279296875 4.7076803718314186e-14 3.816275180118728e-15
1678.64501953125 4.793309642974787e-14 3.6443351151226305e-15
1680.3214111328125 4.36523884259684e-14 3.4881117464628363e-15
1681.997802734375 4.668420055913003e-14 4.13525635310991e-15
1683.6741943359375 4.7260071154913916e-14 3.563380788221748e-15
1685.3505859375 4.944665960319658e-14 5.054462436700907e-15
1687.0269775390625 4.688677695879537e-14 3.535908121610502e-15
1688.703369140625 5.0687061427419355e-14 3.638145845377043e-15
1690.379638671875 4.9089208311323476e-14 3.594305114093055e-15
1692.05615234375 4.350945331018513e-14 3.3615607889783076e-15
1693.732421875 4.480620993045463e-14 3.387417528484429e-15
1695.408935546875 5.46179448239828e-14 3.63178420442669e-15
1697.085205078125 4.808503719982635e-14 3.434124195745452e-15
1698.76171875 5.1523204919103754e-14 3.501711072189241e-15
1700.43798828125 4.716318075014339e-14 3.3769407897180775e-15
1702.114501953125 5.5161241920747076e-14 3.558573452729606e-15
1703.790771484375 4.828376468177936e-14 3.3653328384506678e-15
1705.46728515625 4.743563059169363e-14 3.3514239221820417e-15
1707.1435546875 4.631294601834847e-14 3.2977580322263774e-15
1708.820068359375 4.7616502619118525e-14 3.3192760572184257e-15
1710.496337890625 4.5354982248189957e-14 3.245871123218184e-15
1712.1727294921875 4.9516665182221253e-14 3.3407002733115655e-15
1713.84912109375 5.3382089872620886e-14 3.4354085094517265e-15
1715.5255126953125 5.282042232529656e-14 3.633542221308716e-15
1717.201904296875 5.363346892257523e-14 3.38749058507613e-15
1718.8782958984375 5.4053038222668173e-14 3.3870310697022444e-15
1720.5546875 5.376760167197063e-14 3.320158453791228e-15
1722.2310791015625 5.161144203528513e-14 3.254348228954305e-15
1723.907470703125 5.2175664233978375e-14 3.2428480626294333e-15
1725.5838623046875 4.9639796667697716e-14 3.227351383101179e-15
1727.26025390625 4.5895135158654024e-14 3.1206999824047324e-15
1728.9366455078125 5.528022633291378e-14 3.3374127266850347e-15
1730.613037109375 5.105357935995987e-14 3.230939838182222e-15
1732.289306640625 5.588318504235086e-14 3.445718382727469e-15
1733.9658203125 5.808527080543649e-14 3.4140005987428213e-15
1735.64208984375 5.812791383213306e-14 3.3426586134856174e-15
1737.318603515625 5.842637436142759e-14 3.3225341694500393e-15
1738.994873046875 6.536066718236533e-14 3.87888362041503e-15
1740.67138671875 5.712778476186023e-14 3.2155083801909063e-15
1742.34765625 5.849280884954663e-14 3.2294469426126862e-15
1744.024169921875 5.5380460823760067e-14 3.139553877019429e-15
1745.700439453125 6.302004409855858e-14 3.3110102862026446e-15
1747.376953125 6.280477575721158e-14 4.573401932769089e-15
1749.05322265625 6.511920180602565e-14 3.3109891103789632e-15
1750.729736328125 6.240076814642559e-14 3.234149881294079e-15
1752.406005859375 5.931206589239457e-14 3.1465211465270693e-15
1754.0823974609375 5.305115410012863e-14 2.9928359120937227e-15
1755.7587890625 5.692620447294086e-14 3.290820408871891e-15
1757.4351806640625 6.342731786838918e-14 4.0959036258969485e-15
1759.111572265625 6.05007783780441e-14 3.1697510251055185e-15
1760.7879638671875 5.857228086878982e-14 3.088738676447749e-15
1762.46435546875 5.787812042785598e-14 3.055041376465368e-15
1764.1407470703125 5.2885664191025875e-14 2.953088679285578e-15
1765.817138671875 5.762602987022594e-14 3.0283189692871526e-15
1767.4935302734375 6.046686995509962e-14 3.0598764522865324e-15
1769.169921875 5.477435792802278e-14 2.938597004349241e-15
1770.8463134765625 5.662393907164727e-14 2.9364878923105776e-15
1772.522705078125 5.2440568706034474e-14 2.836317775968284e-15
1774.198974609375 5.685448449923095e-14 2.9027592521091482e-15
1775.87548828125 5.758201803828661e-14 2.9508696647220084e-15
1777.5517578125 5.479079036719951e-14 2.855990539684739e-15
1779.228271484375 5.592189783617217e-14 2.8631096398481744e-15
1780.904541015625 5.2798717953056115e-14 2.7847317754146027e-15
1782.5810546875 5.4839220322991725e-14 2.8122249825748196e-15
1784.25732421875 6.177533257070017e-14 3.069356021515729e-15
1785.933837890625 6.026932154300918e-14 2.826333375102524e-15
1787.610107421875 6.025019215092839e-14 2.8073683074135002e-15
1789.28662109375 5.521641087066764e-14 3.3450040477165646e-15
1790.962890625 5.5758752514267415e-14 2.731715983245956e-15
1792.639404296875 6.064297149296557e-14 3.095931044961122e-15
1794.315673828125 5.4101329265057035e-14 2.73238958619726e-15
1795.9920654296875 5.4107607473262084e-14 2.7770430455941386e-15
1797.66845703125 5.2140464932822275e-14 2.6391587872753473e-15
1799.3448486328125 5.952194032793345e-14 2.737438537837606e-15
1801.021240234375 5.818787698853509e-14 2.6932028774419607e-15
1802.6976318359375 5.4614241595937404e-14 2.631214888779523e-15
1804.3740234375 5.638719675102148e-14 2.643933088482546e-15
1806.0504150390625 5.793874088182507e-14 2.6827098332913744e-15
1807.726806640625 5.26571550306474e-14 2.592384145620307e-15
1809.4031982421875 5.4184660366407914e-14 2.6073251715351626e-15
1811.07958984375 5.668333302190874e-14 2.649563951757656e-15
1812.7559814453125 5.794231874899428e-14 2.6603392696379147e-15
1814.432373046875 6.102412954296643e-14 2.6969569274641917e-15
1816.108642578125 5.89341197913297e-14 2.6531881939807203e-15
1817.78515625 5.806088980908272e-14 2.635860440978739e-15
1819.46142578125 5.832764420109562e-14 2.6344922710106865e-15
1821.137939453125 6.065789960162798e-14 2.6798735434674934e-15
1822.814208984375 5.879229937090502e-14 2.6483658236537647e-15
1824.49072265625 6.159542954896693e-14 2.6811061881639852e-15
1826.1669921875 5.990601217127287e-14 2.683351884265393e-15
1827.843505859375 6.33174881883164e-14 2.723700086949615e-15
1829.519775390625 6.40506528024054e-14 2.7274100912585888e-15
1831.1962890625 5.904786615175059e-14 2.6122220807614765e-15
1832.87255859375 6.284594155844814e-14 2.654496012851281e-15
1834.549072265625 6.629459893374434e-14 2.684176682597782e-15
1836.225341796875 6.636611561954692e-14 2.6448423783514237e-15
1837.9017333984375 6.554168151132536e-14 2.6287313881781732e-15
1839.578125 6.483434801399582e-14 2.6116505452803166e-15
1841.2545166015625 6.444894802299511e-14 2.6218831267996222e-15
1842.930908203125 6.332423734684012e-14 2.5986598127265143e-15
1844.6072998046875 6.355900099850112e-14 2.593120217251471e-15
1846.28369140625 6.275829736532984e-14 2.534212887418197e-15
1847.9600830078125 6.033887311237413e-14 2.5025258083778874e-15
1849.636474609375 5.891530888363708e-14 2.479246378372024e-15
1851.3128662109375 6.195216594503256e-14 2.5488720631198537e-15
1852.9892578125 6.150885600549397e-14 2.5399204071750335e-15
1854.6656494140625 5.5439759906331446e-14 2.468373651702831e-15
1856.342041015625 6.108249350116404e-14 2.531421278582284e-15
1858.018310546875 6.553951310698039e-14 2.5780193138678215e-15
1859.69482421875 6.265485092554757e-14 2.5529318920360436e-15
1861.37109375 6.516126207405451e-14 2.5726167259719967e-15
1863.047607421875 5.941336425662261e-14 2.5159324341087917e-15
1864.723876953125 6.020778629345705e-14 2.5269267100059157e-15
1866.400390625 5.609524482289366e-14 2.4941619932984617e-15
1868.07666015625 6.377392375040564e-14 2.587326088375778e-15
1869.753173828125 6.419266973447385e-14 2.596309719814357e-15
1871.429443359375 6.186021882454221e-14 2.595106085996309e-15
1873.10595703125 6.067931937079815e-14 2.582559833981578e-15
1874.7822265625 6.194705664229472e-14 2.5953021741235982e-15
1876.458740234375 5.898047621046704e-14 2.5393681416934237e-15
1878.135009765625 6.257628014936026e-14 2.5771278116908363e-15
1879.8114013671875 6.559850725769076e-14 2.6043194751218307e-15
1881.48779296875 6.679124484390564e-14 2.6070854612110896e-15
1883.1641845703125 6.527441889954411e-14 2.5841700436143086e-15
1884.840576171875 6.350546851623465e-14 2.554077504097205e-15
1886.5169677734375 6.082871565390308e-14 2.5333069856811087e-15
1888.193359375 6.102289626299523e-14 2.529197181821031e-15
1889.8697509765625 6.108591551427095e-14 2.523249528223648e-15
1891.546142578125 6.287494396656212e-14 2.528583506450745e-15
1893.2225341796875 6.245587272184216e-14 2.5217754791371887e-15
1894.89892578125 6.243767845413514e-14 2.520453048948288e-15
1896.5753173828125 6.00774922973786e-14 2.4976062410202345e-15
1898.251708984375 6.002266554876873e-14 2.4971499020199012e-15
1899.927978515625 5.959073295577766e-14 2.4928626447573736e-15
1901.6044921875 6.450244662394369e-14 2.5476559355658334e-15
1903.28076171875 6.700791587181329e-14 2.574118091871005e-15
1904.957275390625 6.517400144958121e-14 2.5592975563928965e-15
1906.633544921875 6.711338163814182e-14 2.564000706832526e-15
1908.31005859375 6.394802629051607e-14 2.5296520385137064e-15
1909.986328125 6.48561946877714e-14 2.542046248114405e-15
1911.662841796875 6.587556834660585e-14 2.5840112249366984e-15
1913.339111328125 6.810054771618987e-14 2.6072228923067816e-15
1915.015625 7.018853136501677e-14 2.6569168330145337e-15
1916.69189453125 6.803092160792557e-14 2.6352649768168193e-15
1918.368408203125 7.243740383997693e-14 2.744345032731281e-15
1920.044677734375 7.194000576455847e-14 2.8774899299519475e-15
1921.7210693359375 6.881734087747435e-14 2.71277632654535e-15
1923.3974609375 6.728662359277784e-14 3.121501275572835e-15
1925.0738525390625 6.618664627868268e-14 3.066159530931028e-15
1926.750244140625 6.449586009574584e-14 3.0453517430652525e-15
1928.4266357421875 6.239423582833636e-14 3.687719719164522e-15
1930.10302734375 6.216944006039865e-14 2.526223037384984e-15
1931.7794189453125 6.251845829224889e-14 2.50310581418852e-15
1933.455810546875 6.134700494993262e-14 2.482042857647384e-15
1935.1322021484375 6.617753220417022e-14 2.5459326470346445e-15
1936.80859375 6.868123962350953e-14 2.5623369223658817e-15
1938.4849853515625 6.652004522298555e-14 2.5336176350145142e-15
1940.161376953125 6.426605666902396e-14 2.504012139442082e-15
1941.837646484375 6.479911144339004e-14 2.499298189332375e-15
1943.51416015625 6.692555038802228e-14 2.5110264192782948e-15
1945.1904296875 6.640096594312875e-14 2.4771957116067212e-15
1946.866943359375 6.451452870190333e-14 2.4469422358296394e-15
1948.543212890625 6.212624138008868e-14 2.4084251066191446e-15
1950.2197265625 6.242538631200459e-14 2.433440107133932e-15
1951.89599609375 6.099531687023263e-14 2.4059727344786066e-15
1953.572509765625 6.155204790954036e-14 2.4003602941700996e-15
1955.248779296875 5.983954380183593e-14 2.3703274704757775e-15
1956.92529296875 5.939786694181964e-14 2.357085592653114e-15
1958.6015625 6.093802356168035e-14 2.368063986682477e-15
1960.278076171875 5.800936987709893e-14 2.2966957434039084e-15
1961.954345703125 5.997815227332462e-14 2.3111725952636684e-15
1963.6307373046875 6.083789749105131e-14 2.317786440274067e-15
1965.30712890625 6.436694845743732e-14 2.3734394695239898e-15
1966.9835205078125 6.361680930308533e-14 2.3614901639788365e-15
1968.659912109375 5.991328987835567e-14 2.319301358700231e-15
1970.3363037109375 5.757111503018955e-14 2.268384090658407e-15
1972.0126953125 5.875716444425291e-14 2.284851258185978e-15
1973.6890869140625 5.827079812593949e-14 2.2847667666494893e-15
1975.365478515625 5.798407408516212e-14 2.275141719511602e-15
1977.0418701171875 5.884826453179601e-14 2.2882709419522803e-15
1978.71826171875 5.843954741782328e-14 2.2845367972043097e-15
