wavelength flux error
901.1506958007812 0.0 0.0
902.8939819335938 0.0 0.0
904.6372680664062 0.0 0.0
906.380615234375 0.0 0.0
908.1239624023438 0.0 0.0
909.8673706054688 0.0 0.0
911.6107788085938 0.0 0.0
913.3541870117188 0.0 0.0
915.0975952148438 0.0 0.0
916.841064453125 0.0 0.0
918.5845947265625 0.0 0.0
920.3280639648438 0.0 0.0
922.0715942382812 0.0 0.0
923.815185546875 0.0 0.0
925.5587768554688 0.0 0.0
927.3023681640625 0.0 0.0
929.0459594726562 0.0 0.0
930.7896118164062 0.0 0.0
932.5333251953125 0.0 0.0
934.2769775390625 0.0 0.0
936.0206909179688 0.0 0.0
937.764404296875 0.0 0.0
939.5081787109375 0.0 0.0
941.251953125 0.0 0.0
942.9957275390625 0.0 0.0
944.7395629882812 0.0 0.0
946.4833984375 0.0 0.0
948.227294921875 0.0 0.0
949.9711303710938 0.0 0.0
951.7150268554688 0.0 0.0
953.458984375 0.0 0.0
955.2029418945312 0.0 0.0
956.9468994140625 0.0 0.0
958.6908569335938 0.0 0.0
960.4348754882812 0.0 0.0
962.1788940429688 0.0 0.0
963.9229125976562 0.0 0.0
965.6669921875 0.0 0.0
967.4110717773438 0.0 0.0
969.1552124023438 0.0 0.0
970.8992919921875 0.0 0.0
972.6434326171875 0.0 0.0
974.3876342773438 0.0 0.0
976.1318359375 0.0 0.0
977.8760375976562 0.0 0.0
979.6202392578125 0.0 0.0
981.364501953125 0.0 0.0
983.1087646484375 0.0 0.0
984.85302734375 0.0 0.0
986.5973510742188 0.0 0.0
988.3416748046875 0.0 0.0
990.0859985351562 0.0 0.0
991.830322265625 0.0 0.0
993.57470703125 0.0 0.0
995.319091796875 0.0 0.0
997.0635375976562 0.0 0.0
998.8079833984375 0.0 0.0
1000.5524291992188 0.0 0.0
1002.296875 0.0 0.0
1004.0413818359375 0.0 0.0
1005.785888671875 0.0 0.0
1007.5303955078125 0.0 0.0
1009.2749633789062 0.0 0.0
1011.0194702148438 0.0 0.0
1012.7640991210938 0.0 0.0
1014.5086669921875 0.0 0.0
1016.2532958984375 0.0 0.0
1017.9979248046875 0.0 0.0
1019.7425537109375 0.0 0.0
1021.4872436523438 0.0 0.0
1023.23193359375 0.0 0.0
1024.9765625 0.0 0.0
1026.7213134765625 0.0 0.0
1028.466064453125 0.0 0.0
1030.2108154296875 0.0 0.0
1031.95556640625 0.0 0.0
1033.7003173828125 0.0 0.0
1035.4451904296875 0.0 0.0
1037.18994140625 0.0 0.0
1038.934814453125 0.0 0.0
1040.6796875 0.0 0.0
1042.424560546875 0.0 0.0
1044.16943359375 0.0 0.0
1045.914306640625 0.0 0.0
1047.6591796875 0.0 0.0
1049.4041748046875 0.0 0.0
1051.149169921875 0.0 0.0
1052.89404296875 0.0 0.0
1054.6390380859375 0.0 0.0
1056.384033203125 0.0 0.0
1058.1290283203125 0.0 0.0
1059.8740234375 0.0 0.0
1061.619140625 0.0 0.0
1063.3641357421875 0.0 0.0
1065.1092529296875 0.0 0.0
1066.8543701171875 0.0 0.0
1068.5994873046875 0.0 0.0
1070.3446044921875 0.0 0.0
1072.0897216796875 0.0 0.0
1073.8348388671875 0.0 0.0
1075.5799560546875 0.0 0.0
1077.3251953125 0.0 0.0
1079.0703125 0.0 0.0
1080.8155517578125 0.0 0.0
1082.560791015625 0.0 0.0
1084.3060302734375 0.0 0.0
1086.05126953125 0.0 0.0
1087.7965087890625 0.0 0.0
1089.541748046875 0.0 0.0
1091.287109375 0.0 0.0
1093.0323486328125 0.0 0.0
1094.7777099609375 0.0 0.0
1096.5230712890625 0.0 0.0
1098.2684326171875 0.0 0.0
1100.0137939453125 0.0 0.0
1101.7591552734375 0.0 0.0
1103.5045166015625 0.0 0.0
1105.2498779296875 0.0 0.0
1106.995361328125 0.0 0.0
1108.74072265625 0.0 0.0
1110.4862060546875 0.0 0.0
1112.2315673828125 0.0 0.0
1113.97705078125 0.0 0.0
1115.7225341796875 0.0 0.0
1117.468017578125 0.0 0.0
1119.2135009765625 0.0 0.0
1120.9591064453125 0.0 0.0
1122.70458984375 0.0 0.0
1124.4500732421875 0.0 0.0
1126.1956787109375 0.0 0.0
1127.9412841796875 0.0 0.0
1129.686767578125 0.0 0.0
1131.432373046875 0.0 0.0
1133.177978515625 0.0 0.0
1134.923583984375 0.0 0.0
1136.669189453125 0.0 0.0
1138.414794921875 7.167807099001545e-15 4.4877516552086286e-15
1140.1605224609375 8.32215122281623e-15 4.073239565327265e-15
1141.9061279296875 -2.3549665279773207e-16 3.0782564319672403e-15
1143.65185546875 3.701043970941306e-15 2.977100157516106e-15
1145.3974609375 1.192724986599791e-15 2.4818999208375348e-15
1147.1431884765625 -7.694884573617084e-16 2.0572477877863534e-15
1148.888916015625 1.1939580548127565e-15 1.948532167797448e-15
1150.634521484375 -3.6459109140418787e-16 1.6215586036742117e-15
1152.3802490234375 5.143325933746777e-16 1.495378540741462e-15
1154.1259765625 2.7007934043801025e-16 1.3134625452090767e-15
1155.871826171875 1.7261807251872738e-15 1.2686054802675019e-15
1157.6175537109375 6.550649470390523e-16 1.0718276564008295e-15
1159.36328125 5.883692021953343e-17 9.21313713322003e-16
1161.1090087890625 4.065731412343244e-16 8.511137402359347e-16
1162.8548583984375 2.5938621122341475e-16 7.584366361637303e-16
1164.6005859375 4.258517699325099e-16 6.982486983933263e-16
1166.346435546875 3.8590064041209315e-16 6.330766599426003e-16
1168.09228515625 -4.4058437280278153e-16 5.191879450470169e-16
1169.838134765625 -1.8587579515146025e-16 4.911023971588733e-16
1171.5838623046875 4.277148188999957e-16 4.932683133445617e-16
1173.3297119140625 -2.1912714552200168e-16 4.115480039615653e-16
1175.0755615234375 6.491050114639343e-16 4.4004928620813323e-16
1176.821533203125 3.391586889348611e-16 3.9157367004610843e-16
1178.5673828125 -2.254704032104217e-16 3.2662876877414464e-16
1180.313232421875 1.3417170232306384e-15 4.540706990400665e-16
1182.05908203125 1.6912976849578552e-15 4.47707999298529e-16
1183.8050537109375 1.1078812961633536e-15 3.8771951131742375e-16
1185.5509033203125 1.1464810110862057e-15 3.6462063167822336e-16
1187.296875 2.2373041224830418e-15 3.962203339760679e-16
1189.0428466796875 2.6333415767518416e-15 3.8887356723827813e-16
1190.7886962890625 1.8346936925435486e-15 3.3330876176376767e-16
1192.53466796875 1.9071965364549645e-15 3.220031747887481e-16
1194.2806396484375 2.3257108570121044e-15 3.313934349815685e-16
1196.026611328125 1.9487540904296287e-15 3.050409959128459e-16
1197.7725830078125 2.068948065645014e-15 3.027910117071425e-16
1199.5185546875 2.2484807222220623e-15 3.0240068833713586e-16
1201.2645263671875 2.136745853292669e-15 2.8966824789268682e-16
1203.010498046875 2.3797269950914584e-15 2.912918777036753e-16
1204.756591796875 2.6081328174503695e-15 2.9277463534762356e-16
1206.5025634765625 3.3086934393336672e-15 3.103752917772983e-16
1208.24853515625 5.523957129254442e-15 3.712791576765894e-16
1209.99462890625 8.89628116589351e-15 4.4396027555362275e-16
1211.7406005859375 1.2101814674339312e-14 4.989787447771542e-16
1213.4866943359375 1.4995493521495658e-14 5.357456392208256e-16
1215.2327880859375 1.7738509771290933e-14 5.660773596664101e-16
1216.978759765625 1.669589861058151e-14 5.344384556249754e-16
1218.724853515625 1.7021550591548792e-14 5.24103383119052e-16
1220.470947265625 1.5667963142716214e-14 4.889481806157688e-16
1222.217041015625 1.4885108187809477e-14 4.649709542800453e-16
1223.963134765625 1.436439976568258e-14 4.46321988699025e-16
1225.709228515625 1.3795435029517657e-14 4.294729416611404e-16
1227.455322265625 1.2025580015020531e-14 3.9433163579214803e-16
1229.201416015625 9.220157765803347e-15 3.4205522397711557e-16
1230.947509765625 6.458778265228072e-15 2.849973641143918e-16
1232.6937255859375 3.60778479641566e-15 2.1634019536729822e-16
1234.4398193359375 1.9448422805209715e-15 1.6486499731102952e-16
1236.1859130859375 1.6356019864232144e-15 1.516006863501538e-16
1237.93212890625 1.2647588918957833e-15 1.3519188468660468e-16
1239.67822265625 1.5353825304117432e-15 1.423163714501892e-16
1241.4244384765625 1.2657268387962581e-15 1.2993278946600074e-16
1243.1705322265625 1.2970351882300268e-15 1.2880949142904353e-16
1244.916748046875 1.0563026012688423e-15 1.1729619609348945e-16
1246.6629638671875 8.904924078329056e-16 1.0834831209226243e-16
1248.4090576171875 8.314588171509315e-16 1.0394556056388769e-16
1250.1552734375 8.742664329370654e-16 1.0432541513606184e-16
1251.9014892578125 6.630920665219445e-16 9.458498622889061e-17
1253.647705078125 5.142825125516713e-16 8.695357671615399e-17
1255.3939208984375 5.207589264663776e-16 8.607913431212213e-17
1257.14013671875 4.521164881516324e-16 8.12257281685836e-17
1258.8863525390625 3.615716307054631e-16 7.489047758849307e-17
1260.632568359375 3.1424800582148375e-16 7.086522482190792e-17
1262.3787841796875 2.6296339017834727e-16 6.678935521927943e-17
1264.125 1.016776232301694e-16 5.645004093117492e-17
1265.8712158203125 1.7021252806528273e-16 5.986271020588289e-17
1267.617431640625 2.518326096278173e-16 6.397652423757041e-17
1269.36376953125 2.709601223542567e-16 6.469664120907948e-17
1271.1099853515625 1.5936032871017084e-16 5.80706134826194e-17
1272.856201171875 9.642158526910945e-17 5.358265904242925e-17
1274.6025390625 1.3508010280734672e-16 5.5327540296328206e-17
1276.3487548828125 1.265769640429874e-16 5.4144801060552935e-17
1278.0950927734375 3.0089360496573364e-16 6.337673888413066e-17
1279.84130859375 1.3047266709075695e-16 5.3462019713172064e-17
1281.587646484375 1.5490268547634707e-16 5.4533344337881343e-17
1283.3338623046875 1.4071459244226192e-16 5.324935157768468e-17
1285.0802001953125 2.639729740421356e-16 5.958146218016996e-17
1286.8265380859375 1.4979696939364516e-16 5.2753863773320517e-17
1288.57275390625 -1.0629307267253358e-17 4.183896081905465e-17
1290.319091796875 6.801517071263402e-17 4.6807503886415666e-17
1292.0654296875 1.211857052128322e-16 4.9704075324617106e-17
1293.8116455078125 2.329045996302359e-16 5.566473550995177e-17
1295.5579833984375 8.390490661563875e-17 4.674436353589827e-17
1297.3043212890625 1.1276957261402367e-16 4.832177380297974e-17
1299.0506591796875 2.23150591726129e-16 5.442795491039719e-17
1300.7969970703125 1.642798298933748e-16 5.104864417543225e-17
1302.5433349609375 1.9208581720425515e-16 5.233526406125438e-17
1304.2896728515625 2.3012429339021247e-16 5.3960247139725004e-17
1306.0360107421875 2.385421332898053e-16 5.388425240248853e-17
1307.7823486328125 2.1954032554669437e-16 5.250077628438134e-17
1309.5286865234375 1.9594315230649203e-16 5.098280059867303e-17
1311.2750244140625 1.617637317584457e-16 4.8890245407150684e-17
1313.0213623046875 1.7724958514684286e-16 4.951275506637849e-17
1314.7677001953125 1.9263027410088246e-16 5.0133021411785054e-17
1316.5140380859375 3.916804425195768e-17 4.063498620259392e-17
1318.2603759765625 1.899168834636921e-16 4.94348942096801e-17
1320.0067138671875 1.8828605387265196e-16 4.901439859964999e-17
1321.7530517578125 7.005965016695478e-17 4.177733586341945e-17
1323.49951171875 8.514065489378887e-17 4.2367678122986295e-17
1325.245849609375 1.4678014243799076e-16 4.5675450969855194e-17
1326.9921875 6.789833310547213e-17 4.0515164127781936e-17
1328.738525390625 5.185481440042643e-17 3.907649521048276e-17
1330.4849853515625 6.635306045954956e-17 3.9610569336061296e-17
1332.2313232421875 1.0075650798725485e-16 4.145943711912552e-17
1333.9776611328125 8.999196330729397e-17 4.0508606239885616e-17
1335.7239990234375 1.0436736973673053e-16 4.122514317370355e-17
1337.470458984375 2.0500834375346887e-17 3.571977312368542e-17
1339.216796875 6.953405960573859e-17 3.893439219869105e-17
1340.963134765625 3.9989269164100323e-17 3.6942825833794076e-17
1342.7095947265625 1.42213112839963e-16 4.305844672636198e-17
1344.4559326171875 4.938556777539234e-17 3.7312486232099124e-17
1346.2022705078125 1.363214957659969e-16 4.2473924509585056e-17
1347.94873046875 8.309255569710758e-17 3.9337106734273715e-17
1349.695068359375 9.268564719357085e-17 3.9895691875763424e-17
1351.4415283203125 5.396702009458059e-17 3.7475682349510936e-17
1353.1878662109375 1.3095196862489468e-16 4.204584530769906e-17
1354.9342041015625 1.4486165251712918e-16 4.27070306236474e-17
1356.6806640625 1.490145094737292e-16 4.2793375044708135e-17
1358.427001953125 6.716719147075896e-17 3.769620208337267e-17
1360.1734619140625 9.953655555008204e-17 3.939442042455629e-17
1361.9197998046875 1.589262507944826e-16 4.24145163979915e-17
1363.6661376953125 8.821983141529507e-17 3.80211186279835e-17
1365.41259765625 1.0128430215762288e-16 3.856376565343054e-17
1367.158935546875 1.554005290910958e-16 4.1484619805694085e-17
1368.9053955078125 1.6443978677150786e-16 4.19676899747026e-17
1370.6517333984375 1.7815322371777538e-16 4.2718945333190613e-17
1372.398193359375 5.973235315878943e-17 3.5853041846535064e-17
1374.14453125 2.315941867212743e-16 4.530818939532655e-17
1375.890869140625 1.3548446839543204e-16 3.999080110259477e-17
1377.6373291015625 1.9754667831987303e-16 4.3189925430366056e-17
1379.3836669921875 1.3933733010491623e-16 4.006518780072044e-17
1381.130126953125 1.6634730496872455e-16 4.1577264034300024e-17
1382.87646484375 1.3068030927684246e-16 3.966118948082709e-17
1384.622802734375 1.1680690221755208e-16 3.876248752379028e-17
1386.3692626953125 1.2512279376100899e-16 3.908162373028059e-17
1388.1156005859375 1.288354318130532e-16 3.91137745863293e-17
1389.862060546875 1.8092266411327232e-16 4.1773848469956926e-17
1391.6083984375 1.3608565002974578e-16 3.91575026622313e-17
1393.354736328125 1.6535835429813575e-16 4.050180350652798e-17
1395.1011962890625 1.2084454945843572e-16 3.7766274207423265e-17
1396.8475341796875 1.0276192466432841e-16 3.646929471160952e-17
1398.5938720703125 1.3581904640959749e-16 3.8113521319850575e-17
1400.34033203125 1.6039626323955265e-16 3.9299380680896397e-17
1402.086669921875 9.253553707344963e-17 3.5336431158048746e-17
1403.8330078125 9.64753850961499e-17 3.549590496270407e-17
1405.579345703125 1.338413038870975e-16 3.7573312822849345e-17
1407.3258056640625 8.771623724092788e-17 3.4853923471856764e-17
1409.0721435546875 1.4136341967985872e-16 3.782003763851676e-17
1410.8184814453125 1.0325271408281327e-16 3.545802670809404e-17
1412.5648193359375 1.4723967104676602e-16 3.76591774791548e-17
1414.311279296875 1.5411634773371946e-16 3.778588831410812e-17
1416.0576171875 1.3314457958331144e-16 3.6491234850176876e-17
1417.803955078125 9.280034074858501e-17 3.418150835191241e-17
1419.55029296875 1.4096577741579223e-16 3.687797156504747e-17
1421.296630859375 1.1635457338882849e-16 3.539777818099813e-17
1423.04296875 1.3531810583063537e-16 3.6229928494671375e-17
1424.789306640625 1.6506839109748896e-16 3.747024611852524e-17
1426.53564453125 1.866470715894945e-16 3.828047614596583e-17
1428.281982421875 2.1608773984434703e-16 3.9527589885732426e-17
1430.0283203125 1.0746587581479086e-16 3.366164518925753e-17
1431.774658203125 4.963906554591534e-17 3.0040367581508584e-17
1433.52099609375 9.867543406263474e-17 3.2857552841962084e-17
1435.267333984375 6.815782297235246e-17 3.0986311477689525e-17
1437.013671875 6.797310361540202e-17 3.09079410777338e-17
1438.760009765625 8.6845983679518e-17 3.2042399435515577e-17
1440.50634765625 3.395968167268284e-17 2.8753291091988324e-17
1442.2525634765625 1.361126756747191e-16 3.486648999972267e-17
1443.9989013671875 7.94521470561515e-17 3.167229235967975e-17
1445.7452392578125 1.1743677709295406e-16 3.389994268884426e-17
1447.4915771484375 1.4037209996399557e-16 3.520013495415716e-17
1449.23779296875 1.5192777341669196e-16 3.585154630398757e-17
1450.984130859375 9.497307290252089e-17 3.271230654384267e-17
1452.7303466796875 1.789647209859144e-16 3.7330780158526347e-17
1454.4766845703125 2.020607154191382e-16 3.8527035525510734e-17
1456.2230224609375 1.3735533918279017e-16 3.5210709631108036e-17
1457.96923828125 1.3695148975540708e-16 3.511043879725436e-17
1459.7154541015625 1.6691370531264166e-16 3.661778686645259e-17
1461.4617919921875 1.2842029302466998e-16 3.4456327529904575e-17
1463.2080078125 1.77142581062803e-16 3.696645011208859e-17
1464.954345703125 2.1697386865607304e-16 3.873100172095406e-17
1466.7005615234375 1.4469012834531018e-16 3.48521334530112e-17
1468.44677734375 1.6542668603417753e-16 3.568793659626948e-17
1470.1929931640625 1.2763625815286772e-16 3.3482156922500875e-17
1471.9393310546875 1.628287962802792e-16 3.513276605634839e-17
1473.685546875 1.2915938221070856e-16 3.314065706096958e-17
1475.4317626953125 1.4228844583270942e-16 3.361915788427436e-17
1477.177978515625 2.120266800834057e-16 3.6940129224997153e-17
1478.9241943359375 1.686381452792432e-16 3.4658818035135106e-17
1480.67041015625 2.0367681457783001e-16 3.637652806027292e-17
1482.4166259765625 1.6854106736255398e-16 3.4643796435211143e-17
1484.162841796875 1.3679938116692593e-16 3.2980190639579195e-17
1485.908935546875 1.7455531892541473e-16 3.480040157750213e-17
1487.6551513671875 2.0473823950496826e-16 3.612143548552892e-17
1489.4013671875 1.7595613936660594e-16 3.456851307330147e-17
1491.1474609375 1.9276848605507272e-16 3.533786052614724e-17
1492.8936767578125 1.9593558194952595e-16 3.545693813840792e-17
1494.639892578125 1.615578233429241e-16 3.3758259884803725e-17
1496.385986328125 1.8530612578976233e-16 3.4899977579641266e-17
1498.1322021484375 1.9480407828089221e-16 3.525861000601976e-17
1499.8782958984375 2.274603483013181e-16 3.663014825352658e-17
1501.6243896484375 2.1269512142768735e-16 3.579959936151924e-17
1503.37060546875 1.5776842293003499e-16 3.29786553923623e-17
1505.11669921875 1.3010042258021829e-16 3.139863785199006e-17
1506.86279296875 1.3597599896774575e-16 3.1566112147529994e-17
1508.60888671875 2.2096748341858926e-16 3.5593813368728296e-17
1510.35498046875 1.179037172400178e-16 3.0313661438451204e-17
1512.10107421875 1.6319212047509208e-16 3.256892636518518e-17
1513.84716796875 1.6632810114362352e-16 3.2708263285008513e-17
1515.59326171875 1.6012603325959892e-16 3.245068255098195e-17
1517.33935546875 1.2783700496136699e-16 3.087188592919384e-17
1519.08544921875 1.4145434337279055e-16 3.1669870374846195e-17
1520.8314208984375 1.1835997683101225e-16 3.0448918703493424e-17
1522.5775146484375 1.3131310906289043e-16 3.1098917228837594e-17
1524.3236083984375 1.6701548161521018e-16 3.285713925165581e-17
1526.069580078125 1.5369628556633033e-16 3.215883337853854e-17
1527.815673828125 1.176509308448216e-16 3.02785062624177e-17
1529.5616455078125 1.7398956709109787e-16 3.326777486878428e-17
1531.3076171875 1.6105585044255753e-16 3.266045886304785e-17
1533.0537109375 1.4792028848966446e-16 3.200278741034164e-17
1534.7996826171875 1.6417604188755656e-16 3.2795626792583914e-17
1536.545654296875 2.1661029299835393e-16 3.52991054600879e-17
1538.2916259765625 1.0766160660005561e-16 2.9721062630173314e-17
1540.03759765625 1.5277792979793926e-16 3.1986230563200776e-17
1541.7835693359375 1.6419524571265759e-16 3.232506028571475e-17
1543.529541015625 1.207020758697296e-16 2.979072116391763e-17
1545.275390625 1.1922105199634525e-16 2.942800246531313e-17
1547.0213623046875 7.747333250757765e-17 2.689015775208001e-17
1548.767333984375 7.374067006726476e-17 2.649392831249976e-17
1550.51318359375 1.2570842439980673e-16 2.924631058940463e-17
1552.2591552734375 1.1869055790845784e-16 2.8716044803366286e-17
1554.0050048828125 7.838188784007119e-17 2.63413316874572e-17
1555.7509765625 5.064209152180734e-17 2.4538830686449024e-17
1557.496826171875 8.952362687935625e-17 2.6735220205903927e-17
1559.24267578125 9.526753596569997e-17 2.699756053717512e-17
1560.988525390625 1.1902510945284369e-16 2.824498529685204e-17
1562.734375 1.2768541253358807e-16 2.8647395429969285e-17
1564.480224609375 8.286236787624632e-17 2.620448623563888e-17
1566.22607421875 8.596681641982723e-17 2.641378112858827e-17
1567.971923828125 8.295687160686928e-17 2.624133878628934e-17
1569.7176513671875 1.3058812826937955e-16 2.8793842794338123e-17
1571.4635009765625 1.5989275509196917e-16 3.0199977043784366e-17
1573.209228515625 9.70993505932558e-17 2.6865023041986973e-17
1574.955078125 9.059330376028532e-17 2.637190428289716e-17
1576.7008056640625 1.134579324674556e-16 2.7486551665008292e-17
1578.446533203125 1.651205233284145e-16 2.9973137650042724e-17
1580.1923828125 1.20801933113277e-16 2.7625402202631444e-17
1581.9381103515625 5.685645130973447e-17 2.396090109915415e-17
1583.683837890625 4.5292360467124736e-17 2.3248258531660115e-17
1585.4295654296875 1.291976045724534e-16 2.8020766411290964e-17
1587.1751708984375 1.0919278408834027e-16 2.7015849500518667e-17
1588.9208984375 7.72199703946751e-17 2.521710389949148e-17
1590.6666259765625 7.977214022175641e-17 2.5278032369050912e-17
1592.4122314453125 8.219988223237505e-17 2.5305527852612174e-17
1594.157958984375 9.596283751883244e-17 2.595452383505393e-17
1595.903564453125 4.442251387857622e-17 2.2839993614167218e-17
1597.649169921875 1.5404568665707273e-16 2.8731784396061945e-17
1599.3948974609375 9.749478924817045e-17 2.5770843416952854e-17
1601.1405029296875 9.757067810628852e-17 2.5793721578334846e-17
1602.8861083984375 1.1182081630376004e-16 2.6595292679123232e-17
1604.6317138671875 1.0900811105350413e-16 2.6449611284001618e-17
1606.377197265625 1.904129403683177e-16 3.044184465489487e-17
1608.122802734375 1.197833759942037e-16 2.693579661519701e-17
1609.868408203125 8.573128832093134e-17 2.5017854287900933e-17
1611.6138916015625 1.2449988043764225e-16 2.7036217995922173e-17
1613.3594970703125 1.2943730166163658e-16 2.7190179468975443e-17
1615.10498046875 1.3196671409570533e-16 2.7282836932471183e-17
1616.8504638671875 1.345948323379088e-16 2.739635919973796e-17
1618.595947265625 1.402572078856344e-16 2.770178075167214e-17
1620.3414306640625 1.3198552087411233e-16 2.729332723699958e-17
1622.0869140625 1.8460401488582732e-16 2.9843051918190184e-17
1623.8323974609375 1.8189970338304036e-16 2.972676355895503e-17
1625.577880859375 1.652296449948225e-16 2.8936141020754395e-17
1627.3232421875 2.0111938388205286e-16 3.059331135122068e-17
1629.0687255859375 1.7546308678196513e-16 2.932334757421292e-17
1630.8140869140625 1.49944313421798e-16 2.8004100376309246e-17
1632.5594482421875 1.5215365328092304e-16 2.804147239638439e-17
1634.3048095703125 1.6346605622419004e-16 2.8636608994781593e-17
1636.0501708984375 1.6117276745905823e-16 2.8586577802611936e-17
1637.7955322265625 1.4207860665491697e-16 2.7678111805624548e-17
1639.5408935546875 1.8311328983821896e-16 2.961931279738439e-17
1641.2862548828125 2.0754800660968838e-16 3.070172164230188e-17
1643.0316162109375 1.6599112761440411e-16 2.873923233029737e-17
1644.77685546875 1.957788411496145e-16 3.008916792892676e-17
1646.5220947265625 2.4593442804851e-16 3.212951809762966e-17
1648.2674560546875 1.9039900402935742e-16 2.955738674800622e-17
1650.0126953125 1.8612225526933165e-16 2.91880903091707e-17
1651.7579345703125 1.6678589598183486e-16 2.8215752734004414e-17
1653.503173828125 1.688563092027204e-16 2.8243555928753546e-17
1655.248291015625 2.3746462797155903e-16 3.126400924421338e-17
1656.9935302734375 2.0528862563222634e-16 2.9834005871011304e-17
1658.73876953125 1.228453471589688e-16 2.5861644687154025e-17
1660.48388671875 1.119760218564546e-16 2.5249276262236118e-17
1662.22900390625 1.2476979278024076e-16 2.5852175123501518e-17
1663.9742431640625 1.1686566512826785e-16 2.5445121198425398e-17
1665.7193603515625 7.481354317408074e-17 2.316307712654063e-17
1667.4644775390625 9.569248842487051e-17 2.429852479233502e-17
1669.2095947265625 1.633765221946873e-16 2.765654058961039e-17
1670.95458984375 7.95410590458336e-17 2.331557448990968e-17
1672.69970703125 8.700459059889136e-17 2.3654564685462487e-17
1674.4447021484375 1.0745904661165363e-16 2.469787435718582e-17
1676.1898193359375 8.402206186015586e-17 2.3409873079740726e-17
1677.934814453125 1.0224489707681337e-16 2.442131148246239e-17
1679.6798095703125 5.054788226748245e-17 2.153983443607882e-17
1681.4248046875 1.1002574173029137e-16 2.4837570273395e-17
1683.1697998046875 1.122398064450753e-16 2.4891254295149692e-17
1684.9146728515625 1.0920625720615753e-16 2.4657266406554367e-17
1686.65966796875 1.2157818586987636e-16 2.5220702135156087e-17
1688.404541015625 5.984048220846237e-17 2.1781442312476983e-17
1690.1495361328125 1.119104562123812e-16 2.7396959732862674e-17
1691.8944091796875 2.948916750852775e-17 2.2025725290976143e-17
1693.6392822265625 6.067678166008818e-17 2.4062900740488064e-17
1695.3841552734375 1.1070598197883048e-16 2.71095740270046e-17
1697.1290283203125 9.172141267968514e-17 2.5948184322839323e-17
1698.873779296875 6.042166592428702e-17 2.3973849784463055e-17
1700.61865234375 1.0684832923923838e-16 2.6753810262990444e-17
1702.3634033203125 2.2800370008464702e-17 2.1260050520050108e-17
1704.108154296875 1.3708296515068871e-16 2.8329480142063105e-17
1705.8529052734375 6.913544457727173e-17 2.4361317726995144e-17
1707.59765625 1.3445455574090961e-16 2.826184654645832e-17
1709.3424072265625 1.2520790733731824e-16 2.776191512784352e-17
1711.087158203125 1.3077258292853398e-16 2.797143005083585e-17
1712.831787109375 1.852823691625698e-16 3.071015557582747e-17
1714.5765380859375 2.1211449357723432e-16 3.194233705117626e-17
1716.3211669921875 1.4473373730720398e-16 2.8525263866887056e-17
1718.0657958984375 1.4740208961440204e-16 2.861500965462661e-17
1719.8104248046875 2.0770517092607346e-16 3.159478222756108e-17
1721.5550537109375 1.7958023600588246e-16 3.0123399971396657e-17
1723.2996826171875 1.579790826709951e-16 2.896585003963485e-17
1725.044189453125 2.370710223488818e-16 2.931384492333591e-17
1726.7886962890625 2.0048896637616905e-16 2.7729440016994688e-17
1728.5333251953125 1.690638455096875e-16 2.6314919810498383e-17
1730.27783203125 1.4025646673180555e-16 2.4969727265501372e-17
1732.0223388671875 1.4987217003749358e-16 2.5430451977442383e-17
1733.7667236328125 1.9070836957845225e-16 2.7291724160972453e-17
1735.51123046875 1.834213054285541e-16 2.6962476498674296e-17
1737.2557373046875 1.3041676291623817e-16 2.4467585620289832e-17
1739.0001220703125 2.0162752424106664e-16 2.7669449570249892e-17
1740.7445068359375 1.5330499604936825e-16 2.5437059496175456e-17
1742.4888916015625 1.5056444741830656e-16 2.5266824071750818e-17
1744.2332763671875 1.3151818368035457e-16 2.4352116169861105e-17
1745.9776611328125 1.7190209409725905e-16 2.624849555294915e-17
1747.721923828125 1.7886352701849712e-16 2.6545845476466037e-17
1749.46630859375 1.6447376073362664e-16 2.5879872439132244e-17
1751.2105712890625 1.7140014766667207e-16 2.6176456393401907e-17
1752.954833984375 2.1175622511032536e-16 2.7951028468207843e-17
1754.6990966796875 2.239363206638258e-16 2.849209061560123e-17
1756.443359375 2.1242168860440182e-16 2.8041545188278296e-17
1758.1875 2.0782695838202086e-16 2.7862169418084947e-17
1759.9317626953125 2.5461116886238704e-16 2.973158105884254e-17
1761.6759033203125 1.920662957417989e-16 2.7039983322070514e-17
1763.4200439453125 2.4916694400324883e-16 2.9278223217436925e-17
1765.1641845703125 2.0788093026262872e-16 2.744868829964929e-17
1766.9083251953125 2.842567926206955e-16 3.39949328016674e-17
1768.6524658203125 2.1096358756015254e-16 3.062588903246547e-17
1770.396484375 2.7616423984262793e-16 3.3470758373659894e-17
1772.140625 2.3465846075686474e-16 3.1524617459281884e-17
1773.8846435546875 2.815827096062137e-16 3.3460971172652167e-17
1775.628662109375 2.854951283198017e-16 3.349505101388935e-17
1777.3726806640625 1.8512519161129493e-16 2.878797312071145e-17
1779.1165771484375 1.944870894352721e-16 2.905526164640693e-17
1780.860595703125 2.338030368894767e-16 3.068049949650622e-17
1782.6044921875 1.9414017650381225e-16 2.872859147889749e-17
1784.348388671875 2.6066414571280507e-16 3.1601247471228796e-17
1786.09228515625 2.507966618635457e-16 3.103682574333691e-17
1787.836181640625 2.0580694362149697e-16 2.8841005324143447e-17
1789.580078125 1.9622706716249984e-16 2.824265595624709e-17
1791.3238525390625 2.1604123244158685e-16 2.903699418975931e-17
1793.067626953125 1.545491550999868e-16 2.5985837584322737e-17
1794.8114013671875 1.485558676025706e-16 2.5590953140418497e-17
1796.55517578125 1.86951143182669e-16 2.741478216634074e-17
1798.2989501953125 1.4003049422334587e-16 2.5064654512597958e-17
1800.042724609375 1.1921913293732412e-16 2.395014444246851e-17
1801.786376953125 1.6930318525684604e-16 2.3664022668586418e-17
1803.530029296875 1.402479699325534e-16 2.234040961140969e-17
1805.273681640625 1.3359370556870323e-16 2.1976393893604705e-17
1807.017333984375 1.0490061668169651e-16 2.0596525937329472e-17
1808.760986328125 1.667100071237168e-16 2.622270240708852e-17
1810.504638671875 7.986608808700774e-17 2.1610118318366225e-17
1812.2481689453125 1.235303585852811e-16 2.4073020468102038e-17
1813.99169921875 1.314030004344178e-16 2.4514084751243888e-17
1815.7352294921875 1.0286219880690454e-16 2.292588970333595e-17
1817.478759765625 1.1520943778369988e-16 2.3537555024733186e-17
1819.22216796875 1.122723775088752e-16 2.3320802271381016e-17
1820.9656982421875 1.4513081047100903e-16 2.5024092884080808e-17
1822.7091064453125 1.2966357857256168e-16 2.419799091504655e-17
1824.4525146484375 1.241777564547794e-16 2.385309299555889e-17
1826.1959228515625 1.160897564788033e-16 2.3348332496528005e-17
1827.9393310546875 1.60757562496226e-16 2.5573612126056935e-17
1829.6826171875 9.794866655900075e-17 2.2264490974789574e-17
1831.4259033203125 1.40360241502734e-16 2.451483417687886e-17
1833.1693115234375 1.3512373823902011e-16 2.4218074860319337e-17
1834.9124755859375 1.1974715210081877e-16 2.335824873771129e-17
1836.65576171875 1.0444692465932343e-16 2.247230356008127e-17
1838.3990478515625 5.4726666373202336e-17 1.9512611623697136e-17
1840.1422119140625 4.720872949689574e-17 1.9004601959220144e-17
1841.8853759765625 1.212997105535767e-16 2.3317273518887864e-17
1843.6285400390625 1.1265896863995798e-16 2.0411993523197467e-17
1845.3717041015625 1.5764450465682964e-16 2.2443368782254166e-17
1847.11474609375 1.3554712236374926e-16 2.1404019651303737e-17
1848.85791015625 1.23313650499682e-16 2.0781275072781965e-17
1850.6009521484375 1.3631268132938953e-16 2.1309487796539952e-17
1852.343994140625 9.915428561051924e-17 1.9512595080084885e-17
1854.0870361328125 8.559728506169774e-17 1.8833701481583013e-17
1855.8299560546875 1.0548793476894386e-16 1.989959483839027e-17
1857.572998046875 1.4883292678566156e-16 2.1966178213039675e-17
1859.31591796875 1.5062847781516307e-16 2.2030880280553573e-17
1861.058837890625 1.423364090733477e-16 2.1610796606468518e-17
1862.8017578125 1.1074123972525994e-16 2.0082099005660294e-17
1864.5445556640625 1.5153475012916597e-16 2.1969295029587775e-17
1866.287353515625 1.8267639289100315e-16 2.3312325324463572e-17
1868.0302734375 1.4415954161319417e-16 2.1684950039661447e-17
1869.7730712890625 1.6144555177274351e-16 2.2425984754500752e-17
1871.5157470703125 1.6138506832635364e-16 2.2418824679118493e-17
1873.258544921875 1.94102046786296e-16 2.3769175522415384e-17
1875.001220703125 1.336510258764307e-16 2.1126927380988274e-17
1876.743896484375 1.8339827672030063e-16 2.3245173147975292e-17
1878.486572265625 2.1893339997020706e-16 2.459391595216138e-17
1880.229248046875 1.8979107260124525e-16 2.340196523308472e-17
1881.9718017578125 1.720184287786085e-16 2.2617220640316886e-17
1883.7144775390625 2.1022210285906e-16 2.4176803510836616e-17
1885.45703125 1.44677978716473e-16 2.1373592639651587e-17
1887.1995849609375 2.1844063855314187e-16 2.4404137558584564e-17
1888.9420166015625 2.139237691874593e-16 2.4175731484762747e-17
1890.6845703125 1.7966229232264773e-16 2.278052098248588e-17
1892.427001953125 2.340932780228093e-16 2.788623375646534e-17
1894.16943359375 2.0857109006107357e-16 2.6824984191616957e-17
1895.911865234375 2.3530567333790583e-16 2.8032767147617883e-17
1897.6541748046875 1.3370743297676192e-16 2.341086238775334e-17
1899.3966064453125 1.7704060623688746e-16 2.555955171000476e-17
1901.138916015625 1.674385481025841e-16 2.5104493185259737e-17
1902.8812255859375 2.104698864659115e-16 2.7074943283479456e-17
1904.6234130859375 1.937352418154655e-16 2.632775269052153e-17
1906.36572265625 1.2933851644416304e-16 2.3247409844351636e-17
1908.10791015625 1.7988060182991272e-16 2.574166544802566e-17
1909.85009765625 1.246894569991496e-16 2.302915162228462e-17
1911.59228515625 1.5092628930546176e-16 2.4340474429920033e-17
1913.33447265625 1.1224418719359938e-16 2.2310647652970033e-17
1915.0765380859375 1.3860647302033378e-16 2.3689347630220342e-17
1916.818603515625 1.413396895224458e-16 2.386887891036885e-17
1918.5606689453125 1.41411515269395e-16 2.3882543934088227e-17
1920.302734375 9.788909632000713e-17 2.153477374509122e-17
1922.044677734375 1.3811340720080317e-16 2.3611238619338184e-17
1923.78662109375 1.2796583337868844e-16 2.3016767074153475e-17
1925.528564453125 1.0875609228191638e-16 2.1973376338730112e-17
1927.2705078125 1.508971328432305e-16 2.154132501554264e-17
1929.012451171875 1.1305768293009834e-16 1.9807337730311005e-17
1930.7542724609375 1.2770578102899157e-16 2.0442711702425236e-17
1932.49609375 1.0649893476594088e-16 1.9376153292405488e-17
1934.2379150390625 1.507256483760809e-16 2.1337372054989115e-17
1935.979736328125 1.2227083382760376e-16 1.9999777991099016e-17
1937.721435546875 8.859914335698738e-17 1.8333445808168094e-17
1939.463134765625 9.20437418033399e-17 1.8469315186863604e-17
1941.204833984375 8.831257490557451e-17 1.82777980596392e-17
1942.946533203125 9.194174712508967e-17 1.8452392725891994e-17
1944.6881103515625 8.623733756735658e-17 1.8139872309940884e-17
1946.4298095703125 6.003927025327111e-17 1.6667757171753737e-17
1948.17138671875 6.878300607932004e-17 1.7064436597587217e-17
1949.912841796875 5.033685856705282e-17 1.5987298547532915e-17
1951.6544189453125 5.568045855903518e-17 1.6268961817913347e-17
1953.3958740234375 5.184295593916487e-17 1.6000970188697192e-17
1955.1373291015625 5.3382163696836195e-17 1.602616114707188e-17
1956.8787841796875 8.354467276759436e-17 1.7586124520673385e-17
1958.6202392578125 7.623976798624467e-17 1.7185022987285197e-17
1960.361572265625 5.1268465768856993e-17 1.5834273442933055e-17
1962.1029052734375 5.4726626668532934e-17 1.600532115871922e-17
1963.84423828125 3.871372357231905e-17 1.5090370065729416e-17
1965.58544921875 7.233597180336191e-17 1.6927792977838357e-17
1967.3267822265625 4.038807278974684e-17 1.5162207393207196e-17
1969.0679931640625 4.211586449219045e-17 1.5251880389052845e-17
1970.8092041015625 2.9734644935831435e-17 1.4531334937986478e-17
1972.55029296875 5.802758023843195e-17 1.6144960826646747e-17
1974.29150390625 5.617568828304823e-17 1.6027119022221218e-17
1976.0325927734375 5.597291653640943e-17 1.5971724390959767e-17
1977.7735595703125 6.463422546877868e-17 1.641362578088152e-17
1979.5146484375 7.125583935949016e-17 1.66909761315481e-17
1981.255615234375 4.826297780503947e-17 1.5376912047362685e-17
1982.9967041015625 4.100315767579637e-17 1.4873360886387354e-17
1984.737548828125 7.500888353009636e-17 1.6637743750407863e-17
1986.478515625 5.732165106878939e-17 1.5586941476696025e-17
1988.2193603515625 3.6492760171226424e-17 1.4269431358078714e-17
1989.960205078125 4.1209770849199865e-17 1.615732883116564e-17
1991.7010498046875 6.370863021566654e-17 1.7456149631022928e-17
1993.44189453125 5.515928183356757e-17 1.6879409529448905e-17
1995.1826171875 5.292892496943879e-17 1.6702457398450337e-17
1996.92333984375 5.0767273726988664e-17 1.654363375775648e-17
1998.6640625 7.11892744812368e-17 1.774833960187871e-17
2000.40478515625 7.086753431017817e-17 1.7670137946767946e-17
2002.1453857421875 5.837170722558871e-17 1.6877611238797215e-17
2003.885986328125 1.5643712536496764e-17 1.403061935215098e-17
2005.6265869140625 5.1976826849500454e-17 1.6417149570290996e-17
2007.3670654296875 3.1650514348512454e-17 1.506990727173608e-17
2009.1075439453125 2.346118640185984e-17 1.4444080618251935e-17
2010.8480224609375 4.7037400539701304e-17 1.5871675241510253e-17
2012.5885009765625 3.284329555692412e-17 1.4843660139313025e-17
2014.328857421875 2.4803131435771968e-17 1.4217082405832683e-17
2016.0693359375 3.4476262582667103e-17 1.4836690315471654e-17
2017.8096923828125 3.8280426515129075e-17 1.5057147183606836e-17
2019.5499267578125 5.736756951895344e-17 1.6166694170060966e-17
2021.290283203125 3.582611877195769e-17 1.472769272615554e-17
2023.030517578125 7.14887337153157e-17 1.6755736101704877e-17
2024.770751953125 6.723148656541148e-17 1.4693910669938876e-17
2026.5108642578125 5.3340953558718803e-17 1.3898520262687486e-17
2028.2509765625 3.373698810817131e-17 1.2762236317293805e-17
2029.9912109375 3.804843213181e-17 1.2966566472206654e-17
2031.731201171875 4.0865011896055114e-17 1.3087812124852839e-17
2033.4713134765625 3.183167352010647e-17 1.2521472165120446e-17
2035.2113037109375 5.816013427723234e-17 1.3945204682098754e-17
2036.9512939453125 5.785342232354258e-17 1.3873429393166915e-17
2038.6912841796875 5.4581903148560656e-17 1.363364545001943e-17
2040.43115234375 4.979869816924827e-17 1.3288288445291803e-17
2042.1710205078125 3.940561383260536e-17 1.263427726679614e-17
2043.910888671875 5.034853504857962e-17 1.3137416491826419e-17
2045.6507568359375 3.860975689548849e-17 1.238365725762421e-17
2047.3905029296875 5.2065758691517255e-17 1.3013923389455927e-17
2049.130126953125 5.714466088748265e-17 1.3199413678737269e-17
2050.869873046875 4.1627827930784165e-17 1.2275396686233883e-17
2052.609619140625 5.743826368282467e-17 1.3028579375549142e-17
2054.349365234375 6.221799781228678e-17 1.3175076370754733e-17
2056.0888671875 4.5915065340977105e-17 1.2268193597459771e-17
2057.828369140625 4.3065593566854436e-17 1.207216337281328e-17
2059.568115234375 4.546306076705363e-17 1.358524297647589e-17
2061.3076171875 4.183251211899919e-17 1.3279556726745694e-17
2063.046875 4.795675885099479e-17 1.3560825431973937e-17
2064.786376953125 5.3980059769756874e-17 1.3826765653270961e-17
2066.52587890625 5.98378418479471e-17 1.4062768553838465e-17
2068.26513671875 5.466467084065271e-17 1.3692057636155475e-17
2070.004638671875 6.222552184713856e-17 1.4064748824224917e-17
2071.743896484375 5.26428098130016e-17 1.3490821963914187e-17
2073.483154296875 5.540245639004591e-17 1.3581106246232513e-17
2075.222412109375 5.3588224313590505e-17 1.3428818159558437e-17
2076.96142578125 5.160593560644393e-17 1.3229968076203752e-17
2078.70068359375 4.826635931938359e-17 1.2980748483808876e-17
2080.439697265625 6.004124886929634e-17 1.3579517232275798e-17
2082.178955078125 6.57577882035319e-17 1.3841162731832446e-17
2083.91796875 6.977304862831741e-17 1.3984126838641824e-17
2085.656982421875 6.482123446166466e-17 1.3646623086649775e-17
2087.39599609375 8.797242500280291e-17 1.4777786784051753e-17
2089.134765625 9.021747259461063e-17 1.4809206412438967e-17
2090.873779296875 1.3609007048293926e-16 1.6844787057729886e-17
2092.612548828125 1.2223900391763272e-16 1.617025600977862e-17
2094.3515625 9.593964337445646e-17 1.331760620774252e-17
2096.09033203125 1.2949456902980485e-16 1.4625511105086866e-17
2097.8291015625 1.343716259214175e-16 1.4755937635351777e-17
2099.567626953125 1.0863392763160964e-16 1.3666380295580604e-17
2101.306396484375 1.2933295779044669e-16 1.444328487050266e-17
2103.045166015625 1.4956531911746091e-16 1.5140058805125477e-17
2104.78369140625 1.3417795977896168e-16 1.4499974866603368e-17
2106.522216796875 1.453735251150668e-16 1.4858289655626638e-17
2108.2607421875 1.386818060130802e-16 1.452879549350594e-17
2109.999267578125 1.5584560520020852e-16 1.5076825810379473e-17
2111.73779296875 1.4694207131470415e-16 1.466995221067689e-17
2113.476318359375 1.2348412911520674e-16 1.3717044280918865e-17
2115.214599609375 1.2139251360086025e-16 1.356145160769764e-17
2116.952880859375 1.3815492505010843e-16 1.4123849224630606e-17
2118.691162109375 1.5156401247051564e-16 1.4538817613807633e-17
2120.429443359375 1.368331830754773e-16 1.392277981569244e-17
2122.167724609375 1.3350786407345493e-16 1.3716724162021807e-17
2123.906005859375 1.44156960809683e-16 1.4011385748547896e-17
2125.64404296875 1.169616313142138e-16 1.2924340556297047e-17
2127.38232421875 1.1465087249454487e-16 1.2740426873263232e-17
2129.120361328125 1.3719890278534414e-16 1.3516035256165416e-17
2130.8583984375 1.2849668480860048e-16 1.3140653249563339e-17
2132.596435546875 1.1821665620935886e-16 1.2716228531623606e-17
2134.33447265625 1.6041946400137353e-16 1.4160016869733874e-17
2136.072265625 1.1999452542608643e-16 1.2643332412961758e-17
2137.810302734375 1.2093088064460666e-16 1.261450020553061e-17
2139.548095703125 1.162940237679896e-16 1.2381153381910013e-17
2141.285888671875 1.4113435020718563e-16 1.3262113969168788e-17
2143.023681640625 1.5076835736546824e-16 1.3562173736372399e-17
2144.761474609375 1.3989506159601379e-16 1.3146584961735957e-17
2146.499267578125 1.3957678896608298e-16 1.3063189439558973e-17
2148.23681640625 1.617294269240819e-16 1.3731845023619276e-17
2149.974365234375 1.5596655885809847e-16 1.3475620038616688e-17
2151.7119140625 1.479770661669101e-16 1.3163262577246251e-17
2153.449462890625 1.4376666390945598e-16 1.2984544415639882e-17
2155.18701171875 1.516741002838791e-16 1.3199740415079227e-17
2156.924560546875 1.4406434305085666e-16 1.4383087628604725e-17
2158.662109375 1.1545272152801907e-16 1.3161193798534256e-17
2160.3994140625 1.2611102974754854e-16 1.3507875946603193e-17
2162.13671875 1.141864734463229e-16 1.2940419293043853e-17
2163.8740234375 1.3342555629378345e-16 1.364711691347547e-17
2165.611328125 1.1571174155631148e-16 1.2886415152392103e-17
2167.3486328125 1.15114795086734e-16 1.2820436745193036e-17
2169.085693359375 1.1239446936728802e-16 1.266435107232673e-17
2170.822998046875 1.1485911025067142e-16 1.2719956634644382e-17
2172.56005859375 1.2340311835473575e-16 1.3013392339502668e-17
2174.297119140625 1.0344444131391326e-16 1.216639578819532e-17
2176.0341796875 1.1626060567124246e-16 1.2661869530489071e-17
2177.77099609375 1.11751439011424e-16 1.2448776224166835e-17
2179.508056640625 1.2726898996089417e-16 1.302140854681892e-17
2181.244873046875 1.1474376818605702e-16 1.2498091077926022e-17
2182.98193359375 9.142147037212851e-17 1.1504788610134582e-17
2184.71875 1.0428295760958072e-16 1.2040474083546373e-17
2186.455322265625 1.109060802777295e-16 1.2286481733622706e-17
2188.192138671875 9.14898815175091e-17 1.1433326822654901e-17
2189.928955078125 9.582840412568033e-17 1.1572090506313734e-17
2191.66552734375 7.92025767391769e-17 9.659071558023572e-18
2193.402099609375 6.241235878645714e-17 8.919393419388854e-18
2195.138671875 7.438620843474604e-17 9.386499002575098e-18
2196.875244140625 6.856686047653748e-17 9.107706876100838e-18
2198.61181640625 6.336393412824834e-17 9.892288514287998e-18
2200.34814453125 5.734765762724806e-17 9.565205583652892e-18
2202.084716796875 7.316829417060257e-17 1.0288938161619426e-17
2203.821044921875 4.180556588336466e-17 8.71128387625725e-18
2205.557373046875 4.073161082430746e-17 9.96900289865739e-18
2207.293701171875 6.186434170447341e-17 1.119493088857528e-17
2209.02978515625 4.6636959096441933e-17 1.0276336892167793e-17
2210.76611328125 3.770522166077195e-17 9.680589834478526e-18
2212.502197265625 5.474765359970403e-17 1.0674466365615078e-17
2214.23828125 4.5883410793295926e-17 1.0112964585285507e-17
2215.974365234375 5.0628754061610534e-17 1.0374165061672602e-17
2217.71044921875 5.173577649283515e-17 1.0423486532876689e-17
2219.446533203125 3.6870920677506067e-17 9.471527379281262e-18
2221.182373046875 3.908070721416188e-17 9.573707345988712e-18
2222.918212890625 4.3573803409039665e-17 9.799281153393148e-18
2224.654296875 3.7306748907370456e-17 9.357018285543708e-18
2226.39013671875 2.0509099564027517e-17 8.170563354456849e-18
2228.125732421875 2.971130851639009e-17 8.757883923246038e-18
2229.861572265625 3.9980408405378655e-17 9.374489167261441e-18
2231.59716796875 3.384849205474346e-17 8.923873429586441e-18
2233.332763671875 3.8681817561731657e-17 7.941603896805234e-18
2235.068359375 3.7495011906065075e-17 7.827108037957481e-18
2236.803955078125 3.046066797691413e-17 7.391720695359583e-18
2238.53955078125 3.358350970859577e-17 7.526849747406858e-18
2240.275146484375 4.447124474282295e-17 7.216632202281096e-18
2242.010498046875 5.600033261063189e-17 7.68911280508771e-18
2243.745849609375 4.646190451776856e-17 7.235255346592115e-18
2245.481201171875 3.574225920145706e-17 6.700055014609586e-18
2247.216552734375 4.0073664747637883e-17 6.879919234954648e-18
2248.95166015625 3.9192680999321957e-17 6.809420285707978e-18
2250.68701171875 5.697583663318302e-17 7.58264969716846e-18
2252.422119140625 4.5947659565834145e-17 7.087307476592105e-18
2254.1572265625 4.520693917962761e-17 7.043153402674637e-18
2255.892333984375 3.752943254571463e-17 6.683878670550499e-18
2257.62744140625 4.8317958845994646e-17 7.175618105968879e-18
2259.3623046875 4.3777356014176714e-17 6.96235522762107e-18
2261.097412109375 5.688000941357998e-17 7.515195599756598e-18
2262.832275390625 5.717404896028543e-17 7.49782646125421e-18
2264.567138671875 4.8742980788336643e-17 7.110219552379211e-18
2266.3017578125 4.4764602692703653e-17 6.909136081370633e-18
2268.03662109375 7.811116816919484e-17 8.25743138084533e-18
2269.771240234375 7.106734144150158e-17 7.972834100832173e-18
2271.506103515625 8.376626452752996e-17 8.432666284892239e-18
2273.24072265625 6.394865155964983e-17 7.667601146077656e-18
2274.975341796875 7.476384616287855e-17 8.071754148745552e-18
2276.709716796875 9.946066669196398e-17 8.936028021507295e-18
2278.4443359375 8.960062085077268e-17 8.550950630945484e-18
2280.1787109375 1.0205375218086461e-16 8.934277707331133e-18
2281.9130859375 9.837247420020352e-17 8.772620973039282e-18
2283.6474609375 1.2331738273860585e-16 9.550573585797442e-18
2285.3818359375 1.232930967158213e-16 9.521548645283568e-18
2287.115966796875 1.4718507712633752e-16 1.0199058370620639e-17
2288.850341796875 1.5279983354055967e-16 1.0326528557376285e-17
2290.58447265625 1.4687172787541264e-16 1.0130658805768629e-17
2292.318603515625 1.5961429301055932e-16 1.0466385773804914e-17
2294.052734375 1.4852958311142612e-16 1.0129018506613936e-17
2295.78662109375 1.684431556478073e-16 1.0650512869436767e-17
2297.520751953125 1.692712494677566e-16 1.0640843128076022e-17
2299.254638671875 1.7638107197344178e-16 1.0799342513969758e-17
2300.988525390625 1.6523799621028683e-16 1.0468949206523215e-17
2302.722412109375 1.8165338884895677e-16 1.086592807173844e-17
2304.4560546875 1.6045755401422038e-16 1.0267696163489064e-17
2306.18994140625 1.8838663903513841e-16 1.0965040852734543e-17
2307.923583984375 1.6626159582237425e-16 1.0353220848562759e-17
2309.6572265625 1.717858520601382e-16 1.046164106581131e-17
2311.390869140625 1.7244840387845847e-16 1.0445363805717491e-17
2313.12451171875 1.4361376122758678e-16 9.623426691067437e-18
2314.85791015625 1.3053995327050446e-16 9.200352759068003e-18
2316.591552734375 1.4644883344160613e-16 9.6058764000109e-18
2318.324951171875 1.6892720850738354e-16 1.0178030612268928e-17
2320.058349609375 1.5892861983975696e-16 9.897908379369683e-18
2321.79150390625 1.4667376039377155e-16 9.541453092363432e-18
2323.52490234375 1.4823645677211692e-16 9.564602568986341e-18
2325.258056640625 1.5920557314372952e-16 9.859718277668722e-18
2326.9912109375 1.4737319784996678e-16 9.548183033827163e-18
2328.724365234375 1.489974629356657e-16 9.594803760331265e-18
2330.45751953125 1.7330102194920873e-16 1.0209058157045792e-17
2332.1904296875 1.453644195108838e-16 9.41861428985747e-18
2333.923583984375 1.5178050879787792e-16 9.545209319525035e-18
2335.656494140625 1.5717696893972487e-16 9.64501279633262e-18
2337.389404296875 1.4743775764241532e-16 9.363446306083858e-18
2339.122314453125 1.694976454926899e-16 9.918469607855914e-18
2340.85498046875 1.5732198362727277e-16 9.583971830209883e-18
2342.587646484375 1.6439247204046983e-16 9.752147574909264e-18
2344.320556640625 1.6476983845336142e-16 9.741107195273519e-18
2346.052978515625 1.3554492537204231e-16 8.931413180869862e-18
2347.78564453125 1.428279528805512e-16 9.089709907513522e-18
2349.518310546875 1.5354579163440489e-16 9.320942457488433e-18
2351.250732421875 1.4405805647820126e-16 9.026462850697105e-18
2352.983154296875 1.662062210434475e-16 9.567499355491502e-18
2354.715576171875 1.6267374954626225e-16 9.457191512085105e-18
2356.447998046875 1.8010387442085303e-16 9.865632619048476e-18
2358.18017578125 1.970144504614217e-16 1.0231793216181812e-17
2359.91259765625 1.8267451353665143e-16 9.861923541181789e-18
2361.644775390625 1.7554559308498362e-16 9.659336255819589e-18
2363.376953125 1.608540316079844e-16 9.260341551451573e-18
2365.10888671875 1.5692352080003862e-16 9.123836898045622e-18
2366.841064453125 1.6746255619268284e-16 9.355593880528892e-18
2368.572998046875 1.7405301515280313e-16 9.493180486176062e-18
2370.304931640625 1.578123627641738e-16 9.085848628414125e-18
2372.036865234375 1.6491969711057643e-16 9.256749933231868e-18
2373.768798828125 1.6771743370046758e-16 9.313345630742746e-18
2375.50048828125 1.704804154697417e-16 9.353922148510922e-18
2377.232421875 1.297573874714701e-16 8.277124896868993e-18
2378.964111328125 1.3673433168355476e-16 9.424594805686228e-18
2380.69580078125 1.1781284648664517e-16 8.82424614224933e-18
2382.42724609375 1.2619802267820952e-16 9.064092123942755e-18
2384.158935546875 1.1979757703096e-16 8.85314700567132e-18
2385.890380859375 1.213932812244687e-16 8.877217961496613e-18
2387.621826171875 1.1267098591989715e-16 8.581592709556899e-18
2389.353271484375 1.1390185714115565e-16 8.60302909513121e-18
2391.08447265625 1.2083842170445793e-16 8.814243047101725e-18
2392.81591796875 1.207785338281091e-16 8.787283576577397e-18
2394.547119140625 1.4096432157791413e-16 9.35438785119579e-18
2396.2783203125 1.3532885256115366e-16 9.139923906598554e-18
2398.009521484375 1.3729366459631822e-16 9.150769071609737e-18
2399.740478515625 1.403209735846949e-16 9.193688164872663e-18
2401.471435546875 1.3304537084936428e-16 8.946267690310089e-18
2403.20263671875 1.3230985508357193e-16 8.896974343246829e-18
2404.933349609375 1.3786660297579695e-16 9.014371124502805e-18
2406.664306640625 1.3632872201582816e-16 8.93275404064281e-18
2408.395263671875 1.3065798201774843e-16 8.728497504804479e-18
2410.1259765625 1.3648784509590376e-16 8.868982551318035e-18
2411.856689453125 1.6187466660475642e-16 9.537701001104891e-18
2413.58740234375 1.5206024142870865e-16 8.284850763790238e-18
2415.31787109375 1.4308289656278495e-16 8.059412614006261e-18
2417.048583984375 1.5378711661503356e-16 8.318549274765036e-18
2418.779052734375 1.5660696870578193e-16 8.386914098031318e-18
2420.509521484375 1.5632183623991245e-16 8.37177090255731e-18
2422.239990234375 1.7361468883748883e-16 8.75655629836289e-18
2423.97021484375 2.0499064208836024e-16 9.422272082526179e-18
2425.70068359375 2.3799550587125066e-16 1.0068832018063965e-17
2427.430908203125 2.706164122661287e-16 1.0670201422376755e-17
2429.1611328125 3.180395105818512e-16 1.1485988449172477e-17
2430.89111328125 3.360965589514184e-16 1.1769169595976943e-17
2432.621337890625 3.2904225680844776e-16 1.1622090265620114e-17
2434.351318359375 3.2309706490056783e-16 1.14910375596315e-17
2436.081298828125 3.147024654674653e-16 1.1329053261817079e-17
2437.811279296875 3.1094410087115915e-16 1.1244778446648951e-17
2439.541015625 3.0465480182845716e-16 1.1119307555433845e-17
2441.27099609375 2.8805851471598923e-16 1.0804302288922626e-17
2443.000732421875 2.66225419937342e-16 1.0385986299806597e-17
2444.73046875 2.4021502336063255e-16 9.869619629600982e-18
2446.460205078125 2.0638991404744474e-16 9.175838434434381e-18
2448.189697265625 1.8397926191277827e-16 8.6789063727207e-18
2449.919189453125 1.5063799370092988e-16 7.914100141437845e-18
2451.648681640625 1.5414153372901048e-16 7.968985229441964e-18
2453.378173828125 1.5316966930115458e-16 7.918855602779413e-18
2455.107666015625 1.4169811680803237e-16 7.62336352691832e-18
2456.8369140625 1.2425915102705462e-16 7.183721167249448e-18
2458.566162109375 1.4557895707455556e-16 7.690913577281238e-18
2460.29541015625 1.2350252561202992e-16 7.151988864590689e-18
2462.024658203125 1.2063902485471835e-16 7.06827735941971e-18
2463.753662109375 1.3307966244883827e-16 7.362616345506904e-18
2465.48291015625 1.235974330067918e-16 7.111131932594857e-18
2467.2119140625 1.2281080409658857e-16 7.077523584306828e-18
2468.940673828125 1.2838977336878922e-16 7.213041411242003e-18
2470.669677734375 1.1666630798319767e-16 6.91824582145668e-18
2472.3984375 1.1147494892859447e-16 6.776143223255276e-18
2474.127197265625 1.2485212702969184e-16 7.103459832413428e-18
2475.85595703125 1.0945748188435724e-16 6.6902032935140794e-18
2477.584716796875 1.2265026488330428e-16 7.011995990541602e-18
2479.313232421875 1.109122212665971e-16 6.69413529655585e-18
2481.0419921875 1.195586740351649e-16 6.9023565090701486e-18
2482.7705078125 1.1660512308764835e-16 7.614351394144555e-18
2484.498779296875 1.1320924888809765e-16 7.503514982326737e-18
2486.227294921875 1.0962516793813399e-16 7.378247577542319e-18
2487.95556640625 1.119185030253801e-16 7.434285755320336e-18
2489.683837890625 1.1166850919193188e-16 8.565358462854933e-18
2491.412109375 1.1412755171692952e-16 8.630398847239365e-18
2493.140380859375 9.957974761294711e-17 8.120757982594419e-18
2494.868408203125 1.0590949247888049e-16 8.318341652431285e-18
2496.596435546875 9.772919899887818e-17 9.841726272165081e-18
2498.324462890625 1.0432268874876287e-16 1.0112290433086276e-17
2500.052490234375 1.0755081733753271e-16 1.0238547145883308e-17
2501.7802734375 9.319663967133671e-17 9.627185399770878e-18
2503.508056640625 1.03068980725153e-16 1.4195383804004192e-17
2505.23583984375 1.174996163497285e-16 1.4976971875554522e-17
2506.963623046875 1.1466004427317686e-16 1.473345321194136e-17
2508.69140625 1.0343585187043251e-16 1.398913789879267e-17
