wavelength flux error
1851.1864013671875 3.0538275359003053e-13 2.114989092064437e-13
1853.84912109375 1.8001404403569787e-13 1.9484813881722601e-13
1856.511962890625 -2.3522901833848697e-13 3.008466685407857e-13
1859.1748046875 -1.506781624385084e-13 2.8895996381263223e-13
1861.8375244140625 1.081687772122239e-13 1.47105919568076e-13
1864.5003662109375 8.94503248598591e-14 1.3395346301365435e-13
1867.1632080078125 1.898330430837817e-14 1.0054535871419079e-13
1869.825927734375 1.1807242195679274e-13 9.308324239436921e-14
1872.48876953125 -2.283585918017722e-14 7.902535505317776e-14
1875.151611328125 8.788640388363023e-14 7.043564136891695e-14
1877.8143310546875 -1.0602125731160039e-13 6.414413135846439e-14
1880.4771728515625 -1.6893505637351897e-13 6.852404386102628e-14
1883.1400146484375 3.6304994248522945e-14 6.497107268420982e-14
1885.802734375 -7.008769378671204e-14 5.991657636619102e-14
1888.465576171875 1.0865014434208262e-14 5.432529494070644e-14
1891.12841796875 4.076020459196396e-14 5.351096762961152e-14
1893.7911376953125 2.649547858131658e-14 5.077627093742418e-14
1896.4539794921875 -2.827134583567332e-14 4.495075779696947e-14
1899.11669921875 -1.5826891934609538e-14 7.623950434723983e-14
1901.779541015625 1.9514906421239705e-15 4.6176343320878874e-14
1904.4423828125 3.222444521237735e-15 4.4084680160929104e-14
1907.105224609375 3.7197089348571175e-14 4.294822283186159e-14
1909.7679443359375 -1.1574978392355504e-15 4.025653169647224e-14
1912.4307861328125 -3.554981016593711e-14 3.659042063482512e-14
1915.093505859375 3.211652474456768e-14 3.7649147444389006e-14
1917.75634765625 -1.1460710683155583e-14 5.26243917962476e-14
1920.419189453125 2.0790232260910722e-14 3.9606217069020067e-14
1923.0819091796875 -8.084965056926081e-15 2.86509233221946e-14
1925.7447509765625 2.336005568398091e-14 3.329017359628324e-14
1928.4075927734375 1.0675816072911858e-14 3.128920055993009e-14
1931.0703125 6.5218686672713615e-15 2.863754358975977e-14
1933.733154296875 4.461044600502582e-16 2.733646879552517e-14
1936.39599609375 -1.9212665583901584e-14 2.726200104693436e-14
1939.0587158203125 4.859369149608087e-15 2.640985032661275e-14
1941.7215576171875 3.4436605161821147e-15 2.4812502042153434e-14
1944.3843994140625 2.77899465185626e-14 2.5141122026567896e-14
1947.047119140625 -3.397466092095944e-14 2.2454631673474688e-14
1949.7099609375 -2.502409129589403e-15 2.1736661136393526e-14
1952.372802734375 -1.0725237904285305e-14 5.375102354312697e-14
1955.0355224609375 -1.6036478378946353e-14 2.2943325638327162e-14
1957.6983642578125 1.8167548899734182e-14 2.205973983126705e-14
1960.361083984375 4.6330676112000396e-14 2.2090788670981604e-14
1963.02392578125 1.2519910137104035e-14 3.3648512578685064e-14
1965.686767578125 -5.657237763504906e-15 1.7952927691558887e-14
1968.349609375 -6.713379852030243e-14 2.7922473293490006e-14
1971.0123291015625 -1.756748196077903e-14 1.799066470342496e-14
1973.6751708984375 8.502013586967998e-15 1.7689280216396513e-14
1976.337890625 4.07847787118297e-14 1.706171689390759e-14
1979.000732421875 -7.464394838449691e-15 1.4815243216254048e-14
1981.66357421875 1.5300330514817113e-14 1.5857424084226267e-14
1984.3262939453125 1.348200065178157e-14 1.532540946631942e-14
1986.9891357421875 2.020476181721913e-15 1.3981068229139068e-14
1989.6519775390625 9.016759744179172e-15 1.3911482778456233e-14
1992.314697265625 5.49420806159745e-15 1.3886530881896016e-14
1994.9775390625 -2.6610162607210077e-15 1.3399569946453624e-14
1997.640380859375 1.749136080387518e-14 1.3416325952216208e-14
2000.3031005859375 3.1366372037688536e-14 1.4162932132145197e-14
2002.9659423828125 1.6705068589268485e-14 1.3232319902886473e-14
2005.6287841796875 1.4403508970923205e-14 1.2972168979730365e-14
2008.29150390625 1.1922536762921151e-14 1.2478836662458727e-14
2010.954345703125 2.193701619215469e-15 1.2619271336981701e-14
2013.6171875 4.235761047466369e-14 1.4234043089166037e-14
2016.2799072265625 -5.4875906166970256e-15 1.0771086103654286e-14
2018.9427490234375 -2.3432012403399585e-16 1.063508818770903e-14
2021.60546875 9.789192805702892e-15 1.1843413721252232e-14
2024.268310546875 1.9027793866899755e-14 2.082266854059288e-14
2026.93115234375 8.542815164037237e-15 1.3459908338451284e-14
2029.593994140625 1.3895729659703197e-14 1.1191478719771962e-14
2032.2567138671875 -1.7701391093476355e-14 1.0706864912626412e-14
2034.9195556640625 8.384007815492726e-16 1.0709095150376532e-14
2037.582275390625 6.298879197093668e-15 1.2063721061602445e-14
2040.2451171875 8.387150307727039e-16 1.0536363109574752e-14
2042.907958984375 3.5410657052263334e-15 1.1276857946789301e-14
2045.57080078125 -6.5136710824078344e-15 1.0735570012175913e-14
2048.2333984375 -2.127641731417343e-15 1.0595863785987578e-14
2050.896240234375 8.072640092268821e-16 1.0166226652283568e-14
2053.55908203125 8.820908786115033e-15 1.0420912518863991e-14
2056.221923828125 1.982363722501969e-14 1.0835862101262611e-14
2058.884765625 3.2353954432430164e-15 9.9184339398279e-15
2061.547607421875 -3.3376774244810517e-15 9.534728014721702e-15
2064.21044921875 6.851127314528053e-15 9.63610600004678e-15
2066.873046875 -5.571366410345212e-15 9.276726014152779e-15
2069.535888671875 3.308529961974847e-15 9.236198028725502e-15
2072.19873046875 6.8875514253258826e-15 9.103480671384962e-15
2074.861572265625 1.8027229421692034e-14 9.590814301324146e-15
2077.5244140625 -1.2478684196528221e-15 8.539742975537546e-15
2080.18701171875 -4.529394759510965e-15 8.515920173896019e-15
2082.849853515625 1.4492254306872933e-14 9.047642565436064e-15
2085.5126953125 3.2659494039581367e-15 8.51376362801231e-15
2088.175537109375 3.4709118954358905e-15 8.443614053386603e-15
2090.83837890625 5.986667405537824e-16 9.669498579926387e-15
2093.501220703125 1.3205646835377435e-14 8.57309913300042e-15
2096.163818359375 -1.621963231313115e-14 8.064934421789412e-15
2098.82666015625 1.0063569858966372e-15 8.979598714717232e-15
2101.489501953125 1.1529970873186673e-14 8.708965758838852e-15
2104.15234375 7.950522293471984e-15 8.591298482905126e-15
2106.815185546875 -5.505539986003173e-16 1.0200269753466665e-14
2109.47802734375 8.944042812690338e-15 8.257524303006622e-15
2112.140625 -2.9933017802147126e-15 7.86799502638805e-15
2114.803466796875 4.466082011319022e-15 8.225556432544297e-15
2117.46630859375 6.473348184832912e-16 7.772723301579729e-15
2120.129150390625 1.387771581001394e-14 8.174570131317272e-15
2122.7919921875 -9.077283636392281e-15 9.025147911455832e-15
2125.45458984375 2.283282680222605e-14 9.894300277094731e-15
2128.117431640625 1.1803350756912998e-14 9.147833857602039e-15
2130.7802734375 -6.392549182598732e-15 7.583052295898757e-15
2133.443115234375 1.718276129020202e-14 8.186778417186048e-15
2136.10595703125 1.125018572631321e-14 1.2173802310460561e-14
2138.768798828125 -1.4985273221954087e-14 7.021522391428359e-15
2141.431640625 2.709448122337351e-15 6.924913625112796e-15
2144.09423828125 -2.1399266737678457e-15 1.1642688088576644e-14
2146.757080078125 8.766865542981367e-15 7.058826145941912e-15
2149.419921875 6.512737863858197e-16 6.609219363473435e-15
2152.082763671875 1.2678463693401726e-14 9.135132598557961e-15
2154.74560546875 -4.941832465704503e-15 6.716754854808578e-15
2157.408203125 1.6982831021463904e-14 7.169442719622693e-15
2160.071044921875 2.4841336737743865e-14 9.366107471845894e-15
2162.73388671875 1.3649948650497259e-14 7.0163842895703144e-15
2165.396728515625 2.7624230451662925e-15 6.566808847320886e-15
2168.0595703125 1.954319647464505e-14 7.249489027204119e-15
2170.72216796875 1.217883770957375e-15 6.774726213235136e-15
2173.385009765625 1.6671224540827992e-14 6.940371976400187e-15
2176.0478515625 1.1304630463063875e-14 6.814196678027766e-15
2178.710693359375 -1.4107121978283559e-15 6.15750643358161e-15
2181.37353515625 -1.184785111510466e-15 6.2453191862564105e-15
2184.036376953125 4.414728944825835e-15 6.315012210123547e-15
2186.69921875 -3.67683365172641e-15 6.3667832873762036e-15
2189.36181640625 -2.7091427669598657e-15 6.443258080535532e-15
2192.024658203125 2.775351309040235e-15 6.284389851497936e-15
2194.6875 3.431986496344819e-15 6.333684204412821e-15
2197.350341796875 -4.167494850598882e-15 7.222411077946293e-15
2200.01318359375 1.0412809801690556e-14 6.4345687930461234e-15
2202.67578125 8.352399616395629e-15 6.175773546122096e-15
2205.338623046875 -1.5112515345088686e-17 7.909001585430526e-15
2208.00146484375 8.176107496116539e-15 1.127004356672864e-14
2210.664306640625 3.876522939591032e-15 5.8601741521728274e-15
2213.3271484375 2.961458593002224e-14 9.769143535841383e-15
2215.989990234375 -1.8385563321896177e-14 5.29019763515241e-15
2218.652587890625 -5.0085710386516165e-15 5.465044717223484e-15
2221.3154296875 1.8667567695091446e-14 6.2811906080561565e-15
2223.978271484375 1.4398330211483693e-14 6.7338894842985855e-15
2226.64111328125 5.808699112935236e-15 6.8230591837548874e-15
2229.303955078125 2.7928294103903538e-15 5.332762734817833e-15
2231.966796875 2.1728055281649422e-15 8.04743726219798e-15
2234.62939453125 1.3108945530712385e-15 6.617059076916747e-15
2237.292236328125 -3.4759220953188997e-15 4.968517815191276e-15
2239.955078125 1.125365347919927e-14 6.281164773551265e-15
2242.617919921875 -1.0532504027467061e-14 5.8310065726341256e-15
2245.28076171875 4.634315883654408e-15 5.68600511997603e-15
2247.943359375 2.7243165681165385e-16 4.7611230686054815e-15
2250.606201171875 1.21043633964776e-14 5.528933024303087e-15
2253.26904296875 6.2735427475753974e-15 6.27843775097758e-15
2255.931884765625 4.649787787468955e-15 5.479080053159488e-15
2258.5947265625 3.2243962969064456e-15 4.4582867671054405e-15
2261.257568359375 8.4190585682457e-15 4.80201908984834e-15
2263.92041015625 9.58261925755946e-15 6.900584297768811e-15
2266.5830078125 3.787929646055337e-15 4.359840786327283e-15
2269.245849609375 6.946535411640883e-15 4.3574254718781874e-15
2271.90869140625 -4.734724651529591e-16 5.809787973788932e-15
2274.571533203125 1.3582235989660803e-14 4.6821376697904916e-15
2277.234375 3.144120443396314e-15 6.507677900789537e-15
2279.89697265625 2.158704229538171e-16 3.559131223925373e-15
2282.559814453125 8.816253493036923e-15 6.309254080148112e-15
2285.22265625 6.232528776994634e-16 3.606836119514735e-15
2287.885498046875 6.268273779127002e-15 3.9114317084462235e-15
2290.54833984375 -1.949791705790015e-15 5.168212608770055e-15
2293.2109375 1.83539046184596e-14 8.500264463931918e-15
2295.873779296875 6.858386810402496e-15 4.747213517062145e-15
2298.53662109375 6.113606409991314e-15 3.558162641750188e-15
2301.199462890625 7.295146644159967e-15 3.681144202394987e-15
2303.8623046875 5.063957676039628e-15 3.4965594178040403e-15
2306.525146484375 3.941209575223422e-15 4.515204416545614e-15
2309.18798828125 1.3662445774601049e-14 4.089837599445187e-15
2311.8505859375 1.63892269438963e-14 4.239802241657719e-15
2314.513427734375 9.58993084596016e-15 3.428340231265126e-15
2317.17626953125 5.08278594790767e-15 6.910423432484117e-15
2319.839111328125 1.1150788104018813e-14 3.5824585112927566e-15
2322.501953125 1.4740058877789862e-14 4.696529606597289e-15
2325.16455078125 7.584511733666876e-15 3.056726972030404e-15
2327.827392578125 7.15767743198533e-15 3.2942868912085293e-15
2330.490234375 7.655121247182942e-15 4.761660934526988e-15
2333.153076171875 9.948662004616565e-15 4.767205188683241e-15
2335.81591796875 7.350281712762644e-15 5.613673164961723e-15
2338.478515625 1.1751032919892889e-14 3.0260338861536973e-15
2341.1416015625 1.0958348994666214e-14 3.6062190560126606e-15
2343.80419921875 4.980614716227488e-15 2.592614750340197e-15
2346.467041015625 2.916617346400939e-15 5.231650294321719e-15
2349.1298828125 5.696067024356464e-15 4.0192073336219134e-15
2351.792724609375 1.5935416125152364e-15 3.125920881733371e-15
2354.45556640625 1.6658408932336034e-14 3.372585346303296e-15
2357.1181640625 1.0480951061198323e-14 3.6696414949712736e-15
2359.781005859375 1.2208502709210728e-14 3.764350789902619e-15
2362.44384765625 5.894733096420803e-15 3.3830699201244097e-15
2365.106689453125 9.654059710396783e-15 2.604358650395641e-15
2367.76953125 1.486817091699618e-14 2.8607959693527493e-15
2370.43212890625 1.4318936119271652e-14 5.914802271556573e-15
2373.094970703125 5.0928063476736885e-15 4.2563126078656e-15
2375.7578125 2.8759381655925776e-15 2.0040073201284475e-15
2378.420654296875 1.2006770801393802e-14 3.074648283370174e-15
2381.08349609375 4.94293318501946e-15 2.49013816328253e-15
2383.746337890625 9.685856480203762e-15 4.083883381342463e-15
2386.4091796875 1.1464902649211545e-14 3.269396616295225e-15
2389.07177734375 1.2807636217858007e-14 2.407842983226144e-15
2391.734619140625 1.105543929921229e-14 4.129890399389054e-15
2394.3974609375 7.160060135665957e-15 3.859595833173102e-15
2397.060302734375 9.715784695329098e-15 3.649775184226371e-15
2399.72314453125 1.247566452407126e-14 3.7349858516872066e-15
2402.3857421875 1.5923358822906436e-14 3.217617068713096e-15
2405.048583984375 1.3037700530727642e-14 2.9927838195674666e-15
2407.71142578125 9.144870936352544e-15 3.520808912292747e-15
2410.374267578125 1.1555789284451931e-14 2.1179588742808054e-15
2413.037109375 1.6065463846401395e-14 4.171527997977233e-15
2415.69970703125 1.5956359226531464e-14 3.3798827469021285e-15
2418.362548828125 1.1092513084280664e-14 3.2053001508688343e-15
2421.025390625 1.0902272872459137e-14 1.989059517950014e-15
2423.688232421875 1.3091722598037626e-14 2.577473612891553e-15
2426.35107421875 1.7433693106760212e-14 3.1504033102825726e-15
2429.013916015625 1.223144459658711e-14 3.269198834102041e-15
2431.6767578125 8.165000353079193e-15 1.7957214948821415e-15
2434.33935546875 1.1118229004559305e-14 1.9137642181697376e-15
2437.002197265625 1.7743220968543562e-14 3.688118248166205e-15
2439.6650390625 1.0371495769688228e-14 2.033725259324628e-15
2442.327880859375 1.3283307051146446e-14 2.043750317771856e-15
2444.99072265625 1.4857298402085224e-14 2.4278374077043186e-15
2447.6533203125 1.4896156885573462e-14 2.076295017671261e-15
2450.316162109375 1.482653077730916e-14 3.0011836335471507e-15
2452.97900390625 1.109319325173731e-14 2.777683190744026e-15
2455.641845703125 1.7003993292618105e-14 2.2443537659448025e-15
2458.3046875 1.500541058324211e-14 2.8071406673089256e-15
2460.96728515625 1.3211676015895991e-14 1.9035456126940617e-15
2463.63037109375 1.590369071787119e-14 1.969024859406845e-15
2466.29296875 1.1882365378364668e-14 1.7659814269502141e-15
2468.955810546875 1.2254980254059519e-14 3.0486562303507284e-15
2471.61865234375 1.3501193571333406e-14 2.0361270212465674e-15
2474.281494140625 1.5319448048436643e-14 1.8552748990959336e-15
2476.9443359375 1.9806615250911666e-14 3.133765677374367e-15
2479.60693359375 9.251039740027292e-15 1.4486033696908297e-15
2482.269775390625 1.2246101654706399e-14 2.0364529171730235e-15
2484.9326171875 1.3980979290679606e-14 1.724634148904706e-15
2487.595458984375 1.1791104354561596e-14 1.620990244566604e-15
2490.25830078125 1.6384114253026674e-14 1.889336211487397e-15
2492.9208984375 1.3547939625626476e-14 1.7595611289682634e-15
2495.583740234375 1.654934835817936e-14 2.9310825515576743e-15
2498.24658203125 1.5554884244257765e-14 2.6766330071695352e-15
2500.909423828125 1.4649570348034685e-14 1.691949370931649e-15
2503.572265625 1.2062083746915402e-14 1.501411638787399e-15
2506.235107421875 1.680298898610287e-14 2.2914850084706367e-15
2508.89794921875 1.7127504248854938e-14 2.088239876293441e-15
2511.560546875 1.3810457158837212e-14 2.8676505834784047e-15
2514.223388671875 2.190310480459489e-14 2.1915313090463667e-15
2516.88623046875 1.869268052791164e-14 1.9936502247658956e-15
2519.549072265625 2.1649992725230466e-14 3.824988608047133e-15
2522.2119140625 1.778185752939962e-14 1.8416455036999015e-15
2524.87451171875 1.6532414475497852e-14 1.7226405509842245e-15
2527.537353515625 1.9747529620642995e-14 2.4242097773494653e-15
2530.2001953125 2.1349050389400485e-14 2.0828271240022492e-15
2532.863037109375 1.713332844740026e-14 2.2057504511319246e-15
2535.52587890625 1.8130833409602497e-14 1.724902023074275e-15
2538.1884765625 1.3410180728183878e-14 2.541291965274875e-15
2540.851318359375 1.7034549159157357e-14 1.7341426231332275e-15
2543.51416015625 1.930686581203163e-14 1.72905322566965e-15
2546.177001953125 2.0665377910419544e-14 1.7812368079676193e-15
2548.83984375 1.7073543167917156e-14 1.6011142988219267e-15
2551.502685546875 2.1874536077349897e-14 1.889614673568807e-15
2554.16552734375 1.7917106668219503e-14 1.6241546537784277e-15
2556.828125 1.7246991798592314e-14 2.174438184170775e-15
2559.490966796875 1.8714185000376533e-14 1.609259897038316e-15
2562.15380859375 2.0241917340966913e-14 2.5007946847919365e-15
2564.816650390625 2.2176184838657888e-14 1.820577464961082e-15
2567.4794921875 1.691841585989111e-14 1.5340816995629974e-15
2570.14208984375 2.1495734473008302e-14 2.271397622126501e-15
2572.804931640625 1.8408328179386584e-14 1.5712249413330458e-15
2575.4677734375 1.7222571838722972e-14 1.5431654926475894e-15
2578.130615234375 1.6924809264576984e-14 1.794870015011914e-15
2580.79345703125 1.2299969562019984e-14 1.9632345421794145e-15
2583.4560546875 1.572854293910384e-14 1.8507701661241984e-15
2586.119140625 1.8555988044949637e-14 1.5728403390425781e-15
2588.78173828125 1.8428660358252476e-14 1.5648659473606525e-15
2591.444580078125 1.5438815319495508e-14 1.4702233562739037e-15
2594.107421875 1.3940782495134706e-14 1.3694745046703987e-15
2596.770263671875 1.7195568428364505e-14 1.5634520376134483e-15
2599.43310546875 1.8129794947209163e-14 1.623998058562304e-15
2602.095703125 1.4938350984807988e-14 1.395983988941498e-15
2604.758544921875 1.864960551441197e-14 2.301380682635172e-15
2607.42138671875 2.034367818518415e-14 1.6353251125285806e-15
2610.084228515625 2.098342184145459e-14 1.5957141461458253e-15
2612.7470703125 2.033306316828916e-14 1.5666463047366627e-15
2615.40966796875 2.1155811680945678e-14 1.574665906802148e-15
2618.072509765625 2.1095242048953418e-14 1.6583029988052216e-15
2620.7353515625 1.8754491910204577e-14 1.4690290398182751e-15
2623.398193359375 1.685408540161304e-14 1.8952573953051784e-15
2626.06103515625 1.7952626147829664e-14 1.5959317277341512e-15
2628.723876953125 1.82399160066158e-14 1.43152273855121e-15
2631.38671875 1.8210298652582106e-14 1.556324678878777e-15
2634.04931640625 2.016749363808936e-14 1.4844918380286392e-15
2636.712158203125 2.160865582333856e-14 1.6807979704228093e-15
2639.375 2.4283945012737278e-14 1.6322024196894092e-15
2642.037841796875 2.4787987214594e-14 1.6455429768504276e-15
2644.70068359375 1.989826421580458e-14 1.4806355087780272e-15
2647.36328125 2.037239599022786e-14 1.4917593807160811e-15
2650.026123046875 2.2628163313378677e-14 1.5630991425117985e-15
2652.68896484375 2.547235426059169e-14 1.7366576757118623e-15
2655.351806640625 2.5934014321899596e-14 1.842814832683586e-15
2658.0146484375 2.4273087744419372e-14 1.5898001621080958e-15
2660.67724609375 2.222573118387458e-14 1.9466415902591764e-15
2663.34033203125 2.418356652628996e-14 1.5783157717718667e-15
2666.0029296875 2.675434879065644e-14 1.6789383095871125e-15
2668.665771484375 2.4325441156823266e-14 1.5859031752760155e-15
2671.32861328125 2.945676336315803e-14 1.7466837929502746e-15
2673.991455078125 3.104350679511772e-14 1.7837876476882756e-15
2676.654296875 2.5558854959231193e-14 1.5976730157154693e-15
2679.31689453125 3.3584724221493237e-14 1.839989977804493e-15
2681.979736328125 3.1011980228820915e-14 3.009329972917369e-15
2684.642578125 3.344023395321881e-14 1.83422973024669e-15
2687.305419921875 3.815287116185756e-14 2.607296372414956e-15
2689.96826171875 3.5035305413115905e-14 1.865738508851603e-15
2692.630859375 3.444091528897325e-14 1.8410913323941604e-15
2695.293701171875 3.595306561146594e-14 1.8874958206512504e-15
2697.95654296875 3.971117122744845e-14 1.9846064539880614e-15
2700.619384765625 3.93616007301166e-14 1.9513654930060137e-15
2703.2822265625 4.4123050753439724e-14 2.0931386913438862e-15
2705.94482421875 4.307138142239236e-14 2.0584698445710045e-15
2708.60791015625 4.444882301308552e-14 2.0948225928430278e-15
2711.2705078125 4.5998344429211066e-14 2.147915041493401e-15
2713.933349609375 4.87949897230288e-14 2.2218781702058833e-15
2716.59619140625 4.9072772484014954e-14 2.2399667705527357e-15
2719.259033203125 4.4924509939999954e-14 2.095237003712472e-15
2721.921875 4.959613720146444e-14 2.2390752683757505e-15
2724.58447265625 4.380593178238308e-14 2.0973590330035808e-15
2727.247314453125 4.216534077190054e-14 1.9703417838815886e-15
2729.91015625 4.171058911131044e-14 1.9430438178157138e-15
2732.572998046875 4.4009185808406223e-14 2.0217480016922152e-15
2735.23583984375 4.0890247866290017e-14 1.9406179154547775e-15
2737.8984375 4.022439526645341e-14 1.916387690965621e-15
2740.561279296875 4.0621152275210903e-14 1.9133508660914775e-15
2743.22412109375 4.3286842887251334e-14 1.97749307129702e-15
2745.886962890625 4.37924131365449e-14 2.0770918639163903e-15
2748.5498046875 4.35243949713747e-14 1.9776021267889788e-15
2751.212646484375 3.866660680876266e-14 1.8451316795525634e-15
2753.87548828125 3.773121477258258e-14 1.8183480742439088e-15
2756.5380859375 3.7338428654281816e-14 2.2132303873308905e-15
2759.200927734375 3.6575272297596426e-14 1.7834039417631694e-15
2761.86376953125 3.680699340691089e-14 1.838185162352131e-15
2764.526611328125 3.4883720396875276e-14 1.7178232628549525e-15
2767.189453125 3.580211078773807e-14 1.734861648226328e-15
2769.85205078125 3.1770240735071176e-14 1.625226573973178e-15
2772.514892578125 3.679281407537385e-14 1.8053946111397856e-15
2775.177734375 3.411299495377322e-14 1.6836514126638722e-15
2777.840576171875 3.550254911561211e-14 1.7086235321357051e-15
2780.50341796875 3.218302021905893e-14 1.9011991196719305e-15
2783.166015625 3.312913569235125e-14 1.6552030699765077e-15
2785.8291015625 3.3098818689103124e-14 1.663779913842168e-15
2788.49169921875 2.509033901324821e-14 1.4614656708740047e-15
2791.154541015625 2.0983401512663855e-14 1.3294674445056835e-15
2793.8173828125 2.068036531138826e-14 1.3218276308379234e-15
2796.47998046875 2.358456007258477e-14 1.4080744313514876e-15
2799.14306640625 2.46127310156094e-14 1.4396973476460428e-15
2801.8056640625 2.5734038313382328e-14 1.4841321666634114e-15
2804.468505859375 3.1745178724227816e-14 2.0062667805152484e-15
2807.13134765625 3.556963073690286e-14 2.2760543975122683e-15
2809.794189453125 3.730143364327754e-14 1.7639338306793453e-15
2812.45703125 3.418122853987224e-14 1.6629975730362602e-15
2815.11962890625 3.833582350220091e-14 1.7449155057937629e-15
2817.78271484375 3.550145813717605e-14 1.6803696893888539e-15
2820.4453125 3.5043240417765784e-14 1.680911366958623e-15
2823.108154296875 3.805390044416858e-14 1.7408325952297603e-15
2825.77099609375 3.662785610296197e-14 1.6954046300817361e-15
2828.43359375 3.67497949660487e-14 1.7154599350529946e-15
2831.0966796875 3.722840585069706e-14 1.7712916882547882e-15
2833.75927734375 3.557756235342095e-14 1.7350005616296777e-15
2836.422119140625 3.220622553368191e-14 1.5887865813075876e-15
2839.0849609375 3.255534202135403e-14 1.5915612494845559e-15
2841.74755859375 3.171538688140699e-14 1.581851499051943e-15
2844.41064453125 3.075295755355055e-14 1.614216416208293e-15
2847.0732421875 2.77399393874226e-14 1.525545936795279e-15
2849.736083984375 2.744306280973944e-14 1.535556595682404e-15
2852.39892578125 2.943642101989677e-14 1.5739945273123305e-15
2855.061767578125 3.014057983774e-14 1.561289033103516e-15
2857.724609375 3.160744777887248e-14 1.5698807000457532e-15
2860.38720703125 3.455658272011851e-14 1.6380998865846673e-15
2863.05029296875 3.4254107254654e-14 1.6336581516883841e-15
2865.712890625 3.519110865343386e-14 1.6418287373767175e-15
2868.375732421875 3.582289697626369e-14 1.6648213408508171e-15
2871.03857421875 3.54886713278043e-14 1.649321061432537e-15
2873.701171875 3.852877421945365e-14 1.7006098593008506e-15
2876.3642578125 4.173143967434005e-14 1.7901149838042653e-15
2879.02685546875 4.048247265295464e-14 1.7655524047624298e-15
2881.689697265625 4.3160662083164755e-14 1.8144193236763065e-15
2884.3525390625 4.035956478417625e-14 1.7613514389814037e-15
2887.015380859375 4.165181518916636e-14 1.769422286540198e-15
2889.67822265625 4.3855320579471585e-14 1.809033676439427e-15
2892.3408203125 4.556643894127431e-14 1.838325769821375e-15
2895.00390625 4.652255279147602e-14 1.8372733313844116e-15
2897.66650390625 4.857200660559821e-14 1.9569648043038382e-15
2900.329345703125 5.036987469372693e-14 2.0754958420855264e-15
2902.9921875 5.450814902522791e-14 1.9705772590409253e-15
2905.65478515625 5.595135425394589e-14 2.005474381193092e-15
2908.31787109375 5.804305468334534e-14 2.032418711003488e-15
2910.98046875 5.439283057165692e-14 1.960259127193947e-15
2913.643310546875 5.225886997445306e-14 1.9329702667322552e-15
2916.30615234375 5.4826494499992176e-14 1.967293524062657e-15
2918.96875 5.866829374742699e-14 2.0235676402211543e-15
2921.6318359375 5.9710510190783e-14 2.0833048505845006e-15
2924.29443359375 5.932745478698029e-14 2.084826545274243e-15
2926.957275390625 6.203289157303768e-14 2.1109153718079122e-15
2929.6201171875 6.500679036952964e-14 2.157169088200391e-15
2932.282958984375 6.767505257359793e-14 2.201466370242949e-15
2934.94580078125 6.564541933044149e-14 2.178057979470866e-15
2937.6083984375 6.253012701813027e-14 2.123301322837375e-15
2940.271484375 6.122751231799756e-14 2.1191184623855965e-15
2942.93408203125 6.31854188111805e-14 2.1485687391704445e-15
2945.596923828125 6.397845171398145e-14 2.1872290169490253e-15
2948.259765625 6.495617168060172e-14 2.2573406868503423e-15
2950.92236328125 6.221400754595138e-14 2.1448079128846354e-15
2953.58544921875 6.522289219129673e-14 2.1913182802601322e-15
2956.248046875 6.75954382528196e-14 2.2230106532563623e-15
2958.910888671875 6.276895642793809e-14 2.16159779996511e-15
2961.57373046875 6.309013099274619e-14 2.198624574704911e-15
2964.236328125 6.546746787261873e-14 2.2361779921796672e-15
2966.8994140625 6.215434254514679e-14 2.2024362229675553e-15
2969.56201171875 6.251254939040884e-14 2.225579280668911e-15
2972.224853515625 5.737453562379077e-14 2.1526567319321305e-15
2974.8876953125 5.862300797793499e-14 2.18236408321647e-15
2977.550537109375 5.805547557448387e-14 2.2244677616838765e-15
2980.21337890625 5.931799512302535e-14 2.225292771774502e-15
2982.8759765625 5.79425288131652e-14 2.2200750488194157e-15
2985.5390625 5.629977956273305e-14 2.2164855349471888e-15
2988.20166015625 5.580917469155157e-14 2.2231307201766356e-15
2990.864501953125 5.476984493647981e-14 2.22628909427871e-15
2993.52734375 5.3722119390834863e-14 2.222138632837164e-15
2996.18994140625 5.799380479966018e-14 2.3265479373222285e-15
2998.85302734375 6.118234852124996e-14 2.3796384801484704e-15
3001.515625 5.947374754136647e-14 2.3174639324793998e-15
3004.178466796875 5.4381842860265137e-14 2.261163134783064e-15
3006.84130859375 5.5729482443742095e-14 2.3005357672702858e-15
3009.504150390625 5.730168401406333e-14 2.3410521059945375e-15
3012.1669921875 6.366082113502466e-14 2.4653982367173633e-15
3014.82958984375 6.499735103436544e-14 2.5018068891639053e-15
3017.49267578125 5.864846640019766e-14 2.422951509906319e-15
3020.1552734375 5.748990828747039e-14 2.437620214728632e-15
3022.818115234375 5.907274181534555e-14 2.48134066733411e-15
3025.48095703125 6.072657025672779e-14 2.53885335741973e-15
3028.1435546875 6.990540552019933e-14 2.691561327590182e-15
3030.806640625 7.298830729260755e-14 2.7165305883258177e-15
3033.46923828125 7.34905842778022e-14 2.745294344906916e-15
3036.132080078125 7.061444663595054e-14 2.7342947750538717e-15
3038.794921875 6.890983009905094e-14 2.7343930308757532e-15
3041.45751953125 7.232620535466139e-14 2.804633449785053e-15
3044.12060546875 7.201453788765327e-14 2.834252709642878e-15
3046.783203125 7.123119504176892e-14 2.836202155970984e-15
3049.446044921875 7.50344746188944e-14 2.9410508587974366e-15
3052.10888671875 7.375196509279772e-14 3.689178733416168e-15
3054.771728515625 7.496196182234585e-14 5.5057798022063644e-15
3060.09716796875 8.54190443421235e-14 4.879838971327908e-15
3062.76025390625 8.388605700912835e-14 3.945593394241937e-15
3065.4228515625 8.09870901352823e-14 3.2224142398098706e-15
3068.085693359375 8.674277387956536e-14 3.3318424262656536e-15
3070.74853515625 8.209778749835792e-14 3.2930654696985886e-15
3073.4111328125 8.139952064169578e-14 3.283983370679891e-15
3076.07421875 8.622680884194309e-14 3.414942711138405e-15
3078.73681640625 8.582278090236636e-14 3.4518653008256935e-15
3081.399658203125 8.27613937668184e-14 3.4040303856789278e-15
3084.0625 8.748620453297509e-14 3.5026758427161636e-15
3086.72509765625 9.357763180875903e-14 3.662187181518962e-15
3089.38818359375 1.089643850951845e-13 8.5299317929095e-15
3092.05078125 9.811860932030722e-14 5.539283343402061e-15
3094.713623046875 1.0678945520838784e-13 9.153126966489431e-15
3097.37646484375 1.1186798015705435e-13 4.5305928876148566e-15
3100.039306640625 1.1419841851670332e-13 4.129629936757773e-15
3102.7021484375 1.0863400836443743e-13 4.0991625851615095e-15
3105.36474609375 1.0520145816766621e-13 4.0828317899384466e-15
3108.02783203125 1.143380773090466e-13 4.251138083590823e-15
3110.6904296875 1.1620936960117512e-13 4.2610598040184865e-15
3113.353271484375 1.1015534730034193e-13 4.233842517840838e-15
3116.01611328125 1.0811633570839349e-13 4.284268930289728e-15
3118.6787109375 1.1336060806417872e-13 4.396556276458968e-15
3121.341796875 1.0942779343249553e-13 4.343991529334734e-15
3124.00439453125 1.0821703776142666e-13 4.379032011813224e-15
3126.667236328125 1.0351093625900892e-13 4.345512800508003e-15
3129.330078125 1.0690942217877336e-13 4.419719239434584e-15
3131.992919921875 9.989777153282878e-14 4.347840870563531e-15
3134.65576171875 1.011902624951759e-13 4.9323516259258855e-15
3137.318359375 1.0126172497086985e-13 4.454683065431347e-15
3139.9814453125 1.0384483664681657e-13 4.53328814645302e-15
3142.64404296875 9.398028416682941e-14 4.50475245349297e-15
3145.306884765625 9.214103682516142e-14 4.503244311330383e-15
3147.9697265625 1.004028945487262e-13 4.709849199692863e-15
3150.63232421875 1.0924551194224641e-13 4.753336718237846e-15
3153.29541015625 9.912928225670747e-14 4.6611761454447894e-15
3155.9580078125 9.905063016535723e-14 4.685135742907298e-15
3158.620849609375 1.0230148840681061e-13 4.8547964422423345e-15
3161.28369140625 1.0605519283959919e-13 5.1709307374977944e-15
3163.9462890625 1.0423022308529012e-13 4.956332822728549e-15
3166.609375 1.1301113582266875e-13 5.169914297961089e-15
3169.27197265625 1.15462476277077e-13 5.25710236383729e-15
3171.934814453125 1.2220775877803264e-13 5.48547303432889e-15
3174.59765625 1.2613326182131512e-13 5.602820131808553e-15
3177.260498046875 1.2244255631101153e-13 5.439338961340211e-15
3179.92333984375 1.192083134678515e-13 5.445061515931861e-15
3182.5859375 1.238745976454847e-13 5.592961091818987e-15
3185.2490234375 1.1481099274415763e-13 5.453160421457033e-15
3187.91162109375 9.670596165219439e-14 5.191747419209516e-15
3190.574462890625 1.0673899237352222e-13 5.519608885619712e-15
3193.2373046875 1.1266377099913155e-13 5.6765971250308765e-15
3195.89990234375 1.1321834041035789e-13 5.637442603527573e-15
3198.56298828125 1.2011378491220276e-13 5.8117941713245035e-15
3201.2255859375 1.2568568961198595e-13 5.902948468976222e-15
3203.888427734375 1.3146141076766926e-13 6.066108190441082e-15
3206.55126953125 1.3504445500224505e-13 6.620521324088649e-15
3209.2138671875 1.2630386103315572e-13 6.5508816632971895e-15
3211.876953125 1.2685917583337564e-13 6.319690796607706e-15
3214.53955078125 1.1493719387703494e-13 6.1729347151993734e-15
3217.202392578125 1.1459305455496088e-13 6.4151734326198945e-15
3219.865234375 1.241657194813242e-13 6.67430706920635e-15
3222.528076171875 1.1672668311524942e-13 6.349320432619135e-15
3225.19091796875 1.1418928411340012e-13 6.3453105786468334e-15
3227.853515625 1.0433279538707083e-13 6.2560307649073884e-15
3230.5166015625 1.0589746175229328e-13 6.2297710494766106e-15
3233.17919921875 1.1015506269727166e-13 6.3453321779869884e-15
3235.842041015625 1.214274042643862e-13 6.82100682292369e-15
3238.5048828125 1.2135176761032818e-13 6.872430193151499e-15
3241.16748046875 1.284321092401633e-13 6.97600834655707e-15
3243.83056640625 1.286735339589215e-13 7.062176161248303e-15
3246.4931640625 1.264907232775836e-13 6.8645815858622405e-15
3249.156005859375 1.2803249942443945e-13 7.710452827429382e-15
3251.81884765625 1.2511905845159071e-13 6.864611655531868e-15
3254.481689453125 1.2251313787244034e-13 6.8084787821173255e-15
3257.14453125 1.4309526599667194e-13 7.411318059908842e-15
3259.80712890625 1.6139299369600374e-13 8.042888695271224e-15
3262.47021484375 1.3912700473021206e-13 8.628952485542369e-15
3265.1328125 1.3777055939221544e-13 9.797452223971569e-15
3267.795654296875 1.3661297028517982e-13 9.311487399275148e-15
3270.45849609375 1.3666330437103746e-13 8.661290509402644e-15
3273.12109375 1.416281371693917e-13 9.81918539533222e-15
3275.7841796875 1.660359675269285e-13 8.190582442152167e-15
3278.44677734375 1.7709161773734466e-13 8.309856539586834e-15
3281.109619140625 1.5019806416400466e-13 7.454704781533102e-15
3283.7724609375 1.6014561909655917e-13 7.755978307245458e-15
3286.43505859375 1.721199409127766e-13 8.040742313782882e-15
3289.09814453125 1.5430492712568966e-13 1.1653999366554278e-14
3291.7607421875 1.6264074776620868e-13 9.210706572177884e-15
3294.423583984375 1.7122418663039624e-13 8.197897418684656e-15
3297.08642578125 1.4735161333288838e-13 7.264257893672445e-15
3299.749267578125 1.3247537019190486e-13 6.930262638174707e-15
3302.412109375 1.4140351758430703e-13 7.087282641321394e-15
3305.07470703125 1.4492108956019184e-13 1.210333340441374e-14
3307.73779296875 1.5814972486975776e-13 7.352623758861802e-15
3310.400390625 1.5922233963152482e-13 7.230604427645084e-15
3313.063232421875 1.5701287112927093e-13 7.120024276381035e-15
3315.72607421875 1.9223094253548179e-13 8.279604757875647e-15
3318.388671875 1.9691003385127748e-13 1.0647210923250133e-14
3321.0517578125 2.2081320875510374e-13 1.4185338694698915e-14
3323.71435546875 2.222744693381254e-13 1.736483779847791e-14
3326.377197265625 2.129085753185822e-13 1.3344898204873095e-14
3329.0400390625 2.00299669970809e-13 1.4866963048013396e-14
3331.70263671875 1.9758080263033995e-13 7.784643596246438e-15
3334.36572265625 1.9421991142090644e-13 7.673889803228202e-15
3337.0283203125 1.895965209917222e-13 1.6308755425775354e-14
3339.691162109375 1.8109958790837183e-13 1.0186880703669417e-14
3342.35400390625 1.9610684332937306e-13 1.1280119870669177e-14
3345.016845703125 2.0822249089877398e-13 8.278617117459149e-15
3347.6796875 2.3942306470736696e-13 9.2413352835506e-15
