wavelength flux error
1851.1864013671875 2.4735131477771066e-12 1.5696663803813071e-12
1853.84912109375 2.337783829367557e-12 1.464349908691931e-12
1856.511962890625 -1.4431345658413863e-12 2.199930125221239e-12
1859.1748046875 2.650044897065107e-12 2.117595595402255e-12
1861.8375244140625 5.981810641438046e-13 1.071563194079972e-12
1864.5003662109375 1.1459063949462167e-12 9.927049416866285e-13
1867.1632080078125 -5.992258013572116e-13 7.361657399125587e-13
1869.825927734375 1.078737143014874e-12 6.816945011950404e-13
1872.48876953125 6.554424971522144e-13 5.956592641007119e-13
1875.151611328125 3.334663274678906e-13 5.232533698863728e-13
1877.8143310546875 -2.717774193628647e-13 4.590569461018768e-13
1880.4771728515625 1.7155457013740688e-13 4.9037060219706e-13
1883.1400146484375 2.1414937694235608e-13 4.642211094696425e-13
1885.802734375 1.4446321743022406e-13 4.128842721277254e-13
1888.465576171875 7.620992053571085e-13 4.1266225462785466e-13
1891.12841796875 4.258923671628806e-13 3.869416722798724e-13
1893.7911376953125 5.702088107240044e-13 3.756805522052431e-13
1896.4539794921875 -2.2034687984819057e-13 3.1940495712722006e-13
1899.11669921875 5.048978406587204e-14 3.2380239982365833e-13
1901.779541015625 4.174250192463119e-13 3.4317568318315006e-13
1904.4423828125 1.8458558927224658e-14 3.103922555178912e-13
1907.105224609375 6.196991704510157e-13 3.3678978659731906e-13
1909.7679443359375 4.807077045448915e-13 3.0935104196154473e-13
1912.4307861328125 -1.2240859367795842e-13 2.5929022926148015e-13
1915.093505859375 4.3915785179378386e-13 2.763814838883244e-13
1917.75634765625 3.041924622349673e-13 2.593743362450107e-13
1920.419189453125 -4.424552409431617e-15 2.0919045304584188e-13
1923.0819091796875 1.3766468705007223e-13 2.0218493491843542e-13
1925.7447509765625 2.9734209343844353e-13 2.3462069960455967e-13
1928.4075927734375 2.0395215735453248e-13 2.2137534047648316e-13
1931.0703125 4.701813482825556e-13 2.1454113984485657e-13
1933.733154296875 3.382632986648898e-13 2.0123368303735095e-13
1936.39599609375 3.541454781340325e-13 2.0763439253536353e-13
1939.0587158203125 4.433138697714639e-13 1.974565530613731e-13
1941.7215576171875 5.740783824877138e-13 1.9287222101545265e-13
1944.3843994140625 5.859797781553044e-13 1.8687116199074538e-13
1947.047119140625 -9.717056938815874e-14 1.5109964603306214e-13
1949.7099609375 2.890343129766104e-13 1.563335778106273e-13
1952.372802734375 1.9475919358150073e-13 1.7629659938931536e-13
1955.0355224609375 5.413455328538014e-15 1.440527791453025e-13
1957.6983642578125 4.1961261396973593e-13 1.561150026526542e-13
1960.361083984375 5.664895093814015e-13 1.5870138048764554e-13
1963.02392578125 1.8546955963226475e-13 1.5713305494009094e-13
1965.686767578125 3.133719954535874e-13 1.334062390721466e-13
1968.349609375 1.0433744390388536e-13 1.215935853523739e-13
1971.0123291015625 1.5757862137540102e-13 1.3194736373390442e-13
1973.6751708984375 3.174070435738724e-13 1.2841664580667822e-13
1976.337890625 4.703612716330796e-13 1.6895922052943824e-13
1979.000732421875 1.715313682109157e-13 1.0401781432717305e-13
1981.66357421875 3.275165241008876e-13 1.1438014435333904e-13
1984.3262939453125 3.7232847013846104e-13 1.1333502766917164e-13
1986.9891357421875 2.5511331328692544e-13 1.0222533675672066e-13
1989.6519775390625 3.1290250880784687e-13 1.0279597946515409e-13
1992.314697265625 2.7776928977416016e-13 1.0187812778724575e-13
1994.9775390625 3.6120986843940495e-13 1.0264623081634311e-13
1997.640380859375 2.947207094258081e-13 9.610138341576216e-14
2000.3031005859375 4.984496973156616e-13 1.2009851121409787e-13
2002.9659423828125 4.913898606594136e-13 1.05505759836165e-13
2005.6287841796875 4.0926428370412216e-13 9.466919300349028e-14
2008.29150390625 2.2504726218414844e-13 8.595834005524494e-14
2010.954345703125 2.8717284626667006e-13 9.47732086494131e-14
2013.6171875 6.299329547571064e-13 1.1040349407256955e-13
2016.2799072265625 2.406308388224615e-13 7.983894036341088e-14
2018.9427490234375 2.6543025589964575e-13 8.020736581414861e-14
2021.60546875 2.7785881776855315e-13 8.59368186421211e-14
2024.268310546875 2.428539411670344e-13 8.273154432575716e-14
2026.93115234375 2.2511129787496087e-13 1.0127039858824974e-13
2029.593994140625 3.4161050182189567e-13 8.951112149668122e-14
2032.2567138671875 1.7612051140397655e-13 7.490088058245345e-14
2034.9195556640625 1.9749220976032072e-13 7.577674653123229e-14
2037.582275390625 3.02746949688501e-13 8.067746909987475e-14
2040.2451171875 2.2391570748177964e-13 7.654972847010583e-14
2042.907958984375 2.3373951428887207e-13 7.543543968733385e-14
2045.57080078125 2.6549725959390535e-13 7.933885888761552e-14
2048.2333984375 1.8156256934107745e-13 7.385192853310088e-14
2050.896240234375 2.1482108084579232e-13 7.272679772860405e-14
2053.55908203125 3.463973086235278e-13 8.15996033763644e-14
2056.221923828125 3.5903837411824235e-13 8.032004830118775e-14
2058.884765625 3.732489306778469e-13 7.954003260072021e-14
2061.547607421875 1.8497150425927922e-13 6.706522273289273e-14
2064.21044921875 3.4645975866866296e-13 7.432300760078225e-14
2066.873046875 2.37972022729821e-13 6.872979832830972e-14
2069.535888671875 1.9210204444970042e-13 6.463857498296283e-14
2072.19873046875 1.9228287581954384e-13 6.262269077860622e-14
2074.861572265625 2.309521931337377e-13 6.297456859368639e-14
2077.5244140625 2.5797829042266407e-13 6.419932402530748e-14
2080.18701171875 1.7905905165711833e-13 7.091462155993031e-14
2082.849853515625 3.970227196049142e-13 7.221439700562382e-14
2085.5126953125 3.0770880093088093e-13 6.722048726025623e-14
2088.175537109375 3.8179073617861103e-13 6.992021843238092e-14
2090.83837890625 2.1158080712804783e-13 5.831113044675595e-14
2093.501220703125 2.759581300450231e-13 6.188613803272819e-14
2096.163818359375 9.984444233846965e-14 8.174279260203185e-14
2098.82666015625 2.606114651339253e-13 1.136785774563144e-13
2101.489501953125 3.1055567189033906e-13 6.472339347416908e-14
2104.15234375 1.8481041892150218e-13 7.919637439336019e-14
2106.815185546875 2.2130601930007987e-13 6.253631374677701e-14
2109.47802734375 3.766262746552479e-13 6.705152790420152e-14
2112.140625 2.2256720392469648e-13 5.734516729744357e-14
2114.803466796875 2.6470600884842543e-13 7.03146647352583e-14
2117.46630859375 2.64257718355157e-13 5.659904985552515e-14
2120.129150390625 4.275910951267309e-13 6.877547034482567e-14
2122.7919921875 1.1334040124618902e-13 7.940216274196152e-14
2125.45458984375 3.750255856728446e-13 6.49299543168183e-14
2128.117431640625 2.393133163424571e-13 5.774247318355089e-14
2130.7802734375 2.2624106364374508e-13 5.278801484473461e-14
2133.443115234375 3.8485780859930097e-13 6.545911951589059e-14
2136.10595703125 1.8830112978856367e-13 1.0020477015423163e-13
2138.768798828125 2.6516744529303526e-13 5.720216780715631e-14
2141.431640625 2.7885969900408314e-13 5.408236250330212e-14
2144.09423828125 1.1644007427095288e-13 5.6829351337620015e-14
2146.757080078125 2.587217549573917e-13 5.348063707383624e-14
2149.419921875 2.43818664260112e-13 5.072379555227588e-14
2152.082763671875 2.673060069732086e-13 9.358073533747777e-14
2154.74560546875 2.639356832048745e-13 5.4246470054634954e-14
2157.408203125 3.3333421743317326e-13 5.573066490173646e-14
2160.071044921875 2.9383228706061915e-13 5.205687972158722e-14
2162.73388671875 2.463713098550119e-13 4.9618546305117e-14
2165.396728515625 2.061509735704417e-13 4.585156717197905e-14
2168.0595703125 2.799728222695197e-13 5.0248413557222454e-14
2170.72216796875 1.680884435546065e-13 4.3076653355456074e-14
2173.385009765625 3.14529842058639e-13 5.2206238735242466e-14
2176.0478515625 2.2094427524523008e-13 4.8203116980805386e-14
2178.710693359375 1.4473453902388855e-13 4.139070203658217e-14
2181.37353515625 1.982517340397283e-13 4.569342950885846e-14
2184.036376953125 2.494160748160029e-13 4.83942855407371e-14
2186.69921875 8.468257968767198e-14 4.249204137965652e-14
2189.36181640625 1.4235715471017096e-13 3.91910963859661e-14
2192.024658203125 3.090657612649095e-13 5.0928354009037793e-14
2194.6875 2.893748608789881e-13 6.422798762024257e-14
2197.350341796875 1.4554399081333907e-13 3.9031911790122706e-14
2200.01318359375 3.03507029621522e-13 5.11124921955073e-14
2202.67578125 2.830981434519264e-13 4.780971422251902e-14
2205.338623046875 2.6122081385991647e-13 4.931130712635713e-14
2208.00146484375 3.8519626941249663e-13 8.990730929929816e-14
2210.664306640625 3.08202302654742e-13 6.808423047349396e-14
2213.3271484375 3.562240563290131e-13 7.842499165269107e-14
2215.989990234375 1.3346437941364614e-13 4.058981883242607e-14
2218.652587890625 1.8464682636620128e-13 4.8889911623229906e-14
2221.3154296875 3.0863086066847123e-13 4.532767729410227e-14
2223.978271484375 2.471042576286664e-13 5.873016103389445e-14
2226.64111328125 2.292292603563867e-13 7.762874002469056e-14
2229.303955078125 2.5958299095310555e-13 4.3086987157412576e-14
2231.966796875 2.42859985594146e-13 4.8545064181611947e-14
2234.62939453125 1.6517439271803575e-13 4.0257680273148716e-14
2237.292236328125 1.4688466100972603e-13 3.928867119335801e-14
2239.955078125 2.7611249332933074e-13 6.283112187000298e-14
2242.617919921875 1.4853920773504753e-13 3.3426593334636226e-14
2245.28076171875 1.5997525027768023e-13 4.7464368725528075e-14
2247.943359375 2.551822685450955e-13 4.135867741491238e-14
2250.606201171875 2.3544851506830666e-13 6.009288119196432e-14
2253.26904296875 3.504267731026245e-13 4.334987569105421e-14
2255.931884765625 2.0338400831109577e-13 4.5027864900223924e-14
2258.5947265625 1.8056339572396912e-13 4.137897910059217e-14
2261.257568359375 3.2688622316791316e-13 4.2620214405235043e-14
2263.92041015625 2.0908880909217137e-13 3.635051379910839e-14
2266.5830078125 2.2645747039737318e-13 3.465952771639601e-14
2269.245849609375 2.1033850117375963e-13 3.180300396947097e-14
2271.90869140625 2.6942315566047537e-13 5.984987082752885e-14
2274.571533203125 3.0245800980953363e-13 4.237376169890193e-14
2277.234375 2.284941441783872e-13 6.374550410095936e-14
2279.89697265625 2.415816841277313e-13 3.3153760634193827e-14
2282.559814453125 2.8306767737087957e-13 4.546539129879866e-14
2285.22265625 2.9850495447854286e-13 3.6814186410698974e-14
2287.885498046875 2.2250388651782332e-13 3.5381464061736215e-14
2290.54833984375 2.363152804951002e-13 3.115213707653719e-14
2293.2109375 3.2478186806628173e-13 5.468172301677926e-14
2295.873779296875 2.0324893027293123e-13 3.13515760661659e-14
2298.53662109375 2.2193679457150478e-13 3.1458522446086226e-14
2301.199462890625 2.5204683717743037e-13 3.1805473917545166e-14
2303.8623046875 2.8542806681554345e-13 3.480166662120886e-14
2306.525146484375 2.72942882488178e-13 6.987252708931871e-14
2309.18798828125 3.850554857603994e-13 3.947924344209486e-14
2311.8505859375 2.30885785750673e-13 3.2609833344916794e-14
2314.513427734375 2.4010611207603283e-13 3.1804352445923e-14
2317.17626953125 1.903655049350847e-13 2.5953899267369338e-14
2319.839111328125 2.711532712772191e-13 3.15789366498679e-14
2322.501953125 2.613118055272423e-13 3.4310312972902005e-14
2325.16455078125 2.7288758817738124e-13 5.091495394781223e-14
2327.827392578125 2.6202136163902545e-13 3.578437391782256e-14
2330.490234375 2.7756667949317693e-13 5.837749717223922e-14
2333.153076171875 3.2526466329368953e-13 4.231382225942243e-14
2335.81591796875 2.7232692012893467e-13 3.9508594827783114e-14
2338.478515625 2.563175908500137e-13 3.3345542445979356e-14
2341.1416015625 2.1804262497100713e-13 2.4908865592430766e-14
2343.80419921875 1.4878316677638392e-13 1.9943624524195944e-14
2346.467041015625 1.7086321506959434e-13 4.3455144945738974e-14
2349.1298828125 2.0558129309143636e-13 2.5096115777948486e-14
2351.792724609375 2.368174829413955e-13 2.957740795990135e-14
2354.45556640625 2.690362039051153e-13 2.7130507652202603e-14
2357.1181640625 2.4418181777778603e-13 4.52909262285868e-14
2359.781005859375 2.2880961990552617e-13 2.767668804911933e-14
2362.44384765625 2.7621272782017703e-13 2.6990598138106926e-14
2365.106689453125 2.812053161941469e-13 2.978168181359299e-14
2367.76953125 3.05501934513841e-13 3.8525860426115097e-14
2370.43212890625 2.504477473932315e-13 3.481543598879942e-14
2373.094970703125 2.363449334245177e-13 5.174469387041539e-14
2375.7578125 2.1385448750396718e-13 4.321132820593772e-14
2378.420654296875 2.3658489447034303e-13 2.6071941778898697e-14
2381.08349609375 1.784011984364356e-13 1.9212758757525782e-14
2383.746337890625 1.43300207312326e-13 3.640337881941243e-14
2386.4091796875 2.0582099663924575e-13 3.0242579545248366e-14
2389.07177734375 2.8850717388034797e-13 2.479920362488154e-14
2391.734619140625 2.86913721947446e-13 3.2925170158652414e-14
2394.3974609375 2.145819465041235e-13 3.6975142999468025e-14
2397.060302734375 2.473841444194935e-13 2.6743145932896055e-14
2399.72314453125 2.8135257795422475e-13 2.4477575050413716e-14
2402.3857421875 2.8504439477175514e-13 3.477538488292145e-14
2405.048583984375 2.940726817873135e-13 3.9963925858909136e-14
2407.71142578125 2.8447933570451e-13 4.637933646075426e-14
2410.374267578125 2.3850095075966804e-13 2.242746563279035e-14
2413.037109375 2.928071739065341e-13 2.5601760566141413e-14
2415.69970703125 3.1015207763163133e-13 2.452170377289977e-14
2418.362548828125 2.68940224907796e-13 2.369293116192238e-14
2421.025390625 2.3642817304631025e-13 2.0187127861806715e-14
2423.688232421875 2.6827880737247123e-13 4.095070907806503e-14
2426.35107421875 3.683949033415207e-13 4.857238946449037e-14
2429.013916015625 2.896564281831826e-13 2.3520151687275552e-14
2431.6767578125 2.637209298595594e-13 2.143137352154413e-14
2434.33935546875 2.628439187222359e-13 2.1433223441500934e-14
2437.002197265625 3.018371685405141e-13 2.3700501942404938e-14
2439.6650390625 2.704350957581647e-13 3.7785048798578275e-14
2442.327880859375 2.501012092738508e-13 2.6394593569166805e-14
2444.99072265625 2.835237199096813e-13 2.307988767821529e-14
2447.6533203125 2.7842517787840526e-13 2.1467462207294848e-14
2450.316162109375 2.5598609603577627e-13 3.4012828225562716e-14
2452.97900390625 2.944248306529368e-13 3.2733418840052986e-14
2455.641845703125 3.035570384467279e-13 2.2462366778349015e-14
2458.3046875 2.5709789115355153e-13 2.4508561209690173e-14
2460.96728515625 2.648831945884639e-13 3.098941527110606e-14
2463.63037109375 2.8886089483912136e-13 2.977802263126085e-14
2466.29296875 3.576806819477474e-13 2.48637221244739e-14
2468.955810546875 3.151276711365475e-13 2.2301484728479322e-14
2471.61865234375 1.9096449953032862e-13 2.3646186801695203e-14
2474.281494140625 2.8855406562430796e-13 3.326423405930652e-14
2476.9443359375 4.0162157995994596e-13 5.042768638644293e-14
2479.60693359375 2.879040593168486e-13 2.05587449326897e-14
2482.269775390625 2.8216478090668795e-13 4.275406593969196e-14
2484.9326171875 2.6273281510461044e-13 2.4144257421273782e-14
2487.595458984375 3.3228164685907e-13 3.400716665734327e-14
2490.25830078125 3.21191532572096e-13 4.330216401920127e-14
2492.9208984375 3.3347380846288077e-13 2.236728394188793e-14
2495.583740234375 3.200126524448982e-13 2.794917854825104e-14
2498.24658203125 3.425453551451213e-13 2.242380645045821e-14
2500.909423828125 2.914759362690478e-13 2.8219837762150785e-14
2503.572265625 2.3176580554902515e-13 1.6815824923385563e-14
2506.235107421875 2.754683146085485e-13 3.074448044781443e-14
2508.89794921875 3.06183084528705e-13 2.295191794054411e-14
2511.560546875 2.628452739749515e-13 2.6695200479949673e-14
2514.223388671875 3.834473970981689e-13 3.5780741840544736e-14
2516.88623046875 2.942198080221198e-13 1.9797631619473087e-14
2519.549072265625 3.137587845786216e-13 3.572035855580087e-14
2522.2119140625 3.2666553381570373e-13 3.0557889253929674e-14
2524.87451171875 2.7679470044131294e-13 3.2088925023014345e-14
2527.537353515625 3.361596753997248e-13 4.822181946828076e-14
2530.2001953125 3.8034346180361445e-13 2.2928360260215074e-14
2532.863037109375 3.0895669052635744e-13 1.99609751470875e-14
2535.52587890625 3.4054898657986943e-13 2.4612492152318276e-14
2538.1884765625 3.1288212580700414e-13 3.6904022725084765e-14
2540.851318359375 3.378119724055384e-13 3.422183529936361e-14
2543.51416015625 3.476556607699688e-13 3.11984392855659e-14
2546.177001953125 3.072647659311395e-13 2.251900787153191e-14
2548.83984375 3.271677091569447e-13 1.9626375110065424e-14
2551.502685546875 3.535022751952055e-13 2.1057337324563788e-14
2554.16552734375 3.467135432921875e-13 2.3173618650092556e-14
2556.828125 3.0933214973868917e-13 1.9532691572033203e-14
2559.490966796875 2.9484886212259587e-13 1.7786329863361122e-14
2562.15380859375 3.523821588257564e-13 2.1196255810111177e-14
2564.816650390625 3.2316494315634547e-13 2.2728541799825995e-14
2567.4794921875 3.391137197439331e-13 2.2567000758323338e-14
2570.14208984375 3.3306349215070363e-13 1.9190639339141183e-14
2572.804931640625 3.510960782087541e-13 2.4173615583225616e-14
2575.4677734375 3.3825492320310735e-13 2.7476667994888807e-14
2578.130615234375 3.0934280202503384e-13 1.821114568552936e-14
2580.79345703125 3.06461480541545e-13 1.7932207571603152e-14
2583.4560546875 2.6417526477993947e-13 1.6480113579136688e-14
2586.119140625 2.9388473534071313e-13 1.7830243439478574e-14
2588.78173828125 3.5193069704113344e-13 2.033470980033862e-14
2591.444580078125 2.8227797161349544e-13 1.6794757519921454e-14
2594.107421875 2.6216518105720565e-13 1.5627334360368214e-14
2596.770263671875 3.10854993005108e-13 1.8869964523771966e-14
2599.43310546875 2.2883013843164046e-13 2.3507783312179745e-14
2602.095703125 2.4328439653456546e-13 1.5487360471768546e-14
2604.758544921875 2.9096159075842065e-13 1.6472090483060295e-14
2607.42138671875 3.11626538376103e-13 1.735780403688391e-14
2610.084228515625 3.760997318701803e-13 3.455419069907546e-14
2612.7470703125 3.556010466556486e-13 2.193206316699562e-14
2615.40966796875 3.2115458838306854e-13 1.7336584167489295e-14
2618.072509765625 3.3209456777420765e-13 1.7678905756858543e-14
2620.7353515625 3.256896163351952e-13 2.477838355503803e-14
2623.398193359375 2.9593772636442306e-13 3.1110646014648885e-14
2626.06103515625 3.0024322871663456e-13 1.6291074460034367e-14
2628.723876953125 3.4037570396765193e-13 1.83731542892189e-14
2631.38671875 3.3702912422689524e-13 1.824501514495827e-14
2634.04931640625 3.1687432083642164e-13 1.6612941897793318e-14
2636.712158203125 3.154841026007521e-13 2.884646934839773e-14
2639.375 3.3637104061325085e-13 1.7471838388506862e-14
2642.037841796875 3.167444334161579e-13 1.970223538082152e-14
2644.70068359375 2.8911451683232003e-13 1.5471858074767898e-14
2647.36328125 3.185819663631406e-13 1.6362994333519836e-14
2650.026123046875 3.886979713790817e-13 1.9587748713604733e-14
2652.68896484375 3.3230273459132487e-13 1.67894059657607e-14
2655.351806640625 3.6057853751436664e-13 1.796150644124868e-14
2658.0146484375 3.547552605408927e-13 1.7756803988885732e-14
2660.67724609375 3.1575214448284483e-13 1.6889421922106594e-14
2663.34033203125 3.2793952557848283e-13 1.869538933927696e-14
2666.0029296875 3.019509555585165e-13 1.536668538183912e-14
2668.665771484375 3.413568256185884e-13 1.7661694047370335e-14
2671.32861328125 3.386442602032469e-13 1.650341376144976e-14
2673.991455078125 3.0298821177693336e-13 1.5325135027644508e-14
2676.654296875 3.1325978052873515e-13 1.5811064276957144e-14
2679.31689453125 3.230216658392515e-13 1.581574836915546e-14
2681.979736328125 2.968527929980008e-13 1.481993747284773e-14
2684.642578125 3.578328497226557e-13 1.695018467761083e-14
2687.305419921875 3.489983096353205e-13 1.9329920354789996e-14
2689.96826171875 3.413289345177012e-13 1.603669860751264e-14
2692.630859375 3.3925870467944874e-13 1.6031065838413398e-14
2695.293701171875 3.0789081137058694e-13 1.4919096231851003e-14
2697.95654296875 3.171971420332792e-13 1.75165888331762e-14
2700.619384765625 3.2188287408738137e-13 1.5238918932075282e-14
2703.2822265625 3.254776006003657e-13 1.656967206671578e-14
2705.94482421875 3.3229132336345946e-13 1.552675089194766e-14
2708.60791015625 3.2959122627310156e-13 1.5501268752762462e-14
2711.2705078125 3.299045878060042e-13 1.554335104364795e-14
2713.933349609375 4.014403013567064e-13 2.1466374616990573e-14
2716.59619140625 3.794347106476914e-13 1.7023498767327477e-14
2719.259033203125 3.0850715320059063e-13 1.459295974803789e-14
2721.921875 3.60905424469371e-13 1.6366446839812844e-14
2724.58447265625 3.54489305747982e-13 1.6081023841642457e-14
2727.247314453125 3.4046032594721443e-13 1.5287838472911007e-14
2729.91015625 3.244564718892645e-13 1.6267027194661818e-14
2732.572998046875 3.5307699689304806e-13 2.2681690713447465e-14
2735.23583984375 3.8967887618958363e-13 1.777897931144485e-14
2737.8984375 3.9858199206432854e-13 1.6936505095512672e-14
2740.561279296875 3.6364360416103747e-13 1.5896035234093907e-14
2743.22412109375 3.7052408667290204e-13 1.6053849330628644e-14
2745.886962890625 3.760358181521123e-13 1.6011162258218817e-14
2748.5498046875 3.381315681009328e-13 1.476816004284797e-14
2751.212646484375 3.4975364618383686e-13 1.512721730918907e-14
2753.87548828125 3.447487521152093e-13 1.4863690112705205e-14
2756.5380859375 3.5508388221937304e-13 1.5210094400880218e-14
2759.200927734375 3.8524860927237337e-13 1.6166677507334706e-14
2761.86376953125 3.799253663408497e-13 1.595949155437041e-14
2764.526611328125 3.3101237137574124e-13 1.4425208260965966e-14
2767.189453125 3.6219578768495464e-13 1.5252202102754124e-14
2769.85205078125 3.5042335786578116e-13 1.467906742338987e-14
2772.514892578125 3.5839899299207334e-13 1.514415288593647e-14
2775.177734375 3.53989298811086e-13 1.4850877892345037e-14
2777.840576171875 3.551463051594539e-13 1.4868314912597214e-14
2780.50341796875 3.9318873677751665e-13 1.608504894220781e-14
2783.166015625 4.1377941654638373e-13 1.671674070328165e-14
2785.8291015625 3.98818836028908e-13 1.6041016781477742e-14
2788.49169921875 3.773504403913053e-13 1.5624230831649474e-14
2791.154541015625 3.2427855431275965e-13 1.3711482205983495e-14
2793.8173828125 2.445406073817158e-13 1.1449746688686323e-14
2796.47998046875 1.905610272443653e-13 1.0455958507056638e-14
2799.14306640625 2.5372361004728783e-13 1.1669683875638586e-14
2801.8056640625 2.1269077265465702e-13 1.0513433080659631e-14
2804.468505859375 2.4503939459116775e-13 1.1277315344580818e-14
2807.13134765625 3.450753138095619e-13 1.4526094967181637e-14
2809.794189453125 4.237401174302796e-13 1.7053111039163488e-14
2812.45703125 3.4022898430866033e-13 1.3982245604935752e-14
2815.11962890625 3.2636629401609774e-13 1.33893200007589e-14
2817.78271484375 3.3213633666290265e-13 1.3563685121082986e-14
2820.4453125 3.461476168632044e-13 1.4041902982443819e-14
2823.108154296875 3.901464112714137e-13 1.884402159866346e-14
2825.77099609375 3.6261339525674174e-13 1.435536700633306e-14
2828.43359375 3.7488520859656205e-13 1.906133467754513e-14
2831.0966796875 3.541462912856619e-13 1.3977533560650176e-14
2833.75927734375 4.0639087689649245e-13 1.5255749476737225e-14
2836.422119140625 3.446866815408345e-13 1.3606655949530144e-14
2839.0849609375 3.7419180709714894e-13 1.7643616670210034e-14
2841.74755859375 3.5859938065860297e-13 1.3896130306287249e-14
2844.41064453125 3.4161519099629167e-13 1.3419351553903801e-14
2847.0732421875 3.3022738189780743e-13 1.3047233886548989e-14
2849.736083984375 3.7203345872732774e-13 2.6179118551780678e-14
2852.39892578125 3.0289017279548636e-13 1.2342759972449376e-14
2855.061767578125 4.00138581123366e-13 1.4721246276031344e-14
2857.724609375 3.65278526827037e-13 1.3776778281821434e-14
2860.38720703125 3.6751962692767315e-13 1.3738713468204773e-14
2863.05029296875 3.6412168310899495e-13 1.372962311061484e-14
2865.712890625 3.404240593845448e-13 1.2992777291337063e-14
2868.375732421875 3.562135124628857e-13 1.3433614741702616e-14
2871.03857421875 3.936897194963679e-13 1.6010679449438882e-14
2873.701171875 3.441804133363924e-13 1.3024481734552791e-14
2876.3642578125 3.5437714503323836e-13 1.3420495895415541e-14
2879.02685546875 3.46822478505468e-13 1.3193604567966321e-14
2881.689697265625 4.0942344458304303e-13 1.474249663861206e-14
2884.3525390625 3.8567245100665226e-13 1.4106753518951503e-14
2887.015380859375 3.7315650244264253e-13 1.4310680936167712e-14
2889.67822265625 3.535954352668763e-13 1.3183785762041749e-14
2892.3408203125 3.1544851366444027e-13 1.2253230283990491e-14
2895.00390625 3.373722742144869e-13 1.2655413385808095e-14
2897.66650390625 3.615960612532443e-13 1.319974386276802e-14
2900.329345703125 3.6086015902866975e-13 1.3204157751456162e-14
2902.9921875 3.809325088439258e-13 1.3715689418632507e-14
2905.65478515625 3.5658214120153076e-13 1.3135974140301033e-14
2908.31787109375 3.5835440517772987e-13 1.3088905366455059e-14
2910.98046875 3.6305824340811255e-13 1.315525599831233e-14
2913.643310546875 3.61297580395159e-13 1.3091586225733119e-14
2916.30615234375 3.7508440364070195e-13 1.3633341722533391e-14
2918.96875 3.4760329380503774e-13 1.2705148619372025e-14
2921.6318359375 3.921651957165817e-13 1.4243394332903725e-14
2924.29443359375 3.8010501864083057e-13 1.3528544265200247e-14
2926.957275390625 3.782211902610827e-13 1.33475960048101e-14
2929.6201171875 3.9833254424949394e-13 1.386111904644544e-14
2932.282958984375 4.141020751129154e-13 1.4195333683476516e-14
2934.94580078125 3.6069362557497597e-13 1.305926768363063e-14
2937.6083984375 3.974615233291734e-13 1.3678487731589098e-14
2940.271484375 3.378010490686506e-13 1.2552168539867268e-14
2942.93408203125 3.799836422076208e-13 1.337418521605736e-14
2945.596923828125 3.9992282489104136e-13 1.6022978367833014e-14
2948.259765625 4.0503017606496883e-13 1.3942645967618666e-14
2950.92236328125 3.5733831800673077e-13 1.2921518103550453e-14
2953.58544921875 3.7930951240182365e-13 1.3334661811705527e-14
2956.248046875 3.7330373709766607e-13 1.3213019410150337e-14
2958.910888671875 3.5043739828391485e-13 1.279877540619678e-14
2961.57373046875 3.357307379152352e-13 1.2630452171885458e-14
2964.236328125 3.566387365549345e-13 1.3049594567372987e-14
2966.8994140625 3.620344855067431e-13 1.3142180350705565e-14
2969.56201171875 3.4530947437376447e-13 1.2913573781538155e-14
2972.224853515625 3.4499768493401195e-13 1.2858139710305097e-14
2974.8876953125 3.67718469606107e-13 1.3300740683266834e-14
2977.550537109375 3.821631867299141e-13 1.3721803302445788e-14
2980.21337890625 3.6259916510322787e-13 1.3362044692824364e-14
2982.8759765625 3.888447181431276e-13 1.3803126935711674e-14
2985.5390625 3.6253283903532607e-13 1.346847014748213e-14
2988.20166015625 3.4528708559890264e-13 1.3209086636176235e-14
2990.864501953125 3.4530009602497247e-13 1.3246580549586447e-14
2993.52734375 3.267488005425506e-13 1.7854441476715735e-14
2996.18994140625 3.54340553209917e-13 1.366286166777815e-14
2998.85302734375 3.6276594250241045e-13 1.392996249626648e-14
3001.515625 3.436802166641162e-13 1.3309631988114162e-14
3004.178466796875 3.589504995321624e-13 1.3601319641962442e-14
3006.84130859375 3.3258785265763424e-13 1.3241848176510137e-14
3009.504150390625 3.3317139737192025e-13 1.3350044777060612e-14
3012.1669921875 3.91689529118458e-13 1.4465149252560795e-14
3014.82958984375 3.5210828935698657e-13 1.3937302036754438e-14
3017.49267578125 3.2622521220840306e-13 1.3529594586054842e-14
3020.1552734375 3.688895163726086e-13 1.4367301700559873e-14
3022.818115234375 3.684855697481948e-13 1.4463965100500534e-14
3025.48095703125 3.6034768376679016e-13 1.4525019235338624e-14
3028.1435546875 3.87355241198567e-13 1.506754214398911e-14
3030.806640625 3.821300643535447e-13 1.4894517029787578e-14
3033.46923828125 3.74248863236476e-13 1.4838582362082693e-14
3036.132080078125 3.601917212842781e-13 1.4787304681521812e-14
3038.794921875 3.700895926522785e-13 1.5050033972969362e-14
3041.45751953125 3.522062199182163e-13 1.490407664363029e-14
3044.12060546875 3.1045513924389534e-13 1.424030774484393e-14
3046.783203125 3.039537480216403e-13 1.422521022959207e-14
3049.446044921875 3.397237732013364e-13 1.4988825678134872e-14
3052.10888671875 2.8261496875375824e-13 1.434214143389463e-14
3054.771728515625 2.1063326863940413e-13 2.0863958008639737e-14
3062.76025390625 3.134414657077894e-13 1.7909622285097564e-14
3065.4228515625 3.4916920700275855e-13 1.617361470717272e-14
3068.085693359375 3.9487898085936723e-13 1.7132332336654288e-14
3070.74853515625 3.7572939551311357e-13 1.6651366700412562e-14
3073.4111328125 3.4082708443711196e-13 1.618114483007381e-14
3076.07421875 3.485719742360449e-13 1.6627753115909007e-14
3078.73681640625 3.444745573857877e-13 1.67132390690777e-14
3081.399658203125 3.719570224741675e-13 1.7257005422094754e-14
3084.0625 3.856285408186666e-13 1.7582423621968594e-14
3086.72509765625 3.6220559971461563e-13 1.7483488479663398e-14
3089.38818359375 3.6567545324238393e-13 1.76630933457992e-14
3092.05078125 3.601365624987529e-13 1.7682749592373183e-14
3094.713623046875 3.3182235171375085e-13 1.7106199676165598e-14
3097.37646484375 3.2791339630612593e-13 1.7458289249482582e-14
3100.039306640625 3.7916498825223133e-13 1.8631529831317564e-14
3102.7021484375 3.869641965800058e-13 1.8978218722562855e-14
3105.36474609375 3.915363855615944e-13 1.921811200575243e-14
3108.02783203125 3.77583137282575e-13 1.901834944953787e-14
3110.6904296875 3.7308302064040233e-13 1.889642922117598e-14
3113.353271484375 3.732377633954703e-13 1.909839745118519e-14
3116.01611328125 3.8205932016179e-13 1.958679664857202e-14
3118.6787109375 4.0942306511228266e-13 2.026600187578914e-14
3121.341796875 3.7660429245620075e-13 1.9558031409683263e-14
3124.00439453125 4.1079910740454695e-13 2.043000100690473e-14
3126.667236328125 4.0660999415555177e-13 2.0553927009285718e-14
3129.330078125 4.2101169555816553e-13 2.1002978138140796e-14
3131.992919921875 4.1108506572754e-13 2.0901286750625234e-14
3134.65576171875 3.8947997930104117e-13 2.0585778836234268e-14
3137.318359375 4.033693680721012e-13 2.0979264603749465e-14
3139.9814453125 3.869646031558205e-13 2.075281542749871e-14
3142.64404296875 3.540876088430761e-13 2.038985672740256e-14
3145.306884765625 3.365062948342684e-13 1.9897210506818197e-14
3147.9697265625 3.9101390853467366e-13 2.1599921219586475e-14
3150.63232421875 3.7028222827327484e-13 2.0750052406024767e-14
3153.29541015625 3.694628153763646e-13 2.0951022831222112e-14
3155.9580078125 3.7430098625591823e-13 2.1222308849502824e-14
3158.620849609375 3.6809327829713523e-13 2.1133717673549497e-14
3161.28369140625 3.483819135952082e-13 2.0921983153658445e-14
3163.9462890625 3.496351699914385e-13 2.1044792766614952e-14
3166.609375 3.842307873778983e-13 2.2260556096467994e-14
3169.27197265625 3.7042024720983224e-13 2.1968150158680443e-14
3171.934814453125 3.7479275325630335e-13 2.2538213496577954e-14
3174.59765625 4.320000032611432e-13 2.418308202344413e-14
3177.260498046875 3.7064822782165163e-13 2.2658063576416754e-14
3179.92333984375 2.769828908334021e-13 1.9368839824650437e-14
3182.5859375 2.661630410429744e-13 1.930930526691972e-14
3185.2490234375 3.0944241309963094e-13 2.0688430759112017e-14
3187.91162109375 3.433816815959223e-13 2.1789575284608502e-14
3190.574462890625 3.8517485641959004e-13 2.351200492438886e-14
3193.2373046875 3.7702572184064587e-13 2.3378783582444704e-14
3195.89990234375 3.658826442775459e-13 2.284547808632624e-14
3198.56298828125 3.998656874365514e-13 2.3833763941930562e-14
3201.2255859375 3.6640167896256903e-13 2.2870038653664826e-14
3203.888427734375 3.6247987575920015e-13 2.277188108760521e-14
3206.55126953125 3.5059189709349403e-13 2.3737236067261462e-14
3209.2138671875 4.011848633248688e-13 2.544734137765927e-14
3211.876953125 4.149754270679068e-13 2.5130379954730817e-14
3214.53955078125 3.464685407062601e-13 2.3189034649732584e-14
3217.202392578125 3.9455163311843955e-13 2.52088965208095e-14
3219.865234375 3.8482338518032455e-13 2.5003646885162628e-14
3222.528076171875 3.7289775759417887e-13 2.3996265518795405e-14
3225.19091796875 4.041527312467763e-13 2.4886185438235085e-14
3227.853515625 4.0175106080439504e-13 2.6326305772959163e-14
3230.5166015625 4.3035616303227497e-13 2.5461200530742245e-14
3233.17919921875 4.1271340186534167e-13 2.50937051221806e-14
3235.842041015625 3.902525004539914e-13 2.4930376841159237e-14
3238.5048828125 3.7052460166893397e-13 2.4336765987328056e-14
3241.16748046875 3.709476031465292e-13 2.396686500519621e-14
3243.83056640625 3.731521927390069e-13 3.1845047296840887e-14
3246.4931640625 3.2890275789357326e-13 4.174574775488507e-14
3249.156005859375 3.18784414013798e-13 2.3032250545261708e-14
3251.81884765625 3.6939857639764484e-13 2.2971049026690796e-14
3254.481689453125 4.253742540497041e-13 2.4833923505389495e-14
3257.14453125 4.3971296330609644e-13 2.5562376922225877e-14
3259.80712890625 4.606124509587417e-13 2.596676230970634e-14
3262.47021484375 3.9329417543879086e-13 2.3888548338893076e-14
3265.1328125 3.4934720589442636e-13 2.201661230172465e-14
3267.795654296875 3.7832340342089377e-13 2.3315825317541186e-14
3270.45849609375 3.770995017984835e-13 2.315830090627441e-14
3273.12109375 3.9520150390062736e-13 2.3138417654870562e-14
3275.7841796875 4.264377750657494e-13 2.461620215662725e-14
3278.44677734375 3.5392470746666016e-13 2.2375034293355307e-14
3281.109619140625 2.82292174661955e-13 1.9307768749153402e-14
3283.7724609375 3.214735877672681e-13 2.0232510193054706e-14
3286.43505859375 4.257994510366986e-13 2.3471518443576e-14
3289.09814453125 3.670103771672567e-13 2.185027874780643e-14
3291.7607421875 2.8966683652403846e-13 2.228135583752077e-14
3294.423583984375 3.1598085693113065e-13 2.2976646220406252e-14
3297.08642578125 3.5260534184296255e-13 2.2065264180149043e-14
3299.749267578125 3.2762272170368256e-13 2.2829675839662264e-14
3302.412109375 3.29412902120782e-13 2.3433449394794602e-14
3305.07470703125 3.1452244237881177e-13 2.4559484830479102e-14
3307.73779296875 3.1712975886825923e-13 2.548271347353661e-14
3310.400390625 2.7630773103554107e-13 2.5912032122852452e-14
3313.063232421875 2.0698555174523958e-13 2.692879353207757e-14
3315.72607421875 2.6812276357479625e-13 3.136530138804321e-14
3318.388671875 2.6727621851851957e-13 3.2632825207237065e-14
3321.0517578125 3.286203774377494e-13 3.6331638516911777e-14
3323.71435546875 3.5682150593616124e-13 3.78836671505612e-14
3326.377197265625 2.3755677329775904e-13 3.818348632070312e-14
3329.0400390625 1.8982679198063096e-13 3.9198221627118404e-14
3331.70263671875 2.538012118177835e-13 3.990292593417967e-14
3334.36572265625 3.390797842159343e-13 4.155131642404053e-14
3337.0283203125 3.6189058477339997e-13 3.819831617354365e-14
3339.691162109375 3.9214142458394996e-13 3.974820011977062e-14
3342.35400390625 3.23585017288075e-13 4.531793641520884e-14
3345.016845703125 3.0363065577423964e-13 4.841059261903764e-14
3347.6796875 3.0848462890045725e-13 5.0264991686066116e-14
