wavelength flux error
1717.3950862587062 -1.0999476257760974e-15 7.62075336758378e-16
1717.7868549008115 -2.658640049088568e-16 7.687900802130985e-16
1718.1786222168103 1.468751873854015e-16 7.685343551745315e-16
1718.570388206703 2.8274218933349456e-16 7.736600637125005e-16
1718.9621528704895 7.274784593913412e-16 7.750448382101627e-16
1719.3539162081697 9.327200375298754e-16 7.956404769319435e-16
1719.7456782197435 1.551558648915128e-17 7.360770172871356e-16
1720.137438905211 7.113052289503831e-16 7.964417538800429e-16
1720.5291982645722 4.30174358616563e-16 7.459691786095887e-16
1720.9209562978272 5.17552459967144e-16 7.612865758390985e-16
1721.3127130049759 -4.760682286726253e-16 7.256469538477483e-16
1721.7044683860183 1.4071810368515222e-16 7.458819266743393e-16
1722.0962224409545 1.0816961862843394e-15 7.916566748789151e-16
1722.4879751697845 -7.62402739031213e-16 7.179056342900931e-16
1722.8797265725082 -6.457164947006265e-16 7.142376620216887e-16
1723.2714766491256 -2.9641629070556e-16 7.263344820020469e-16
1723.6632253996368 -5.640174557617128e-17 7.151101857635655e-16
1724.0549728240417 5.648185897564138e-17 7.337278587477e-16
1724.44671892234 7.628818937727766e-16 7.513151894725246e-16
1724.8384636945325 3.3441472762336447e-17 7.258405548000256e-16
1725.2302071406184 -1.0326424368836918e-16 7.303793671534226e-16
1725.621949260598 -2.04726279998393e-16 7.152178602338569e-16
1726.0136900544715 2.7095875455894003e-16 7.333086990789219e-16
1726.4054295222388 -1.4725490389112961e-16 7.212653481673972e-16
1726.7971676638997 -5.0547252502615066e-17 7.113881031963468e-16
1727.1889044794543 -2.241065409948002e-16 7.071616605348705e-16
1727.580639968903 5.644245414911739e-16 7.244675289224174e-16
1727.972374132245 5.468965512596585e-16 7.516064516649579e-16
1728.3641069694809 6.849421446642898e-16 7.359713614018354e-16
1728.7558384806102 -5.105680567471134e-16 6.930613059334292e-16
1729.1475686656336 -3.5409951596492166e-16 6.99372653880957e-16
1729.5392975245506 4.383326949630656e-16 7.137395141848755e-16
1729.9310250573612 3.303354036698613e-16 7.036863172210851e-16
1730.3227512640658 -2.7056694926011773e-16 7.062258322767358e-16
1730.7144761446639 5.471281877426961e-16 7.366541612598198e-16
1731.106199699156 -3.2095907972088495e-16 6.834591102374764e-16
1731.4979219275415 2.967534446553391e-16 7.148569741372225e-16
1731.8896428298212 -4.738179018630657e-16 6.709729422374066e-16
1732.2813624059943 5.223495071467744e-16 7.233679310561455e-16
1732.673080656061 -2.14106586060153e-16 6.922089710216378e-16
1733.0647975800216 -9.542410333430342e-18 7.208940046399561e-16
1733.4565131778759 -4.423520608135564e-16 6.64921712073283e-16
1733.848227449624 -5.397926812634689e-16 6.847360052546036e-16
1734.2399403952656 8.984457291023386e-18 6.765731957545179e-16
1734.6316520148011 7.461004637421899e-16 7.105225120272638e-16
1735.0233623082304 -7.223138119872706e-16 6.861317076915841e-16
1735.4150712755531 9.169128895199502e-16 7.17504483941745e-16
1735.8067789167699 5.281028349126015e-16 7.177189541269867e-16
1736.1984852318803 -1.028734470358513e-15 6.463480421774014e-16
1736.5901902208846 5.199028312526985e-16 7.288065688601736e-16
1736.9818938837825 -2.0549172887842475e-16 6.674937852503453e-16
1737.373596220574 6.791044781919926e-16 7.137482110977986e-16
1737.7652972312592 -7.231269174725268e-16 6.68030189282863e-16
1738.1569969158384 3.4170999949869135e-16 6.873102182131061e-16
1738.548695274311 -2.3408604774085673e-16 6.564384747892244e-16
1738.9403923066775 4.3233140378425205e-16 6.848572329942231e-16
1739.3320880129377 1.033589886603328e-16 6.755358030666244e-16
1739.7237823930916 -2.5302011525466402e-17 6.58244097306959e-16
1740.1154754471393 -1.0866940610683078e-15 6.440714328183827e-16
1740.507167175081 3.3220655441047996e-17 6.739711569429554e-16
1740.898857576916 -9.207965151189702e-16 6.407552354567178e-16
1741.290546652645 -2.876516336415804e-16 6.512433691686129e-16
1741.6822344022673 -1.330924206600148e-16 6.785313509496915e-16
1742.0739208257837 2.1455361365884497e-17 6.862529890438835e-16
1742.4656059231938 9.944257071337822e-17 6.632020768087894e-16
1742.8572896944975 -2.5585640757857817e-16 6.638596028685061e-16
1743.248972139695 -9.164740053120073e-16 6.287976130851567e-16
1743.6406532587862 4.197944770756892e-16 6.842148777450272e-16
1744.032333051771 9.991273358832736e-16 7.0141890406414775e-16
1744.4240115186499 4.774949065988937e-16 6.889124084034441e-16
1744.8156886594222 -5.783266031927371e-16 6.475022149772077e-16
1745.2073644740885 1.4061660813479186e-16 6.753904894020419e-16
1745.5990389626484 3.2640290633770576e-18 6.382269632206058e-16
1745.990712125102 9.983879096984217e-16 7.030267668030956e-16
1746.3823839614492 2.0716308102415202e-17 6.62418599838705e-16
1746.7740544716903 5.107341892952254e-16 6.724797749130398e-16
1747.165723655825 -1.8662832921128123e-16 6.476571101219392e-16
1747.5573915138536 -4.516900725124484e-16 6.088754102956291e-16
1747.9490580457757 -7.297881911030555e-16 6.312210046238637e-16
1748.3407232515917 7.117479115443728e-16 6.859137872168012e-16
1748.7323871313015 6.300499449248896e-16 6.793836812119363e-16
1749.1240496849048 -9.904970894039917e-16 6.047820148635771e-16
1749.515710912402 -4.736733211333484e-16 6.250249377588933e-16
1749.907370813793 -1.1373332764971425e-15 6.05617207395345e-16
1750.2990293890775 -7.667821535717737e-16 6.337813033061395e-16
1750.6906866382558 -7.366197159228902e-16 5.950340557068111e-16
1751.082342561328 -3.1249601149682223e-16 6.450144238088485e-16
1751.4739971582937 -7.584532332203382e-16 6.1169014463619e-16
1751.8656504291532 6.265525093234958e-16 6.50310681421821e-16
1752.2573023739064 3.2821622645387196e-16 6.515548393517454e-16
1752.6489529925534 -1.7832660040264235e-16 6.281292044051843e-16
1753.040602285094 1.3191111711642952e-15 6.865643239649775e-16
1753.4322502515286 9.539413816225173e-16 6.882323154647541e-16
1753.8238968918567 1.712250465079826e-17 6.553240501794654e-16
1754.2155422060787 -2.823291290243488e-16 5.976936861286677e-16
1754.6071861941944 -6.698418220054745e-16 6.310849299724527e-16
1754.9988288562035 6.326697135929373e-16 6.697463179507826e-16
1755.3904701921067 2.783115981854917e-16 6.48981213774238e-16
1755.7821102019034 -3.851635563907351e-17 6.405494982685412e-16
1756.1737488855938 -9.35942170289374e-16 5.996668556187073e-16
1756.5653862431782 -6.452997287144995e-16 6.044305128943561e-16
1756.957022274656 8.112711136838336e-16 6.754446579395858e-16
1757.3486569800277 5.641462995153184e-16 6.613779807937646e-16
1757.740290359293 5.119977711871442e-16 6.540630839125912e-16
1758.1319224124525 -7.988546062637743e-16 6.064401738054561e-16
1758.5235531395053 9.556547143761974e-17 6.229319879177322e-16
1758.915182540452 1.2627822300006812e-15 6.673707281860494e-16
1759.3068106152923 1.4363923220848774e-16 6.322151251228358e-16
1759.6984373640264 -2.0956356919036653e-16 6.268745349430158e-16
1760.0900627866542 -5.961274394504081e-16 6.005334663018662e-16
1760.4816868831756 1.3013811166940873e-15 6.602397392637904e-16
1760.873309653591 4.234653009247779e-16 6.37111181379068e-16
1761.2649310979 -1.186307189589043e-16 6.04080654895922e-16
1761.6565512161026 -6.953420891835637e-16 5.931709548358644e-16
1762.0481700081991 6.726199649258072e-16 6.345958958898776e-16
1762.4397874741892 8.767817410903934e-17 6.369769455570293e-16
1762.8314036140732 3.076068003919657e-16 6.165587025885473e-16
1763.2230184278508 -6.106804016227439e-17 6.152403880020823e-16
1763.6146319155223 -6.159404507677118e-16 5.852476067189898e-16
1764.0062440770873 -3.671545634166388e-16 5.961563095078629e-16
1764.397854912546 1.0613958776909245e-15 6.648532451977443e-16
1764.7894644218986 -1.2008097344560988e-16 5.995910113865581e-16
1765.181072605145 6.99980963521755e-16 6.419916556392406e-16
1765.572679462285 7.473554082729689e-16 6.201192977971906e-16
1765.9642849933184 -6.572896489217708e-16 5.833392521401313e-16
1766.355889198246 6.985732632380047e-16 6.355831741875029e-16
1766.7474920770674 -2.019080070593578e-16 5.997579870109532e-16
1767.139093629782 3.3323989482777933e-16 6.336546028176908e-16
1767.5306938563908 6.593900978134872e-16 6.170813150581551e-16
1767.922292756893 1.4725102537394688e-16 5.987805642468328e-16
1768.3138903312893 -5.053445750874204e-16 5.722318151667157e-16
1768.705486579579 -3.36312120221463e-16 5.943401678387023e-16
1769.0970815017624 7.94020114247648e-16 6.257845526047987e-16
1769.4886750978399 2.570896923104638e-16 6.199121966692179e-16
1769.8802673678108 -5.440950181677538e-16 5.849113336224782e-16
1770.2718583116755 8.493873233331277e-16 6.412017232712045e-16
1770.663447929434 -3.780973056367244e-16 5.862276832095437e-16
1771.055036221086 3.792747992178283e-16 6.230948019654006e-16
1771.4466231866322 4.753036642778904e-16 6.154305447021325e-16
1771.8382088260719 -1.7928965890087092e-16 5.903040416849797e-16
1772.229793139405 3.2735662200681395e-16 5.908142598275731e-16
1772.6213761266322 -5.559436557615447e-16 5.845908719233451e-16
1773.012957787753 7.493200838294026e-16 6.214106522301253e-16
1773.4045381227675 8.349613813943732e-17 6.005297427881501e-16
1773.7961171316758 -2.637873613794414e-16 5.944499945714559e-16
1774.1876948144777 2.682408011731805e-16 6.11414742924411e-16
1774.5792711711736 -1.4947058642862348e-16 5.902499888611384e-16
1774.970846201763 1.2891267042033654e-16 6.181667110902591e-16
1775.362419906246 5.118472324145887e-16 6.244407414656454e-16
1775.7539922846233 -1.6384708662368913e-16 5.81489331325592e-16
1776.145563336894 -5.918670590024687e-16 5.618999088647588e-16
1776.5371330630583 2.983343573100932e-16 6.176542605646084e-16
1776.9287014631163 -1.7252470817772173e-16 5.727896229495282e-16
1777.3202685370682 6.899298712412977e-16 6.177585193672422e-16
1777.7118342849137 3.0833115896177583e-16 5.882150488249682e-16
1778.103398706653 -7.003270348884467e-16 5.695722780598638e-16
1778.4949618022858 7.623294025180334e-16 5.958074581880303e-16
1778.8865235718126 7.667061349386484e-16 6.235927886265056e-16
1779.2780840152332 2.6017107723406113e-16 5.913420665391428e-16
1779.6696431325472 -2.3953270284042743e-16 5.773977267461967e-16
1780.0612009237552 -7.946814189069743e-16 5.645063971343498e-16
1780.452757388857 -3.840873600570493e-16 5.748275697502599e-16
1780.8443125278525 -5.2215759030993475e-17 5.91956622337834e-16
1781.2358663407415 -9.163715180965312e-16 5.482704551453412e-16
1781.6274188275243 -1.196009486377004e-16 5.746511816564127e-16
1782.0189699882008 -5.423162274906977e-16 5.58407640099429e-16
1782.4105198227712 -3.570983039756471e-16 5.933842307763802e-16
1782.8020683312352 3.4043078446264457e-16 5.890499048847619e-16
1783.193615513593 1.6634652414559643e-16 5.860358674434145e-16
1783.5851613698444 3.0343068503240217e-16 6.037314199861674e-16
1783.9767058999894 -1.592681642769682e-16 5.932845036170812e-16
1784.3682491040286 1.1523048790589232e-16 5.837932531799627e-16
1784.7597909819613 -3.626948301936918e-16 5.64713875916533e-16
1785.1513315337877 -1.792675191564946e-16 5.822824405293415e-16
1785.5428707595077 -4.643687893530818e-16 5.528557429398859e-16
1785.9344086591216 1.0506856368064243e-15 6.217681975068883e-16
1786.325945232629 -1.274499377558161e-16 5.705472949924798e-16
1786.7174804800304 -4.07692312654394e-16 5.487571017232322e-16
1787.1090144013253 -6.120453742507878e-16 5.320279336305513e-16
1787.5005469965142 -1.0726062658364589e-17 5.564398111445719e-16
1787.8920782655966 -5.358249672688881e-16 5.590581948878865e-16
1788.2836082085728 -2.2515518709937686e-16 5.538235437486237e-16
1788.6751368254427 -4.773057498586782e-16 5.447484105848749e-16
1789.0666641162065 -1.1846275632328553e-16 5.616854418604504e-16
1789.458190080864 -5.378888483450644e-16 5.320627274104553e-16
1789.849714719415 1.8082566732814334e-16 5.615834526453198e-16
1790.24123803186 1.26980861361949e-16 5.611623843321242e-16
1790.6327600181985 7.928677970048172e-16 6.027521008704827e-16
1791.0242806784308 -6.634432738397233e-16 5.474028399487167e-16
1791.4158000125567 3.7204629313593403e-16 5.907658552332583e-16
1791.8073180205765 -2.4678389224751883e-16 5.543355859392618e-16
1792.1988347024899 -4.49862474739421e-16 5.337622413011699e-16
1792.5903500582972 -1.210888618457595e-15 5.108420774591926e-16
1792.9818640879982 -3.6183355073751233e-16 5.408699998951268e-16
1793.373376791593 -5.060641159084653e-16 5.496469959424974e-16
1793.7648881690814 2.0427643627755599e-16 5.571248645504348e-16
1794.1563982204634 6.527192741837235e-16 5.820464314314873e-16
1794.5479069457392 4.674962513707611e-17 5.605977775567546e-16
1794.939414344909 5.535834846537013e-16 5.661209525024703e-16
1795.3309204179723 2.143151859264652e-16 5.600946266398203e-16
1795.7224251649293 -2.1474221101159032e-16 5.456280137891685e-16
1796.11392858578 -7.683196572195536e-17 5.526519607332166e-16
1796.5054306805243 7.686024315197092e-17 5.729794061468027e-16
1796.8969314491626 -2.377879648923784e-16 5.390286071393789e-16
1797.2884308916946 2.692656745873422e-16 5.472138109761453e-16
1797.6799290081206 2.448589604652084e-16 5.463294637967375e-16
1798.0714257984398 -1.8637360368180362e-16 5.670516418554267e-16
1798.462921262653 -2.9193207016918677e-16 5.278983784241903e-16
1798.8544154007598 9.97651888313037e-16 5.694864141743217e-16
1799.2459082127605 -3.2798172714111324e-16 5.304723414056675e-16
1799.6373996986547 5.375397715291367e-16 5.675748807324462e-16
1800.0288898584427 -1.1463407038546801e-16 5.492358485959108e-16
1800.4203786921246 2.825697004032765e-17 5.309166588230793e-16
1800.8118661997 4.570418595396789e-16 5.749558867095017e-16
1801.2033523811692 -3.3805267111650674e-16 5.265136593670555e-16
1801.5948372365324 -1.9133581346556277e-17 5.293143728626844e-16
1801.986320765789 5.104506332729228e-16 5.588688174821629e-16
1802.3778029689395 1.2066615105374664e-16 5.526271578127289e-16
1802.7692838459836 6.862019026128142e-17 5.490988396234253e-16
1803.1607633969213 -9.71000381026763e-17 5.401734409733279e-16
1803.552241621753 5.324689047710084e-16 5.674684398067073e-16
1803.9437185204783 3.203140887466011e-16 5.603559874845927e-16
1804.3351940930972 -3.770770671952387e-16 5.104471055946632e-16
1804.7266683396101 -2.855472891791256e-16 5.349390555957496e-16
1805.1181412600165 7.64677639456003e-17 5.45376687633925e-16
1805.5096128543169 2.831988826757944e-16 5.427175015631763e-16
1805.9010831225107 2.2539213726471534e-16 5.423130756862754e-16
1806.2925520645983 4.813076256306441e-16 5.559685533065358e-16
1806.6840196805801 5.338984374254131e-16 5.515142766253815e-16
1807.0754859704552 3.2697702773511583e-16 5.531331838243401e-16
1807.466950934224 1.437330109168321e-16 5.397261919307378e-16
1807.8584145718867 -2.809031772753346e-16 5.218834176403105e-16
1808.249876883443 1.293138861066278e-16 5.399166574938926e-16
1808.641337868893 3.2334019831910357e-16 5.453712110445702e-16
1809.0327975282369 -1.533917498999649e-16 5.200691633951336e-16
1809.4242558614742 9.542453997153887e-17 5.392332724868973e-16
1809.8157128686055 -4.548909242515698e-16 5.106787877238792e-16
1810.2071685496305 2.14947242400268e-16 5.385296570757565e-16
1810.5986229045493 1.61227069491825e-16 5.309068192502813e-16
1810.9900759333618 9.736785672942557e-16 5.562333537117936e-16
1811.3815276360679 -6.135556169362664e-16 4.9268829113673095e-16
1811.7729780126679 1.7774405153805e-16 5.205491985612968e-16
1812.1644270631614 -3.7005846156390227e-16 4.9503381453934515e-16
1812.5558747875486 8.167881779824122e-16 5.565800433090396e-16
1812.9473211858297 -2.8194032908562397e-16 5.159043299700014e-16
1813.3387662580046 -1.0943324379761954e-15 4.848251914652488e-16
1813.7302100040731 -3.090520095896231e-17 5.165638119500185e-16
1814.1216524240353 4.592517216194768e-16 5.33088953569801e-16
1814.5130935178913 -1.4065013825729277e-16 5.21644829415101e-16
1814.904533285641 3.857791312847859e-16 5.421586582500999e-16
1815.2959717272845 -2.639249527762503e-16 5.170255881373642e-16
1815.6874088428217 3.514268320705158e-16 5.508264212954393e-16
1816.0788446322526 8.424795756826778e-17 5.247386583554178e-16
1816.470279095577 1.1888456136697704e-16 5.232692364977828e-16
1816.8617122327955 -3.6280675587403744e-16 5.182744849496813e-16
1817.2531440439077 -8.795506173704468e-17 5.333140515564325e-16
1817.6445745289134 3.733758331889417e-16 5.309945633662971e-16
1818.0360036878128 7.414842049125544e-16 5.331542408429876e-16
1818.4274315206062 2.1371232990268641e-16 5.165050958134732e-16
1818.8188580272931 6.181411416416188e-16 5.450023572182924e-16
1819.210283207874 1.3692112484761927e-16 5.149827649349418e-16
1819.6017070623484 9.969808941015712e-16 5.487397660164144e-16
1819.9931295907165 -2.5425187748655584e-16 5.020878063174422e-16
1820.3845507929784 2.8713353214605906e-16 5.187050903513422e-16
1820.775970669134 2.570773209834152e-16 5.154930801367832e-16
1821.1673892191834 -5.559120396230245e-17 5.155974526525881e-16
1821.5588064431265 -7.229961161390907e-16 4.860267890623414e-16
1821.9502223409634 -6.888006540796878e-16 4.873031898934287e-16
1822.3416369126937 1.1089783034005001e-16 5.149476141665428e-16
1822.733050158318 -3.9358789553937283e-16 4.95417689137381e-16
1823.1244620778361 -3.502966579245686e-16 4.976203059658534e-16
1823.5158726712477 -5.971894645492491e-16 4.949612956063486e-16
1823.9072819385535 -1.0530586732325615e-16 4.959382768369945e-16
1824.2986898797526 -6.790919973349064e-16 4.850530929716216e-16
1824.6900964948454 3.8678950441517453e-16 5.137671472007443e-16
1825.081501783832 -3.4622007091747405e-16 4.962187826510031e-16
1825.4729057467125 2.866055221545463e-17 4.998990495783528e-16
1825.8643083834866 -6.765343891766917e-16 4.843533968521121e-16
1826.2557096941543 -2.869447072769897e-16 4.891641411291687e-16
1826.6471096787159 -2.6903447367792754e-16 4.879947245039518e-16
1827.0385083371712 1.8357111344641017e-17 4.939418014864511e-16
1827.4299056695202 -1.8256425683151964e-16 4.896809206363355e-16
1827.821301675763 -3.8768022943017587e-16 4.835635499537657e-16
1828.2126963558994 -3.8617467029255135e-16 4.819649416912447e-16
1828.6040897099297 -5.083770115150717e-16 4.751071256590157e-16
1828.9954817378534 1.0089395723492059e-16 4.861126755333279e-16
1829.3868724396712 -2.0693183612352228e-16 4.780870852597886e-16
1829.7782618153824 -8.280820476076924e-18 4.804548130267276e-16
1830.1696498649876 -5.260126328739843e-18 4.829313650616814e-16
1830.5610365884863 -3.973482801987849e-17 4.750736466459869e-16
1830.952421985879 -3.962098619975901e-16 4.72322449683888e-16
1831.3438060571652 2.626874139765608e-16 5.00502617931323e-16
1831.7351888023452 2.3085586482136937e-16 5.13065009340114e-16
1832.126570221419 5.80494765741715e-17 4.79154403840462e-16
1832.5179503143863 4.248893035507068e-16 5.153794655191738e-16
1832.9093290812477 5.813009829208817e-16 4.922470707372979e-16
1833.3007065220027 -3.160319163726524e-16 4.81695939658511e-16
1833.6920826366513 -5.74252840879161e-16 4.725567351790792e-16
1834.0834574251937 5.187747018911727e-16 5.001267913334595e-16
1834.4748308876297 6.273743823590476e-16 5.291724560377383e-16
1834.8662030239595 7.230257918872871e-16 5.079581185457029e-16
1835.2575738341832 -1.9254971771908432e-16 4.839592711370811e-16
1835.6489433183003 -6.014133979837197e-17 4.925242540629509e-16
1836.0403114763114 2.8735994982220595e-16 5.024532127707783e-16
1836.4316783082163 5.828706943403146e-16 5.109569014981526e-16
1836.8230438140147 3.107334164448015e-16 5.009824931346902e-16
1837.214407993707 2.5124753204168985e-16 4.876397577469171e-16
1837.605770847293 5.799087814993717e-16 5.097939881040158e-16
1837.9971323747725 6.043935587203819e-16 5.052733564709064e-16
1838.3884925761458 8.663882842039692e-16 5.140421686802112e-16
1838.779851451413 5.601252698612793e-16 5.116532434171262e-16
1839.1712090005738 3.2728668471192665e-17 4.91118377455043e-16
1839.5625652236283 1.0389787966702197e-16 4.796797188942793e-16
1839.9539201205766 1.9587796118899278e-17 4.800865604338431e-16
1840.3452736914187 -8.445445026572419e-16 4.475003315054464e-16
1840.7366259361543 3.660180592664072e-16 4.912185013980666e-16
1841.1279768547838 -2.762959845284585e-16 4.848755782668475e-16
1841.5193264473073 -4.112269090775829e-16 4.754010115181309e-16
1841.9106747137241 -6.242688805756754e-16 4.536805172623279e-16
1842.302021654035 3.614584311761598e-16 4.954942822810517e-16
1842.6933672682392 2.141088717681938e-16 4.675163463821241e-16
1843.0847115563372 3.4655407966939765e-16 4.886871430163107e-16
1843.4760545183292 2.8183967301773993e-16 4.910635222482561e-16
1843.8673961542147 5.671034351280296e-16 5.164156083336597e-16
1844.258736463994 2.1654739769291807e-16 4.956399937355798e-16
1844.650075447667 1.895464185359912e-16 4.84629327220121e-16
1845.0414131052337 1.0690766146767729e-16 4.679751445951341e-16
1845.4327494366944 -3.833931288762249e-16 4.691431777710865e-16
1845.8240844420486 -3.810402147867453e-16 4.543102451835052e-16
1846.2154181212966 -1.6035296831910343e-16 4.51322787944902e-16
1846.606750474438 -8.649606123714708e-18 4.787436508001153e-16
1846.9980815014735 2.270683175463297e-16 4.88667552525128e-16
1847.3894112024027 -1.4610209773859824e-16 4.815508769254424e-16
1847.7807395772254 -2.487473929046771e-16 4.598020910138753e-16
1848.172066625942 4.934284514921146e-17 4.613453628953614e-16
1848.5633923485523 5.758689183295231e-16 5.02173012978934e-16
1848.9547167450564 4.3916353360765362e-16 4.826877242112888e-16
1849.346039815454 4.721661937113502e-16 4.945763733517336e-16
1849.7373615597455 1.9470079580274579e-16 4.808208716537595e-16
1850.128681977931 -2.890879128199414e-16 4.571110795626189e-16
1850.52000107001 -3.9983771278074093e-16 4.465852404458563e-16
1850.9113188359827 4.979323885917529e-16 4.876130661201923e-16
1851.302635275849 3.780766049156911e-16 4.846336951139354e-16
1851.6939503896092 1.7944956365699088e-16 4.77442719853208e-16
1852.085264177263 -3.2164962577549004e-16 4.424746886689305e-16
1852.4765766388105 -2.417181375931154e-16 4.577904487905446e-16
1852.8678877742518 1.8834020081414632e-16 4.696781651247059e-16
1853.259197583587 3.320910303013188e-16 4.797782148352198e-16
1853.6505060668155 4.897769891391162e-16 4.836236913673548e-16
1854.0418132239383 1.8118639397343455e-16 4.808312412770634e-16
1854.4331190549544 -2.799026802529443e-16 4.481694788820956e-16
1854.8244235598645 1.061796307666142e-15 4.966587682440426e-16
1855.215726738668 1.3169428831774083e-16 4.63278151216572e-16
1855.6070285913656 1.0268192167598683e-16 4.675875222106422e-16
1855.9983291179567 3.7333126646702225e-16 4.824844641151145e-16
1856.3896283184415 -1.8119856221464044e-16 4.488556247335141e-16
1856.78092619282 9.350710961230086e-16 4.970750144769478e-16
1857.1722227410924 -6.446042389106404e-16 4.3062100101429453e-16
1857.5635179632584 7.537863512694922e-16 4.887973982211297e-16
1857.9548118593182 -9.878786470339764e-17 4.626003650239851e-16
1858.3461044292717 2.2634752278821287e-16 4.63677976846964e-16
1858.737395673119 2.3617861230543917e-16 4.650720859902328e-16
1859.1286855908602 -6.250671680582489e-17 4.463765199347437e-16
1859.5199741824947 2.1224883796442693e-16 4.582496841873138e-16
1859.9112614480232 1.5641036920031873e-16 4.615896204607619e-16
1860.3025473874452 -5.04761810809816e-16 4.465917625240951e-16
1860.6938320007612 -2.4491965322070358e-17 4.517127402377057e-16
1861.0851152879707 1.683449137736825e-16 4.662178399238969e-16
1861.4763972490741 1.1826499691171863e-16 4.604261565309874e-16
1861.867677884071 5.641757334325651e-17 4.526599785577477e-16
1862.2589571929618 -2.151256919516372e-16 4.466001009915303e-16
1862.6502351757465 -1.3615885161765236e-16 4.3968882752625124e-16
1863.0415118324247 3.373128191105473e-16 4.709674116430757e-16
1863.4327871629966 -2.9685865062581874e-16 4.560233462577663e-16
1863.8240611674623 2.614997817502811e-17 4.629386977233061e-16
1864.2153338458218 -1.3882738969084031e-16 4.493257981162131e-16
1864.606605198075 -1.6054974527453214e-17 4.571247451030124e-16
1864.9978752242218 1.6086839927121887e-16 4.569671018222453e-16
1865.3891439242625 3.285895971953216e-16 4.578508997585799e-16
1865.7804112981967 3.39239145636738e-18 4.3276161213883804e-16
1866.1716773460248 -3.479875411375305e-17 4.479487993799609e-16
1866.5629420677467 7.847832928500863e-17 4.470884364248184e-16
1866.954205463362 1.736907067979237e-16 4.647115705478556e-16
1867.3454675328712 3.570442231195568e-16 4.747950939604343e-16
1867.7367282762746 -1.005222055873448e-16 4.45993306081135e-16
1868.1279876935712 3.817157580909206e-16 4.676996366588782e-16
1868.5192457847616 6.3478859602848e-16 4.611903599756918e-16
1868.9105025498457 3.820292586704279e-16 4.757595861972645e-16
1869.3017579888237 2.2032578476822433e-16 4.583607471339536e-16
1869.6930121016953 -7.185953169744977e-16 4.07093019923392e-16
1870.0842648884607 2.347376478022501e-16 4.672727609507266e-16
1870.4755163491195 1.090892961392559e-17 4.443313321616098e-16
1870.8667664836723 3.043532985871037e-16 4.449463145216626e-16
1871.258015292119 -9.349993334361949e-17 4.4187118959229997e-16
1871.6492627744594 8.2510873934733035e-16 4.753740517710299e-16
1872.0405089306932 7.324311696411976e-16 4.676609249536613e-16
1872.431753760821 3.5993155171190964e-16 4.545556768395367e-16
1872.8229972648426 -1.6267683811086982e-16 4.505233335835183e-16
1873.2142394427576 -4.2582534139710733e-16 4.3400055860633255e-16
1873.6054802945664 2.3466659610147943e-16 4.449108931699201e-16
1873.9967198202692 -1.0179605939550032e-16 4.3875556789010593e-16
1874.3879580198654 1.413622047373091e-16 4.436486812782224e-16
1874.7791948933555 -4.4244874510484607e-16 4.1144661676992094e-16
1875.1704304407392 -1.2214742051834405e-16 4.4351251469557007e-16
1875.561664662017 6.929188648494647e-16 4.727471991565034e-16
1875.9528975571882 -1.0670415751453336e-16 4.3417440460213116e-16
1876.3441291262534 1.501712975101427e-16 4.4074995027158767e-16
1876.735359369212 2.84539852636046e-16 4.484739267759774e-16
1877.1265882860644 -4.735722314252696e-16 4.1748358892050536e-16
1877.5178158768106 4.549648255633779e-17 4.468849657484084e-16
1877.9090421414505 1.5389373441152275e-16 4.5235613957866685e-16
1878.300267079984 3.7449768098877906e-16 4.441366285382263e-16
1878.6914906924114 -2.1104093685430936e-16 4.1846746314850213e-16
1879.0827129787324 7.183043689179204e-16 4.732601363067845e-16
1879.4739339389473 -3.8668430089481185e-16 4.207319755583369e-16
1879.8651535730557 -4.6443358997156354e-17 4.4143638081703876e-16
1880.2563718810584 2.4745828085398955e-17 4.4246049914304024e-16
1880.6475888629543 2.684673512197731e-16 4.364735992780362e-16
1881.038804518744 -1.6644988238061615e-18 4.3312695762295344e-16
1881.4300188484274 3.9492500989991554e-16 4.611514251518822e-16
1881.8212318520045 4.227215221663667e-16 4.436128623191896e-16
1882.2124435294754 -9.127552309493824e-17 4.3241620556803914e-16
1882.60365388084 -9.385770554752028e-17 4.3590865261799793e-16
1882.9948629060984 9.974841304316183e-17 4.451652928329963e-16
1883.3860706052506 -2.0184754483070968e-16 4.224048107328582e-16
1883.7772769782964 1.3435659259311118e-16 4.35430049768992e-16
1884.1684820252358 4.836575814576157e-16 4.357040341383288e-16
1884.5596857460691 5.381690561617524e-16 4.516661515500819e-16
1884.9508881407965 5.023288150392538e-16 4.414534696194192e-16
1885.342089209417 7.728759997390728e-16 4.569929722293421e-16
1885.7332889519316 1.063242171135652e-16 4.3467622601101753e-16
1886.1244873683397 7.759658220260759e-16 4.591027764823418e-16
1886.5156844586415 1.3234714243292485e-16 4.384765816838275e-16
1886.9068802228371 6.464256565306445e-16 4.547019973667789e-16
1887.2980746609267 4.957069058271331e-16 4.527844276536481e-16
1887.6892677729097 -2.692577268607888e-16 4.3062170321787666e-16
1888.0804595587865 6.102805827980916e-16 4.542863817756984e-16
1888.471650018557 9.124792823540595e-16 4.474636704894311e-16
1888.8628391522216 1.0558072803319456e-15 4.632622235299635e-16
1889.2540269597796 4.037408791464219e-16 4.300361667127096e-16
1889.6452134412311 -2.3989350228377293e-16 4.180664776239532e-16
1890.0363985965766 -6.337826758436279e-16 4.029820908703635e-16
1890.427582425816 5.276374406344551e-16 4.4102753793425214e-16
1890.8187649289487 6.245942203875747e-16 4.3773630310342536e-16
1891.2099461059754 9.583850691355274e-16 4.525387443817478e-16
1891.6011259568959 -2.934004092702629e-16 4.0003115757027814e-16
1891.9923044817099 -1.765815185755457e-16 4.211990977894515e-16
1892.3834816804176 2.312419235208822e-16 4.281170888466973e-16
1892.7746575530193 2.6385985045596845e-16 4.25737701482174e-16
1893.1658320995145 4.847334704486946e-16 4.4177613982547686e-16
1893.5570053199035 5.991755550738522e-16 4.554454030617638e-16
1893.9481772141864 2.769729214779809e-17 4.1889616471889525e-16
1894.339347782363 2.7274905416562e-16 4.3377636732919937e-16
1894.730517024433 1.1371361847107187e-17 4.24922743458314e-16
1895.121684940397 8.832423959597874e-16 4.490109933311264e-16
1895.5128515302547 8.71695737092111e-16 4.553169869733264e-16
1895.904016794006 2.021804351077483e-16 4.3070311186657187e-16
1896.295180731651 5.254417293680136e-16 4.3720657897301984e-16
1896.68634334319 6.068894100299121e-17 4.1057707457088056e-16
1897.0775046286226 3.726107353949136e-16 4.2739298746511113e-16
1897.468664587949 -1.0692993223363517e-16 4.1388874393428203e-16
1897.859823221169 4.558142684794464e-16 4.36600192212328e-16
1898.2509805282828 1.1186544959183303e-16 4.195573361827224e-16
1898.6421365092904 5.134198444005622e-16 4.403056181284901e-16
1899.0332911641915 4.15005947848807e-16 4.198628979858391e-16
1899.4244444929864 -2.999250023828609e-16 4.1583431988836194e-16
1899.815596495675 -1.8781589805900233e-16 4.043286660036998e-16
1900.2067471722573 -3.434066068507379e-16 4.135425122237281e-16
1900.5978965227334 5.579569505048965e-17 4.2038863013639993e-16
1900.9890445471033 7.83810744527645e-16 4.512623483880622e-16
1901.3801912453669 2.727824664574091e-16 4.181998538284902e-16
1901.7713366175242 1.9238977871216248e-16 4.232261183674254e-16
1902.1624806635753 8.332705340823384e-16 4.622950060544521e-16
1902.5536233835203 6.688943671865787e-17 4.1512578467670855e-16
1902.9447647773586 3.980549865682303e-16 4.2910166759579854e-16
1903.335904845091 3.087533901138877e-16 4.446280602546171e-16
1903.7270435867167 1.18598016024576e-16 4.284690809092568e-16
1904.1181810022365 2.6503199442017543e-16 4.285737504922277e-16
1904.5093170916498 2.0239340536905023e-16 4.2130604626573606e-16
1904.900451854957 4.902750082497899e-16 4.2968482688123967e-16
1905.2915852921578 2.0612646775585343e-16 4.295468862377338e-16
1905.6827174032524 9.02907829735056e-16 4.484517107307796e-16
1906.0738481882406 4.328677984592282e-16 4.2827519484215136e-16
1906.4649776471229 8.080987149911417e-16 4.488476039625251e-16
1906.8561057798986 4.865520476624328e-16 4.3630328571491763e-16
1907.247232586568 2.6722191806649717e-16 4.1830198143648135e-16
1907.6383580671313 3.098717059367179e-16 4.222112647502741e-16
1908.0294822215883 -4.4344020668063737e-16 3.877219427494231e-16
1908.420605049939 -3.0387299854379156e-16 3.989352495308059e-16
1908.8117265521835 -1.519957547064391e-16 3.974536487234799e-16
1909.2028467283214 2.335031819669399e-16 4.108714581628296e-16
1909.5939655783534 2.7660399521301736e-16 4.179003560680261e-16
1909.9850831022788 4.634930314112312e-16 4.264800569746042e-16
1910.3761993000983 -9.641576071005417e-17 4.049825714200841e-16
1910.7673141718112 2.004045665155695e-16 4.1398371501456395e-16
1911.1584277174181 1.0295089879846114e-16 4.1956042486112974e-16
1911.5495399369188 -3.3676781721173873e-16 3.9865324753347776e-16
1911.940650830313 2.718655010023932e-17 4.0351102129441123e-16
1912.3317603976009 5.08188948492601e-16 4.275201459879297e-16
1912.7228686387825 1.8202105278979738e-16 4.096673063727652e-16
1913.113975553858 2.2111066981138662e-16 4.2500878947856343e-16
1913.505081142827 2.2654384153517384e-16 4.2889920174838134e-16
1913.89618540569 2.89711432818452e-16 4.1294694188958534e-16
1914.2872883424466 5.93105718956486e-16 4.320434030442889e-16
1914.678389953097 3.078647136079335e-16 4.2593025513887547e-16
1915.069490237641 -8.072003628217249e-17 3.997044700599613e-16
1915.460589196079 -6.28937248284056e-17 4.026998084984731e-16
1915.8516868284103 4.2560958483519355e-16 4.1709096343702236e-16
1916.2427831346356 1.4139361775067498e-16 4.2156048586935864e-16
1916.6338781147545 5.088826391878298e-16 4.2571074495145684e-16
1917.0249717687673 2.4277394713397414e-16 4.2025457646422754e-16
1917.4160640966736 -1.1859319356511357e-16 4.060262924194993e-16
1917.8071550984737 4.0980935928554274e-16 4.1620696811150404e-16
1918.1982447741677 2.337696011442298e-16 4.0239341527844797e-16
1918.5893331237553 4.581413486938034e-16 4.2994076005167956e-16
1918.9804201472366 -3.4138763205556725e-16 3.9152846396444238e-16
1919.3715058446116 1.8377004895120715e-16 4.0022415794214575e-16
1919.7625902158807 2.967027394978545e-16 4.110290338729822e-16
1920.1536732610432 -1.481815537263958e-16 3.981109466638214e-16
1920.5447549800992 2.8539470152018213e-16 4.0773475739938755e-16
1920.9358353730493 3.5943991160010997e-16 4.08317666113987e-16
1921.326914439893 -6.236298893910895e-16 3.7593460046596494e-16
1921.7179921806303 -5.811732964030994e-16 3.8303942579831354e-16
1922.1090685952615 2.071440248866022e-17 3.977377984446631e-16
1922.5001436837863 2.2624638722064063e-16 4.034304809373206e-16
1922.891217446205 3.4353272016495213e-16 4.076152775892923e-16
1923.2822898825173 7.784331888992944e-16 4.3003156178271976e-16
1923.6733609927237 6.544953988983636e-19 3.9995071499809943e-16
1924.0644307768234 3.2507381036052393e-17 4.034671475353115e-16
1924.455499234817 1.1784266663966802e-16 3.987983266547475e-16
1924.846566366704 1.1396433317719123e-16 3.9456234339520544e-16
1925.237632172485 -4.299133042825807e-16 3.739665484360641e-16
1925.6286966521598 -2.022953651779378e-16 3.955718775763653e-16
1926.0197598057282 -6.17105024965009e-16 3.7608540618590284e-16
1926.4108216331904 2.2711939976106166e-16 4.070441757109577e-16
1926.8018821345463 8.717338726276888e-16 4.3503079575586817e-16
1927.1929413097957 2.8228839369204563e-16 4.031412885971347e-16
1927.5839991589392 5.152209290124379e-16 4.1027652337508174e-16
1927.9750556819763 -4.373808058780799e-17 3.862784912611757e-16
1928.366110878907 -5.082171701420822e-16 3.578644502363224e-16
1928.7571647497318 6.004272052970118e-16 4.088861914869088e-16
1929.14821729445 4.385879792190926e-16 4.0569180809617395e-16
1929.539268513062 5.143251108511079e-16 4.0286969152297406e-16
1929.9303184055677 1.398215921712835e-16 3.958344947213719e-16
1930.321366971967 -3.1390877333828366e-17 3.836422420319427e-16
1930.7124142122602 1.9796855033435826e-16 3.9967633084595455e-16
1931.103460126447 3.877246195893183e-16 4.0430546232091796e-16
1931.4945047145277 4.946779165091272e-16 4.048293343625886e-16
1931.885547976502 2.4890083796249693e-16 3.8526396505479176e-16
1932.2765899123704 1.474076567822255e-16 3.949908433029678e-16
1932.6676305221322 8.968393913401807e-17 3.92714530643699e-16
1933.0586698057878 8.829506330045102e-16 4.200635116206123e-16
1933.449707763337 -1.4483426638073572e-16 3.81218504710965e-16
1933.84074439478 2.0257557870340907e-16 3.9852668897259633e-16
1934.2317797001167 1.5786680617319352e-16 4.000330490251708e-16
1934.622813679347 -4.548279617903754e-16 3.6682212456205615e-16
1935.0138463324713 1.8303855922590369e-16 3.8709887711282014e-16
1935.404877659489 4.988419253255347e-16 4.0538140064912123e-16
1935.7959076604009 1.091779313350507e-16 3.82389274698439e-16
1936.1869363352062 -9.161789407968872e-18 3.7461153597253327e-16
1936.5779636839052 -8.638009401295613e-17 3.7763051854177434e-16
1936.968989706498 8.012672209307133e-16 4.1658428973627263e-16
1937.3600144029845 -1.120533176717196e-16 3.8721403086135594e-16
1937.751037773365 -5.178201621516244e-16 3.553367138133984e-16
1938.142059817639 1.0595508579016351e-16 3.817364122297727e-16
1938.5330805358067 8.295901021496657e-17 3.792214737660962e-16
1938.9240999278682 5.055583902730656e-16 3.9841672903981135e-16
1939.3151179938234 3.906502461463906e-16 4.017982892016482e-16
1939.7061347336723 3.783984970376608e-16 3.9624049240698197e-16
1940.0971501474148 1.4150063535185254e-16 3.8029874061548916e-16
1940.4881642350513 1.038278887654292e-15 4.101577851166779e-16
1940.8791769965815 -1.1208960971720728e-17 3.750632248044913e-16
1941.2701884320054 6.565049623572496e-16 4.0808837121466316e-16
1941.6611985413228 2.270404137534248e-16 3.8171387730773437e-16
1942.0522073245343 5.649651856112306e-16 4.019473426596116e-16
1942.4432147816392 2.4867247907047425e-16 3.921095277781877e-16
1942.8342209126379 7.374013151198193e-16 4.113426926115678e-16
1943.2252257175303 9.347436753525096e-16 4.182129586099339e-16
1943.6162291963165 5.335598505176076e-16 4.077373905069528e-16
1944.0072313489964 2.0974698779789703e-16 3.9178793720184946e-16
1944.39823217557 2.148632266527697e-16 3.9047804653722805e-16
1944.7892316760374 -2.921877143289279e-17 3.8166215049589343e-16
1945.1802298503985 9.671180142818745e-17 3.882882027341446e-16
1945.5712266986534 3.017311231405215e-16 3.869605567112758e-16
1945.9622222208018 2.169800840013163e-16 3.8342927321328816e-16
1946.3532164168444 1.5593787307336429e-16 3.7862517516004364e-16
1946.7442092867805 -1.4963061800462655e-16 3.847313867802806e-16
1947.13520083061 2.20294301079032e-16 3.7486160052282836e-16
1947.5261910483337 5.466600626833064e-17 3.772066983130754e-16
1947.9171799399508 1.760953408707711e-16 3.85286306964827e-16
1948.3081675054616 -1.813773315080729e-16 3.633587320823242e-16
1948.6991537448664 -2.653178819327578e-16 3.69179667427052e-16
1949.0901386581647 6.054470025876878e-16 3.923439113208903e-16
1949.481122245357 5.980955284373853e-16 3.997826725627651e-16
1949.8721045064428 -2.9597391419491996e-17 3.653221624173141e-16
1950.2630854414224 -1.89217679965184e-16 3.873918545338266e-16
1950.6540650502957 -1.2401698571394366e-16 3.695562549542478e-16
1951.0450433330627 1.7803985939428894e-16 3.8899335150378057e-16
1951.4360202897235 7.905093558027755e-17 3.7908354924917396e-16
1951.8269959202778 6.725341291432623e-18 3.803267653726402e-16
1952.217970224726 1.0847921272341308e-16 3.9370396427837104e-16
1952.608943203068 1.6054641240592523e-16 3.7592808645675174e-16
1952.9999148553036 3.195791074045365e-18 3.693773335050375e-16
1953.390885181433 -8.218465402406347e-16 3.4234617395601253e-16
1953.781854181456 -3.049186614275278e-16 3.5744878206540597e-16
1954.1728218553728 7.95671835444638e-16 4.008333041560485e-16
1954.5637882031835 -4.0168112080459636e-16 3.5656002393586994e-16
1954.954753224888 -3.25210355783236e-17 3.728696574715495e-16
1955.345716920486 1.107000336790936e-15 4.173329996235249e-16
1955.7366792899777 -4.710722755127769e-16 3.5590723016465485e-16
1956.1276403333632 3.8721253572541353e-16 3.890278373117247e-16
1956.5186000506424 7.886177585883637e-17 3.7524756997364497e-16
1956.9095584418153 1.9429887297668227e-16 3.8663481506177925e-16
1957.300515506882 1.415972334265075e-16 3.8336698499177194e-16
1957.6914712458424 -8.129648515204431e-17 3.6194030349524626e-16
1958.0824256586968 3.5525876369075547e-16 3.965243590612388e-16
1958.4733787454445 -4.734973666769738e-17 3.6827725833171986e-16
1958.8643305060862 3.591172555010596e-16 3.9316893312440646e-16
1959.2552809406216 2.853037882795135e-16 3.755215194166164e-16
1959.6462300490505 1.7547775849303793e-16 3.722963821533769e-16
1960.0371778313731 6.697108249374464e-17 3.765232679360043e-16
1960.4281242875898 7.066974591509876e-17 3.8422931174828617e-16
1960.8190694177 -2.6645960113348393e-16 3.6082858890953444e-16
1961.2100132217038 6.148890436525533e-17 3.6828597324379673e-16
1961.6009556996014 -1.1074229602534975e-17 3.7073186944968745e-16
1961.991896851393 -5.03834377559606e-16 3.406532397899582e-16
1962.382836677078 5.907795724473931e-16 3.8795222024772196e-16
1962.773775176657 6.787365610357616e-16 3.8560826576766173e-16
1963.1647123501295 -3.3581290605881337e-17 3.678198672557616e-16
1963.5556481974959 -1.5681966470797926e-16 3.621596672759179e-16
1963.946582718756 2.7285314805255813e-16 3.7303315840315042e-16
1964.3375159139098 3.804525066242661e-17 3.6785031762254865e-16
1964.7284477829573 9.921217182507486e-17 3.6405920439041236e-16
1965.1193783258984 2.5266502581748086e-16 3.701066353940259e-16
1965.5103075427335 5.912975333877893e-16 3.7450540452461668e-16
1965.901235433462 4.078308903799811e-16 3.8578116432687585e-16
1966.2921619980846 -2.367991836449212e-16 3.4969262315683294e-16
1966.6830872366006 5.589868986415141e-16 3.7644117128743687e-16
1967.0740111490106 -6.355821294746204e-17 3.682204627576594e-16
1967.4649337353142 2.7493557088361394e-16 3.8307097086145416e-16
1967.8558549955117 6.75540869351043e-16 3.9515205441710545e-16
1968.2467749296027 4.235687887691372e-17 3.6266867444585694e-16
1968.6376935375874 1.2534423073778072e-16 3.70847018176086e-16
1969.028610819466 2.2885948797384447e-16 3.7667847182008445e-16
1969.4195267752382 1.6631235994337756e-16 3.7386712100758307e-16
1969.810441404904 -7.880594799853234e-18 3.692772903808071e-16
1970.2013547084637 -2.1646201641800642e-16 3.5591690589648745e-16
1970.5922666859171 -3.609511406883792e-17 3.730111020815735e-16
1970.9831773372644 4.237275876824155e-17 3.628472888517939e-16
1971.374086662505 -3.1420594839948087e-16 3.5516959955626854e-16
1971.7649946616398 -8.054735473906011e-17 3.6252905563966346e-16
1972.155901334668 4.327457889895122e-17 3.660260690114325e-16
1972.5468066815904 3.531941285231208e-16 3.8484473284502527e-16
1972.937710702406 1.348111089062056e-16 3.6274787203964534e-16
1973.3286133971155 5.403124430971749e-16 3.747792072041787e-16
1973.7195147657187 3.5242931925829287e-16 3.772902257615173e-16
1974.1104148082159 1.469945813246032e-16 3.5382867454814073e-16
1974.5013135246065 -1.9298903246466227e-16 3.429061473664715e-16
1974.892210914891 1.2179962175126583e-16 3.570793614836354e-16
1975.283106979069 3.0323072094059975e-16 3.814280299686595e-16
1975.674001717141 1.1362080714519297e-17 3.6085732535865014e-16
1976.0648951291066 7.537557574834586e-17 3.66305122306127e-16
1976.455787214966 3.1677427278674215e-16 3.7258209329270887e-16
1976.8466779747191 3.476393028621632e-16 3.7619716585604966e-16
1977.2375674083657 2.1224685214332095e-16 3.6369955620028757e-16
1977.6284555159064 3.8025150823651223e-16 3.764586802651735e-16
1978.0193422973405 1.9734813019560682e-16 3.7248978564595757e-16
1978.4102277526686 3.01811680868814e-16 3.645821142661029e-16
1978.8011118818902 1.5271225675328242e-16 3.661611855881103e-16
1979.1919946850057 -2.405016501673513e-16 3.3981936142517823e-16
1979.5828761620148 5.671331264575948e-16 3.742928665261344e-16
1979.9737563129177 1.2504144289006834e-16 3.5258202757334447e-16
1980.3646351377142 2.397388703719175e-16 3.6237202918260594e-16
1980.7555126364045 4.240787703024479e-16 3.684666394273123e-16
1981.1463888089888 1.8588775689886428e-16 3.614278037842584e-16
1981.5372636554666 4.778356194954121e-16 3.74156904091337e-16
1981.9281371758382 2.5699065765911363e-17 3.550426009129167e-16
1982.3190093701035 1.3171140650515045e-16 3.554618733983183e-16
1982.7098802382625 3.766219359597383e-16 3.712816033068212e-16
1983.100749780315 3.0487080873517254e-16 3.597145767231682e-16
1983.4916179962615 2.834749538625997e-16 3.689802978063007e-16
1983.8824848861018 7.769386759110166e-16 3.818860952339025e-16
1984.2733504498358 3.497867157680795e-16 3.719093008240585e-16
1984.6642146874635 -3.398630022479729e-17 3.5603000191250313e-16
1985.0550775989848 2.457115560219993e-16 3.5791097832271216e-16
1985.4459391843998 1.6496877352498765e-16 3.59870968356037e-16
1985.8367994437085 3.7784645494718597e-16 3.6415637912725616e-16
1986.2276583769112 1.2361557301492887e-16 3.689055651867995e-16
1986.6185159840074 -3.75486492311107e-16 3.415954342041442e-16
1987.0093722649974 7.305422574428218e-17 3.615082893188212e-16
1987.4002272198811 5.200938547852973e-16 3.5785881655329787e-16
1987.7910808486586 3.1130371059458367e-16 3.523661915482449e-16
1988.1819331513298 6.326195151035209e-16 3.8285626072814677e-16
1988.5727841278945 -4.929735126601567e-17 3.471282534506349e-16
1988.9636337783531 1.3023329032451297e-17 3.5117004329601966e-16
1989.3544821027056 5.762705419178565e-16 3.637568839499819e-16
1989.7453291009517 -1.9830515659749788e-16 3.3640901807591245e-16
1990.1361747730916 3.4552860247321297e-17 3.5522807621885514e-16
1990.527019119125 -8.364293110151301e-18 3.5053227553670594e-16
1990.9178621390524 -5.926005889803913e-18 3.572293769399671e-16
1991.3087038328733 1.6798791343437024e-16 3.646732016945153e-16
1991.6995442005882 -5.72400066105955e-17 3.6049585817899156e-16
1992.0903832421966 -3.6103246581554346e-16 3.332260382993897e-16
1992.4812209576987 4.553127713614911e-16 3.6946642839660315e-16
1992.8720573470946 6.983425036325936e-16 3.6746515594016203e-16
1993.2628924103844 -2.0252677029469955e-17 3.458456166238508e-16
1993.6537261475678 2.1092926007427352e-16 3.609817597755308e-16
1994.044558558645 4.268412358273961e-16 3.7115853554667027e-16
1994.4353896436157 6.397061884770128e-17 3.418831531324159e-16
1994.8262194024803 2.032412748427209e-16 3.487729043798535e-16
1995.2170478352384 2.4657871321442477e-16 3.5120221078776736e-16
1995.6078749418905 -3.2780640494667315e-16 3.281664406783513e-16
1995.9987007224363 1.4642259661222594e-16 3.505776320332324e-16
1996.3895251768756 2.0007865728442227e-16 3.617331753284064e-16
1996.780348305209 1.4638652098954752e-16 3.560448691817357e-16
1997.1711701074357 2.483692651605996e-16 3.579552699203851e-16
1997.5619905835563 2.3158503094741607e-16 3.6017908274423083e-16
1997.9528097335708 2.303640014045136e-16 3.583592092452099e-16
1998.343627557479 -1.6098653568190755e-16 3.478087836015273e-16
1998.7344440552808 4.484705294875063e-16 3.705299595684012e-16
1999.1252592269764 -6.487828068806855e-17 3.4142629798707505e-16
1999.5160730725656 -5.549338141688144e-18 3.4972349899170013e-16
1999.9068855920486 -3.199640277144658e-17 3.4222131762153026e-16
2000.2976967854254 2.1153376596336968e-16 3.4147100512460016e-16
2000.6885066526959 4.0213307915455275e-16 3.6816201780208815e-16
2001.07931519386 5.917072851534043e-16 3.636227139137182e-16
2001.4701224089179 2.2998052346357145e-16 3.50528467102728e-16
2001.8609282978698 3.830364830977558e-16 3.6221353060626103e-16
2002.2517328607153 4.930527803047482e-16 3.5776200217210883e-16
2002.6425360974542 -3.3128118498879903e-16 3.2800073230186276e-16
2003.0333380080872 3.508448481265757e-16 3.6638385297591446e-16
2003.4241385926136 -4.335653786076219e-16 3.298979972468563e-16
2003.8149378510338 1.2071543033092202e-16 3.5116298078369636e-16
2004.205735783348 1.3600586307821103e-16 3.4510831511115746e-16
2004.5965323895557 4.786050717871521e-16 3.664736323972861e-16
2004.9873276696571 6.133583124493198e-16 3.7458839978587606e-16
2005.3781216236523 -1.718079488984938e-16 3.309586896560894e-16
2005.7689142515412 6.14499607292656e-17 3.509567368713313e-16
2006.1597055533239 1.7794224204279562e-16 3.5823370588626524e-16
2006.5504955290003 -1.914843530506175e-16 3.3526995360793244e-16
2006.9412841785704 6.901190769548299e-16 3.6893259460384785e-16
2007.3320715020345 1.1786658747871414e-16 3.4454876216178395e-16
2007.722857499392 8.640585049418188e-16 3.7557784992595986e-16
2008.1136421706433 -3.064207798386811e-16 3.327319644216372e-16
2008.5044255157884 1.3392397855412637e-16 3.61707232544894e-16
2008.895207534827 -2.409103350412993e-16 3.491883227569186e-16
2009.2859882277596 -1.4067246433377445e-16 3.360390051335788e-16
2009.6767675945857 -1.0823591602218869e-16 3.3456742843090286e-16
2010.0675456353056 2.466244930736589e-16 3.519452621690144e-16
2010.4583223499196 -1.5669225634945512e-16 3.404860183437633e-16
2010.849097738427 6.684457109290478e-16 3.581664849680858e-16
2011.239871800828 -7.091282266294331e-17 3.408422387604624e-16
2011.6306445371229 9.625807574863663e-18 3.408064093739326e-16
2012.0214159473114 2.4002590873814147e-16 3.4992083756667903e-16
2012.4121860313937 1.1794512081184406e-17 3.4525543469593795e-16
2012.8029547893698 5.941546242775044e-17 3.4351021628442386e-16
2013.1937222212396 -3.881262907738735e-18 3.466784407607507e-16
2013.5844883270029 5.533620243572485e-16 3.691843693510668e-16
2013.9752531066601 -2.6533444361472663e-16 3.331984792637829e-16
2014.3660165602112 -2.1326054771597618e-16 3.2602777731195296e-16
2014.7567786876557 -4.754721104307375e-16 3.193961604430964e-16
2015.1475394889942 6.499181499493198e-16 3.7731763299930953e-16
2015.5382989642262 6.907640226512361e-16 3.6429355071593274e-16
2015.9290571133524 3.2165617566065107e-16 3.462846886160339e-16
2016.319813936372 -1.9234239853544023e-16 3.452153165983624e-16
2016.7105694332852 -7.263782131852962e-17 3.329300666506427e-16
2017.1013236040922 1.745637421829644e-16 3.4717661663345007e-16
2017.492076448793 6.830229953650949e-16 3.691049987151387e-16
2017.8828279673876 3.0834521041858616e-16 3.4005538604006744e-16
2018.2735781598758 -3.9726923155331794e-17 3.3760227450469853e-16
2018.6643270262575 1.4256364026541924e-17 3.462013963910435e-16
2019.0550745665334 -5.57687841526357e-17 3.3471176876611993e-16
2019.445820780703 4.65243436806747e-17 3.321711022773834e-16
2019.836565668766 -5.284540379845393e-17 3.330706290174633e-16
2020.227309230723 4.0774948750605516e-16 3.5558114296085036e-16
2020.6180514665734 1.8784210278326203e-16 3.4920664426685434e-16
2021.0087923763178 -1.241965935614798e-16 3.3900108521101313e-16
2021.3995319599558 4.674918810148628e-17 3.3206009656358685e-16
2021.7902702174877 -1.2819883013674914e-16 3.3338032242287104e-16
2022.181007148913 3.0225774260764285e-16 3.5081880743193734e-16
2022.5717427542322 1.3873587788664678e-16 3.3901742282129078e-16
2022.9624770334453 1.488642049020146e-16 3.543685525170169e-16
2023.353209986552 -3.6714057221773377e-16 3.161153055650128e-16
2023.7439416135524 -2.695458653712948e-16 3.3355369644454847e-16
2024.1346719144465 1.8949196617664381e-16 3.3817204682511397e-16
2024.5254008892346 1.2457063315414196e-16 3.4142663215757626e-16
2024.9161285379162 1.8204782581607963e-17 3.296605793145715e-16
2025.3068548604915 4.2688535882404354e-16 3.5989920105237115e-16
2025.6975798569604 3.7300375426280225e-16 3.4985510617083093e-16
2026.0883035273232 3.42580792179665e-16 3.5116508857895883e-16
2026.4790258715798 -2.227647035295805e-16 3.2111941962206087e-16
2026.8697468897299 4.000677816383379e-17 3.314731604810947e-16
2027.260466581774 8.987088303108795e-17 3.420910368947807e-16
2027.6511849477115 2.0141832583198658e-16 3.459652477553337e-16
2028.0419019875433 -8.52900840401307e-18 3.2782016565637486e-16
2028.4326177012683 -4.2904983849364143e-16 3.2580744393170393e-16
2028.8233320888874 -2.7528409439618605e-16 3.2486893382977636e-16
2029.2140451504 1.0089275985116909e-15 3.7200196904556303e-16
2029.6047568858062 -1.7062733222594283e-16 3.208611031053509e-16
2029.9954672951062 4.575044748151879e-16 3.434299228385777e-16
2030.3861763783 1.0831164446037359e-16 3.407537104604026e-16
2030.7768841353875 4.772640474474286e-16 3.540976069157847e-16
2031.1675905663687 2.769327478082799e-16 3.449194247737529e-16
2031.5582956712437 -5.158895242906427e-17 3.2951868321924844e-16
2031.9489994500125 5.360109543065489e-16 3.564706235662857e-16
2032.3397019026747 2.259304386583427e-16 3.3409876382739157e-16
2032.730403029231 -4.2817770104369804e-16 3.0682499757196967e-16
2033.121102829681 -2.526686855282889e-16 3.2050382128676564e-16
2033.5118013040246 -1.6488141010524043e-16 3.265798064059324e-16
2033.902498452262 8.010501622678155e-17 3.230916491715014e-16
2034.293194274393 3.9346141675253e-16 3.3911003565976845e-16
2034.6838887704178 3.267337992886598e-16 3.441580355516892e-16
2035.0745819403364 -2.5048151488636814e-16 3.198778015444001e-16
2035.4652737841486 3.962465638701258e-16 3.43208337222589e-16
2035.8559643018546 2.598782362765181e-16 3.39208426775941e-16
2036.2466534934542 3.254824617268187e-16 3.3907568080618436e-16
2036.6373413589479 1.5993694289241864e-16 3.3352119112581656e-16
2037.028027898335 -7.772521580885195e-17 3.191625463760368e-16
2037.418713111616 1.9233486576656133e-16 3.4558432113164917e-16
2037.8093969987906 -2.220890299435154e-16 3.219280900225161e-16
2038.200079559859 7.924716582638529e-17 3.307973034035032e-16
2038.5907607948209 -2.1695214525392098e-16 3.199564602094005e-16
2038.9814407036768 -8.578201900044652e-17 3.1986326336514217e-16
2039.3721192864261 -4.528382898694492e-16 3.040597232763656e-16
2039.7627965430695 6.6606125155080005e-16 3.535133285442673e-16
2040.1534724736064 1.6065680669074927e-16 3.337242392526188e-16
2040.5441470780372 6.374202970912973e-17 3.2582214023843256e-16
2040.9348203563616 3.024825980796671e-16 3.355487870567464e-16
2041.3254923085797 4.664782586882241e-16 3.3651450105609207e-16
2041.7161629346917 2.88738551148523e-17 3.2854660738872284e-16
2042.1068322346975 1.0208834946869742e-16 3.256221404556705e-16
2042.4975002085969 -7.787596432329617e-17 3.2238948606945177e-16
2042.88816685639 -7.274465186820771e-17 3.2574169985813765e-16
2043.2788321780768 4.829958553183062e-16 3.4117852458003237e-16
2043.6694961736573 7.191739286690282e-16 3.5530970545545876e-16
2044.0601588431316 1.584675206597956e-16 3.2937759130708186e-16
2044.4508201864994 5.825853128856821e-17 3.2563661123727067e-16
2044.8414802037612 1.8182730364427132e-16 3.279746131201033e-16
2045.232138894917 -4.730773007738429e-16 3.0773605424982105e-16
2045.622796259966 2.1231270838619239e-16 3.3698707712652885e-16
2046.013452298909 2.748139683324563e-17 3.1788327168781983e-16
2046.4041070117455 -1.082657871878228e-17 3.2613507017624736e-16
2046.794760398476 2.2998414730140795e-16 3.2844388489291387e-16
2047.1854124591 1.596227616899532e-16 3.2900264838007634e-16
2047.5760631936178 1.7729122919446333e-16 3.295563392692968e-16
2047.9667126020292 5.941558309615126e-16 3.494506761685688e-16
2048.3573606843347 1.1439947604010344e-17 3.147170202607005e-16
2048.7480074405335 -3.350222872335739e-16 3.042814936106837e-16
2049.138652870626 -1.0228776639771003e-17 3.1854396178411965e-16
2049.529296974613 1.6636507489473477e-16 3.2759775602109396e-16
2049.919939752493 -1.200771264865575e-16 3.165070076747873e-16
2050.310581204267 -3.986497476390693e-16 3.130503616417815e-16
2050.7012213299345 -1.9907511414580412e-16 3.192608136952391e-16
2051.0918601294957 2.2233156622873465e-17 3.179842410494819e-16
2051.482497602951 6.455857805409307e-16 3.47057562475957e-16
2051.8731337502995 1.0351968463324152e-17 3.3218666602561713e-16
2052.2637685715426 -3.371459348381795e-16 3.086149098155998e-16
2052.6544020666784 -7.36934821364739e-17 3.160374117179168e-16
2053.045034235709 4.431892019552947e-16 3.3997842425192403e-16
2053.4356650786326 -8.798122260266806e-17 3.326409407463086e-16
2053.8262945954502 -3.092345306225689e-16 3.186362279466586e-16
2054.2169227861614 6.074281965403087e-16 3.3537070297078833e-16
