wavelength flux error
2424.07958984375 4.0804382865877427e-16 9.667854727203783e-17
2422.33740234375 7.598216409116095e-16 1.343761654886192e-16
2420.595703125 6.35473498485534e-16 1.1888550783522434e-16
2418.854248046875 8.965577990099568e-16 1.3229499230232557e-16
2417.113037109375 6.962084077816275e-16 1.0650066191905989e-16
2415.372314453125 6.856272722045268e-16 9.758066383064326e-17
2413.6318359375 5.705495348092351e-16 8.976558051725046e-17
2411.8916015625 5.742298929650551e-16 9.034403784577614e-17
2410.15185546875 5.801113721134337e-16 8.642661634384341e-17
2408.412353515625 6.469969052768959e-16 8.948367736449239e-17
2406.673095703125 7.285551666691707e-16 9.292754127446096e-17
2404.934326171875 6.450584703771045e-16 8.515237438870752e-17
2403.19580078125 6.535039182568219e-16 7.88688192881791e-17
2401.45751953125 7.08997970010457e-16 7.829060018766984e-17
2399.7197265625 6.706576059881423e-16 7.514949761678547e-17
2397.982177734375 5.661617982633395e-16 6.744614324309144e-17
2396.244873046875 6.961700795407642e-16 7.172197217827605e-17
2394.5078125 5.720491007632305e-16 6.403179313737876e-17
2392.771240234375 5.339035013792251e-16 6.213210999492417e-17
2391.034912109375 6.003410599927082e-16 6.597401321565326e-17
2389.299072265625 6.711074863622528e-16 7.273585738124964e-17
2387.563232421875 5.480933149489844e-16 6.717899699246131e-17
2385.827880859375 5.98806130413165e-16 7.165386543536088e-17
2384.093017578125 6.395915079772884e-16 7.481688498375545e-17
2382.358154296875 5.224899441732102e-16 6.73425471431753e-17
2380.623779296875 5.055292740747453e-16 6.669910650572745e-17
2378.8896484375 6.508149062866447e-16 7.389597488163281e-17
2377.15576171875 6.099933180640262e-16 7.071464486319877e-17
2375.422119140625 5.987108392065989e-16 6.851540322499178e-17
2373.68896484375 3.972373823177039e-16 5.509253828430189e-17
2371.9560546875 5.337032839663179e-16 6.339784191591812e-17
2370.223388671875 6.107197546954151e-16 6.793110931006393e-17
2368.490966796875 5.100088078162997e-16 6.282691523968912e-17
2366.7587890625 5.713436281972861e-16 6.64815116825117e-17
2365.027099609375 4.791742674374014e-16 6.138770700063055e-17
2363.295654296875 5.801883462325155e-16 6.705924770954324e-17
2361.564453125 6.528173980530723e-16 7.088481245881318e-17
2359.83349609375 5.951847469262976e-16 6.789441557809108e-17
2358.102783203125 5.633949651411333e-16 6.645564409039594e-17
2356.37255859375 5.260329771124565e-16 6.479694843888011e-17
2354.642333984375 4.563853753871165e-16 5.958094601946773e-17
2352.91259765625 5.959423120184982e-16 6.744423741896012e-17
2351.18310546875 6.383221232267094e-16 6.938476343134012e-17
2349.453857421875 6.048102705202179e-16 6.595693359036527e-17
2347.724853515625 6.737026894335215e-16 6.741553094298208e-17
2345.996337890625 6.676131578174736e-16 6.608802517384267e-17
2344.267822265625 7.672214266179415e-16 7.062987539402434e-17
2342.53955078125 4.941271518135184e-16 5.775422020704032e-17
2340.811767578125 5.372289527301455e-16 6.03807634973575e-17
2339.084228515625 4.812746973883552e-16 5.784177562051784e-17
2337.35693359375 5.497275062020339e-16 6.178439635263138e-17
2335.629638671875 5.42527620271254e-16 6.175482299137139e-17
2333.90283203125 4.727873213777488e-16 5.808218739375025e-17
2332.17626953125 5.773549151448314e-16 6.369887610188331e-17
2330.4501953125 5.162186181108578e-16 6.033208557266998e-17
2328.72412109375 4.5485775146674335e-16 5.673320139846407e-17
2326.998291015625 6.926497576724162e-16 6.85609047761271e-17
2325.272705078125 6.421547355547983e-16 6.585094197539518e-17
2323.54736328125 7.203508055420656e-16 6.930121157202736e-17
2321.822509765625 5.278527744600732e-16 6.007982857306581e-17
2320.09765625 5.648474148874376e-16 6.23149698498576e-17
2318.373046875 4.815498242775353e-16 5.828663997139375e-17
2316.64892578125 5.961568760519495e-16 6.460534032178832e-17
2314.9248046875 5.426984562288033e-16 6.216856549888061e-17
2313.201171875 4.917416423362542e-16 5.951830528604031e-17
2311.4775390625 5.50855065873507e-16 6.269428840899481e-17
2309.754150390625 5.148249842148284e-16 6.057403921056419e-17
2308.03125 6.237068873591917e-16 6.60618730315962e-17
2306.308349609375 5.385800761601345e-16 6.169375720983027e-17
2304.585693359375 5.003959897165882e-16 5.970074824194501e-17
2302.863525390625 5.872571538147078e-16 6.43928409311459e-17
2301.141357421875 5.896748505439676e-16 6.465736005615056e-17
2299.41943359375 4.72257184631886e-16 5.844300357694588e-17
2297.69775390625 6.231002000107208e-16 6.636566007463997e-17
2295.976318359375 5.044369721497017e-16 6.017964611194381e-17
2294.255126953125 4.714874963806278e-16 5.834573375435454e-17
2292.5341796875 4.786923056904137e-16 5.879183556742684e-17
2290.8134765625 5.444968130549426e-16 6.236591755814596e-17
2289.093017578125 4.741320920606334e-16 5.867096131887569e-17
2287.37255859375 3.7565090647560567e-16 5.2882374553286755e-17
2285.652587890625 5.427452547991391e-16 6.257255389260661e-17
2283.9326171875 5.702924603097435e-16 6.407681161503634e-17
2282.213134765625 3.935980787900462e-16 5.4352717870601814e-17
2280.49365234375 5.697942990576395e-16 6.442506127036607e-17
2278.7744140625 4.636271365092263e-16 5.871961939122851e-17
2277.055419921875 4.708746151037301e-16 5.916827553803237e-17
2275.336669921875 5.183077189961421e-16 6.182637742307967e-17
2273.6181640625 6.060790729356456e-16 6.644623408374754e-17
2271.899658203125 4.296797500491685e-16 5.671665116876811e-17
2270.181640625 4.90044029491279e-16 6.017705207354284e-17
2268.463623046875 4.96614040546657e-16 6.05320382877812e-17
2266.745849609375 3.973390262713744e-16 5.486226774537938e-17
2265.0283203125 4.677167174576885e-16 5.923178977418664e-17
2263.310791015625 4.307457939528472e-16 5.735015240397552e-17
2261.59375 4.2741769562396666e-16 5.741195933934548e-17
2259.876708984375 4.2868893325911776e-16 5.758192841161288e-17
2258.159912109375 3.097906537552356e-16 4.981736929003482e-17
2256.443359375 4.164691065664352e-16 5.644489255904239e-17
2254.72705078125 3.860170545027814e-16 5.4326390366065476e-17
2253.0107421875 4.251098484800539e-16 5.659520120251062e-17
2251.294921875 4.46834231873877e-16 5.798017948061021e-17
2249.5791015625 2.7901453217991825e-16 4.732500131251864e-17
2247.863525390625 3.5772258064424155e-16 5.299614166601485e-17
2246.14794921875 4.4226144509878584e-16 5.836579122984773e-17
2244.4326171875 3.3884433383231133e-16 5.190826019416471e-17
2242.717529296875 4.2747217043038696e-16 5.741059614569599e-17
2241.002685546875 5.508054615065334e-16 6.433953741247298e-17
2239.2880859375 3.7036256214854186e-16 5.371452155823755e-17
2237.573486328125 3.835284452339687e-16 5.450346326543348e-17
2235.859130859375 3.4911783763088113e-16 5.2283545420635116e-17
2234.14501953125 3.7774985411890183e-16 5.422366446015374e-17
2232.430908203125 4.556785263926328e-16 5.911935276788354e-17
2230.717041015625 3.6068936648155894e-16 5.564467803445859e-17
2229.00341796875 4.388960508504465e-16 6.149053547693824e-17
2227.289794921875 3.385096234692479e-16 5.591887186390766e-17
2225.576416015625 3.8577427368427465e-16 6.031278248589544e-17
2223.86328125 2.9417517785612895e-16 5.483107641884123e-17
2222.150390625 4.76909989550713e-16 6.946176402020145e-17
2220.4375 3.7235118375045814e-16 6.268235715583935e-17
2218.724853515625 4.699147150162542e-16 6.992526971336187e-17
2217.01220703125 3.583407823468392e-16 6.207732416859356e-17
2215.2998046875 3.6797255280874544e-16 6.282432781873305e-17
2213.587646484375 3.7486909506528996e-16 6.310190316252624e-17
2211.87548828125 3.817694489700971e-16 6.338399160374153e-17
2210.16357421875 4.3598612209971356e-16 6.711391442186564e-17
2208.451904296875 3.43995855868614e-16 6.048540515356791e-17
2206.740234375 3.6383569683391464e-16 6.211257529757812e-17
2205.02880859375 2.812583489269745e-16 5.570355344173766e-17
2203.3173828125 4.291433134957605e-16 6.684385649547933e-17
2201.606201171875 2.87699399216133e-16 5.591685354321304e-17
2199.895263671875 2.399226117053726e-16 5.161016746245775e-17
2198.184326171875 2.5590924685405425e-16 5.273149019211218e-17
2196.4736328125 3.524697322916236e-16 5.914199766433279e-17
2194.762939453125 2.753619408229005e-16 5.1930967956340514e-17
2193.052490234375 4.0301414701797824e-16 6.053179344231988e-17
2191.34228515625 4.280576290156173e-16 6.067783383382735e-17
2189.632080078125 3.4311859443305454e-16 5.375024252581004e-17
2187.921875 2.79085127082116e-16 4.868725197610772e-17
2186.2119140625 4.326842023828591e-16 5.914762249249815e-17
2184.502197265625 4.381646379004924e-16 5.989590992694832e-17
2182.79248046875 4.0575834847862496e-16 5.821661416945746e-17
2181.0830078125 3.19165296778091e-16 5.2630107627515233e-17
2179.37353515625 3.5704699245946744e-16 5.5301169778400016e-17
2177.664306640625 3.6480157909158056e-16 5.584622555379081e-17
2175.955078125 2.9064958850164014e-16 5.0696781395186894e-17
2174.245849609375 3.222140330530552e-16 5.3128533577415186e-17
2172.537109375 4.233341497852537e-16 6.01249264600622e-17
2170.828125 4.0494209988504743e-16 5.930958445643603e-17
2169.119384765625 2.3142475366204384e-16 4.7100441628545196e-17
2167.410888671875 3.5858234555548427e-16 5.688880399785264e-17
2165.702392578125 2.576850249581933e-16 4.955287001736486e-17
2163.994140625 3.5866006082839485e-16 5.68989617757748e-17
2162.28564453125 2.720126137307794e-16 5.0524714592886064e-17
2160.57763671875 3.894098714427881e-16 5.892738069132223e-17
2158.86962890625 3.0501828484194766e-16 5.319116438467525e-17
2157.16162109375 4.256434792368241e-16 6.168448616952478e-17
2155.453857421875 4.1316287227550564e-16 6.11545347121192e-17
2153.74609375 2.31870134173622e-16 4.814736442518416e-17
2152.038330078125 3.8654488837781885e-16 5.985255904540564e-17
2150.330810546875 2.506500722241115e-16 5.000878550122449e-17
2148.62353515625 2.6816674004311004e-16 5.1554888636482055e-17
2146.916015625 3.0927076081407867e-16 5.4742257073387736e-17
2145.208740234375 3.0203725826320456e-16 5.4295966663135776e-17
2143.501708984375 2.3706239320073165e-16 4.921665749430901e-17
2141.794677734375 3.8689288657024236e-16 6.061836285650723e-17
2140.087646484375 3.720088236210898e-16 5.974328517776493e-17
2138.380615234375 2.988541613869821e-16 5.458387845586343e-17
2136.673828125 3.251105680953097e-16 5.667854130358656e-17
2134.96728515625 4.0985282633631344e-16 6.271510689065155e-17
2133.260498046875 3.507787633613284e-16 5.859499966886372e-17
2131.553955078125 2.9244183080869143e-16 5.429498066384561e-17
2129.84765625 3.088515589145266e-16 5.550919577628975e-17
2128.14111328125 4.0193195654874246e-16 6.221928821404236e-17
2126.434814453125 3.5208999683345767e-16 5.880917327306595e-17
2124.728515625 3.7870975420637777e-16 6.080888571263535e-17
2123.0224609375 3.1344602443911154e-16 5.63296563735464e-17
2121.31640625 3.0778231216751605e-16 5.620096692256785e-17
2119.6103515625 2.5060062667581554e-16 5.200548700336419e-17
2117.904296875 4.029493489975133e-16 6.389253562689423e-17
2116.198486328125 3.72386812073802e-16 6.219160744202389e-17
2114.49267578125 4.478120784719229e-16 6.773329402965555e-17
2112.786865234375 3.049985648561444e-16 5.758202105584148e-17
2111.081298828125 3.1263811382610854e-16 5.802739494997473e-17
2109.375732421875 3.640707220069981e-16 6.164480135245693e-17
2107.670166015625 4.613269656013981e-16 6.825165172359558e-17
2105.964599609375 3.919866780172337e-16 6.373836901304905e-17
2104.25927734375 4.86093467825285e-16 7.040986520341993e-17
2102.5537109375 3.4552850904711143e-16 6.112375035844243e-17
2100.848388671875 4.332508409547926e-16 6.785171982359354e-17
2099.14306640625 3.343547680442879e-16 6.103403765792738e-17
2097.43798828125 5.218072356177232e-16 7.406024633384095e-17
2095.732666015625 4.459157834612573e-16 6.900440593335353e-17
2094.027587890625 3.3320905010400807e-16 6.08205456505499e-17
2092.322509765625 3.6034454466268764e-16 6.278487461223672e-17
2090.617431640625 4.815632179860137e-16 7.123374371096765e-17
2088.91259765625 4.774100036873891e-16 7.13920131406511e-17
2087.20751953125 4.376514418135747e-16 6.937158809854337e-17
2085.502685546875 5.1368016624705505e-16 7.517435935727637e-17
2083.7978515625 3.8343251875269213e-16 6.680027400336513e-17
2082.093017578125 4.693185097005056e-16 7.34855212442391e-17
2080.38818359375 5.750720554728627e-16 8.080802842902392e-17
2078.683349609375 4.162121379460619e-16 7.04468368680786e-17
2076.978759765625 3.653421978701656e-16 6.666993680860638e-17
2075.27392578125 4.767307891428096e-16 7.464070874817146e-17
2073.5693359375 4.059270933235858e-16 6.968462632955794e-17
2071.86474609375 4.3717466814338895e-16 7.199693363133357e-17
2070.16015625 3.16432742020469e-16 6.305086942745417e-17
2068.45556640625 3.7961893819613685e-16 6.81709387481451e-17
2066.7509765625 3.426374532492345e-16 6.578921444936402e-17
2065.04638671875 4.1139905851174656e-16 7.165528818601447e-17
2063.341796875 3.436003444218054e-16 6.718026754188219e-17
2061.637451171875 4.2470480791258875e-16 7.396958072126023e-17
2059.932861328125 4.507260306291553e-16 7.627116114485228e-17
2058.228515625 3.6493593969283878e-16 7.006171480976371e-17
2056.52392578125 3.229093412236326e-16 6.693798964918786e-17
2054.819580078125 3.7120160122235644e-16 7.12609943490676e-17
2053.114990234375 2.9577427018142666e-16 6.548647296261451e-17
2051.41064453125 3.807631208891998e-16 7.309280897662343e-17
2049.706298828125 4.441965183365679e-16 7.852342836904636e-17
2048.001953125 3.6600995100017763e-16 7.290355005247129e-17
2046.2974853515625 3.2100722286145466e-16 6.945607301758709e-17
2044.5931396484375 3.102213170693552e-16 6.867403661414475e-17
2042.888671875 2.5156500015604416e-16 6.353744353353746e-17
2041.184326171875 3.7394707323242405e-16 7.447645053085313e-17
2039.47998046875 3.887797053998105e-16 7.598577721607658e-17
2037.775634765625 2.3195213755082805e-16 6.2402399531882e-17
2036.0711669921875 4.278772109978521e-16 7.933153750539637e-17
2034.3668212890625 4.287349377360655e-16 7.948869520433654e-17
2032.662353515625 3.4363689918743537e-16 7.272149752581572e-17
2030.9580078125 3.0998316846227874e-16 7.026325571165103e-17
2029.2535400390625 2.621821875729624e-16 6.619798063830812e-17
2027.549072265625 3.4043228238039673e-16 7.363409611714343e-17
2025.8447265625 3.0276245081495225e-16 7.03579712005108e-17
2024.1402587890625 4.174425591810672e-16 8.010160295101384e-17
2022.435791015625 2.78414779913703e-16 6.827243711802781e-17
2020.7313232421875 4.466117798461043e-16 8.278747163486332e-17
2019.0267333984375 3.506848750530812e-16 7.584011401892845e-17
2017.322265625 2.925693622068124e-16 7.17353460344198e-17
2015.61767578125 2.8702786090763796e-16 7.244852792367322e-17
2013.9130859375 1.9453466886410614e-16 6.383699541184497e-17
2012.20849609375 3.102257110527691e-16 7.605603462858439e-17
2010.50390625 3.7003208695021467e-16 8.186240577734321e-17
2008.7991943359375 2.5957335256519875e-16 7.223524105708765e-17
2007.094482421875 3.949908391833487e-16 8.540377112047464e-17
2005.3897705078125 2.0765857087908467e-16 6.812381592300918e-17
2003.68505859375 3.4575154341003533e-16 8.244613720945454e-17
2001.9803466796875 2.879536679189869e-16 7.739830391729664e-17
2000.2755126953125 1.6738578059694812e-16 6.472887478318944e-17
1998.5706787109375 3.9708645163441503e-16 8.782849557621868e-17
1996.86572265625 2.763588456622596e-16 7.688219615462275e-17
1995.1607666015625 2.618192339550639e-16 7.556682677943073e-17
1993.455810546875 3.4118005365414467e-16 8.361113838417422e-17
1991.7508544921875 2.4957304336189806e-16 7.492265160559893e-17
1990.0457763671875 1.8910652439607596e-16 6.882862674446356e-17
1988.340576171875 1.9074231707079143e-16 6.941935281583463e-17
1986.635498046875 3.039600495232514e-16 8.166957343294485e-17
1984.9302978515625 1.1135129535318514e-16 5.970351433391338e-17
1983.2249755859375 3.161313835797037e-16 8.221862283633305e-17
1981.5196533203125 2.5071156152212625e-16 7.52420094964934e-17
1979.8143310546875 3.6000154925860885e-16 8.580235967916189e-17
1978.10888671875 2.373189912441905e-16 7.429936770531777e-17
1976.4034423828125 3.047460696285238e-16 8.186034113453428e-17
1974.6978759765625 3.259276637218345e-16 8.474972271885141e-17
1972.9923095703125 1.6342279136943107e-16 6.748911031282989e-17
1971.28662109375 3.9234920811865854e-16 9.107901759853156e-17
1969.5809326171875 1.4574672253767112e-16 6.488059955986637e-17
1967.8751220703125 2.72352962156898e-16 7.854862098178228e-17
1966.1693115234375 2.7087944246603074e-16 7.812010171981041e-17
1964.46337890625 4.137754359150481e-16 9.146419259640565e-17
1962.75732421875 2.4053671059213197e-16 7.527147697863499e-17
1961.05126953125 5.031159713288994e-16 1.0007985439385177e-16
1959.34521484375 3.6324266789171823e-16 8.895432147712785e-17
1957.6390380859375 2.0208755577565433e-16 7.34620293148426e-17
1955.9327392578125 2.9074930016139973e-16 8.38276479464263e-17
1954.226318359375 1.894472698688886e-16 7.311876921296779e-17
1952.5198974609375 2.0590907726609012e-16 7.483695569413844e-17
1950.8133544921875 2.5545253727680657e-16 7.991056393418349e-17
1949.1068115234375 3.397659850882628e-16 8.829696435305441e-17
1947.400146484375 1.8752144781907735e-16 7.235553958793246e-17
1945.693359375 2.240407968839137e-16 7.709450363936306e-17
1943.9864501953125 3.6421985274527407e-16 9.17877856520364e-17
1942.279541015625 2.9417681898246425e-16 8.478559588765661e-17
1940.572509765625 4.46869383741188e-16 9.873900785579311e-17
1938.8653564453125 3.0718798620611915e-16 8.533346738585253e-17
1937.158203125 2.566760763691154e-16 8.026104366844466e-17
1935.450927734375 4.117175958394734e-16 9.55113888102806e-17
1933.7435302734375 5.352734712922905e-16 1.0643503010053748e-16
1932.0360107421875 4.84600254618394e-16 1.0238227523294617e-16
1930.328369140625 4.831370052020122e-16 1.0207044137690348e-16
1928.6207275390625 5.297949151290089e-16 1.0533816213851256e-16
1926.912841796875 4.87684566277143e-16 1.0088474745198017e-16
1925.2049560546875 2.6693144836865805e-16 7.998392492834959e-17
1923.4969482421875 5.180870669133824e-16 1.0300299156460596e-16
1921.788818359375 2.204189104712339e-16 7.578766415064768e-17
1920.0806884765625 3.7991841728255045e-16 9.296530041506278e-17
1918.372314453125 4.206591138587062e-16 9.755581532504216e-17
1916.663818359375 4.783219405342268e-16 1.0326519458389547e-16
1914.955322265625 5.104780640690786e-16 1.0558137970838276e-16
1913.2467041015625 3.29838653067324e-16 8.847079139569876e-17
1911.537841796875 6.638871128220611e-16 1.1542136807408086e-16
1909.8289794921875 3.5638747143091156e-16 8.975122727926144e-17
1908.1199951171875 5.330117345044439e-16 1.0594805233031526e-16
1906.4107666015625 4.0822919652532496e-16 9.716033034801321e-17
1904.7015380859375 4.046838607152533e-16 9.899634043563591e-17
1902.9921875 3.980732714877459e-16 1.0023562242936286e-16
1901.28271484375 3.078690536352708e-16 9.219265416593415e-17
1899.572998046875 4.826003039508082e-16 1.0913035511314967e-16
1897.86328125 4.0422024252552956e-16 1.0177323207409073e-16
1896.1534423828125 3.458496139434596e-16 9.597680694501724e-17
1894.443359375 7.142804909860084e-16 1.279916546486899e-16
1892.7332763671875 3.915229804181712e-16 1.0162546452946426e-16
1891.02294921875 5.988013658528367e-16 1.2133365804591588e-16
1889.3125 5.092884062946599e-16 1.1514617501045182e-16
1887.6019287109375 5.987425500025617e-16 1.2378898156687948e-16
1885.8912353515625 4.1565886661282725e-16 1.0787544933201282e-16
1884.180419921875 5.38063280183191e-16 1.1878091250112823e-16
1882.469482421875 3.6837214060161266e-16 1.0219587504499102e-16
1880.7584228515625 4.235572106179572e-16 1.066069910237199e-16
1879.047119140625 5.793601597683376e-16 1.197676794148999e-16
1877.335693359375 4.187080528740447e-16 1.0537969322270763e-16
1875.6241455078125 4.790789762308353e-16 1.1102344066303853e-16
1873.9124755859375 5.95710860265661e-16 1.2068014565732958e-16
1872.2005615234375 5.698034046618225e-16 1.1778120186513134e-16
1870.488525390625 4.447857356305017e-16 1.0579471289708263e-16
1868.7763671875 5.139236882193907e-16 1.108717754433657e-16
1867.0640869140625 5.838422875482929e-16 1.1599028304706013e-16
1865.3516845703125 1.877968526409432e-16 7.72027319507095e-17
1863.6390380859375 5.438877963658668e-16 1.1241156884491072e-16
1861.92626953125 6.20283497823745e-16 1.1876839229537663e-16
1860.2132568359375 5.263601435883335e-16 1.1108900630711193e-16
1858.5001220703125 3.573271221369922e-16 9.573388716016757e-17
1856.786865234375 5.426961798277576e-16 1.1215527520391728e-16
1855.073486328125 4.835811151641695e-16 1.0670766221299006e-16
1853.35986328125 3.5393480812279793e-16 9.481547183477239e-17
1851.64599609375 6.733711289742307e-16 1.2253726539418464e-16
1849.93212890625 6.607389560549129e-16 1.2222179856089161e-16
1848.218017578125 4.547945945726137e-16 1.0535013971378233e-16
1846.503662109375 5.298520369133894e-16 1.1180571529449728e-16
1844.7891845703125 3.0084844752173315e-16 8.996700892257447e-17
1843.0745849609375 4.27042195330537e-16 1.0152902188748547e-16
1841.3597412109375 2.954721970566121e-16 8.835248471576897e-17
1839.644775390625 2.5939597857208777e-16 8.467111409087927e-17
1837.9295654296875 4.110082851554867e-16 1.0042565559456834e-16
1836.2142333984375 5.103638205003177e-16 1.1005460702494702e-16
1834.4986572265625 3.807851172760488e-16 9.872906845355268e-17
1832.7828369140625 2.2983725510021167e-16 8.319878554009409e-17
1831.0670166015625 4.1996909964404916e-16 1.0260382067076747e-16
1829.350830078125 3.0613787710976064e-16 9.151740347084996e-17
1827.634521484375 4.386030833298149e-16 1.0425279529572458e-16
1825.9180908203125 5.134366442747194e-16 1.1070243502836385e-16
1824.201416015625 3.583954159719371e-16 9.595772885136932e-17
1822.4844970703125 3.5505958846741284e-16 9.506161431528857e-17
1820.7674560546875 2.9613608559880226e-16 8.851107840025254e-17
1819.0501708984375 2.9320823680727896e-16 8.763281773051314e-17
1817.3326416015625 3.084616855307732e-16 8.864684189982964e-17
1815.614990234375 3.236672239531884e-16 8.967143412865212e-17
1813.8970947265625 3.758242835319968e-16 9.448295846341587e-17
1812.178955078125 4.2978075872812855e-16 9.950362714425753e-17
1810.460693359375 3.961357100906813e-16 9.675014802586042e-17
1808.7421875 3.8154980273896223e-16 9.591456325828385e-17
1807.0235595703125 4.938760065446575e-16 1.0645988522358347e-16
1805.3045654296875 3.8471646188205204e-16 9.670545380300295e-17
1803.58544921875 3.4708421740364196e-16 9.289561210281641e-17
1801.8660888671875 3.0887247004041194e-16 8.873835454535761e-17
1800.1466064453125 3.8210370934690734e-16 9.604108218733506e-17
1798.4267578125 4.3829952789734266e-16 1.0145703732185866e-16
1796.706787109375 3.86456558723288e-16 9.713012171204277e-17
1794.986572265625 2.0454681005888879e-16 7.850643477054207e-17
1793.2662353515625 4.857224673943876e-16 1.0709269824452124e-16
1791.5455322265625 3.950628634536449e-16 9.928556909989875e-17
1789.82470703125 2.450737102252016e-16 8.394804573894462e-17
1788.103515625 2.8295657057688056e-16 8.814831007081128e-17
1786.3822021484375 3.404367293033698e-16 9.426836134274002e-17
1784.66064453125 4.1896594793670405e-16 1.0228814207923764e-16
1782.9388427734375 3.845024007744131e-16 9.960861290760276e-17
1781.216796875 4.2744705060954495e-16 1.0435381059212956e-16
1779.49462890625 4.901527673458828e-16 1.1064838373841718e-16
1777.7720947265625 3.955166348853568e-16 1.0245405465778107e-16
1776.0494384765625 4.77982333261937e-16 1.106112201678564e-16
1774.326416015625 5.025497827432191e-16 1.1344003889644485e-16
1772.603271484375 2.44252750010855e-16 8.827480914752779e-17
1770.8797607421875 2.8718667958524814e-16 9.359351431179475e-17
1769.1561279296875 4.752294232438013e-16 1.1286752403343974e-16
1767.43212890625 2.0928324624636742e-16 8.575481333755234e-17
1765.7080078125 4.2209531116033506e-16 1.0931991182232232e-16
1763.983642578125 3.1944910575498037e-16 9.946977891359186e-17
1762.2589111328125 2.588991408089639e-16 9.354526652102576e-17
1760.5340576171875 3.47802342524236e-16 1.0383275959811506e-16
1758.808837890625 6.577445357676913e-16 1.3307604932392264e-16
1757.0833740234375 3.0954628474995274e-16 1.0085262637443351e-16
1755.3577880859375 2.4491618856679193e-16 9.390171519058711e-17
1753.6318359375 5.114214999536423e-16 1.2144046360660873e-16
1751.9056396484375 6.434746775844165e-16 1.328273657445647e-16
1750.17919921875 4.650465519705877e-16 1.1680737867358492e-16
1748.4525146484375 6.674296693052746e-16 1.3502304719741526e-16
1746.7254638671875 4.054703308067789e-16 1.1220656040189557e-16
1744.998291015625 5.493992809349729e-16 1.2709259534962846e-16
1743.270751953125 4.621341880001314e-16 1.1965359466481658e-16
1741.54296875 3.700375661945922e-16 1.1043608948856667e-16
1739.81494140625 4.34411540790327e-16 1.1615605004181576e-16
1738.086669921875 3.6218559724332446e-16 1.0808678405235277e-16
1736.3580322265625 2.9307686729111574e-16 1.0027635280272497e-16
1734.6292724609375 5.178564621934924e-16 1.229423986058784e-16
1732.900146484375 1.3718486056726544e-16 8.146666271996314e-17
1731.170654296875 4.589384385692593e-16 1.188083351927956e-16
1729.4410400390625 3.709576557335472e-16 1.1069001408428575e-16
1727.7110595703125 4.6635558845101e-16 1.2072347668653756e-16
1725.9808349609375 4.4281670166549064e-16 1.183824761436737e-16
1724.250244140625 6.982228109488758e-16 1.412243474578314e-16
1722.51953125 1.8762784309818637e-16 9.000245195746114e-17
1720.7884521484375 3.7590340170322626e-16 1.1215162237433225e-16
1719.0570068359375 5.44360017233961e-16 1.2921389672179825e-16
1717.3253173828125 5.253265516344465e-16 1.2815162476171276e-16
1715.5933837890625 4.342631247361003e-16 1.2012433322525315e-16
1713.8612060546875 2.205843201239649e-16 9.721704185080985e-17
1712.128662109375 3.957302989463017e-16 1.1805278180384475e-16
1710.395751953125 5.499360351257361e-16 1.3414573282229662e-16
1708.6627197265625 6.072273319747672e-16 1.4041978527194802e-16
1706.92919921875 2.0606986794228062e-16 9.880652564611214e-17
1705.195556640625 5.721366098545937e-16 1.3955409113007453e-16
1703.4615478515625 5.2868302556706e-16 1.3682105991641972e-16
1701.7271728515625 2.970988708922548e-16 1.1377703889544385e-16
1699.9925537109375 4.91013299880734e-16 1.357973544252139e-16
1698.257568359375 3.0513334897387624e-16 1.1684658041717503e-16
1696.5223388671875 1.6925041775121006e-16 1.0037527698654141e-16
1694.786865234375 6.805069050988153e-16 1.5734689168987796e-16
1693.0509033203125 6.312377514141113e-16 1.5395279096556058e-16
1691.3148193359375 5.257037989333298e-16 1.4537779998447247e-16
1689.5782470703125 5.057350501413689e-16 1.4504969383141963e-16
1687.841552734375 3.9637070879398515e-16 1.3550860883442879e-16
1686.1043701171875 4.377148104659412e-16 1.424456498537639e-16
1684.366943359375 4.1414431876357735e-16 1.4157793077375087e-16
1682.6292724609375 6.092680461029397e-16 1.6280440437837622e-16
1680.89111328125 4.462989599907715e-16 1.4522937069535595e-16
1679.1527099609375 5.04922480847156e-16 1.5056561208860904e-16
1677.4140625 2.2172663669756592e-16 1.1712665715514058e-16
1675.675048828125 4.1274658205170975e-16 1.4542553823198413e-16
1673.9356689453125 5.313288388569272e-16 1.653201451712807e-16
1672.1959228515625 3.279058297608081e-16 1.4359265157835443e-16
1670.4559326171875 2.7528666076971327e-16 1.4037953797206364e-16
1668.715576171875 1.8707995836510065e-16 1.3241744150276302e-16
1666.974853515625 4.878774250913209e-16 1.7540862521043464e-16
1665.23388671875 1.9402205511233968e-16 1.3731747416306995e-16
1663.492431640625 5.08968016082361e-16 1.829845011255669e-16
1661.7508544921875 1.5756943636187923e-16 1.3628377633006448e-16
1660.0087890625 3.462316522724509e-16 1.671435291740334e-16
1658.266357421875 2.1045730008571089e-16 1.4892109762151481e-16
1656.523681640625 7.035851383099264e-17 1.2670441603176958e-16
1654.7806396484375 7.164254960458115e-17 1.2899909446033048e-16
1653.0372314453125 5.730940217827871e-16 2.0601695485285683e-16
1651.29345703125 4.868647972028784e-16 1.9911989643561008e-16
1649.54931640625 2.9074149157641723e-16 1.7628662779982292e-16
1647.804931640625 3.5872276773627127e-16 1.9205946653866167e-16
1646.06005859375 4.329743376370733e-16 2.0897496595823626e-16
1644.31494140625 3.3279551273729076e-16 2.0176527297411387e-16
1642.5694580078125 4.128691900708248e-16 2.2103095795007413e-16
1640.8236083984375 8.582731274039241e-16 2.773042403105138e-16
1639.077392578125 3.3313668172657704e-16 2.2051557810633929e-16
1637.330810546875 7.616339208418193e-16 2.7971023739718965e-16
1635.5838623046875 1.8305821946175763e-16 2.1078146224160307e-16
1633.8365478515625 4.54827470038879e-16 2.594152485716378e-16
1632.0888671875 -6.734970060111266e-17 1.8120578487589207e-16
1630.3409423828125 1.0344319988124994e-15 3.53414782832743e-16
1628.592529296875 6.852835356466191e-16 3.2807213938604556e-16
1626.84375 7.302869255298322e-16 3.4960922261940703e-16
1625.0946044921875 6.777021672522195e-16 3.5763237163535897e-16
1623.3450927734375 6.165716406301991e-16 3.650081492515922e-16
1621.59521484375 -2.0566595234044853e-16 2.408598801312891e-16
1619.844970703125 1.044402211876393e-17 3.0422387381654154e-16
1618.0943603515625 7.514819133316213e-16 4.448389398875011e-16
1616.3433837890625 1.1989297146966656e-15 5.275157612261844e-16
1614.592041015625 7.149747403654017e-16 4.864673269923793e-16
1612.8402099609375 1.3794196243832298e-17 3.9913973890789826e-16
1611.088134765625 6.668767156093951e-16 5.40569544794998e-16
1609.3355712890625 7.362713721208614e-16 5.96800674031422e-16
1607.5826416015625 2.2098615784809825e-16 5.72465417456806e-16
1605.829345703125 4.652412107297786e-16 6.671824415637947e-16
1604.07568359375 1.794286409311256e-15 9.466323751483813e-16
1602.3216552734375 8.957977986980329e-16 9.160956727295613e-16
1600.567138671875 1.0306689490652038e-15 1.053983954454852e-15
1598.812255859375 8.05057064882811e-16 1.1542401505204103e-15
1597.0570068359375 -8.502369552564081e-16 9.967097041438844e-16
1595.3013916015625 3.1612703194793717e-15 1.870802071810289e-15
1593.54541015625 -5.510887410878308e-16 1.487865040861961e-15
1591.7889404296875 7.827312880964374e-16 2.0258514528051887e-15
1590.0321044921875 1.782898898368369e-15 2.5556299037312854e-15
1588.27490234375 9.510401228476559e-17 2.7059219241779313e-15
1586.5172119140625 6.315167217152895e-15 4.295324404317291e-15
1584.7591552734375 6.212234502853131e-15 5.033707588394335e-15
1583.000732421875 -1.7010429048951344e-15 4.594956380177869e-15
1581.2418212890625 2.5595667011118865e-15 6.6219553508683505e-15
1579.4825439453125 -8.57710051664325e-15 5.901655473182239e-15
1577.722900390625 3.510955801533811e-16 9.948182583968419e-15
1575.9627685546875 1.5027799358103937e-14 1.5362297751172344e-14
1574.2022705078125 3.2545641800042074e-14 2.2134526064246027e-14
1572.44140625 2.6597651083546184e-14 2.718898003061746e-14
1570.6800537109375 8.476081842694397e-14 4.4709150119094654e-14
1568.9183349609375 0.0 0.0
1567.1561279296875 0.0 0.0
1565.3935546875 0.0 0.0
1563.6304931640625 0.0 0.0
1561.8670654296875 0.0 0.0
1560.1031494140625 0.0 0.0
1558.3388671875 0.0 0.0
1556.5740966796875 0.0 0.0
1554.8089599609375 0.0 0.0
1553.04345703125 0.0 0.0
1551.27734375 0.0 0.0
1549.5108642578125 0.0 0.0
1547.7440185546875 0.0 0.0
1545.9766845703125 0.0 0.0
1544.2088623046875 0.0 0.0
1542.440673828125 0.0 0.0
1540.6719970703125 0.0 0.0
1538.9029541015625 0.0 0.0
1537.1334228515625 0.0 0.0
1535.3634033203125 0.0 0.0
1533.593017578125 0.0 0.0
1531.822021484375 0.0 0.0
1530.0506591796875 0.0 0.0
1528.2789306640625 0.0 0.0
1526.5067138671875 0.0 0.0
1524.7340087890625 0.0 0.0
1522.9608154296875 0.0 0.0
1521.1871337890625 0.0 0.0
1519.4130859375 0.0 0.0
1517.6385498046875 0.0 0.0
1515.863525390625 0.0 0.0
1514.0880126953125 0.0 0.0
1512.31201171875 0.0 0.0
1510.53564453125 0.0 0.0
1508.7587890625 0.0 0.0
1506.9813232421875 0.0 0.0
1505.2034912109375 0.0 0.0
1503.4251708984375 0.0 0.0
1501.646484375 0.0 0.0
1499.8671875 0.0 0.0
1498.08740234375 0.0 0.0
1496.3072509765625 0.0 0.0
1494.5264892578125 0.0 0.0
1492.745361328125 0.0 0.0
1490.963623046875 0.0 0.0
1489.1815185546875 0.0 0.0
1487.3988037109375 0.0 0.0
1485.61572265625 0.0 0.0
1483.83203125 0.0 0.0
1482.0478515625 0.0 0.0
1480.2633056640625 0.0 0.0
1478.4781494140625 0.0 0.0
1476.6925048828125 0.0 0.0
1474.9063720703125 0.0 0.0
1473.1197509765625 0.0 0.0
1471.3326416015625 0.0 0.0
1469.5450439453125 0.0 0.0
1467.7569580078125 0.0 0.0
1465.96826171875 0.0 0.0
1464.1790771484375 0.0 0.0
1462.3895263671875 0.0 0.0
1460.599365234375 0.0 0.0
1458.80859375 0.0 0.0
1457.0174560546875 0.0 0.0
1455.2257080078125 0.0 0.0
1453.4334716796875 0.0 0.0
1451.6407470703125 0.0 0.0
1449.847412109375 0.0 0.0
1448.0537109375 0.0 0.0
1446.2593994140625 0.0 0.0
1444.4644775390625 0.0 0.0
1442.669189453125 0.0 0.0
1440.873291015625 0.0 0.0
1439.0767822265625 0.0 0.0
1437.2799072265625 0.0 0.0
1435.482421875 0.0 0.0
1433.684326171875 0.0 0.0
1431.8857421875 0.0 0.0
1430.086669921875 0.0 0.0
1428.2869873046875 0.0 0.0
1426.48681640625 0.0 0.0
1424.6861572265625 0.0 0.0
1422.8848876953125 0.0 0.0
1421.0830078125 0.0 0.0
1419.2806396484375 0.0 0.0
1417.477783203125 0.0 0.0
1415.67431640625 0.0 0.0
1413.870361328125 0.0 0.0
1412.0657958984375 0.0 0.0
1410.2606201171875 0.0 0.0
1408.4549560546875 0.0 0.0
1406.648681640625 0.0 0.0
1404.8419189453125 0.0 0.0
1403.0345458984375 0.0 0.0
1401.2266845703125 0.0 0.0
1399.418212890625 0.0 0.0
1397.609130859375 0.0 0.0
1395.799560546875 0.0 0.0
1393.9893798828125 0.0 0.0
1392.1785888671875 0.0 0.0
1390.3673095703125 0.0 0.0
1388.555419921875 0.0 0.0
1386.742919921875 0.0 0.0
1384.929931640625 0.0 0.0
1383.1162109375 0.0 0.0
1381.3021240234375 0.0 0.0
1379.4873046875 0.0 0.0
1377.671875 0.0 0.0
1375.85595703125 0.0 0.0
1374.0394287109375 0.0 0.0
1372.2222900390625 0.0 0.0
1370.4046630859375 0.0 0.0
1368.5863037109375 0.0 0.0
1366.7674560546875 0.0 0.0
1364.947998046875 0.0 0.0
1363.1279296875 0.0 0.0
1361.3072509765625 0.0 0.0
1359.4859619140625 0.0 0.0
1357.6640625 0.0 0.0
1355.8416748046875 0.0 0.0
1354.0185546875 0.0 0.0
1352.1949462890625 0.0 0.0
1350.37060546875 0.0 0.0
1348.5457763671875 0.0 0.0
1346.72021484375 0.0 0.0
1344.8941650390625 0.0 0.0
1343.0673828125 0.0 0.0
1341.2401123046875 0.0 0.0
1339.412109375 0.0 0.0
1337.5836181640625 0.0 0.0
1335.75439453125 0.0 0.0
1333.9246826171875 0.0 0.0
1332.09423828125 0.0 0.0
1330.26318359375 0.0 0.0
1328.4315185546875 0.0 0.0
1326.5992431640625 0.0 0.0
1324.766357421875 0.0 0.0
1322.932861328125 0.0 0.0
1321.0986328125 0.0 0.0
1319.263916015625 0.0 0.0
1317.428466796875 0.0 0.0
1315.5924072265625 0.0 0.0
1313.755615234375 0.0 0.0
1311.9183349609375 0.0 0.0
1310.080322265625 0.0 0.0
1308.24169921875 0.0 0.0
1306.4024658203125 0.0 0.0
1304.5626220703125 0.0 0.0
1302.7220458984375 0.0 0.0
1300.880859375 0.0 0.0
1299.0390625 0.0 0.0
1297.196533203125 0.0 0.0
1295.3533935546875 0.0 0.0
1293.5096435546875 0.0 0.0
1291.6651611328125 0.0 0.0
1289.820068359375 0.0 0.0
1287.9742431640625 0.0 0.0
1286.1278076171875 0.0 0.0
1284.28076171875 0.0 0.0
1282.4329833984375 0.0 0.0
1280.5845947265625 0.0 0.0
1278.735595703125 0.0 0.0
1276.8858642578125 0.0 0.0
1275.035400390625 0.0 0.0
1273.184326171875 0.0 0.0
1271.3326416015625 0.0 0.0
1269.480224609375 0.0 0.0
1267.6270751953125 0.0 0.0
1265.7733154296875 0.0 0.0
1263.9189453125 0.0 0.0
1262.0638427734375 0.0 0.0
1260.2080078125 0.0 0.0
1258.3515625 0.0 0.0
1256.494384765625 0.0 0.0
1254.636474609375 0.0 0.0
1252.7779541015625 0.0 0.0
1250.918701171875 0.0 0.0
1249.058837890625 0.0 0.0
1247.1982421875 0.0 0.0
1245.3369140625 0.0 0.0
1243.4749755859375 0.0 0.0
1241.6123046875 0.0 0.0
1239.7489013671875 0.0 0.0
1237.884765625 0.0 0.0
1236.02001953125 0.0 0.0
1234.154541015625 0.0 0.0
1232.288330078125 0.0 0.0
1230.4215087890625 0.0 0.0
1228.5538330078125 0.0 0.0
1226.685546875 0.0 0.0
1224.8165283203125 0.0 0.0
1222.94677734375 0.0 0.0
1221.076416015625 0.0 0.0
1219.2052001953125 0.0 0.0
1217.3333740234375 0.0 0.0
1215.4608154296875 0.0 0.0
1213.5875244140625 0.0 0.0
1211.7135009765625 0.0 0.0
1209.8387451171875 0.0 0.0
1207.9632568359375 0.0 0.0
1206.0870361328125 0.0 0.0
1204.210205078125 0.0 0.0
1202.33251953125 0.0 0.0
1200.4542236328125 0.0 0.0
1198.5750732421875 0.0 0.0
1196.6951904296875 0.0 0.0
1194.814697265625 0.0 0.0
1192.933349609375 0.0 0.0
1191.05126953125 0.0 0.0
1189.1685791015625 0.0 0.0
1187.2850341796875 0.0 0.0
1185.4007568359375 0.0 0.0
1183.5157470703125 0.0 0.0
1181.6300048828125 0.0 0.0
1179.7435302734375 0.0 0.0
1177.8563232421875 0.0 0.0
1175.96826171875 0.0 0.0
1174.07958984375 0.0 0.0
1172.1900634765625 0.0 0.0
1170.2998046875 0.0 0.0
1168.4088134765625 0.0 0.0
1166.51708984375 0.0 0.0
1164.6246337890625 0.0 0.0
1162.7313232421875 0.0 0.0
1160.8372802734375 0.0 0.0
1158.9425048828125 0.0 0.0
1157.046875 0.0 0.0
1155.150634765625 0.0 0.0
1153.2535400390625 0.0 0.0
1151.3555908203125 0.0 0.0
1149.45703125 0.0 0.0
1147.5576171875 0.0 0.0
1145.657470703125 0.0 0.0
1143.7564697265625 0.0 0.0
1141.854736328125 0.0 0.0
1139.9522705078125 0.0 0.0
1138.0489501953125 0.0 0.0
1136.1448974609375 0.0 0.0
1134.239990234375 0.0 0.0
1132.3343505859375 0.0 0.0
1130.427978515625 0.0 0.0
1128.520751953125 0.0 0.0
1126.61279296875 0.0 0.0
1124.7039794921875 0.0 0.0
1122.79443359375 0.0 0.0
1120.884033203125 0.0 0.0
1118.972900390625 0.0 0.0
1117.0609130859375 0.0 0.0
1115.1480712890625 0.0 0.0
1113.234619140625 0.0 0.0
1111.3201904296875 0.0 0.0
1109.405029296875 0.0 0.0
1107.489013671875 0.0 0.0
1105.572265625 0.0 0.0
1103.6546630859375 0.0 0.0
1101.736328125 0.0 0.0
1099.817138671875 0.0 0.0
1097.8970947265625 0.0 0.0
1095.976318359375 0.0 0.0
1094.0546875 0.0 0.0
1092.1322021484375 0.0 0.0
1090.2088623046875 0.0 0.0
1088.2847900390625 0.0 0.0
1086.35986328125 0.0 0.0
1084.4342041015625 0.0 0.0
1082.507568359375 0.0 0.0
1080.5802001953125 0.0 0.0
1078.6519775390625 0.0 0.0
1076.7230224609375 0.0 0.0
1074.7930908203125 0.0 0.0
1072.8624267578125 0.0 0.0
1070.930908203125 0.0 0.0
1068.99853515625 0.0 0.0
1067.0653076171875 0.0 0.0
1065.1312255859375 0.0 0.0
1063.1964111328125 0.0 0.0
1061.2606201171875 0.0 0.0
1059.3240966796875 0.0 0.0
1057.38671875 0.0 0.0
1055.4483642578125 0.0 0.0
1053.50927734375 0.0 0.0
1051.5693359375 0.0 0.0
1049.6285400390625 0.0 0.0
1047.6868896484375 0.0 0.0
1045.744384765625 0.0 0.0
1043.801025390625 0.0 0.0
1041.8568115234375 0.0 0.0
1039.9117431640625 0.0 0.0
1037.9658203125 0.0 0.0
1036.01904296875 0.0 0.0
1034.0714111328125 0.0 0.0
1032.122802734375 0.0 0.0
1030.1734619140625 0.0 0.0
1028.22314453125 0.0 0.0
1026.2720947265625 0.0 0.0
1024.320068359375 0.0 0.0
1022.3672485351562 0.0 0.0
1020.4135131835938 0.0 0.0
1018.4588623046875 0.0 0.0
1016.50341796875 0.0 0.0
1014.5470581054688 0.0 0.0
1012.5897827148438 0.0 0.0
1010.6316528320312 0.0 0.0
1008.6726684570312 0.0 0.0
1006.7127685546875 0.0 0.0
1004.7520141601562 0.0 0.0
1002.7903442382812 0.0 0.0
1000.8278198242188 0.0 0.0
998.8643798828125 0.0 0.0
996.9000244140625 0.0 0.0
994.934814453125 0.0 0.0
992.9686889648438 0.0 0.0
991.0016479492188 0.0 0.0
989.0337524414062 0.0 0.0
987.06494140625 0.0 0.0
985.09521484375 0.0 0.0
983.1246337890625 0.0 0.0
981.1531372070312 0.0 0.0
979.1807250976562 0.0 0.0
977.2073974609375 0.0 0.0
975.233154296875 0.0 0.0
973.2579956054688 0.0 0.0
971.2819213867188 0.0 0.0
969.3049926757812 0.0 0.0
967.3270874023438 0.0 0.0
965.3482666015625 0.0 0.0
963.3685913085938 0.0 0.0
961.387939453125 0.0 0.0
959.4063720703125 0.0 0.0
957.4238891601562 0.0 0.0
955.4404907226562 0.0 0.0
953.4561767578125 0.0 0.0
951.470947265625 0.0 0.0
949.4847412109375 0.0 0.0
947.4976196289062 0.0 0.0
945.5095825195312 0.0 0.0
943.5206298828125 0.0 0.0
941.5307006835938 0.0 0.0
939.5398559570312 0.0 0.0
937.548095703125 0.0 0.0
935.5553588867188 0.0 0.0
933.5617065429688 0.0 0.0
931.567138671875 0.0 0.0
929.5715942382812 0.0 0.0
927.5750732421875 0.0 0.0
925.57763671875 0.0 0.0
923.5792846679688 0.0 0.0
921.5799560546875 0.0 0.0
919.5796508789062 0.0 0.0
917.5784301757812 0.0 0.0
915.5762329101562 0.0 0.0
913.5730590820312 0.0 0.0
911.5689697265625 0.0 0.0
909.5639038085938 0.0 0.0
907.557861328125 0.0 0.0
905.5509033203125 0.0 0.0
903.54296875 0.0 0.0
901.5340576171875 0.0 0.0
