wavelength flux error
1851.1864013671875 1.3290773646576493e-13 2.3579844131947636e-13
1853.84912109375 -3.5088160269024574e-14 2.1656808291137253e-13
1856.511962890625 1.408424700651001e-13 3.6912432745811463e-13
1859.1748046875 6.689555051390961e-13 4.607858148861221e-13
1861.8375244140625 6.879890266427852e-14 1.660535858122314e-13
1864.5003662109375 1.5191895050975512e-13 1.6028344829773639e-13
1867.1632080078125 2.0188433986611382e-13 1.5438174284961026e-13
1869.825927734375 -6.451164709581677e-15 1.0261342014809827e-13
1872.48876953125 2.3777919737344444e-13 9.822004320980682e-14
1875.151611328125 -1.52384818630745e-14 7.775637772544641e-14
1877.8143310546875 9.445128869561142e-14 7.512194940542324e-14
1880.4771728515625 -6.897797220559165e-14 7.798499530604214e-14
1883.1400146484375 1.1142987777607548e-14 7.40025919774949e-14
1885.802734375 5.94226816190424e-14 6.87020088713762e-14
1888.465576171875 1.6334994812415397e-14 6.620141175701921e-14
1891.12841796875 9.29189112263383e-14 7.185220571737788e-14
1893.7911376953125 5.254757946045879e-14 6.326588016490609e-14
1896.4539794921875 -8.915310438679935e-14 5.253179754258555e-14
1899.11669921875 2.090335181695064e-14 6.838541506074686e-14
1901.779541015625 5.844162773074174e-14 5.501470183274029e-14
1904.4423828125 -2.8853787713062004e-14 5.1659174035928804e-14
1907.105224609375 7.755958825487672e-15 4.9083804241119994e-14
1909.7679443359375 3.0664483268143944e-14 5.1892003064338277e-14
1912.4307861328125 -7.30930886563147e-14 4.6518632722996126e-14
1915.093505859375 2.2957889522822253e-14 4.667916240715976e-14
1917.75634765625 9.448990662174264e-14 4.926235539826941e-14
1920.419189453125 -5.0106098469556576e-14 3.501987924908051e-14
1923.0819091796875 4.16443663814282e-15 3.377142722372703e-14
1925.7447509765625 -6.389835712552203e-15 4.174951196930267e-14
1928.4075927734375 2.6651683315251536e-14 3.7566958143451026e-14
1931.0703125 2.270109962640085e-14 5.1011227712597154e-14
1933.733154296875 -5.881656517077796e-14 3.2226584817602114e-14
1936.39599609375 8.381263619326035e-14 3.491717481016003e-14
1939.0587158203125 -1.407776212226583e-14 3.096584403824987e-14
1941.7215576171875 1.2396491168645274e-13 3.546004500231889e-14
1944.3843994140625 -5.328224162879855e-14 2.819029155888466e-14
1947.047119140625 5.416434343413507e-15 2.7008062263413415e-14
1949.7099609375 -1.0226146610005284e-14 2.778569780129917e-14
1952.372802734375 3.013955323380793e-14 3.4376256181911646e-14
1955.0355224609375 3.163628755666059e-14 2.643401109440023e-14
1957.6983642578125 2.3109820128505362e-14 2.5255708643672457e-14
1960.361083984375 1.6662366270265606e-14 4.1148609855861523e-14
1963.02392578125 1.9960758306653004e-14 2.68528638046198e-14
1965.686767578125 2.0690566976204992e-14 2.1691282193277324e-14
1968.349609375 3.365117226213944e-14 2.2801544181418054e-14
1971.0123291015625 4.119440723325367e-14 2.2710881162875743e-14
1973.6751708984375 3.518363443470729e-14 2.1554132312523802e-14
1976.337890625 4.384482075905742e-14 2.5975102196105007e-14
1979.000732421875 2.1876226755112617e-14 2.3084448103603307e-14
1981.66357421875 2.4923778454500126e-14 1.8906151465344564e-14
1984.3262939453125 2.4657344240941285e-14 1.829058043532287e-14
1986.9891357421875 2.986724230566104e-14 1.739508873315615e-14
1989.6519775390625 2.4978464595640758e-14 1.6842784288030772e-14
1992.314697265625 5.4223196977376195e-14 1.8022633420920232e-14
1994.9775390625 6.910197354096539e-17 1.5523217070491716e-14
1997.640380859375 3.5295937450986054e-14 1.800074947769497e-14
2000.3031005859375 1.1610776122288839e-14 1.5575418016965104e-14
2002.9659423828125 6.619866059400653e-14 1.7287293626222673e-14
2005.6287841796875 2.5818170707901308e-14 1.6717343790740094e-14
2008.29150390625 9.491245578374403e-15 1.3997284674914252e-14
2010.954345703125 7.620362403159414e-14 2.0462752382843265e-14
2013.6171875 3.067704307268583e-14 1.5612485872802846e-14
2016.2799072265625 2.0499232397815613e-14 1.3169180372932243e-14
2018.9427490234375 1.774223163406117e-14 1.282500039327672e-14
2021.60546875 3.74239484887684e-14 1.77787167312312e-14
2024.268310546875 9.929021851668579e-15 1.4021426807976894e-14
2026.93115234375 2.802107639887988e-14 1.8576183004478074e-14
2029.593994140625 -2.1144474991979627e-15 1.2334159199902956e-14
2032.2567138671875 1.9482777614517402e-14 1.3017486936474365e-14
2034.9195556640625 4.238604028850533e-14 1.390478952410703e-14
2037.582275390625 3.0614633685132134e-14 1.3453935909140194e-14
2040.2451171875 6.1829678204596006e-15 1.2068119703697536e-14
2042.907958984375 1.599194477471151e-14 1.2446718867164738e-14
2045.57080078125 1.0824686348556538e-14 1.2413227184430303e-14
2048.2333984375 4.0658486099394084e-14 1.3605924960096664e-14
2050.896240234375 4.724525824273233e-14 1.3747536163383374e-14
2053.55908203125 5.0243412674701865e-14 1.3875593992481068e-14
2056.221923828125 4.157056101260215e-14 1.3130432850760095e-14
2058.884765625 1.7660996092221798e-14 1.1671313567029103e-14
2061.547607421875 2.6181451280517416e-14 1.1568315207675928e-14
2064.21044921875 1.7228528174408064e-14 2.065153061579783e-14
2066.873046875 3.045751584968004e-14 1.1787340140143997e-14
2069.535888671875 1.0300517796840106e-14 1.0474159551027238e-14
2072.19873046875 3.920323606216615e-14 1.1727714102854978e-14
2074.861572265625 2.714340626992339e-14 1.0986720363234496e-14
2077.5244140625 1.3151260543900131e-14 9.897521543393139e-15
2080.18701171875 3.931679946347043e-14 1.572315411549341e-14
2082.849853515625 2.8696829119803993e-14 1.0717107235024611e-14
2085.5126953125 1.9429029985882328e-14 1.0045983549157242e-14
2088.175537109375 3.935202586968084e-14 1.9797374121457122e-14
2090.83837890625 5.732674941303847e-14 2.0509866049435443e-14
2093.501220703125 1.9066374523581293e-14 1.2369089144581829e-14
2096.163818359375 2.6633719440506166e-14 1.1224033584066734e-14
2098.82666015625 6.395024890496967e-14 1.2550852250667235e-14
2101.489501953125 -5.468941068780854e-15 8.597428460344406e-15
2104.15234375 2.1273571283470655e-14 1.1315943435107403e-14
2106.815185546875 3.0446744978722753e-14 1.287883272520652e-14
2109.47802734375 2.51720624460652e-14 9.491441242985219e-15
2112.140625 2.5776594942718278e-14 9.696761182366714e-15
2114.803466796875 1.2721623410196121e-14 8.747150851134023e-15
2117.46630859375 2.6575778998782183e-14 9.658892880393816e-15
2120.129150390625 1.4815182229881846e-14 1.0601604975304067e-14
2122.7919921875 4.1021148337958696e-14 1.1238732146800438e-14
2125.45458984375 2.5260675644875157e-14 1.4542417292075227e-14
2128.117431640625 1.5441698619647962e-14 1.4519049347126375e-14
2130.7802734375 3.348860631077061e-14 9.440487976043136e-15
2133.443115234375 4.112851484622086e-14 1.7580915903322482e-14
2136.10595703125 5.212213852797548e-15 1.0566398050851442e-14
2138.768798828125 5.842204432900122e-14 1.1659024813030338e-14
2141.431640625 1.4400566378464444e-14 1.2825803380510717e-14
2144.09423828125 4.06354366388334e-14 1.7776843094351874e-14
2146.757080078125 2.40893086999195e-14 8.491930506763883e-15
2149.419921875 3.121233062590087e-14 9.129150851884451e-15
2152.082763671875 3.137441885068745e-14 9.858772327155096e-15
2154.74560546875 4.679947157885597e-14 9.62355974803205e-15
2157.408203125 5.815126483642297e-14 1.0030766602259818e-14
2160.071044921875 3.278557235268133e-14 1.4311316210878153e-14
2162.73388671875 3.236995022612259e-14 8.611529017817348e-15
2165.396728515625 3.4739172530360435e-14 8.514739409967546e-15
2168.0595703125 1.8898565438268955e-14 1.053716270867696e-14
2170.72216796875 3.934303715604458e-14 9.32147899992096e-15
2173.385009765625 2.861234266551306e-14 9.080667533016562e-15
2176.0478515625 6.557173000512921e-15 6.549804660904756e-15
2178.710693359375 3.052819227879894e-14 9.238007291100837e-15
2181.37353515625 4.075168344051458e-14 8.583626905501844e-15
2184.036376953125 1.4491210762281916e-14 8.06177922406089e-15
2186.69921875 1.081863938034609e-14 9.850904238108051e-15
2189.36181640625 8.045531438066657e-15 8.948744692580547e-15
2192.024658203125 3.6032029410940775e-14 1.2280525920715761e-14
2194.6875 1.160794364411322e-14 9.687268484126835e-15
2197.350341796875 2.7685842781213256e-14 9.000267165663184e-15
2200.01318359375 3.9327289119489225e-14 1.2402447843143545e-14
2202.67578125 2.3865458220750924e-14 9.122315296000109e-15
2205.338623046875 3.0475381468603527e-14 1.3623956597477813e-14
2208.00146484375 1.4760773915547913e-14 9.304004710219103e-15
2210.664306640625 4.0288922236375244e-14 1.2079905320125633e-14
2213.3271484375 1.0366369526291445e-14 6.683258936909407e-15
2215.989990234375 2.021327407482256e-14 1.2968215029932582e-14
2218.652587890625 4.8722714095705486e-14 1.0087040083143605e-14
2221.3154296875 2.091929805921565e-14 7.1401336855818e-15
2223.978271484375 1.1327443601432275e-14 9.510372429356352e-15
2226.64111328125 7.527546226865182e-15 6.626529328783524e-15
2229.303955078125 4.009056406078723e-14 9.472277969586537e-15
2231.966796875 2.3580238510487878e-14 8.296986720986253e-15
2234.62939453125 2.654795057833309e-14 9.506859783724089e-15
2237.292236328125 2.116344005966865e-14 1.0268086599355634e-14
2239.955078125 1.893726129143132e-14 7.417793626790601e-15
2242.617919921875 1.6280955804446468e-14 5.457865265962557e-15
2245.28076171875 1.6895171581752556e-14 9.930370328120608e-15
2247.943359375 2.869581268026729e-14 1.1143756883523655e-14
2250.606201171875 3.503401792303608e-14 6.839968925997399e-15
2253.26904296875 3.5262181493972075e-14 8.769566731050161e-15
2255.931884765625 1.8590924765892088e-14 6.0849190981337054e-15
2258.5947265625 3.958839210767805e-14 9.514642322443461e-15
2261.257568359375 1.2603484336910775e-14 4.710000818590422e-15
2263.92041015625 1.8490532726917613e-14 9.344605540479844e-15
2266.5830078125 2.6750498178878222e-14 1.0945969608142092e-14
2269.245849609375 1.51981614007193e-14 8.174315174400149e-15
2271.90869140625 4.719030613324626e-14 9.933631404967537e-15
2274.571533203125 2.5021439659252652e-14 6.707561582715554e-15
2277.234375 3.183261962943877e-14 9.962660918135836e-15
2279.89697265625 2.6370363344677648e-14 8.756065872903875e-15
2282.559814453125 2.1737313351762912e-14 4.97148285402314e-15
2285.22265625 2.9738845663384444e-14 6.647356598407086e-15
2287.885498046875 2.491300758354284e-14 4.979014247473651e-15
2290.54833984375 3.028072313292912e-14 1.2420136432181057e-14
2293.2109375 3.724367616067016e-14 1.1824441030266683e-14
2295.873779296875 2.105199932293019e-14 4.802579402142949e-15
2298.53662109375 2.8416283337343896e-14 5.682430640938617e-15
2301.199462890625 7.998449111693527e-15 5.866027149838355e-15
2303.8623046875 2.421414780381763e-14 7.8357882926346e-15
2306.525146484375 3.3829533683908675e-14 1.025292216850094e-14
2309.18798828125 5.193536098684233e-14 1.0613848836556628e-14
2311.8505859375 2.8796077664299674e-14 4.698752221050885e-15
2314.513427734375 2.551681163186128e-14 7.59052312649354e-15
2317.17626953125 2.1302758344767143e-14 4.0535553666660225e-15
2319.839111328125 3.139231835092883e-14 8.7502891082036e-15
2322.501953125 2.847497425025915e-14 5.2785517791606104e-15
2325.16455078125 4.6221812049487485e-14 6.2664751046635075e-15
2327.827392578125 3.7681216111772053e-14 5.529513241871956e-15
2330.490234375 3.1634105599788465e-14 9.060390411292241e-15
2333.153076171875 3.178479953736858e-14 7.620707145568947e-15
2335.81591796875 2.3828222652389625e-14 4.605209714004382e-15
2338.478515625 2.064124255362048e-14 4.1238044676630316e-15
2341.1416015625 1.6779637981812964e-14 4.169838167247461e-15
2343.80419921875 1.9484278556899937e-14 3.698639244404051e-15
2346.467041015625 2.307170025774713e-14 6.6212874653894405e-15
2349.1298828125 1.2453635738212017e-14 4.6385319901493666e-15
2351.792724609375 4.128910212862491e-14 8.246094440416372e-15
2354.45556640625 2.4090682587359948e-14 3.971955600659332e-15
2357.1181640625 2.672253084502578e-14 6.173938872758343e-15
2359.781005859375 2.7991965570548644e-14 4.067541151174612e-15
2362.44384765625 4.0011637530762076e-14 9.233572226589014e-15
2365.106689453125 3.3632994935091365e-14 6.707853385565883e-15
2367.76953125 2.59982414421581e-14 3.662765281505463e-15
2370.43212890625 2.4574424797602773e-14 7.422607315029847e-15
2373.094970703125 2.850334646586038e-14 4.283395215804635e-15
2375.7578125 4.5849934092456746e-14 9.670757270886007e-15
2378.420654296875 1.752363784136325e-14 4.777256928668308e-15
2381.08349609375 2.575743336338549e-14 7.732996609320555e-15
2383.746337890625 2.2720605101110222e-14 5.232965736488805e-15
2386.4091796875 1.8526922956397553e-14 2.9310116125483418e-15
2389.07177734375 3.4722038747903375e-14 3.720880635533054e-15
2391.734619140625 2.432444674014319e-14 4.746443564113091e-15
2394.3974609375 2.668498695667168e-14 4.055346417832992e-15
2397.060302734375 3.963651374347746e-14 6.088106906630697e-15
2399.72314453125 3.325727822474367e-14 6.981271809291308e-15
2402.3857421875 4.0569337575761463e-14 8.683370964271669e-15
2405.048583984375 2.652838581131741e-14 5.521965331278973e-15
2407.71142578125 3.238832406481443e-14 7.13862173177095e-15
2410.374267578125 3.200721006052683e-14 3.941160447312481e-15
2413.037109375 4.1735149678649025e-14 3.893010435909337e-15
2415.69970703125 3.3637440163998555e-14 3.516295708991539e-15
2418.362548828125 3.655999182322796e-14 9.492664358561054e-15
2421.025390625 3.2453660798233835e-14 5.31217009332066e-15
2423.688232421875 4.208583825947125e-14 6.314391758489683e-15
2426.35107421875 3.337459228793839e-14 6.303093186006258e-15
2429.013916015625 3.876538101480788e-14 6.466109758903032e-15
2431.6767578125 3.4953461701620406e-14 3.4612343322552733e-15
2434.33935546875 3.36377654246503e-14 4.402857354553593e-15
2437.002197265625 3.70422483376813e-14 5.586018809783291e-15
2439.6650390625 2.968655323735275e-14 4.597817657473694e-15
2442.327880859375 4.063522996279427e-14 4.982367650911831e-15
2444.99072265625 3.1678811998744547e-14 3.2969275164215946e-15
2447.6533203125 4.4083850068640795e-14 3.842730983676795e-15
2450.316162109375 3.753103039396029e-14 6.6670899249792696e-15
2452.97900390625 3.697968309606531e-14 3.3796934350384172e-15
2455.641845703125 4.141800699066986e-14 4.123596097558007e-15
2458.3046875 3.737454952728453e-14 3.3461104845039155e-15
2460.96728515625 2.733897940118083e-14 2.7553348617054317e-15
2463.63037109375 3.8732990474904874e-14 3.5455886494064346e-15
2466.29296875 4.706825207367871e-14 4.1009947174264205e-15
2468.955810546875 3.5836419010233656e-14 3.415942210016165e-15
2471.61865234375 2.93691598276212e-14 4.117419956823102e-15
2474.281494140625 3.911797372569553e-14 5.53242576466109e-15
2476.9443359375 4.307486781000326e-14 4.620296641344402e-15
2479.60693359375 3.560718140152054e-14 3.3630661782838153e-15
2482.269775390625 3.601549193967858e-14 3.2896044930761075e-15
2484.9326171875 3.5895714704673246e-14 3.041938835562528e-15
2487.595458984375 3.8166511780440143e-14 3.737624782834377e-15
2490.25830078125 4.5649329585492615e-14 4.676156346633455e-15
2492.9208984375 3.81990412337465e-14 3.2050752636213382e-15
2495.583740234375 4.819806866443975e-14 3.905558805506436e-15
2498.24658203125 3.733075792391148e-14 3.056483873574542e-15
2500.909423828125 3.399039879311942e-14 2.864976500463923e-15
2503.572265625 4.1534511290367004e-14 3.1902371522095742e-15
2506.235107421875 4.688264004988098e-14 6.961272937890161e-15
2508.89794921875 4.5333237218368044e-14 3.921844707983294e-15
2511.560546875 3.9531305475164896e-14 5.360866864491257e-15
2514.223388671875 4.398752209374725e-14 3.8849598112621585e-15
2516.88623046875 4.015899077039822e-14 3.663433590500847e-15
2519.549072265625 4.952533202333756e-14 7.025025296181729e-15
2522.2119140625 4.0719916316860755e-14 3.758777313109685e-15
2524.87451171875 4.441202790185679e-14 4.298494848638864e-15
2527.537353515625 4.2823983427290116e-14 3.356757900409139e-15
2530.2001953125 4.601362829171132e-14 3.588937889822778e-15
2532.863037109375 4.1293018808973014e-14 3.1222902867632024e-15
2535.52587890625 4.226097417977734e-14 3.031393487127449e-15
2538.1884765625 4.700070627833286e-14 6.474502584860901e-15
2540.851318359375 3.734318220318181e-14 3.957296001441202e-15
2543.51416015625 4.499274691423076e-14 3.1994719289170142e-15
2546.177001953125 5.1779757646299926e-14 3.4879465750381217e-15
2548.83984375 4.3880033612740676e-14 5.2768068912892666e-15
2551.502685546875 5.056208679824967e-14 5.113861892676536e-15
2554.16552734375 4.8777076670260266e-14 3.6669153194305356e-15
2556.828125 4.112855889193412e-14 3.5426056111244417e-15
2559.490966796875 4.669660789774141e-14 3.1314509480877576e-15
2562.15380859375 4.587150293942563e-14 3.1452353505131373e-15
2564.816650390625 4.1296606840537584e-14 2.8447341070904396e-15
2567.4794921875 5.1959369288699306e-14 3.30476701810667e-15
2570.14208984375 5.156976801428022e-14 3.3265495291364983e-15
2572.804931640625 4.669509340283172e-14 3.0647382096455353e-15
2575.4677734375 4.707512659307862e-14 3.9360214984214895e-15
2578.130615234375 4.524902181462023e-14 3.190827957690284e-15
2580.79345703125 4.420041874284193e-14 3.3322653074645704e-15
2583.4560546875 4.525912522361508e-14 3.0124822060305758e-15
2586.119140625 4.472434250203661e-14 4.403454089264933e-15
2588.78173828125 3.1062626022803144e-14 2.699729478058792e-15
2591.444580078125 3.635348857881915e-14 2.5192165926035334e-15
2594.107421875 4.554246790886701e-14 3.788407796154062e-15
2596.770263671875 4.3058994412571716e-14 2.796895803811885e-15
2599.43310546875 3.411178877885633e-14 2.358471762071296e-15
2602.095703125 2.921357342773774e-14 2.3217374254565345e-15
2604.758544921875 3.4615820816317686e-14 2.3391100712047202e-15
2607.42138671875 4.9578915327580866e-14 2.99373990800668e-15
2610.084228515625 4.797192103191822e-14 2.9281202655828892e-15
2612.7470703125 5.0472938274617046e-14 3.0197440312456237e-15
2615.40966796875 4.854801524440018e-14 2.897863825190492e-15
2618.072509765625 5.122542879243061e-14 2.9797941458048482e-15
2620.7353515625 4.8109584214637777e-14 2.880516378672487e-15
2623.398193359375 4.892158049106185e-14 2.8825210939004012e-15
2626.06103515625 5.59988592497597e-14 3.1305852804156637e-15
2628.723876953125 4.663514718708864e-14 3.0633226058324366e-15
2631.38671875 5.885308245519999e-14 4.4322781969435236e-15
2634.04931640625 5.947290050841922e-14 3.3829587470500825e-15
2636.712158203125 5.2100579845401965e-14 3.0749055696279023e-15
2639.375 5.555698248996786e-14 3.041365394257237e-15
2642.037841796875 5.4551733952561826e-14 2.9940412399776656e-15
2644.70068359375 5.260037671812705e-14 2.9444555077289252e-15
2647.36328125 5.863687221321565e-14 3.1281714482742258e-15
2650.026123046875 5.862150364742066e-14 4.984496244708281e-15
2652.68896484375 5.0872981771209885e-14 3.2263101678507667e-15
2655.351806640625 6.142545375337552e-14 3.2124889194921815e-15
2658.0146484375 5.872423180326367e-14 3.0831529176770806e-15
2660.67724609375 6.392008775578384e-14 3.233188922415419e-15
2663.34033203125 6.344789738087567e-14 4.2950889291579544e-15
2666.0029296875 6.087213795091112e-14 3.0746578124908304e-15
2668.665771484375 6.301512453120092e-14 3.1643518253414828e-15
2671.32861328125 6.271711123530255e-14 5.224508959543418e-15
2673.991455078125 6.466828212248893e-14 3.405260277518341e-15
2676.654296875 7.04766851974091e-14 3.357625473905364e-15
2679.31689453125 6.139742712721677e-14 3.213716270232753e-15
2681.979736328125 6.437637424007436e-14 3.1295112426385453e-15
2684.642578125 7.509872715014132e-14 3.5872099426103796e-15
2687.305419921875 6.677615410491736e-14 3.198633789815706e-15
2689.96826171875 7.371940514630526e-14 3.448879721444859e-15
2692.630859375 7.761793866054717e-14 3.583228887758284e-15
2695.293701171875 5.555460402145197e-14 2.7822478512967794e-15
2697.95654296875 6.171177799460179e-14 2.947836227979654e-15
2700.619384765625 5.740794937949406e-14 2.81334010144988e-15
2703.2822265625 6.544194846398385e-14 3.113018240606083e-15
2705.94482421875 6.539521935034973e-14 3.062458632226237e-15
2708.60791015625 5.81181221312628e-14 3.004614752258241e-15
2711.2705078125 7.977781846593701e-14 4.6033013487742185e-15
2713.933349609375 8.209126195653227e-14 3.878417328777566e-15
2716.59619140625 6.951734923387604e-14 3.179892762341231e-15
2719.259033203125 6.431094941522844e-14 2.9872817053003395e-15
2721.921875 7.056664687267108e-14 3.2188852887933724e-15
2724.58447265625 6.798856318429927e-14 3.11074099252739e-15
2727.247314453125 6.034641509373648e-14 2.7894768539851213e-15
2729.91015625 7.273087026301445e-14 3.2446425019281916e-15
2732.572998046875 6.883650415087303e-14 3.0818760155090948e-15
2735.23583984375 7.229210719633672e-14 3.2332073453820217e-15
2737.8984375 6.943972713458965e-14 3.107573936337606e-15
2740.561279296875 6.130045201915152e-14 2.7667359251754746e-15
2743.22412109375 6.916907639101938e-14 3.065267816995806e-15
2745.886962890625 6.586778241975469e-14 2.9262161355174615e-15
2748.5498046875 5.960038235511278e-14 2.694972117510538e-15
2751.212646484375 7.083714176217906e-14 3.0438287778260893e-15
2753.87548828125 6.419201243690678e-14 2.8246570968999078e-15
2756.5380859375 7.498571262618686e-14 3.2575584838243988e-15
2759.200927734375 7.141939221012167e-14 3.080701180811253e-15
2761.86376953125 6.50284879655065e-14 2.7941130888219177e-15
2764.526611328125 6.857483195654365e-14 2.9334072334814137e-15
2767.189453125 7.182502612416639e-14 3.0592926348276374e-15
2769.85205078125 6.835918414443629e-14 2.9118189047547434e-15
2772.514892578125 6.879342066704389e-14 4.217228813613392e-15
2775.177734375 6.25053123409075e-14 2.707775867541234e-15
2777.840576171875 6.79863947799543e-14 2.90998825479749e-15
2780.50341796875 8.231472280054511e-14 3.389286083166072e-15
2783.166015625 7.564828212631991e-14 3.1795355261957266e-15
2785.8291015625 6.90988268665059e-14 2.9142181255778412e-15
2788.49169921875 6.853029157604523e-14 2.881749870401926e-15
2791.154541015625 6.651791069995847e-14 3.0847900206058864e-15
2793.8173828125 5.518284464903385e-14 2.3967949207368694e-15
2796.47998046875 4.425486940882323e-14 2.08405849814932e-15
2799.14306640625 3.352962981047203e-14 1.7802982954620615e-15
2801.8056640625 3.8952239871103966e-14 1.9156626307627713e-15
2804.468505859375 4.4669359899364436e-14 2.0565544913190258e-15
2807.13134765625 4.992195689495528e-14 2.2437803246395114e-15
2809.794189453125 6.032965061764442e-14 2.5385996710520272e-15
2812.45703125 6.620508449187851e-14 2.6729674720902923e-15
2815.11962890625 6.180271545181901e-14 2.53720524306261e-15
2817.78271484375 7.175472238954428e-14 2.851316188365316e-15
2823.108154296875 7.633998278357493e-14 3.1250903659285883e-15
2825.77099609375 7.582369248530091e-14 2.964290478254779e-15
2828.43359375 7.486851037134118e-14 2.8947010041654444e-15
2831.0966796875 6.92011213414799e-14 2.6996108934461763e-15
2833.75927734375 7.2555290497444e-14 2.8048564312084176e-15
2836.422119140625 6.467354050302548e-14 2.5143381063438223e-15
2839.0849609375 6.704274586660439e-14 2.5655414597635815e-15
2841.74755859375 6.382572150919613e-14 2.481917920287664e-15
2844.41064453125 6.555427858531693e-14 2.5259852328850425e-15
2847.0732421875 7.045436418518305e-14 4.862728058760424e-15
2849.736083984375 6.919359291264471e-14 2.7809832311065288e-15
2852.39892578125 6.824313385439887e-14 2.5582999633392677e-15
2855.061767578125 6.38788541919115e-14 2.4219039419088022e-15
2857.724609375 6.573134912887454e-14 2.456497614507615e-15
2860.38720703125 6.728896140371227e-14 2.5123225914458307e-15
2863.05029296875 7.092111999670164e-14 2.6007837478417544e-15
2865.712890625 7.030202022742169e-14 2.5687603967213847e-15
2868.375732421875 7.343617765753416e-14 2.658992699010017e-15
2873.701171875 7.873039785215308e-14 2.7868233115196104e-15
2876.3642578125 7.958505409593267e-14 2.7953978260446656e-15
2879.02685546875 7.703941515757248e-14 2.725140254718184e-15
2881.689697265625 8.139182280627114e-14 2.9417134503204262e-15
2884.3525390625 7.606733304224914e-14 2.6517054628065516e-15
2887.015380859375 8.230493109967485e-14 2.8067739020427645e-15
2889.67822265625 7.776649468696842e-14 2.6755911566444125e-15
2892.3408203125 7.751891034461778e-14 2.719625434956848e-15
2895.00390625 8.354828737481765e-14 2.9367439080188852e-15
2897.66650390625 8.314287030120743e-14 2.7659035035465605e-15
2900.329345703125 8.365308906731553e-14 2.7793183878487004e-15
2902.9921875 8.911574684569365e-14 2.9222382570389185e-15
2905.65478515625 8.951655606007081e-14 3.800890520697748e-15
2908.31787109375 9.608734299762847e-14 3.053739698583675e-15
2910.98046875 8.617213117113193e-14 2.8600177578324594e-15
2913.643310546875 8.530585363531601e-14 2.7550341650091565e-15
2916.30615234375 8.769864039614647e-14 2.7971825244645305e-15
2918.96875 8.597263119513102e-14 3.2819066576514604e-15
2921.6318359375 9.398642346163111e-14 4.2448734279129305e-15
2924.29443359375 9.222558426582456e-14 2.89431983933918e-15
2926.957275390625 9.181179850669546e-14 2.8740547878343577e-15
2929.6201171875 9.506891801569495e-14 2.947410382165422e-15
2932.282958984375 9.148586700485559e-14 3.0054181630087117e-15
2934.94580078125 9.332170588594382e-14 2.8891069868235402e-15
2937.6083984375 9.028280239294778e-14 2.8005005642771624e-15
2940.271484375 8.512880342054913e-14 2.676898128482026e-15
2942.93408203125 8.457903838019962e-14 2.656549432473662e-15
2945.596923828125 8.893061932474175e-14 2.765211265870417e-15
2948.259765625 9.799074122658971e-14 2.971300311168019e-15
2950.92236328125 8.67780240026983e-14 2.6956819311203372e-15
2953.58544921875 9.404499070773606e-14 2.851401315176515e-15
2956.248046875 9.570483647117559e-14 2.895697750186126e-15
2958.910888671875 8.586999113071453e-14 2.667302092222582e-15
2961.57373046875 8.311682912027704e-14 3.042477548516982e-15
2964.236328125 8.538916101974436e-14 2.671060800926023e-15
2966.8994140625 8.83443098949159e-14 2.7290666759451814e-15
2969.56201171875 8.559513910372588e-14 2.6776132360477453e-15
2972.224853515625 8.478963787594135e-14 2.649290148357456e-15
2974.8876953125 9.505873329153716e-14 2.8586182476453585e-15
2977.550537109375 9.536098175217181e-14 2.8982900945211977e-15
2980.21337890625 8.829655078921791e-14 2.730319861190644e-15
2982.8759765625 8.470632371524942e-14 2.7525580759460953e-15
2985.5390625 8.686874461948102e-14 2.717474394787296e-15
2988.20166015625 8.627290776306445e-14 2.724867933625642e-15
2990.864501953125 8.890076988368051e-14 2.7714490282522344e-15
2993.52734375 8.542936459155284e-14 2.715411446044258e-15
2996.18994140625 9.305673365125194e-14 2.8774977650067096e-15
2998.85302734375 9.614580182351617e-14 2.9294407899476587e-15
3001.515625 9.011493401532913e-14 2.7951335517651223e-15
3004.178466796875 9.335552621746179e-14 2.846546545839327e-15
3006.84130859375 8.483750540185658e-14 2.9424154288754632e-15
3009.504150390625 9.26556127287502e-14 2.864192783229476e-15
3012.1669921875 9.181265909216987e-14 2.881549123593427e-15
3014.82958984375 8.6033719211287e-14 2.82113343983933e-15
3017.49267578125 9.215120799679205e-14 2.9093201575603432e-15
3020.1552734375 9.191336114520304e-14 2.932089250215486e-15
3022.818115234375 9.15061619142718e-14 2.9515297151461563e-15
3025.48095703125 9.640321852431855e-14 3.0503826952554694e-15
3028.1435546875 1.0257933554230075e-13 3.4734938636173584e-15
3030.806640625 1.0122902272284226e-13 3.118735501241813e-15
3033.46923828125 1.036957927294177e-13 3.391441993775071e-15
3036.132080078125 8.879081145459974e-14 3.008131633055241e-15
3038.794921875 9.853259159108008e-14 3.153626482405112e-15
3041.45751953125 1.0197210778680951e-13 3.2264384933422758e-15
3044.12060546875 9.904270193697093e-14 3.254124400497993e-15
3046.783203125 9.949263906228883e-14 3.322985638010926e-15
3049.446044921875 9.8275764425209e-14 4.982279135968843e-15
3052.10888671875 8.808450117307048e-14 3.86674733234677e-15
3054.771728515625 8.686277473126877e-14 4.813044070689802e-15
3057.4345703125 1.027765112598944e-13 5.1476335198000385e-15
3060.09716796875 1.0149199595977862e-13 3.859916435143638e-15
3062.76025390625 9.758537836308812e-14 3.4666638134471734e-15
3065.4228515625 9.553524692260812e-14 3.475121013909034e-15
3068.085693359375 1.0678434590565e-13 3.646382393756144e-15
3070.74853515625 1.0875016029842852e-13 3.657729670634036e-15
3073.4111328125 9.950012005727898e-14 3.581486540985782e-15
3076.07421875 1.1180096291026759e-13 3.8026396437338284e-15
3078.73681640625 1.0986933476724026e-13 3.821960041744225e-15
3081.399658203125 1.0692460778545174e-13 3.78902994185382e-15
3084.0625 1.0414893502740802e-13 3.791850138051703e-15
3086.72509765625 1.0426007930261494e-13 4.136463798576221e-15
3089.38818359375 1.1874499322196697e-13 4.074407623761529e-15
3092.05078125 1.074735528979083e-13 3.968403991511495e-15
3094.713623046875 1.0062328574533819e-13 3.91623142064184e-15
3097.37646484375 1.1018664686180887e-13 4.1380600321653215e-15
3100.039306640625 1.133846163660357e-13 4.208381977995794e-15
3102.7021484375 1.1622759775020003e-13 4.277053480128542e-15
3105.36474609375 1.1139533577248645e-13 4.250866186014755e-15
3108.02783203125 1.2472004494706174e-13 4.465925733740253e-15
3110.6904296875 1.2776914671674272e-13 4.495665060518352e-15
3113.353271484375 1.20699172770182e-13 4.467725255236695e-15
3116.01611328125 1.2437915823150514e-13 4.591861321788602e-15
3118.6787109375 1.2548939480865745e-13 4.6669690037710616e-15
3121.341796875 1.2085245185231713e-13 4.595036424791385e-15
3124.00439453125 1.2339329319606407e-13 4.679343731613973e-15
3126.667236328125 1.2172927325426047e-13 4.701197181653134e-15
3129.330078125 1.2232680417657155e-13 4.8084328233249495e-15
3131.992919921875 1.249139138480293e-13 4.813309615518766e-15
3134.65576171875 1.1803219805619353e-13 4.763046680428696e-15
3137.318359375 1.2116765652891298e-13 4.85700973933351e-15
3139.9814453125 1.2271980035904323e-13 4.922309626819712e-15
3142.64404296875 1.2051850403066444e-13 5.023430537645299e-15
3145.306884765625 1.2207068851837616e-13 5.089684184230109e-15
3147.9697265625 1.1528667289480848e-13 5.046760366111524e-15
3150.63232421875 1.1392982098099719e-13 4.95111594680641e-15
3153.29541015625 1.2878153404782822e-13 5.2416262248580064e-15
3155.9580078125 1.2984261560898547e-13 5.37372397759763e-15
3158.620849609375 1.2573534607148579e-13 5.277515434349645e-15
3161.28369140625 1.2085602971948634e-13 5.300169754040435e-15
3163.9462890625 1.3064816427061504e-13 5.5028308570004986e-15
3166.609375 1.4401713599888205e-13 5.809984485432695e-15
3169.27197265625 1.4125156664983318e-13 5.833457038950532e-15
3171.934814453125 1.4668146797007509e-13 6.037551745173824e-15
3174.59765625 1.5257631583946024e-13 6.641674277880431e-15
3177.260498046875 1.2806026855258223e-13 5.6915375156710215e-15
3179.92333984375 1.2797849260372252e-13 5.74019828794136e-15
3182.5859375 1.3839648285891848e-13 6.003409541135898e-15
3185.2490234375 1.400970810715163e-13 6.0346320226046385e-15
3187.91162109375 1.3973131191610116e-13 6.092439903672376e-15
3190.574462890625 1.3781133894642805e-13 6.231771741298025e-15
3193.2373046875 1.414172869518976e-13 6.341751346202471e-15
3195.89990234375 1.4710707153288427e-13 6.407481949942352e-15
3198.56298828125 1.5063647486497633e-13 6.5161245133395565e-15
3201.2255859375 1.4316354362848421e-13 6.397672884896673e-15
3203.888427734375 1.4317811259517699e-13 6.487619737082081e-15
3206.55126953125 1.5962522915882044e-13 7.268569291373969e-15
3209.2138671875 1.719147014415251e-13 7.590241911555051e-15
3211.876953125 1.469353203562354e-13 6.8820787454536726e-15
3214.53955078125 1.5704541074697265e-13 7.1556047423634e-15
3217.202392578125 1.5725382150957867e-13 7.403023913289328e-15
3219.865234375 1.5104647946902888e-13 7.348926460047037e-15
3222.528076171875 1.4334624524707518e-13 7.0127255307546495e-15
3225.19091796875 1.464093061197269e-13 7.122517941377752e-15
3227.853515625 1.4182791497219932e-13 7.081478348050334e-15
3230.5166015625 1.4108549398206272e-13 7.025820236602727e-15
3233.17919921875 1.4267828184113401e-13 7.146511843674624e-15
3235.842041015625 1.4048494084619584e-13 7.307938535729402e-15
3238.5048828125 1.4700283904652695e-13 7.475047124794361e-15
3241.16748046875 1.7003743248492076e-13 7.95999127478934e-15
3243.83056640625 1.7165083373779644e-13 8.044983407749784e-15
3246.4931640625 1.6276243590754302e-13 8.656953700712702e-15
3249.156005859375 1.5079154288069607e-13 9.633953689327807e-15
3251.81884765625 1.3785392098675242e-13 7.190692235170461e-15
3254.481689453125 1.5008397899040488e-13 8.284913960389037e-15
3257.14453125 1.7386165749276594e-13 8.292743932953456e-15
3259.80712890625 1.792278077252657e-13 8.609794294341371e-15
3262.47021484375 1.5101574233743892e-13 7.750221871335918e-15
3265.1328125 1.5441025736674663e-13 7.91656135448477e-15
3267.795654296875 1.644018444600312e-13 8.147969908641698e-15
3270.45849609375 1.5512550553993532e-13 7.727303700882059e-15
3273.12109375 1.4790092436357816e-13 7.459114435056508e-15
3275.7841796875 1.6371580198286384e-13 8.106110387421338e-15
3278.44677734375 1.7232932745733787e-13 8.243837944644887e-15
3281.109619140625 1.5501891491385283e-13 7.583601173248578e-15
3283.7724609375 1.767041103283712e-13 8.136644231103961e-15
3286.43505859375 1.8281966110249293e-13 8.9351083091627e-15
3289.09814453125 1.8394834266910465e-13 1.1952788544632338e-14
3291.7607421875 1.9791872134244937e-13 8.75324779428836e-15
3294.423583984375 2.0062684152888366e-13 1.2149269695209235e-14
3297.08642578125 1.782210989030586e-13 7.870015199967252e-15
3299.749267578125 1.761035029823957e-13 7.819250821372407e-15
3302.412109375 1.8178644353716855e-13 1.509764738900042e-14
3305.07470703125 1.6695405637406208e-13 1.42554645524021e-14
3307.73779296875 1.821970308998888e-13 9.828669623242626e-15
3310.400390625 2.0292513329411843e-13 8.936812539452575e-15
3313.063232421875 1.9642074696336193e-13 9.445309287578908e-15
3315.72607421875 2.055552451342424e-13 1.2489596521987698e-14
3318.388671875 2.0599132480054322e-13 1.1610157788237343e-14
3321.0517578125 2.2243245114718369e-13 9.08363892459553e-15
3323.71435546875 2.506134948003502e-13 9.895740233105063e-15
3326.377197265625 2.4371756240752773e-13 1.539557259347228e-14
3329.0400390625 2.3452510007800076e-13 1.0111821726081424e-14
3331.70263671875 2.4367468221160593e-13 9.861592946869453e-15
3334.36572265625 2.741329298977524e-13 1.373301632460154e-14
3337.0283203125 2.1601246995555518e-13 9.614908153508794e-15
3339.691162109375 2.2011732714322108e-13 1.713222391643704e-14
3342.35400390625 2.326848295205325e-13 1.7464697900761508e-14
3345.016845703125 2.3673410779433135e-13 1.1504094016648054e-14
3347.6796875 2.737215564884571e-13 1.7283825873336614e-14
