wavelength flux error
1851.1864013671875 5.452227211377725e-13 2.7625479486446947e-13
1853.84912109375 1.575063186430234e-13 2.48541719974002e-13
1856.511962890625 -6.026385445355442e-13 3.871343079008688e-13
1859.1748046875 2.498412718029974e-13 3.6339049716387073e-13
1861.8375244140625 1.4939197340128885e-13 1.896383169854715e-13
1864.5003662109375 7.446996442899909e-14 1.7180535965242993e-13
1867.1632080078125 -5.99399680280624e-14 1.7458883188985197e-13
1869.825927734375 1.3450069203735978e-14 1.1546586440886603e-13
1872.48876953125 -4.616470170005181e-14 1.0216008133846419e-13
1875.151611328125 2.1502422645159822e-14 8.721819653220025e-14
1877.8143310546875 -2.7079846611627323e-14 8.188018812234008e-14
1880.4771728515625 -3.7362982445356824e-14 8.923704196374047e-14
1883.1400146484375 1.2986064343471835e-15 8.217430506668108e-14
1885.802734375 3.5308097455976836e-14 7.417955410083527e-14
1888.465576171875 6.940094657813256e-14 7.136724208562512e-14
1891.12841796875 6.565523136010248e-14 6.883911301235057e-14
1893.7911376953125 8.469924251981037e-14 6.664776423890434e-14
1896.4539794921875 -9.006223501348276e-14 5.776154836552305e-14
1899.11669921875 -1.491285889298566e-15 8.737241073870916e-14
1901.779541015625 1.5198200364234873e-14 5.932885069727736e-14
1904.4423828125 -1.0828354848251096e-14 5.647131051081562e-14
1907.105224609375 4.50155321005119e-14 5.4595864369113775e-14
1909.7679443359375 1.316609632597129e-14 5.3816302678305963e-14
1912.4307861328125 -4.07046324543605e-14 4.863826491086423e-14
1915.093505859375 5.4271359270757075e-14 5.045413753131979e-14
1917.75634765625 1.2609015462056346e-14 1.0647111312175536e-13
1920.419189453125 -6.818577955947439e-14 4.069680248179608e-14
1923.0819091796875 3.932907466494204e-14 3.7441265230342066e-14
1925.7447509765625 4.0920663125360024e-14 4.2164764789496406e-14
1928.4075927734375 5.178366755038445e-14 4.102127708696668e-14
1931.0703125 -7.344000116425806e-15 4.4495128610246015e-14
1933.733154296875 -4.096970294487426e-14 3.471436124126946e-14
1936.39599609375 2.3530543087472468e-14 3.570343144938294e-14
1939.0587158203125 -2.6963382969511646e-14 3.329847113103454e-14
1941.7215576171875 4.572071074602363e-14 3.262953533126993e-14
1944.3843994140625 2.2644365359593757e-14 3.088609080406819e-14
1947.047119140625 -2.73940856706633e-14 2.8439846099870617e-14
1949.7099609375 -6.055346636846216e-15 2.7381544500846254e-14
1952.372802734375 1.989914682413562e-14 2.915180778522396e-14
1955.0355224609375 -2.596947323865403e-15 2.845742033946025e-14
1957.6983642578125 1.1002222760235145e-14 2.632843521378856e-14
1960.361083984375 8.705101255720299e-14 3.240568824023314e-14
1963.02392578125 -2.487789129161557e-15 2.448528982649731e-14
1965.686767578125 8.650261293396445e-15 2.2724171109818163e-14
1968.349609375 6.222309959760721e-15 2.190260505515601e-14
1971.0123291015625 3.051702499642234e-14 2.3430933706941257e-14
1973.6751708984375 3.5233426419478686e-14 2.3060690523498718e-14
1976.337890625 6.042063550870669e-14 3.7509390396223835e-14
1979.000732421875 1.0612712118341413e-14 1.8762072855082502e-14
1981.66357421875 5.136252954527319e-14 2.1116053648467456e-14
1984.3262939453125 1.1874397339429847e-14 1.8826381290503943e-14
1986.9891357421875 1.7952968349140355e-14 1.7783309343871213e-14
1989.6519775390625 1.6312982120182153e-14 1.7402661207704603e-14
1992.314697265625 3.7091630358506225e-14 1.8485010072101515e-14
1994.9775390625 9.585788007815139e-15 1.6891658089087346e-14
1997.640380859375 3.808809685831513e-14 1.7256353206725368e-14
2000.3031005859375 1.878664866901414e-14 1.7535513243283757e-14
2002.9659423828125 4.550613697169338e-14 1.7784801815924275e-14
2005.6287841796875 1.9526747094809373e-14 1.9049681198256806e-14
2008.29150390625 2.0738434502120227e-14 1.538599095677294e-14
2010.954345703125 5.738829821511776e-14 1.7886225541028505e-14
2013.6171875 4.100076872524776e-14 1.6886413261077947e-14
2016.2799072265625 7.385136271509211e-15 1.3379052267372283e-14
2018.9427490234375 1.649015091956165e-14 1.365823771491909e-14
2021.60546875 4.18521689743781e-14 1.5754301211029845e-14
2024.268310546875 5.366920354855399e-14 1.6284562470735876e-14
2026.93115234375 4.6485266401137884e-14 1.514853712847146e-14
2029.593994140625 1.1518817143337228e-14 1.3531809577211912e-14
2032.2567138671875 2.2656361040192773e-14 1.3915230052214886e-14
2034.9195556640625 2.90424016216248e-14 1.4146267605940916e-14
2037.582275390625 1.1494719055987843e-14 1.3054021161555338e-14
2040.2451171875 1.0552953943912622e-14 1.317157832320592e-14
2042.907958984375 1.2801294482181914e-14 1.3036635810312943e-14
2045.57080078125 1.2327780194777184e-14 1.345353610958909e-14
2048.2333984375 2.4637918387328955e-14 1.3821691356816646e-14
2050.896240234375 1.8984684972082194e-14 1.3091000078933619e-14
2053.55908203125 4.757046129623757e-14 1.4023236917385176e-14
2056.221923828125 3.7374010814330075e-14 1.3648257125701592e-14
2058.884765625 2.2072535110968274e-15 1.1754554882887572e-14
2061.547607421875 2.4872482139214405e-14 1.2607340877919624e-14
2064.21044921875 1.7498284451186036e-14 2.0776932149572935e-14
2066.873046875 1.8808192104994605e-14 1.1840847211422052e-14
2069.535888671875 1.8239648344204468e-14 1.1702161659935158e-14
2072.19873046875 3.300448632383331e-14 1.205630952331397e-14
2074.861572265625 3.413217516783085e-14 1.1824707845645068e-14
2077.5244140625 7.55435820777757e-15 1.0401175804160018e-14
2080.18701171875 9.305358268868816e-15 1.0936370183750859e-14
2082.849853515625 4.1114098345458594e-14 1.1979078753249217e-14
2085.5126953125 2.2647157180187907e-14 1.0875511713523585e-14
2088.175537109375 3.545960115705453e-14 1.1550467376444332e-14
2090.83837890625 1.0766396929258286e-14 1.4966314930528642e-14
2093.501220703125 2.4556066205503983e-14 1.0572549204114403e-14
2096.163818359375 7.176861034174746e-15 9.718055590660687e-15
2098.82666015625 1.134921234817671e-14 2.1325719713901313e-14
2101.489501953125 1.6685227689512e-14 1.0239223104644996e-14
2104.15234375 2.6547298362963705e-14 1.0637862220611288e-14
2106.815185546875 1.1651519254084718e-14 9.832666771720719e-15
2109.47802734375 1.704711912809461e-14 9.934638527141822e-15
2112.140625 9.247795603839308e-15 9.531775257867574e-15
2114.803466796875 2.4422295986210006e-14 1.0174746109667052e-14
2117.46630859375 2.5840769546934053e-14 1.0312593945569111e-14
2120.129150390625 1.8769475923041505e-14 9.609337217814703e-15
2122.7919921875 1.0723420171580497e-14 9.214827387466276e-15
2125.45458984375 3.1632076108846843e-14 1.0068608646211352e-14
2128.117431640625 6.395785695490191e-15 8.533483402057337e-15
2130.7802734375 7.936021936447938e-15 8.732013525333641e-15
2133.443115234375 3.1509103865564464e-14 1.0843499797348003e-14
2136.10595703125 1.6183614778148003e-14 9.715378966547363e-15
2138.768798828125 1.471776158248634e-14 1.1447157308966567e-14
2141.431640625 2.8472494137789586e-14 9.350919324068677e-15
2144.09423828125 3.357589475005106e-14 1.073810348772115e-14
2146.757080078125 3.6223875597230296e-14 9.800875084111423e-15
2149.419921875 9.776910827967705e-15 8.066516679334883e-15
2152.082763671875 2.0438889770653217e-14 8.917537457704856e-15
2154.74560546875 1.4296577837595928e-15 8.234690835847488e-15
2157.408203125 4.747568847383518e-14 9.816435079352485e-15
2160.071044921875 1.9355151772222808e-14 8.282761649670064e-15
2162.73388671875 2.3952548454321716e-14 8.546262588132562e-15
2165.396728515625 1.516273678879923e-14 7.82199266702267e-15
2168.0595703125 3.189435816689824e-14 8.738134185410501e-15
2170.72216796875 1.4104662194604732e-14 7.710402852485494e-15
2173.385009765625 3.46996025391965e-14 8.643632413551233e-15
2176.0478515625 2.0570684709114197e-14 1.042288695266404e-14
2178.710693359375 1.0674243979761754e-14 7.393045018137725e-15
2181.37353515625 5.602663854229785e-15 7.236404062234934e-15
2184.036376953125 1.3327080019794654e-14 7.61597985469032e-15
2186.69921875 -1.8104208252394538e-16 6.537561646685142e-15
2189.36181640625 1.7961223532244296e-14 7.470794172366197e-15
2192.024658203125 2.7840263663761293e-14 8.002049848752305e-15
2194.6875 1.9331644913870606e-14 7.603032109058591e-15
2197.350341796875 1.803200668751455e-14 7.418393326117257e-15
2200.01318359375 2.55752026951132e-14 1.146142134379833e-14
2202.67578125 1.384500000945919e-14 7.126093267448112e-15
2205.338623046875 3.744881314093505e-15 6.283081185594428e-15
2208.00146484375 2.2135899951686473e-14 9.224835928771033e-15
2210.664306640625 2.807578117474535e-14 7.785542298203475e-15
2213.3271484375 2.4608111297915077e-14 7.378101662882264e-15
2215.989990234375 1.3680236854625178e-14 9.324795980942407e-15
2218.652587890625 2.6712159773619598e-14 9.443805804097531e-15
2221.3154296875 1.7611449747005105e-14 6.620528947385174e-15
2223.978271484375 1.866164354665835e-14 6.637882111375573e-15
2226.64111328125 1.7603787486964242e-14 1.1184488156858272e-14
2229.303955078125 1.407592660186913e-14 6.476779832939594e-15
2231.966796875 1.3457349451917629e-14 5.8553761340431054e-15
2234.62939453125 2.41407354582791e-14 6.960733801419233e-15
2237.292236328125 8.074804896723766e-15 9.436697503604173e-15
2239.955078125 2.391039162453687e-14 6.586535397629491e-15
2242.617919921875 8.067615281067472e-15 5.8751962814923824e-15
2245.28076171875 3.334329611460324e-14 7.80784213460584e-15
2247.943359375 1.545199684622068e-14 6.78940021201337e-15
2250.606201171875 2.2208910803608005e-14 1.0117857682863558e-14
2253.26904296875 1.7708872088466505e-14 8.754181224596234e-15
2255.931884765625 2.3454608277817014e-14 6.696908449337936e-15
2258.5947265625 1.7529939766490824e-14 7.541630690712127e-15
2261.257568359375 1.0780974366280532e-14 5.275126801438388e-15
2263.92041015625 9.667382691624146e-15 7.446309837992864e-15
2266.5830078125 1.6408364806306565e-14 7.897210039771799e-15
2269.245849609375 1.1826982129108446e-14 5.753365838622902e-15
2271.90869140625 2.5091174187734204e-14 7.193100349839505e-15
2274.571533203125 3.1652930060008244e-14 6.685676792457344e-15
2277.234375 1.8825247960420517e-14 7.963426840423404e-15
2279.89697265625 1.9862993763880912e-14 5.300207870523061e-15
2282.559814453125 1.752730041182718e-14 4.870995947358573e-15
2285.22265625 2.1717419935963697e-14 5.116468636571711e-15
2287.885498046875 2.5591184512761996e-14 5.661441588022129e-15
2290.54833984375 2.881053143451162e-14 9.656273854520905e-15
2293.2109375 3.101578171268819e-14 7.503712413795341e-15
2295.873779296875 1.9954480098447955e-14 7.926830781937282e-15
2298.53662109375 3.423211489121149e-14 5.428077658306465e-15
2301.199462890625 2.458683383028005e-14 7.266199293187552e-15
2303.8623046875 2.451169692566091e-14 7.313565375598012e-15
2306.525146484375 2.1290659326148563e-14 9.539822917899437e-15
2309.18798828125 3.151925809653615e-14 1.0492039569510829e-14
2311.8505859375 1.2632042899760401e-14 3.774742613616008e-15
2314.513427734375 1.6549873518606657e-14 3.974288752912544e-15
2317.17626953125 1.4650513942737926e-14 4.68233714604957e-15
2319.839111328125 2.518959094587568e-14 7.33218993604224e-15
2322.501953125 2.3662622629003725e-14 5.326842398032999e-15
2325.16455078125 2.9722850293208494e-14 5.145431657653651e-15
2327.827392578125 2.4247204111617175e-14 4.3026571685416716e-15
2330.490234375 2.2855855933996e-14 7.260328507830132e-15
2333.153076171875 3.7763706956439255e-14 5.157598438908012e-15
2335.81591796875 2.3061573131829757e-14 3.945212229415672e-15
2338.478515625 2.0577293260168675e-14 3.694752210209101e-15
2341.1416015625 2.3412903763626e-14 5.610683138657915e-15
2343.80419921875 1.9425257301135257e-14 5.547133644757214e-15
2346.467041015625 1.3395593973799212e-14 3.4456518906411096e-15
2349.1298828125 1.59499929268999e-14 3.853488302106925e-15
2351.792724609375 3.0846015981267697e-14 7.0660487958831494e-15
2354.45556640625 2.5456919626226822e-14 3.735830767052093e-15
2357.1181640625 2.4016235167559873e-14 3.79971610951638e-15
2359.781005859375 2.651309347848768e-14 5.0946418680703886e-15
2362.44384765625 2.0920434777430864e-14 3.4687409499920777e-15
2365.106689453125 2.7677196268887684e-14 3.674126534426985e-15
2367.76953125 3.1904143091504925e-14 3.916041685261655e-15
2370.43212890625 2.690506983329087e-14 4.506396967960064e-15
2373.094970703125 2.515010735207237e-14 5.1630122499903876e-15
2375.7578125 1.6396153979338947e-14 5.739690915205955e-15
2378.420654296875 3.1540328888132046e-14 3.993377910928341e-15
2381.08349609375 1.8731716888318803e-14 3.390927633017851e-15
2383.746337890625 1.848272308314393e-14 5.1997196933090736e-15
2386.4091796875 2.1717797712658173e-14 4.705334090567524e-15
2389.07177734375 2.6221058541131027e-14 3.3351265847603954e-15
2391.734619140625 2.6066976471761892e-14 3.154789882158166e-15
2394.3974609375 3.002006060187287e-14 6.6659087375343234e-15
2397.060302734375 2.5695669414937602e-14 3.1324436707019397e-15
2399.72314453125 3.345588373395228e-14 4.503007565621626e-15
2402.3857421875 3.63522078650029e-14 4.481780496446959e-15
2405.048583984375 2.87530043448659e-14 3.4317385274495104e-15
2407.71142578125 3.144944902915524e-14 5.120775799108499e-15
2410.374267578125 2.995573353172659e-14 3.523361022562824e-15
2413.037109375 3.438306971493936e-14 3.4065918133114248e-15
2415.69970703125 3.854170671849233e-14 3.5104522404466685e-15
2418.362548828125 3.785955381661876e-14 8.614537678845995e-15
2421.025390625 2.616371441060191e-14 2.9886536869166546e-15
2423.688232421875 2.8411199445594476e-14 3.4239744116967407e-15
2426.35107421875 3.132723911552539e-14 3.716902968812748e-15
2429.013916015625 3.661341927340897e-14 7.19897875849345e-15
2431.6767578125 2.470898445160359e-14 2.9629350137809355e-15
2434.33935546875 2.7214302927608576e-14 2.858464511165432e-15
2437.002197265625 3.534796221460641e-14 3.231608994210553e-15
2439.6650390625 2.911565980716693e-14 3.3988977895350403e-15
2442.327880859375 2.737955905561789e-14 3.0602626993104804e-15
2444.99072265625 3.2791342341118024e-14 2.9761328458903415e-15
2447.6533203125 3.80774310194433e-14 3.2546338908157665e-15
2450.316162109375 3.7473086564104516e-14 5.51497900353002e-15
2452.97900390625 3.3036453347262684e-14 3.112574183583485e-15
2455.641845703125 3.3810912511596236e-14 2.965376374493159e-15
2458.3046875 3.113307544709218e-14 2.875590035051256e-15
2460.96728515625 3.079870072083407e-14 2.9375276252533323e-15
2463.63037109375 4.7530633807057673e-14 3.489021036331714e-15
2466.29296875 3.486932083677195e-14 2.9576884917056423e-15
2468.955810546875 2.7013202059337355e-14 2.5452634910063136e-15
2471.61865234375 3.416167563131782e-14 2.8637887485136355e-15
2474.281494140625 3.4505438870763294e-14 2.8569186760366927e-15
2476.9443359375 2.9952653719930375e-14 3.565617378718973e-15
2479.60693359375 2.7564898334806603e-14 2.426713606741549e-15
2482.269775390625 3.311999451278448e-14 5.036601899975103e-15
2484.9326171875 3.577937303530197e-14 2.935986448805803e-15
2487.595458984375 3.5600655859694894e-14 3.2604426310097996e-15
2490.25830078125 3.6221395484760735e-14 4.746722661469211e-15
2492.9208984375 3.624457708246119e-14 2.7787184767638076e-15
2495.583740234375 4.634013916408712e-14 3.3298455460925016e-15
2498.24658203125 4.1870115908464525e-14 3.0036396055777145e-15
2500.909423828125 4.232970243311755e-14 3.055862574907731e-15
2503.572265625 3.414948174500915e-14 2.702103287893472e-15
2506.235107421875 3.811159694040375e-14 3.620590240512251e-15
2508.89794921875 4.282756129445932e-14 3.0453282379009662e-15
2511.560546875 3.539121171689322e-14 2.6030406671297135e-15
2514.223388671875 4.178064212418016e-14 3.5562398769599206e-15
2516.88623046875 3.2003632193357626e-14 2.600723820260736e-15
2519.549072265625 3.996242152839481e-14 2.9456991638537313e-15
2522.2119140625 3.8211523111257237e-14 2.747288048706516e-15
2524.87451171875 3.623027239004796e-14 2.640201696591654e-15
2527.537353515625 4.0644967453555905e-14 2.852699604926419e-15
2530.2001953125 4.4382466451997615e-14 2.991397650149285e-15
2532.863037109375 3.539140822853698e-14 2.6262946861471594e-15
2535.52587890625 4.0152881968782625e-14 3.0831870107532076e-15
2538.1884765625 4.360954211136449e-14 3.029494015743231e-15
2540.851318359375 4.1907070261887336e-14 2.7924865738049526e-15
2543.51416015625 3.682434064167066e-14 3.148271751870807e-15
2546.177001953125 3.675672030742545e-14 2.534877808281792e-15
2548.83984375 3.7120175368828695e-14 2.642587364887596e-15
2551.502685546875 4.870060314765036e-14 4.632984771377798e-15
2554.16552734375 4.2102233429198305e-14 2.873016325441024e-15
2556.828125 3.910664720112485e-14 2.544503278936153e-15
2559.490966796875 3.604399968055137e-14 2.3779761779894838e-15
2562.15380859375 3.975683307956904e-14 2.873863781904752e-15
2564.816650390625 4.2185520484835926e-14 2.6784602689949996e-15
2567.4794921875 4.085320880957248e-14 2.575816181172013e-15
2570.14208984375 4.534572587214236e-14 3.2767458976620768e-15
2572.804931640625 4.097972842683796e-14 2.525644090365536e-15
2575.4677734375 3.779516237196849e-14 2.533746384022497e-15
2578.130615234375 4.448829474842757e-14 3.073935928661533e-15
2580.79345703125 3.650993217604523e-14 2.4151613478904212e-15
2583.4560546875 3.9718919884849935e-14 2.6540593673669713e-15
2586.119140625 3.284523057722234e-14 2.7012225853865644e-15
2588.78173828125 3.1838542083805974e-14 2.1685491876049894e-15
2591.444580078125 4.033378110126183e-14 2.475613877577724e-15
2594.107421875 4.0814370654874976e-14 2.7820953853662737e-15
2596.770263671875 3.316146863401384e-14 2.6677921007825685e-15
2599.43310546875 2.939216185433684e-14 2.3835744304961243e-15
2602.095703125 3.630576674257084e-14 2.2464969710595927e-15
2604.758544921875 3.8713166515807335e-14 3.4763405295948433e-15
2607.42138671875 3.9591817508916743e-14 2.53498559322433e-15
2610.084228515625 4.423842680525113e-14 2.5597134495699983e-15
2612.7470703125 4.7414861343826956e-14 2.65215947246628e-15
2615.40966796875 4.049850868071206e-14 2.3585505361353905e-15
2618.072509765625 4.2195728925916234e-14 2.652619411356639e-15
2620.7353515625 4.171099229899333e-14 3.8232026390778474e-15
2623.398193359375 3.990209245375957e-14 2.2996645938840347e-15
2626.06103515625 4.382626734938076e-14 2.440511138177611e-15
2628.723876953125 4.0983258860162117e-14 2.3338936187990546e-15
2631.38671875 3.5219084457615776e-14 2.4461142611236983e-15
2634.04931640625 4.460195301742194e-14 2.413845270448625e-15
2636.712158203125 4.4771264739182706e-14 2.4478873128405383e-15
2639.375 4.6079537619403074e-14 2.505737545555639e-15
2642.037841796875 5.133406585011366e-14 2.6339162886065536e-15
2644.70068359375 4.547607407832943e-14 2.416617609284988e-15
2647.36328125 4.7984409685692536e-14 2.4946062620792965e-15
2650.026123046875 4.6882717976912125e-14 2.473646431799489e-15
2652.68896484375 4.4412603884260923e-14 2.345423643035317e-15
2655.351806640625 5.549656193577432e-14 3.120306323842496e-15
2658.0146484375 5.974943304877522e-14 2.8236484924179647e-15
2660.67724609375 5.625727544943983e-14 2.6876359651543686e-15
2663.34033203125 4.790961667644998e-14 2.4366643380476557e-15
2666.0029296875 4.999560471565315e-14 2.561808585565032e-15
2668.665771484375 5.211589758922011e-14 3.571751167806515e-15
2671.32861328125 6.32955534231143e-14 2.9436734845603727e-15
2673.991455078125 6.159109951654057e-14 4.17679823697505e-15
2676.654296875 5.753601398485533e-14 2.670666507089076e-15
2679.31689453125 6.132612728184869e-14 2.806088440630199e-15
2681.979736328125 5.5699178993021126e-14 2.5828454958430397e-15
2684.642578125 5.458949806948221e-14 2.537227901193949e-15
2687.305419921875 5.658938351553108e-14 2.5867346476203578e-15
2689.96826171875 5.77800746701454e-14 2.6036827181037323e-15
2692.630859375 5.946902448565258e-14 2.6543598523050098e-15
2695.293701171875 5.5206890220340504e-14 2.5357278058443615e-15
2697.95654296875 6.36695421862496e-14 2.757381293305998e-15
2700.619384765625 5.4556836479036086e-14 2.511704469152572e-15
2703.2822265625 6.441706570286046e-14 2.7592640357895076e-15
2705.94482421875 6.25026899269028e-14 2.700512136502055e-15
2708.60791015625 6.205149919282296e-14 2.682520521427663e-15
2711.2705078125 5.817297598492699e-14 2.599830200501383e-15
2713.933349609375 6.248000299644355e-14 2.7084354944489084e-15
2716.59619140625 6.328391180228723e-14 2.7017642629563335e-15
2719.259033203125 6.361544049784257e-14 2.7077779851236022e-15
2721.921875 6.614327141551968e-14 2.780292263979806e-15
2724.58447265625 6.395154994757665e-14 2.7144462520008617e-15
2727.247314453125 6.270372133847235e-14 2.622027545917129e-15
2729.91015625 5.924788112378343e-14 2.527733932404649e-15
2732.572998046875 6.019247871403427e-14 3.932323776090251e-15
2735.23583984375 6.546435079137283e-14 2.9075170361738756e-15
2737.8984375 6.30471830341886e-14 3.3552474289059477e-15
2740.561279296875 5.958207289092493e-14 2.5198035864359807e-15
2743.22412109375 6.331124047329745e-14 2.618642590501664e-15
2745.886962890625 6.154775175843188e-14 2.552235207436927e-15
2748.5498046875 5.996083891988274e-14 2.4991171360398993e-15
2751.212646484375 5.797818551211281e-14 2.4452964508131243e-15
2753.87548828125 6.150950652679746e-14 2.529811492466027e-15
2756.5380859375 5.745956417916795e-14 2.433144069118867e-15
2759.200927734375 6.43276529049483e-14 2.5836122724185416e-15
2761.86376953125 6.371686083481501e-14 2.5607163365795474e-15
2764.526611328125 5.684464536451564e-14 2.3871417097534858e-15
2767.189453125 5.776349315316995e-14 2.5840982575720288e-15
2769.85205078125 5.473154549473676e-14 2.3033858213795597e-15
2772.514892578125 5.737811349095998e-14 2.3812548307700684e-15
2775.177734375 6.003321619115973e-14 2.4137311327589823e-15
2777.840576171875 6.33540732353742e-14 2.489512417692746e-15
2780.50341796875 6.406975508943188e-14 2.5002131966736464e-15
2783.166015625 5.9154538092996e-14 2.3752912953049245e-15
2785.8291015625 5.4179307118181266e-14 2.4234233072579396e-15
2788.49169921875 5.3948920932791675e-14 2.2858251343170835e-15
2791.154541015625 4.627065196922617e-14 2.0700379852898933e-15
2793.8173828125 4.005362325989158e-14 1.9132636216979103e-15
2796.47998046875 3.112204368998714e-14 1.7034754776405303e-15
2799.14306640625 3.672680310372843e-14 1.8452129947154998e-15
2801.8056640625 3.2644168672466695e-14 1.727965000090665e-15
2804.468505859375 3.607200936605118e-14 1.804691150277091e-15
2807.13134765625 4.852680892753272e-14 2.157521453906449e-15
2809.794189453125 5.823570385686885e-14 2.360047243353189e-15
2812.45703125 5.733515875613882e-14 2.2857253961875443e-15
2815.11962890625 6.325175165534588e-14 2.404493391436227e-15
2817.78271484375 6.621682775665924e-14 2.4532915948022576e-15
2820.4453125 6.086408097351684e-14 2.3478722035275923e-15
2823.108154296875 6.048631783156858e-14 2.3292317612156038e-15
2825.77099609375 6.741795435718373e-14 3.037036420622057e-15
2828.43359375 6.453084594459924e-14 2.3917639685466525e-15
2831.0966796875 6.613955802307891e-14 2.3979727200500265e-15
2833.75927734375 6.578836461062013e-14 2.390372928689024e-15
2836.422119140625 6.227867342927657e-14 2.3196621947357615e-15
2839.0849609375 5.861889478594312e-14 2.243276340035895e-15
2841.74755859375 5.721443284423255e-14 2.2218423830638618e-15
2844.41064453125 5.3545807788797986e-14 2.180813801164758e-15
2847.0732421875 5.745448198148442e-14 2.3003818190321223e-15
2849.736083984375 5.3967396415437185e-14 2.1612041414028737e-15
2852.39892578125 5.108769784707527e-14 2.118641794594529e-15
2855.061767578125 5.264853562337614e-14 2.111925458597513e-15
2857.724609375 5.950354277231909e-14 2.226529863393967e-15
2860.38720703125 6.217992971641745e-14 2.294230242252688e-15
2863.05029296875 6.313194053902266e-14 2.340552991830368e-15
2865.712890625 6.154527164596232e-14 2.26005690975395e-15
2868.375732421875 6.070208084015677e-14 2.2509580818345443e-15
2871.03857421875 6.454239947399978e-14 2.295819276061737e-15
2873.701171875 7.03126589612392e-14 2.3970858765542512e-15
2876.3642578125 6.982228109488758e-14 2.4163027247868464e-15
2879.02685546875 6.847696915794968e-14 2.3847136898101813e-15
2881.689697265625 7.085315407301396e-14 2.422349481239058e-15
2884.3525390625 6.544689513639582e-14 2.3277812172934308e-15
2887.015380859375 6.591358318527862e-14 2.313557204768426e-15
2889.67822265625 6.808962437930208e-14 2.4892892245111445e-15
2892.3408203125 6.543460977052884e-14 2.2950283590472383e-15
2895.00390625 7.16109571814727e-14 2.3830973391885833e-15
2897.66650390625 7.726472592154213e-14 2.468716700046469e-15
2900.329345703125 7.601373957361046e-14 2.457905171507715e-15
2902.9921875 7.230159396534597e-14 2.4000322806612753e-15
2905.65478515625 7.170905037302833e-14 2.3985734781678666e-15
2908.31787109375 7.618128946684094e-14 2.4624886785435448e-15
2910.98046875 7.853613592789799e-14 2.47622352954151e-15
2913.643310546875 7.302856507452465e-14 2.3899030371615348e-15
2916.30615234375 7.367329267265674e-14 2.3951828052800076e-15
2918.96875 7.63068604072055e-14 2.436749041342381e-15
2921.6318359375 7.433927063336954e-14 2.455243582229205e-15
2924.29443359375 7.903939547131145e-14 2.5273548851607527e-15
2926.957275390625 7.613608501251187e-14 2.4730028985178124e-15
2929.6201171875 7.997947329375574e-14 2.529301366873543e-15
2932.282958984375 8.177413959734384e-14 2.5676056790560403e-15
2934.94580078125 8.095098620293853e-14 2.5631731556430585e-15
2937.6083984375 7.970397752172717e-14 2.580509802490986e-15
2940.271484375 7.820088706363831e-14 2.52518393971694e-15
2942.93408203125 7.810656825089565e-14 2.517879974612766e-15
2945.596923828125 8.170814556635736e-14 2.595728443454304e-15
2948.259765625 8.307688982274811e-14 2.6152000368457858e-15
2950.92236328125 7.970433666369681e-14 2.5446244046476102e-15
2953.58544921875 7.861101364043527e-14 2.5254149679533036e-15
2956.248046875 7.597304811082436e-14 2.490605301952941e-15
2958.910888671875 7.175507475525034e-14 2.4377320230776697e-15
2961.57373046875 8.098328865141502e-14 2.590716761263637e-15
2964.236328125 7.837080187285753e-14 2.5667673281964953e-15
2966.8994140625 7.44653633460296e-14 2.517197266057279e-15
2969.56201171875 7.861004463474361e-14 2.5886582594435723e-15
2972.224853515625 7.553859474778227e-14 2.541193074178283e-15
2974.8876953125 7.742173194864518e-14 2.583318987260555e-15
2977.550537109375 7.552239947783077e-14 2.610264164103898e-15
2980.21337890625 8.164858220950644e-14 2.6695120011819683e-15
2982.8759765625 8.145553323643182e-14 2.679495766773018e-15
2985.5390625 7.593446406601104e-14 2.629900293645384e-15
2988.20166015625 7.832793522946288e-14 2.670757351372669e-15
2990.864501953125 7.826772135130847e-14 3.360641334714063e-15
2993.52734375 7.940502232519145e-14 2.7154639620869878e-15
2996.18994140625 8.539865456501719e-14 2.92185603342147e-15
2998.85302734375 8.624592468149672e-14 2.8714120450389242e-15
3001.515625 8.562525281906666e-14 2.817288122017032e-15
3004.178466796875 8.177885587679415e-14 2.7804006841970546e-15
3006.84130859375 7.759397101627166e-14 2.7512220932300385e-15
3009.504150390625 7.535781081178389e-14 2.741962964325365e-15
3012.1669921875 8.015119058908671e-14 2.8475003049379354e-15
3014.82958984375 8.33564174716056e-14 2.9072868549704593e-15
3017.49267578125 8.118230073643831e-14 2.8869574289616456e-15
3020.1552734375 7.870554929361243e-14 2.890853145244305e-15
3022.818115234375 7.837246883369772e-14 2.906296461696882e-15
3025.48095703125 8.440839173451398e-14 3.023976019608343e-15
3028.1435546875 9.177968579359916e-14 3.1393751530675584e-15
3030.806640625 8.439704826928435e-14 3.0285667264242245e-15
3033.46923828125 8.507876749028892e-14 3.0595789319638094e-15
3036.132080078125 8.175472560219277e-14 3.0486058318903667e-15
3038.794921875 8.695150990282313e-14 3.1411253348948226e-15
3041.45751953125 9.306460089326604e-14 3.248619956890261e-15
3044.12060546875 8.953837562879208e-14 3.2310086596091863e-15
3046.783203125 8.681060427798148e-14 3.2072059750001564e-15
3049.446044921875 8.49909471143176e-14 3.2157887480964474e-15
3052.10888671875 8.256377081582861e-14 9.306624583124961e-15
3062.76025390625 9.428798751964437e-14 4.1161701597094286e-15
3065.4228515625 9.409217383102991e-14 3.5795451414706754e-15
3068.085693359375 8.827087552652074e-14 3.5378679440922116e-15
3070.74853515625 8.85346822438772e-14 3.525142121092663e-15
3073.4111328125 9.536869314012361e-14 3.6598934162977974e-15
3076.07421875 9.270561477769251e-14 3.692491902789353e-15
3078.73681640625 9.521969665656979e-14 3.76350672157068e-15
3081.399658203125 1.0013614015671329e-13 3.836746695904444e-15
3084.0625 9.903930025265476e-14 3.854077837038214e-15
3086.72509765625 9.760291533322807e-14 3.91549111384594e-15
3089.38818359375 1.0332305757504434e-13 4.024907865356935e-15
3092.05078125 1.0633490344757329e-13 4.2426482723604934e-15
3094.713623046875 1.1277193371836414e-13 4.225365412104717e-15
3097.37646484375 1.1338467057614432e-13 4.326882734349618e-15
3100.039306640625 1.1937776071488382e-13 4.538738803468601e-15
3102.7021484375 1.12509631331522e-13 7.70145140829891e-15
3105.36474609375 1.1508266670352818e-13 5.655951967490974e-15
3108.02783203125 1.2142531717520416e-13 4.589501487997551e-15
3110.6904296875 1.1845513177115297e-13 4.541743229332512e-15
3113.353271484375 1.1612785115033136e-13 4.558829577944526e-15
3116.01611328125 1.1643656416641945e-13 4.63419348739353e-15
3118.6787109375 1.2181096788795726e-13 4.7739437592951225e-15
3121.341796875 1.2194677776258822e-13 4.765130804995415e-15
3124.00439453125 1.3736784604777286e-13 5.045330574496559e-15
3126.667236328125 1.49900328694913e-13 7.520764881089465e-15
3129.330078125 1.5391487184161085e-13 8.975112828228573e-15
3131.992919921875 1.4866016403991544e-13 7.56674098243348e-15
3134.65576171875 1.3192637086933967e-13 5.109364571243089e-15
3137.318359375 1.3299181634424118e-13 5.176191235616717e-15
3139.9814453125 1.3124728083860338e-13 5.1926249453428715e-15
3142.64404296875 1.293308721835723e-13 5.298357527049784e-15
3145.306884765625 1.1752986008462668e-13 5.133323745189124e-15
3147.9697265625 1.1809250680203803e-13 5.2035580231095564e-15
3150.63232421875 1.1417058162592475e-13 5.066313698182416e-15
3153.29541015625 1.199515340570903e-13 5.201793653480426e-15
3155.9580078125 1.1301700406692733e-13 5.1066210315269325e-15
3158.620849609375 1.1005348650623692e-13 5.094425451152365e-15
3161.28369140625 1.1995471890097198e-13 5.586028550662184e-15
3163.9462890625 1.2255978567091153e-13 5.472089490245798e-15
3166.609375 1.2508653238641615e-13 5.583531921050152e-15
3169.27197265625 1.2443755607102064e-13 5.61297690387908e-15
3171.934814453125 1.328089656478515e-13 5.878716126904698e-15
3174.59765625 1.3062370195909834e-13 6.8835805348691544e-15
3177.260498046875 1.1848292800435006e-13 5.590841391868483e-15
3179.92333984375 1.0443434447305125e-13 5.3683177898117794e-15
3182.5859375 1.060119399491806e-13 5.455419881843834e-15
3185.2490234375 1.0897507803911063e-13 5.499881911794633e-15
3187.91162109375 1.1525632878650605e-13 5.665938485939102e-15
3190.574462890625 1.253560785990232e-13 6.024926719094999e-15
3193.2373046875 1.3260142224698346e-13 6.184314179329261e-15
3195.89990234375 1.3099716894993813e-13 6.111563366522537e-15
3198.56298828125 1.276119780593138e-13 6.1179394070329934e-15
3201.2255859375 1.274299947246621e-13 6.120504646313753e-15
3203.888427734375 1.2747806553848468e-13 6.177455753555343e-15
3206.55126953125 1.4217598452714864e-13 7.030805872530266e-15
3209.2138671875 1.440086656694095e-13 6.997556441218746e-15
3211.876953125 1.339746727186536e-13 6.588608510767896e-15
3214.53955078125 1.2644513257623058e-13 6.4905000726192194e-15
3217.202392578125 1.2447227764559449e-13 6.6876779077952326e-15
3219.865234375 1.355980892890976e-13 6.9737213575994834e-15
3222.528076171875 1.2409944762353103e-13 6.558971674976415e-15
3225.19091796875 1.2095715867712492e-13 6.4894594926435175e-15
3227.853515625 1.2267046916019514e-13 6.608199959321414e-15
3230.5166015625 1.3348968198184652e-13 6.770694336406206e-15
3233.17919921875 1.274860479769796e-13 6.7041255935650166e-15
3235.842041015625 1.2062411887479169e-13 6.755029309079685e-15
3238.5048828125 1.2149405559293974e-13 6.8046484991298416e-15
3241.16748046875 1.263585590327576e-13 6.883157018395527e-15
3243.83056640625 1.39498140686381e-13 7.210916840852052e-15
3246.4931640625 1.3530257643445953e-13 6.976840132911274e-15
3249.156005859375 1.3754492336759405e-13 7.02913425300886e-15
3251.81884765625 1.325292550398774e-13 7.046705527983177e-15
3254.481689453125 1.3032500426057858e-13 1.1088892018431152e-14
3257.14453125 1.3002672669040066e-13 1.2907760594421148e-14
3259.80712890625 1.3840405872159872e-13 7.324294741940882e-15
3262.47021484375 1.3063678014780394e-13 7.544045581644749e-15
3265.1328125 1.4378122715867636e-13 1.0387161644047696e-14
3267.795654296875 1.501876287180945e-13 8.285489095760223e-15
3270.45849609375 1.4366079940236753e-13 1.100799613680363e-14
3273.12109375 1.3641667548185132e-13 6.8520628624182955e-15
3275.7841796875 1.3819198877666056e-13 7.102931575021917e-15
3278.44677734375 1.3878983140709622e-13 7.052992630034172e-15
3281.109619140625 1.2828456287701517e-13 9.857193457741414e-15
3283.7724609375 1.4508796182706452e-13 6.8588827481931135e-15
3286.43505859375 1.59706991555153e-13 7.246460037384737e-15
3289.09814453125 1.616594228273649e-13 7.27472976199935e-15
3291.7607421875 1.7141922104869922e-13 7.653090909208373e-15
3294.423583984375 1.8310727283379902e-13 1.0228849492139973e-14
3297.08642578125 1.6034406875170548e-13 7.261955658121808e-15
3299.749267578125 1.634122253745679e-13 6.971662644021182e-15
3302.412109375 1.6931898591532324e-13 6.954964660015484e-15
3305.07470703125 1.633357484638262e-13 7.162286138251341e-15
3307.73779296875 1.7049039860005805e-13 8.669883658652539e-15
3310.400390625 1.6403938212124214e-13 9.10816137545149e-15
3313.063232421875 1.795212470432489e-13 7.443897488159084e-15
3315.72607421875 1.685022293137356e-13 1.175340207104636e-14
3318.388671875 1.8447389611968984e-13 1.1830564231442384e-14
3321.0517578125 1.732052543924889e-13 7.66918284114031e-15
3323.71435546875 1.937178173948284e-13 8.901653048844996e-15
3326.377197265625 2.1296241950897327e-13 1.3104184993790579e-14
3329.0400390625 2.479305552093719e-13 1.819011555151493e-14
3331.70263671875 2.4777863137995237e-13 9.42745891524847e-15
3334.36572265625 2.240836910558791e-13 8.483508458169333e-15
3337.0283203125 1.7835959217806646e-13 9.052384255874794e-15
3339.691162109375 2.0566506126178802e-13 1.0613876788643888e-14
3342.35400390625 2.459441070939983e-13 1.0621953247795957e-14
3345.016845703125 2.673562597439033e-13 9.550742019622492e-15
3347.6796875 3.0965350726261387e-13 9.911395096036217e-15
