wavelength flux error
1150.583251953125 -7.01814569458413e-15 3.674031158517124e-14
1152.2596435546875 -8.018177186661438e-14 3.460945451668612e-14
1153.93603515625 -4.7445652685525544e-14 3.2480650656065146e-14
1155.6123046875 -1.6607510722535523e-14 3.2121125827537164e-14
1157.2886962890625 3.7350154978403605e-15 2.9872642987732734e-14
1158.965087890625 6.885342448102738e-14 3.0411538901303076e-14
1160.6414794921875 -1.139854693515659e-14 2.456331341940069e-14
1162.31787109375 -9.038421764772254e-16 2.2907401276968213e-14
1163.9942626953125 -4.163548524097624e-15 2.1358987779937673e-14
1165.670654296875 8.565141258460966e-15 1.8101588750065595e-14
1167.3470458984375 5.076945655736352e-15 1.721780304322993e-14
1169.0234375 1.3075542574679175e-14 1.5863749726276362e-14
1170.6998291015625 7.595624805934852e-15 1.4543154210739338e-14
1172.376220703125 3.378880833980469e-14 1.4062228385046133e-14
1174.0526123046875 2.1207855079290877e-14 1.2967224848417242e-14
1175.72900390625 1.4458676226777878e-14 1.2102029820707915e-14
1177.4053955078125 1.1352918964353895e-14 1.132291959846099e-14
1179.081787109375 8.932107271430578e-15 1.0618432978867168e-14
1180.7581787109375 6.836231393117639e-15 9.590690634513847e-15
1182.4345703125 9.063916609451661e-15 9.076101178397914e-15
1184.1109619140625 -1.881799735839202e-15 8.5257516853148e-15
1185.787353515625 2.0144615278184022e-14 8.286015950253415e-15
1187.4637451171875 6.2744638959055365e-15 7.633086532093068e-15
1189.14013671875 1.0881064861525784e-14 7.413458512166553e-15
1190.8165283203125 8.459492533015832e-15 6.783186378312312e-15
1192.492919921875 9.163913931072715e-15 6.662805632332057e-15
1194.169189453125 1.583130518802297e-16 6.434052102948298e-15
1199.1983642578125 1.854944386839915e-14 5.937342241799483e-15
1200.874755859375 1.8157303189204194e-14 5.421671971642854e-15
1202.5511474609375 1.7259577014122618e-14 5.0328177802832445e-15
1204.2275390625 3.062257546604559e-14 6.5267780702336475e-15
1205.9039306640625 7.783047616767222e-14 1.827809178154855e-14
1207.580322265625 1.991270511111573e-13 4.134591771059494e-14
1222.6678466796875 1.4077668609828453e-13 3.878457478139266e-14
1224.34423828125 4.188691426587447e-14 1.092193843639554e-14
1226.0206298828125 9.708116506057605e-15 3.492391168670602e-15
1227.697021484375 1.3716373821253888e-14 3.830128827487546e-15
1229.3734130859375 3.68728857939437e-15 3.111853146787135e-15
1231.0498046875 4.68607002024812e-15 3.0255269369347656e-15
1232.7261962890625 5.083718954699071e-15 2.9885664425230874e-15
1234.402587890625 2.878718339483703e-15 2.9099920664457527e-15
1236.078857421875 4.843365309102664e-15 2.8790685876073927e-15
1237.75537109375 2.6853724813610683e-15 2.7965893896432156e-15
1239.431640625 6.120572832466007e-15 2.8190855259311058e-15
1241.1080322265625 5.776659244672395e-15 2.8195831577876177e-15
1242.784423828125 5.351472845589733e-15 2.7596502828134556e-15
1244.4608154296875 3.877237835398515e-15 2.701484106809029e-15
1246.13720703125 5.88558556410693e-15 2.7285859847476146e-15
1247.8135986328125 7.636763502117099e-15 2.7534555073537113e-15
1249.489990234375 5.5079503241337036e-15 2.6874214540604765e-15
1251.1663818359375 3.214094470443702e-15 2.5010661588515315e-15
1252.8427734375 5.642266456162186e-15 2.5251983392770433e-15
1254.5191650390625 5.94744649782728e-15 2.5098689487558718e-15
1256.195556640625 8.350800418191213e-16 2.410612145688955e-15
1257.8719482421875 6.746174850165562e-15 2.4981369071616893e-15
1259.54833984375 4.020781967870859e-15 2.4220833011353833e-15
1261.2247314453125 3.1258967412943744e-15 2.3747468648780768e-15
1262.901123046875 1.2559069740805022e-15 2.3221613654466353e-15
1264.5775146484375 4.837836301539462e-15 2.378654227863761e-15
1266.25390625 1.3607456183907063e-15 2.2579105282656076e-15
1267.9302978515625 3.778137945185077e-15 2.280857497839674e-15
1269.606689453125 3.8397672153943525e-15 2.271466867069939e-15
1271.2830810546875 2.7492262718480705e-15 2.480816142181523e-15
1272.95947265625 3.847135131486044e-15 2.2663685757604154e-15
1274.6358642578125 4.317640334345653e-15 2.2650776975488e-15
1276.312255859375 6.882015641499102e-16 2.241993932153752e-15
1277.988525390625 5.6615669488983226e-15 2.3137443990497693e-15
1279.6650390625 6.866023659454941e-15 2.3342934183501586e-15
1281.34130859375 5.742897358427786e-15 2.276142065422309e-15
1283.0177001953125 8.333814866499922e-15 2.3057905479168146e-15
1284.694091796875 8.596662742560088e-15 2.3296944529630414e-15
1286.3704833984375 6.883057068507751e-15 3.234431519749041e-15
1288.046875 9.317306515622785e-15 2.4851332573554413e-15
1289.7232666015625 5.074354581950701e-15 2.205304911801669e-15
1291.399658203125 4.816051884685502e-15 2.1876929792458838e-15
1293.0760498046875 7.385232833265198e-15 2.2251936689196734e-15
1294.75244140625 5.912019344808369e-15 2.1907384862077366e-15
1296.4288330078125 7.237522992758257e-15 2.209122489294944e-15
1298.105224609375 3.795399629617172e-15 2.1298321586189425e-15
1299.7816162109375 5.218515460287765e-16 2.0687454130123833e-15
1301.4580078125 2.689030604902023e-15 2.1357084496905192e-15
1303.1343994140625 -4.635952139550267e-16 2.102740445075724e-15
1304.810791015625 4.215369999810642e-15 2.1686317733173466e-15
1306.4871826171875 1.6961137025377064e-15 2.1629208654287213e-15
1308.16357421875 6.3993402692533435e-15 2.2402962663692176e-15
1309.8399658203125 3.376362001517307e-16 2.1416897728475555e-15
1311.516357421875 -2.372620176905758e-15 2.0972290134461773e-15
1313.1927490234375 4.999726744132861e-15 2.1721749121357114e-15
1314.869140625 3.371133743589939e-15 2.1528716665424963e-15
1316.5455322265625 1.8250125294729056e-15 2.0918459073081394e-15
1318.221923828125 3.810149861360659e-15 2.1330762948069265e-15
1319.898193359375 1.0445994646739848e-15 2.0837364138711267e-15
1321.57470703125 2.4772984143515758e-15 2.170609171732712e-15
1323.2509765625 1.7780182945262898e-15 2.2686731406516576e-15
1324.927490234375 6.0441929069967714e-15 2.753397909113298e-15
1329.95654296875 -2.8223303238635798e-18 2.318282801581158e-15
1331.6329345703125 4.777604212176682e-15 2.2617486463078536e-15
1333.309326171875 4.738142641229999e-15 2.2215120402144326e-15
1334.9857177734375 1.5624083871433126e-15 2.1579151124686852e-15
1336.662109375 1.5368750024648053e-15 2.106483271911404e-15
1338.3385009765625 4.146143267580969e-15 2.156011829436205e-15
1340.014892578125 3.424863372774884e-15 2.262169621682639e-15
1341.6912841796875 7.44288697785301e-15 2.4590412544482198e-15
1343.36767578125 1.2360237650283021e-14 3.8129920804151705e-15
1345.0440673828125 9.711593576306084e-15 3.734251474121937e-15
1346.720458984375 6.154956017377427e-15 2.2558285212812565e-15
1348.3968505859375 5.6116822140192014e-15 2.723478587833908e-15
1350.0732421875 1.8574568559680607e-15 2.221372068019899e-15
1351.7496337890625 2.1574149395133316e-15 2.229205005199633e-15
1353.426025390625 1.0987519750578468e-15 2.2148317031176748e-15
1355.1024169921875 1.0356669304979488e-14 3.721188532009381e-15
1356.77880859375 1.1729410498090092e-15 2.20779561218307e-15
1358.4552001953125 2.5995945135838094e-15 2.240681878118455e-15
1360.131591796875 6.534408143022514e-15 2.3433261776996785e-15
1361.807861328125 1.8305231140695053e-15 2.2644909154745894e-15
1363.484375 8.151203880434315e-15 2.3880643403912825e-15
1365.16064453125 5.330642187834382e-15 2.3620684757235744e-15
1366.837158203125 7.12422132463468e-15 2.3974579357763327e-15
1368.513427734375 5.518215939937952e-15 2.375126970913157e-15
1370.1898193359375 6.236661238986051e-15 2.5955802126885344e-15
1371.8662109375 7.377287452461716e-16 2.2864169985889774e-15
1373.5426025390625 3.1417968202637585e-15 2.342344254755574e-15
1375.218994140625 5.416006591775144e-15 2.491019924580622e-15
1376.8953857421875 2.7509167378525533e-15 2.3508978052151847e-15
1378.57177734375 8.316071537958194e-16 2.3255120160277365e-15
1380.2481689453125 -1.4403949851572251e-15 2.3537842817411905e-15
1381.924560546875 2.3243547572635503e-15 2.5609026838279434e-15
1383.6009521484375 5.6159838708418324e-15 2.450372931024256e-15
1385.27734375 -6.240005960336521e-16 2.3368150354341347e-15
1386.9537353515625 3.4901203792181315e-16 2.3486002283457574e-15
1388.630126953125 5.411597785284685e-15 2.6213026974725162e-15
1390.3065185546875 1.7990418640353783e-15 2.439988730607392e-15
1391.98291015625 -2.1946812128189686e-15 2.4259917229122515e-15
1393.6593017578125 -1.0570620721851742e-15 2.4388111430524717e-15
1395.335693359375 -1.1616574062812794e-15 2.437614497256238e-15
1397.0120849609375 5.377692326955516e-15 2.5388798271993316e-15
1398.6884765625 6.164887478683984e-15 2.5553137486837227e-15
1400.3648681640625 4.411067644911329e-15 2.5400987076104305e-15
1402.041259765625 6.171010256343212e-15 2.5842223478988015e-15
1403.717529296875 4.5047355128340245e-15 2.564757319012661e-15
1405.39404296875 3.2352876583004783e-15 2.591732353767395e-15
1407.0703125 1.0437419496940083e-15 2.5769785221338827e-15
1408.746826171875 -2.041671698919294e-15 2.5821799397047346e-15
1410.423095703125 7.170249836142308e-16 2.6162226173713585e-15
1412.0994873046875 2.2641622666910548e-15 2.6484537033220424e-15
1413.77587890625 1.9998932811036334e-15 2.657806005850914e-15
1415.4522705078125 3.3827143780447997e-15 2.5937459628412552e-15
1417.128662109375 7.419693521691292e-15 2.6924350420752747e-15
1418.8050537109375 2.6063440956240053e-15 2.6079636226191555e-15
1420.4814453125 2.89728445465457e-15 2.774591520486548e-15
1422.1578369140625 7.3391026778039e-16 2.747565240238505e-15
1423.834228515625 -1.4740221931632208e-15 2.7619758117701423e-15
1425.5106201171875 -2.3691314599542544e-15 2.7151567008853713e-15
1427.18701171875 -8.833978583900506e-17 2.728734427271621e-15
1428.8634033203125 5.656405977150702e-15 2.8243447535006077e-15
1430.539794921875 1.305568304019785e-15 2.7718577216492846e-15
1432.2161865234375 1.9002923709018947e-15 2.8067389619336903e-15
1433.892578125 1.9044705726724634e-15 3.224951315245134e-15
1435.5689697265625 3.223492936268199e-15 2.86458792409937e-15
1437.245361328125 9.850978353490936e-16 2.8298549145807338e-15
1438.9217529296875 2.8647736890126147e-16 2.8412830831050888e-15
1440.59814453125 -1.2207489657805812e-15 2.8025031619227083e-15
1442.2745361328125 -1.5672298574977617e-16 2.81222561784953e-15
1443.950927734375 1.8837339355742572e-15 3.030792305493135e-15
1445.627197265625 -1.0790443771114362e-15 2.8415869561749163e-15
1447.3037109375 -2.1439985464337543e-16 2.8496096287348354e-15
1448.97998046875 -1.0146215922421159e-15 2.8570450957040704e-15
1450.656494140625 1.250136244489977e-15 2.8339467189906825e-15
1452.332763671875 3.648798131721713e-15 2.8779452101610967e-15
1454.0091552734375 3.0156255452978365e-15 2.870285491219076e-15
1455.685546875 2.8473783321935307e-15 2.866289401532167e-15
1457.3619384765625 -1.6645177854183449e-15 2.8404733196075137e-15
1459.038330078125 -1.6657822997294771e-15 2.843949754581282e-15
1460.7147216796875 4.3334785799098875e-15 3.59149635283996e-15
1462.39111328125 4.601228659152287e-15 2.952668127427266e-15
1464.0675048828125 -1.0099565582851128e-16 3.1410241144576257e-15
1465.743896484375 -3.7952086766271256e-16 2.8193345536175985e-15
1467.4202880859375 4.9451371647482156e-15 2.8872174680764527e-15
1469.0966796875 8.574849950102395e-15 3.1883921026922175e-15
1470.7730712890625 3.944279646140745e-15 2.9457838671484568e-15
1472.449462890625 3.039363326007283e-16 2.8993806494407876e-15
1474.1258544921875 1.7790476513154406e-15 2.917612398355726e-15
1475.80224609375 7.422346428882093e-15 3.193622531141513e-15
1477.4786376953125 6.792697711277031e-15 3.1363209640179962e-15
1479.155029296875 5.477665508137573e-15 3.1488742040545418e-15
1480.8314208984375 5.972486062297538e-15 2.9988574693157535e-15
1482.5078125 1.1886370150139287e-14 3.1017431732869444e-15
1484.1842041015625 7.913071578742083e-15 3.032156663812925e-15
1485.860595703125 5.4391814132120214e-15 2.9398641656383333e-15
1487.536865234375 2.2062489300213838e-15 2.883171191687419e-15
1489.21337890625 -8.767630625490974e-16 2.86958944189467e-15
1490.8896484375 6.318606594435221e-15 3.017364080422076e-15
1492.566162109375 3.6803044221673435e-16 2.9339118533597405e-15
1494.242431640625 4.024772340085374e-15 3.2741245424485615e-15
1495.9188232421875 2.4343837018371735e-15 2.9122085399104804e-15
1497.59521484375 4.448329894810466e-15 2.940999189787654e-15
1499.2716064453125 7.635623395770095e-15 2.9955521349973304e-15
1500.947998046875 1.2176136733263194e-14 4.761130691902007e-15
1502.6243896484375 3.303135844408495e-15 2.9121517887030143e-15
1504.30078125 4.908432262528371e-15 2.9396138674024196e-15
1505.9771728515625 1.1926110606683854e-15 2.8841427384779196e-15
1507.653564453125 1.2546581298788942e-15 2.8934404073816932e-15
1509.3299560546875 -5.206627670510406e-15 2.8902479402034918e-15
1511.00634765625 6.947461218652232e-15 3.021966645699219e-15
1512.6827392578125 3.1185893880584115e-15 2.9615058574406807e-15
1514.359130859375 -2.1751832555270034e-16 2.926064516619903e-15
1516.0355224609375 5.551345516087436e-15 3.0490458655064653e-15
1517.7119140625 5.03115336054189e-15 3.126504699192266e-15
1519.3883056640625 9.912636846336892e-15 3.1483306206606413e-15
1521.064697265625 7.929656483849322e-15 3.629335008659704e-15
1522.7410888671875 4.081268590634289e-15 3.0802340421408423e-15
1524.41748046875 1.6303193595685445e-15 3.5423356193725044e-15
1526.0938720703125 2.2263693506504624e-15 3.0302751918788364e-15
1527.770263671875 2.7009860514360436e-15 3.034495321780294e-15
1529.446533203125 -1.7481303134659482e-15 3.0107548940928874e-15
1531.123046875 -1.7589440654661886e-15 2.9757546456793925e-15
1532.79931640625 4.842943063178458e-15 3.1512039681759647e-15
1534.475830078125 2.9821114161902992e-15 2.9997085256695073e-15
1536.152099609375 -2.9792723735093396e-15 2.955445336703076e-15
1537.8284912109375 1.3926841603372321e-15 2.9634790206913095e-15
1539.5048828125 5.941939089604232e-15 3.019299550706552e-15
1541.1812744140625 -5.15700975100967e-15 2.930128580700829e-15
1542.857666015625 -3.443610117721753e-15 2.9974579591286526e-15
1544.5340576171875 -9.288630003435254e-16 2.9175933401144128e-15
1546.21044921875 7.968719949310796e-15 3.035475550658504e-15
1547.8868408203125 6.107179971020496e-15 2.9868137195969814e-15
1549.563232421875 9.253740928096086e-15 3.0280155197337988e-15
1551.2396240234375 5.115834632410691e-15 5.4574260793794054e-15
1552.916015625 1.0881861072496203e-14 6.2852411196099266e-15
1554.5924072265625 1.1344741708281102e-14 3.0637338403283285e-15
1556.268798828125 1.3471439633236967e-15 3.3308251396960012e-15
1557.9451904296875 9.349887637938922e-15 2.985587639405831e-15
1559.62158203125 4.727159165002952e-15 2.915879157187407e-15
1561.2979736328125 6.936168575399438e-16 4.031571897069458e-15
1562.974365234375 1.4413456737613997e-16 2.8641883363065028e-15
1564.650634765625 1.8836642671143456e-15 2.9062043468638683e-15
1566.3271484375 4.401802255903779e-17 2.777031187132877e-15
1568.00341796875 -2.1310065698003106e-15 2.7688408020494016e-15
1569.679931640625 9.707737670571945e-16 2.8688842869660806e-15
1571.356201171875 -2.3070015932731515e-15 2.8205650807317222e-15
1573.03271484375 6.921035061247319e-15 2.897661596074335e-15
1574.708984375 4.0441592301821306e-15 2.8467481396807735e-15
1576.385498046875 2.301507949335497e-15 2.963173030039114e-15
1578.061767578125 -1.2323225063345087e-15 3.54606743477987e-15
1579.73828125 3.714210251073427e-15 2.8653815939709473e-15
1581.41455078125 3.3506027237396787e-15 2.9104509465449277e-15
1583.091064453125 4.248964597048169e-15 3.669918051228552e-15
1584.767333984375 6.587565813209826e-15 3.142959372983865e-15
1586.4437255859375 -5.815809610420301e-17 2.785494528583605e-15
1588.1201171875 -2.0386967074503e-15 2.7409909940183906e-15
1589.7965087890625 6.462859693484417e-15 2.971246948092342e-15
1591.472900390625 8.045123168186081e-15 4.64158342634185e-15
1593.1492919921875 1.3325390189064881e-14 2.9001825778836006e-15
1594.82568359375 6.250072735156402e-15 2.7483379460446376e-15
1596.5020751953125 7.513744672022621e-15 2.738700616929015e-15
1598.178466796875 6.620293895742311e-15 2.7186809932206596e-15
1599.8548583984375 6.277883367913602e-15 2.7283054050838366e-15
1601.53125 -1.5820652689920063e-15 2.5945144334826517e-15
1603.2076416015625 2.9740929787951164e-15 2.6133740455697423e-15
1604.884033203125 3.1501646587496837e-15 2.6674194062857766e-15
1606.560302734375 2.3855050303411536e-15 2.6533311307905694e-15
1608.23681640625 -9.48258784286228e-16 2.629997067159608e-15
1609.9130859375 3.587344197332519e-15 2.702125098991864e-15
1611.589599609375 1.0782168259219687e-15 2.575891143587845e-15
1613.265869140625 5.225783744129036e-15 2.6123027606497025e-15
1614.9423828125 6.353957090972405e-15 2.6189792860981977e-15
1616.61865234375 3.490046369714365e-15 2.6098889285082645e-15
1618.295166015625 5.990242837487303e-15 2.62677114217999e-15
1619.971435546875 4.8922230165332394e-15 2.9056779158871497e-15
1621.64794921875 2.3466509937758884e-15 2.5712970486401745e-15
1623.32421875 3.7728054492656374e-15 2.515483506646747e-15
1625.000732421875 1.404840036042397e-15 2.4571267482291883e-15
1626.677001953125 -2.5867949457782904e-16 2.4271671928848037e-15
1628.3533935546875 1.4804612317491296e-15 2.6764089669549865e-15
1630.02978515625 2.637543918961407e-15 2.5461109474700415e-15
1631.7061767578125 9.678936221024694e-15 2.7477985978154734e-15
1633.382568359375 4.203666122061956e-15 2.5211632860745606e-15
1635.0589599609375 8.321055162182484e-15 2.679630868528105e-15
1636.7353515625 6.351105554555474e-15 2.4810895220652492e-15
1638.4117431640625 3.719729941274209e-15 2.441951517704417e-15
1640.088134765625 2.3269083498412852e-15 2.400024869122987e-15
1641.7645263671875 9.810437239052977e-16 2.361127210360938e-15
1643.44091796875 4.005399108394892e-17 2.3435864285727224e-15
1645.1173095703125 7.861751546533839e-15 2.4355845827981433e-15
1646.793701171875 6.742122644545897e-15 2.4249763421667304e-15
1648.469970703125 5.174260424013451e-15 2.3822863051415873e-15
1650.146484375 7.609382315064157e-15 2.4616905617489944e-15
1651.82275390625 5.372551260482156e-15 2.419845863605211e-15
1653.499267578125 7.29423862484051e-15 2.3510288835637723e-15
1655.175537109375 6.323103492352194e-15 2.3124596618270214e-15
1656.85205078125 8.181486155331603e-15 2.371822907144155e-15
1658.5283203125 1.2501349104130852e-14 2.460447329140662e-15
1660.204833984375 1.2415105056474366e-14 2.4735795161966558e-15
1661.881103515625 1.1962792850772359e-14 2.9208681812467347e-15
1663.5576171875 1.0863252605677973e-14 2.6357477855967542e-15
1665.23388671875 1.0970334510869862e-14 3.942544499148295e-15
1666.910400390625 1.1210345531639104e-14 2.4218330028994697e-15
1668.586669921875 6.458543637101683e-15 3.589352512450459e-15
1670.2630615234375 6.229497034318174e-15 2.876040021304485e-15
1671.939453125 7.036593225142381e-15 2.853501745127469e-15
1673.6158447265625 4.814551365819441e-15 2.1665760243543605e-15
1675.292236328125 5.926524360513625e-15 2.256831196532569e-15
1676.9686279296875 7.865935042260328e-15 2.1350562343211334e-15
1678.64501953125 9.002928543183457e-15 2.110001423257825e-15
1680.3214111328125 9.008897584362758e-15 2.115609204885122e-15
1681.997802734375 2.8482160477783652e-15 2.0350373133599248e-15
1683.6741943359375 6.0813268314044e-15 2.126617033309402e-15
1685.3505859375 6.738204270131899e-15 2.2169812609795694e-15
1687.0269775390625 6.549632713216463e-15 2.0440361913915545e-15
1688.703369140625 5.643754693050512e-15 2.316943642491549e-15
1690.379638671875 3.958878682503147e-15 2.0114607865478118e-15
1692.05615234375 4.058791300829475e-15 1.9614773723303355e-15
1693.732421875 3.336256103195559e-15 1.940190163816414e-15
1695.408935546875 3.3923195199084266e-15 1.921583391064079e-15
1697.085205078125 7.59724179183116e-15 1.9426431712316625e-15
1698.76171875 1.0320831340981159e-14 2.6625076739828857e-15
1700.43798828125 9.48557638685843e-15 2.42892055108562e-15
1702.114501953125 9.147932960456868e-15 1.9096578024414487e-15
1703.790771484375 4.657708816075204e-15 1.8639688452665518e-15
1705.46728515625 1.80563156860678e-15 1.866266422135979e-15
1707.1435546875 1.1386801552793488e-15 2.212300768671279e-15
1708.820068359375 6.663980890546373e-15 1.846044145794993e-15
1710.496337890625 6.4375901595689795e-15 1.8377084945610635e-15
1712.1727294921875 4.225464091443072e-15 2.0310799754303527e-15
1713.84912109375 5.352731960065827e-15 1.8000551271985313e-15
1715.5255126953125 3.4412299551399685e-15 1.889574015987339e-15
1717.201904296875 7.187582777221091e-15 2.1189562555761973e-15
1718.8782958984375 5.945118004255278e-15 1.8404901507598466e-15
1720.5546875 8.766322594862177e-15 1.762735173179862e-15
1722.2310791015625 9.744480477516179e-15 2.488174529152558e-15
1723.907470703125 9.097784374814677e-15 1.7082736016493707e-15
1725.5838623046875 4.654239792639724e-15 1.9579607032915725e-15
1727.26025390625 7.880310885441128e-15 2.520973338936139e-15
1728.9366455078125 7.178334871502969e-15 1.9115881905282413e-15
1730.613037109375 6.792989937643833e-15 2.3158975568016897e-15
1732.289306640625 3.0083829900823386e-15 1.6677797092982212e-15
1733.9658203125 8.527665132742647e-15 1.7840606040555283e-15
1735.64208984375 7.126201687665361e-15 1.97222706746394e-15
1737.318603515625 5.702924179580961e-15 2.755549161041087e-15
1738.994873046875 7.0786560342700824e-15 2.3893397602516107e-15
1740.67138671875 5.145601911276049e-15 2.3846802320087648e-15
1742.34765625 6.449017481060387e-15 2.151407993609641e-15
1744.024169921875 5.8875070583477764e-15 2.5798404347044182e-15
1745.700439453125 8.655570495909835e-15 2.9050589465609436e-15
1747.376953125 8.728727037498295e-15 2.5672804184042946e-15
1749.05322265625 1.4122771759017029e-14 2.9383863049036113e-15
1750.729736328125 1.757042794136958e-14 3.509969855183207e-15
1752.406005859375 1.0705895059901806e-14 2.5969577000190067e-15
1754.0823974609375 1.0050305111254133e-14 2.501624565322009e-15
1755.7587890625 8.380522804310366e-15 2.180977278523578e-15
1757.4351806640625 7.174214056214576e-15 1.8592371074649524e-15
1759.111572265625 5.345259435405149e-15 1.8846970120352854e-15
1760.7879638671875 4.016267282261994e-15 2.2851280262014932e-15
1762.46435546875 6.597401136276869e-15 2.0117998114849503e-15
1764.1407470703125 5.842286510392711e-15 1.7695775053277823e-15
1765.817138671875 7.441059927785782e-15 1.8950348373982873e-15
1767.4935302734375 5.783380451108858e-15 2.1704298125061307e-15
1769.169921875 5.677632622808895e-15 2.7352550986578213e-15
1770.8463134765625 8.835120304904066e-15 2.798652973660964e-15
1772.522705078125 8.923193096693673e-15 2.6107416789279128e-15
1774.198974609375 4.718934051568639e-15 2.4946384493312922e-15
1775.87548828125 6.726514368426842e-15 3.418235339962619e-15
1777.5517578125 4.6775124463820095e-15 2.679547012266327e-15
1779.228271484375 3.093344841614918e-15 2.168335100027571e-15
1780.904541015625 5.108132561821308e-15 1.3365529809885842e-15
1782.5810546875 7.151425481801647e-15 2.0179676936486193e-15
1784.25732421875 5.358414704108956e-15 2.003247955091234e-15
1785.933837890625 4.356100288832208e-15 1.7962517375071227e-15
1787.610107421875 7.630481905780261e-15 2.251264919519687e-15
1789.28662109375 6.408014733666175e-15 2.480994230858683e-15
1797.66845703125 9.330326259055031e-15 2.235548011425147e-15
1799.3448486328125 6.1406822416667714e-15 2.0045091871496957e-15
1801.021240234375 7.07480838710718e-15 2.0179492706820165e-15
1802.6976318359375 4.429859070846165e-15 2.189351257998371e-15
1804.3740234375 4.718982332446633e-15 2.4250150939240673e-15
1806.0504150390625 6.266979089267124e-15 2.466884144265084e-15
1807.726806640625 5.326112679148939e-15 1.988024655446706e-15
1809.4031982421875 3.62766720078656e-15 2.5247121423653193e-15
1811.07958984375 5.238081815490221e-15 2.54678624448724e-15
1812.7559814453125 6.1515877908626705e-15 2.4482528075572786e-15
1814.432373046875 7.870523419735605e-15 2.2665932512496746e-15
1816.108642578125 7.408065453391385e-15 2.4212604086271258e-15
1817.78515625 8.650459499106103e-15 2.7147962883663146e-15
1819.46142578125 8.64592533173945e-15 2.2734709470231427e-15
1821.137939453125 9.597054393046568e-15 2.077302351603783e-15
1822.814208984375 7.971685411659133e-15 2.048453044695012e-15
1824.49072265625 5.922124024352639e-15 2.08986745010159e-15
1826.1669921875 6.01652457577471e-15 2.1404264232067257e-15
1827.843505859375 5.957471979790982e-15 2.169639954282816e-15
1829.519775390625 7.482010582653739e-15 2.4170851714718725e-15
1831.1962890625 6.244202373315456e-15 2.509925699963338e-15
1832.87255859375 8.433569936698061e-15 2.4915747311610734e-15
1834.549072265625 8.064041649063006e-15 2.6498951416400324e-15
1836.225341796875 1.6760283278968204e-14 5.920973330093794e-15
1837.9017333984375 1.5675032479693998e-14 5.466916660036916e-15
1839.578125 1.1300924693919637e-14 3.3371791573498294e-15
1841.2545166015625 8.761466554975568e-15 2.609240948303615e-15
1842.930908203125 9.06930628009504e-15 2.362424653077895e-15
1844.6072998046875 7.715230940284843e-15 1.9705624359643483e-15
1846.28369140625 8.515394166435774e-15 1.9192790379310735e-15
1847.9600830078125 7.895286427948584e-15 2.1791320172479846e-15
1849.636474609375 8.769971612798948e-15 2.216240107150722e-15
1851.3128662109375 6.0097127368128906e-15 2.3656035677289402e-15
1852.9892578125 5.120827044601808e-15 2.3768324717524537e-15
1854.6656494140625 3.448592365517503e-15 2.2285521545555367e-15
1856.342041015625 3.707055787284443e-15 2.1689807508916154e-15
1858.018310546875 4.1350327364118346e-15 2.377577437229564e-15
1859.69482421875 5.014050071270931e-15 2.4999141940432656e-15
1861.37109375 6.40763356883991e-15 2.7184495414678224e-15
1863.047607421875 3.819938597615603e-15 2.1225252288994533e-15
1864.723876953125 5.274269604095766e-15 2.2093181539057597e-15
1866.400390625 5.334038366436398e-15 2.1652288184517525e-15
1868.07666015625 6.664007572084211e-15 2.3736785445733523e-15
1869.753173828125 7.12234599368946e-15 2.360442172464846e-15
1871.429443359375 9.302542731352142e-15 2.4467669000095577e-15
1873.10595703125 8.932037814728903e-15 2.177272144654051e-15
1874.7822265625 9.878680142514414e-15 2.0192615364755502e-15
1876.458740234375 1.07903162926558e-14 2.2331835189528864e-15
1878.135009765625 9.67163564405231e-15 2.070808361755421e-15
1879.8114013671875 7.570152831145021e-15 2.404570471434427e-15
1881.48779296875 7.64204136441144e-15 2.3820222426202808e-15
1883.1641845703125 7.546739146417018e-15 2.319500411442836e-15
1884.840576171875 8.505790506879805e-15 2.4991131126334e-15
1886.5169677734375 9.380581570848576e-15 2.5468319842663917e-15
1888.193359375 8.636408069544101e-15 2.634390627057016e-15
1889.8697509765625 1.0629537580805672e-14 2.622966905455634e-15
1891.546142578125 1.025828049892527e-14 2.4786039038815315e-15
1893.2225341796875 1.1034262628497986e-14 2.4029740260870895e-15
1894.89892578125 8.499271741317736e-15 2.1519568709594617e-15
1896.5753173828125 8.085559674055054e-15 2.408675828371532e-15
1898.251708984375 9.78395221285823e-15 2.5053072528184337e-15
1899.927978515625 1.0695092848725472e-14 2.715292014398695e-15
1901.6044921875 1.3996339386145116e-14 3.0113895335286177e-15
1903.28076171875 1.6666235516768664e-14 3.0344951100220573e-15
1904.957275390625 1.5970713046855635e-14 3.032189486339631e-15
1906.633544921875 1.0764412331062869e-14 2.957719408408217e-15
1908.31005859375 9.535067674933551e-15 2.833300009335454e-15
1909.986328125 8.962286208308301e-15 2.9300102078464504e-15
1911.662841796875 9.89752747262377e-15 2.9464962218570976e-15
1913.339111328125 9.71544757621609e-15 2.766578588805522e-15
1915.015625 9.611968949181822e-15 2.6066598271550943e-15
1916.69189453125 9.139746387021655e-15 2.2982652954551706e-15
1918.368408203125 9.454247179238335e-15 2.803840626946423e-15
1920.044677734375 1.0579664280871339e-14 2.984114225594082e-15
1930.10302734375 1.0230076842880544e-14 2.3145315044160054e-15
1931.7794189453125 1.313210658786387e-14 2.904523409980042e-15
1933.455810546875 1.1126789119524257e-14 2.3892103759689176e-15
1935.1322021484375 9.550852980938582e-15 2.304151962680351e-15
1936.80859375 8.810158243948481e-15 2.336484057309995e-15
1938.4849853515625 9.497524633612399e-15 2.0138530193490947e-15
1940.161376953125 9.592291526784157e-15 1.8817218088080546e-15
1941.837646484375 9.637876298906542e-15 1.8898097029049123e-15
1943.51416015625 8.053852689740484e-15 1.9620440373720486e-15
1945.1904296875 7.658220540736945e-15 1.7197037818769754e-15
1946.866943359375 6.492040825550275e-15 2.006240946010357e-15
1948.543212890625 5.908512628406736e-15 1.855847916884751e-15
1950.2197265625 6.770444461686766e-15 1.9654279339963296e-15
1951.89599609375 7.298929493302405e-15 1.8023344928595926e-15
1953.572509765625 8.2120589625298e-15 1.911821336346973e-15
1955.248779296875 8.730720106023184e-15 1.8338079078389575e-15
1956.92529296875 1.0114951512821529e-14 1.4657496458838617e-15
1958.6015625 9.76486263132596e-15 1.7472024947513495e-15
1960.278076171875 7.675278090228752e-15 2.047890614818035e-15
1961.954345703125 6.9683770032187824e-15 2.032289326720795e-15
1963.6307373046875 6.324613752097148e-15 1.7956268389502858e-15
1965.30712890625 7.913834755427559e-15 1.77990696624043e-15
1966.9835205078125 9.536587252040925e-15 1.9046420968442824e-15
1968.659912109375 9.102144900427142e-15 1.9583732083368853e-15
1970.3363037109375 7.645159292690284e-15 1.928248481567786e-15
1972.0126953125 7.972288499117578e-15 1.8512243875421636e-15
1973.6890869140625 8.555741733845285e-15 1.7894125817327546e-15
1975.365478515625 8.297171374168754e-15 2.0874813582891748e-15
1977.0418701171875 8.088837691560928e-15 1.7586158401991276e-15
1978.71826171875 7.474280559977096e-15 1.8841449583119124e-15
