wavelength flux error
1851.1864013671875 1.4708537122640197e-12 2.226982704148228e-12
1853.84912109375 -6.837106835549944e-13 2.033199346732073e-12
1856.511962890625 -4.567341513675438e-13 3.2074880945698325e-12
1859.1748046875 4.71236634783101e-12 3.1185397146582527e-12
1861.8375244140625 7.717770107891486e-13 1.5678978297975488e-12
1864.5003662109375 -3.6280483825534837e-13 1.4080964042331723e-12
1867.1632080078125 1.4089170368575266e-12 1.0662068016670245e-12
1869.825927734375 8.574411254798353e-13 9.828182104959504e-13
1872.48876953125 1.1831822414182236e-12 8.871051137594732e-13
1875.151611328125 3.2905722959809813e-13 7.288722576881401e-13
1877.8143310546875 -2.747805509604323e-13 6.743501156786236e-13
1880.4771728515625 7.258594766912374e-13 7.414992014495581e-13
1883.1400146484375 1.1203002501375403e-12 7.156114351265785e-13
1885.802734375 6.474531197633859e-13 6.257823577902888e-13
1888.465576171875 7.893003199817283e-13 6.007753973122365e-13
1891.12841796875 2.5424912284029155e-13 5.601080580244777e-13
1893.7911376953125 3.4981083784843547e-13 5.381240700437495e-13
1896.4539794921875 7.984276759707976e-13 5.037395197152184e-13
1899.11669921875 9.563923004246577e-13 4.86358566267886e-13
1901.779541015625 5.279748535071127e-13 5.004226742190421e-13
1904.4423828125 7.582541365624973e-13 4.884453843993775e-13
1907.105224609375 1.2106502866177093e-12 4.861032908663743e-13
1909.7679443359375 7.15652634809133e-13 4.4554616072944864e-13
1912.4307861328125 9.238470448716396e-13 4.1769734372698597e-13
1915.093505859375 7.550754726332043e-13 4.0739842597538323e-13
1917.75634765625 4.3474731735611283e-13 3.768643383472714e-13
1920.419189453125 7.295362773086789e-13 3.3957315041452385e-13
1923.0819091796875 8.114886800719701e-13 3.6099977716343157e-13
1925.7447509765625 7.986153513668548e-13 3.68582497422415e-13
1928.4075927734375 6.067179094196296e-13 3.480911034674933e-13
1931.0703125 5.904515700157209e-13 3.1799335300369824e-13
1933.733154296875 8.166705159351473e-13 3.158422416833784e-13
1936.39599609375 8.319718069853266e-13 3.16222119019563e-13
1939.0587158203125 9.43263371057379e-13 3.1234528310129794e-13
1941.7215576171875 9.516101014822587e-13 2.963259520573358e-13
1944.3843994140625 7.201754383817649e-13 2.7350176160303996e-13
1947.047119140625 8.20836833833466e-13 2.6815206413850767e-13
1949.7099609375 6.836023717579631e-13 2.5198829026011615e-13
1952.372802734375 1.0252277542546762e-12 2.7723022445400036e-13
1955.0355224609375 7.305884955170761e-13 2.5110108762237127e-13
1957.6983642578125 8.326331161004341e-13 2.5139490641111484e-13
1960.361083984375 1.2792216287985103e-12 2.688821658814594e-13
1963.02392578125 3.727591152413723e-13 2.1240096541395165e-13
1965.686767578125 6.86342150647834e-13 2.151669684438695e-13
1968.349609375 8.953757331918444e-13 2.1052926654600845e-13
1971.0123291015625 8.036251243452586e-13 2.2030478569884382e-13
1973.6751708984375 8.109855018437195e-13 2.1432125009174935e-13
1976.337890625 7.639250018155741e-13 1.891090636949727e-13
1979.000732421875 4.691005071368048e-13 1.7013449568441252e-13
1981.66357421875 6.205908183176678e-13 1.829431923875205e-13
1984.3262939453125 8.582586139178894e-13 1.8883756591845519e-13
1986.9891357421875 6.896904380070124e-13 1.7381696125820523e-13
1989.6519775390625 4.4838381597044064e-13 1.5714937218278685e-13
1992.314697265625 5.854279192495093e-13 1.6475706974931892e-13
1994.9775390625 4.667486557842493e-13 1.5385242179647568e-13
1997.640380859375 9.260880907621671e-13 1.7480595692741935e-13
2000.3031005859375 7.027136034523651e-13 1.6224010795842098e-13
2002.9659423828125 5.891247776071418e-13 1.5337333996150865e-13
2005.6287841796875 7.567802721292205e-13 1.5955295353149712e-13
2008.29150390625 6.171257623845128e-13 1.4741281654552518e-13
2010.954345703125 7.868631961283068e-13 1.6625147981376431e-13
2013.6171875 3.9410369499087716e-13 1.401868259063438e-13
2016.2799072265625 5.773809165152133e-13 1.3667314350575277e-13
2018.9427490234375 5.337592347276487e-13 1.3262657573738512e-13
2021.60546875 8.419846308886647e-13 1.563537168659812e-13
2024.268310546875 7.038484378663057e-13 1.4813458348427594e-13
2026.93115234375 6.034921369059421e-13 1.3725510257436152e-13
2029.593994140625 6.878753209399457e-13 1.4170468184276919e-13
2032.2567138671875 7.642118275003051e-13 1.445889171195966e-13
2034.9195556640625 8.440408745188921e-13 1.4934516297249179e-13
2037.582275390625 6.584466045317372e-13 1.3687813903151547e-13
2040.2451171875 5.281546684374194e-13 1.2978974720054964e-13
2042.907958984375 6.299943206000691e-13 1.3512513319640512e-13
2045.57080078125 6.676421568374558e-13 1.4032961533246013e-13
2048.2333984375 9.610276983929023e-13 1.5469976645185457e-13
2050.896240234375 8.272317292973286e-13 1.456947762304775e-13
2053.55908203125 7.968290740775763e-13 1.4126625758927036e-13
2056.221923828125 6.949531011421484e-13 1.3194131930679281e-13
2058.884765625 5.200671165418724e-13 1.1696020671067564e-13
2061.547607421875 7.75690438530735e-13 1.345951751744942e-13
2064.21044921875 8.83340980657038e-13 1.417434285179084e-13
2066.873046875 8.06905161177679e-13 1.357091522491416e-13
2069.535888671875 7.858964130511015e-13 1.3192149195956349e-13
2072.19873046875 5.90342336646843e-13 1.1615330279633046e-13
2074.861572265625 7.742732778710792e-13 1.2462449963061145e-13
2077.5244140625 5.280243473362867e-13 1.1054444035499267e-13
2080.18701171875 6.094026650492468e-13 1.1385959178527444e-13
2082.849853515625 6.34535880870285e-13 1.159786242738159e-13
2085.5126953125 7.086263542101234e-13 1.2043881517098676e-13
2088.175537109375 7.768946618837147e-13 1.2401000094430098e-13
2090.83837890625 6.18224438656001e-13 1.1026066398887174e-13
2093.501220703125 5.732779160237678e-13 1.0778275380497401e-13
2096.163818359375 7.047603603135832e-13 1.1756521862797686e-13
2098.82666015625 6.457948325405694e-13 1.0934138929561202e-13
2101.489501953125 6.604961261084952e-13 1.1245676969934976e-13
2104.15234375 7.124725614170158e-13 1.1289809419365998e-13
2106.815185546875 8.286474804941601e-13 1.2307621827072068e-13
2109.47802734375 8.438960793187567e-13 1.2150268855273816e-13
2112.140625 5.426373326372635e-13 1.0268923298500932e-13
2114.803466796875 6.15930212648913e-13 1.075178222278636e-13
2117.46630859375 4.461659720064043e-13 9.654352106170175e-14
2120.129150390625 6.50972711065817e-13 1.0817612945820607e-13
2122.7919921875 5.627687985759744e-13 9.92567437746103e-14
2125.45458984375 6.41773038791843e-13 1.0454664748933001e-13
2128.117431640625 5.645447217345057e-13 9.850318938341499e-14
2130.7802734375 5.788658398106494e-13 1.0094056395858891e-13
2133.443115234375 5.516707967181955e-13 9.787505007852193e-14
2136.10595703125 5.980422862657264e-13 1.0001685758894915e-13
2138.768798828125 7.250428014048127e-13 1.0689850561814915e-13
2141.431640625 5.072057140606545e-13 9.191894478639134e-14
2144.09423828125 5.450391114998621e-13 9.223460347264692e-14
2146.757080078125 5.787277124538748e-13 9.539434129776647e-14
2149.419921875 5.569738463842566e-13 9.14040503984144e-14
2152.082763671875 6.757981218900866e-13 1.0198079495671655e-13
2154.74560546875 7.120926569757768e-13 1.0368873186276939e-13
2157.408203125 7.427067858292724e-13 1.0355518526017349e-13
2160.071044921875 5.028862526054723e-13 8.614679472161366e-14
2162.73388671875 7.086875032126516e-13 9.988181343210251e-14
2165.396728515625 6.512592657000049e-13 9.535552008372791e-14
2168.0595703125 5.788217669923379e-13 9.077250940920517e-14
2170.72216796875 5.601320731025983e-13 8.937330584803116e-14
2173.385009765625 5.2044707519322e-13 8.485317889951258e-14
2176.0478515625 3.902341503322221e-13 7.750024851472387e-14
2178.710693359375 6.825689644572586e-13 9.480863495539907e-14
2181.37353515625 5.731317113608081e-13 8.854513801857811e-14
2184.036376953125 5.638380387584796e-13 8.596418119444921e-14
2186.69921875 5.147688373653703e-13 8.323271000372501e-14
2189.36181640625 5.234960143325751e-13 8.229324882126632e-14
2192.024658203125 6.021446362358684e-13 8.874392648690332e-14
2194.6875 5.852652889236365e-13 8.194640577002463e-14
2197.350341796875 4.5260719000808636e-13 7.712077775435394e-14
2200.01318359375 4.91225604030282e-13 7.983754445311381e-14
2202.67578125 5.353252563455868e-13 7.961646885388043e-14
2205.338623046875 5.209936757184785e-13 7.821170198030886e-14
2208.00146484375 4.149117572953276e-13 7.11470745057112e-14
2210.664306640625 5.139269001683267e-13 7.891257769844853e-14
2213.3271484375 5.336194268575067e-13 8.126293149675334e-14
2215.989990234375 6.667668804236082e-13 8.73097438531395e-14
2218.652587890625 6.804925004565143e-13 8.656312835584809e-14
2221.3154296875 4.684483053199462e-13 7.21595228231689e-14
2223.978271484375 5.919514010910287e-13 7.871954905416464e-14
2226.64111328125 6.127776779919769e-13 8.340690063526196e-14
2229.303955078125 4.941336510973227e-13 7.391795644540525e-14
2231.966796875 5.643208339858874e-13 9.661864271972784e-14
2234.62939453125 4.5282871961697946e-13 6.756981042396748e-14
2237.292236328125 6.143006025735587e-13 7.99815807117285e-14
2239.955078125 5.396785449085506e-13 7.139517384409377e-14
2242.617919921875 4.3115982789262985e-13 6.545216029319595e-14
2245.28076171875 5.877100021922654e-13 7.758951901110089e-14
2247.943359375 4.615971775819017e-13 6.786517420080684e-14
2250.606201171875 4.2973599938961327e-13 6.380570442658662e-14
2253.26904296875 6.166386845585237e-13 7.613081985571174e-14
2255.931884765625 5.943034150739102e-13 7.477312768521677e-14
2258.5947265625 5.652318348613183e-13 7.167134046621657e-14
2261.257568359375 5.156849339910119e-13 6.849879550293453e-14
2263.92041015625 5.567340208637028e-13 7.01311702938287e-14
2266.5830078125 5.138754547752422e-13 6.656591375114526e-14
2269.245849609375 6.075692791755738e-13 7.105186122617624e-14
2271.90869140625 6.918242563026811e-13 7.688399477614669e-14
2274.571533203125 6.204505225565482e-13 6.804744891479239e-14
2277.234375 4.665835317933797e-13 5.974672254334401e-14
2279.89697265625 5.14163473082363e-13 5.539045581253767e-14
2282.559814453125 6.042117218878207e-13 6.793212368495782e-14
2285.22265625 6.640449366594747e-13 7.172011601145126e-14
2287.885498046875 5.908223129486023e-13 6.611313059512458e-14
2290.54833984375 6.458086019081599e-13 6.947281562964119e-14
2293.2109375 5.441129317940163e-13 6.173193737874644e-14
2295.873779296875 5.676051534168891e-13 6.208544149708534e-14
2298.53662109375 6.057158897718184e-13 6.402751863855e-14
2301.199462890625 5.040705808485868e-13 5.712744594868133e-14
2303.8623046875 5.494435744053672e-13 6.067880437476622e-14
2306.525146484375 6.360889462722619e-13 6.567421845064814e-14
2309.18798828125 6.383277695483358e-13 6.547859449741386e-14
2311.8505859375 6.535755010111943e-13 6.097450696478449e-14
2314.513427734375 5.182010961828076e-13 5.404492025890169e-14
2317.17626953125 6.72626613695132e-13 6.530532543772352e-14
2319.839111328125 6.116021317864595e-13 6.089027800850952e-14
2322.501953125 6.260956922181371e-13 6.004741246335571e-14
2325.16455078125 6.302283456390001e-13 6.118009202547847e-14
2327.827392578125 4.580421328684303e-13 4.957414822615372e-14
2330.490234375 5.322315938666167e-13 5.392484148016713e-14
2333.153076171875 5.237237509989057e-13 5.276673737709958e-14
2335.81591796875 5.993598087457308e-13 5.4461074322151304e-14
2338.478515625 6.229338876326262e-13 5.777502635377976e-14
2341.1416015625 6.138012732630205e-13 5.668643993875927e-14
2343.80419921875 5.615686951912502e-13 5.3042866729772695e-14
2346.467041015625 5.435569529199658e-13 5.2196043846689313e-14
2349.1298828125 3.986263630382375e-13 4.210692937985788e-14
2351.792724609375 5.039276287921446e-13 4.8714226825574e-14
2354.45556640625 5.170849642563424e-13 5.697037893520607e-14
2357.1181640625 6.162634421866264e-13 5.2504001309388454e-14
2359.781005859375 6.569319198866663e-13 5.5510121239193966e-14
2362.44384765625 6.845584754437695e-13 5.796431450056858e-14
2365.106689453125 6.254102596046918e-13 5.4550876755219205e-14
2367.76953125 6.021059302183107e-13 5.2140569964907735e-14
2370.43212890625 6.742778536038274e-13 5.921239383142526e-14
2373.094970703125 6.3847419105173e-13 5.3480931841301885e-14
2375.7578125 5.874486552585878e-13 4.856001939532867e-14
2378.420654296875 5.005509895461557e-13 4.2844637478675965e-14
2381.08349609375 5.051345626505555e-13 4.4254022375875973e-14
2383.746337890625 5.39156338932173e-13 4.648749579185506e-14
2386.4091796875 4.61433083583096e-13 4.134494531677149e-14
2389.07177734375 4.980098364942842e-13 4.330844561553811e-14
2391.734619140625 5.628612268111788e-13 5.6409209443254726e-14
2394.3974609375 6.403240567984247e-13 5.684001378836005e-14
2397.060302734375 6.428039524275508e-13 5.100700948851983e-14
2399.72314453125 5.627637028257637e-13 4.5101631305534406e-14
2402.3857421875 5.96309676983986e-13 4.6365048708999976e-14
2405.048583984375 4.83502073014147e-13 4.118824083339766e-14
2407.71142578125 6.439356968652998e-13 5.00974214640449e-14
2410.374267578125 6.09820191305871e-13 4.6387013967388174e-14
2413.037109375 5.423698599613114e-13 4.226945128551346e-14
2415.69970703125 5.953009894928141e-13 4.5421901239154835e-14
2418.362548828125 6.095745653036944e-13 4.619187451699973e-14
2421.025390625 6.219822291757271e-13 4.822818915604411e-14
2423.688232421875 7.754203637695689e-13 5.314296908347921e-14
2426.35107421875 6.447225023818726e-13 4.708464385527397e-14
2429.013916015625 6.024281551039734e-13 4.489540249980051e-14
2431.6767578125 6.994466854662318e-13 5.130698790085583e-14
2434.33935546875 6.435939563405324e-13 4.682977841770873e-14
2437.002197265625 6.956412442610249e-13 4.9507456240018705e-14
2439.6650390625 6.313232272028846e-13 4.600912546456372e-14
2442.327880859375 6.255454054054921e-13 4.509503800107298e-14
2444.99072265625 7.196304641597651e-13 4.89506879312613e-14
2447.6533203125 7.145975434649787e-13 4.805823030111164e-14
2450.316162109375 6.782896726925669e-13 4.712478305257846e-14
2452.97900390625 5.704648992771455e-13 4.049447002761955e-14
2455.641845703125 6.048174114314797e-13 4.246165322564083e-14
2458.3046875 7.263032948505443e-13 4.810368208906131e-14
2460.96728515625 7.033912298101686e-13 7.039815507880326e-14
2463.63037109375 6.125215894388358e-13 4.1489310224169726e-14
2466.29296875 6.475155155984125e-13 5.5428453710551495e-14
2468.955810546875 7.249216418120374e-13 7.465294387439675e-14
2471.61865234375 7.038235012163385e-13 4.7612785838545973e-14
2474.281494140625 5.804482870915006e-13 4.12033756180992e-14
2476.9443359375 6.693115029224317e-13 4.314691643249671e-14
2479.60693359375 6.059912229135211e-13 4.003954896044e-14
2482.269775390625 6.555713545804143e-13 4.2330796799685405e-14
2484.9326171875 6.663776518436859e-13 4.246472287304168e-14
2487.595458984375 7.273800702381483e-13 4.5263970252073377e-14
2490.25830078125 7.532086391225101e-13 5.082907497135601e-14
2492.9208984375 7.938680095243011e-13 5.3902554349258974e-14
2495.583740234375 6.423553095685763e-13 4.1049174964117446e-14
2498.24658203125 6.97075101634137e-13 4.328725962746138e-14
2500.909423828125 7.222514687016401e-13 4.468036793954695e-14
2503.572265625 6.743465378114544e-13 4.170968109199098e-14
2506.235107421875 6.680432574311668e-13 4.199371495612787e-14
2508.89794921875 7.144112233216371e-13 5.502147132005475e-14
2511.560546875 6.326453033320134e-13 3.896260077811478e-14
2514.223388671875 6.536262958829753e-13 3.8959341395333746e-14
2516.88623046875 7.434689257464211e-13 4.504317586777849e-14
2519.549072265625 7.569980341355642e-13 4.469248051069269e-14
2522.2119140625 6.876666120217423e-13 4.141851521043821e-14
2524.87451171875 6.76503449613397e-13 4.430899142602099e-14
2527.537353515625 6.844046813656024e-13 4.1033491302066086e-14
2530.2001953125 7.106540833232144e-13 4.361867651466768e-14
2532.863037109375 7.260746908224758e-13 4.2454324696581183e-14
2535.52587890625 6.89364852094615e-13 4.022657044706196e-14
2538.1884765625 6.475534626744495e-13 3.7447336762507985e-14
2540.851318359375 6.91489671512252e-13 3.983094846245379e-14
2543.51416015625 7.110969257005662e-13 4.2591564362827114e-14
2546.177001953125 7.656282834285488e-13 4.241920332245623e-14
2548.83984375 7.256741865399596e-13 4.138056135813764e-14
2551.502685546875 8.17083054861778e-13 6.919532763612068e-14
2554.16552734375 7.207586307303449e-13 4.1426982151778965e-14
2556.828125 7.164628590926314e-13 4.125770769946788e-14
2559.490966796875 6.857578740970816e-13 3.7601473041985745e-14
2562.15380859375 7.490226429547608e-13 3.983543096081066e-14
2564.816650390625 7.323316215598896e-13 4.287602851970121e-14
2567.4794921875 6.879540882277768e-13 3.774945308600286e-14
2570.14208984375 6.911166517548084e-13 3.799490290532642e-14
2572.804931640625 7.784158517418205e-13 4.115886911891867e-14
2575.4677734375 7.362610412835202e-13 3.935202925781263e-14
2578.130615234375 5.868529403749156e-13 3.3273249877997096e-14
2580.79345703125 5.999019640420822e-13 3.3642817129147726e-14
2583.4560546875 6.577236043130152e-13 3.6284103027911865e-14
2586.119140625 5.8675189273244e-13 3.304347016819774e-14
2588.78173828125 5.810244321259594e-13 3.221671180156892e-14
2591.444580078125 5.958776766283591e-13 3.3411431444880374e-14
2594.107421875 6.058806885020362e-13 3.3606970694819924e-14
2596.770263671875 6.595376371779094e-13 3.47608701263373e-14
2599.43310546875 5.800324413482438e-13 3.200392357269148e-14
2602.095703125 4.233854477946053e-13 3.565242312529929e-14
2604.758544921875 5.193914959580881e-13 2.876234881234001e-14
2607.42138671875 6.641275528650181e-13 3.4830320051748576e-14
2610.084228515625 7.185321673590372e-13 3.645324195495139e-14
2612.7470703125 7.903655486161953e-13 4.122598462152731e-14
2615.40966796875 6.518921145080847e-13 3.372823531968064e-14
2618.072509765625 6.148904085553908e-13 3.219929680417337e-14
2620.7353515625 6.957204994398336e-13 3.523952166856713e-14
2623.398193359375 7.055803966267427e-13 3.547724654741173e-14
2626.06103515625 7.732452915812371e-13 3.789851055592888e-14
2628.723876953125 7.073668907564556e-13 3.516708679904973e-14
2631.38671875 6.418473608507669e-13 3.22471338369025e-14
2634.04931640625 6.644909774332353e-13 3.287909834258536e-14
2636.712158203125 7.03719688858323e-13 3.4137348845072676e-14
2639.375 6.803062345232813e-13 3.381066856610743e-14
2642.037841796875 7.29332826771012e-13 3.517897914162918e-14
2644.70068359375 7.374848344857132e-13 3.548525609096097e-14
2647.36328125 6.770597537480993e-13 3.265338777906461e-14
2650.026123046875 7.179006738036731e-13 3.4461718418157816e-14
2652.68896484375 7.893763225540196e-13 3.631262093318002e-14
2655.351806640625 7.236269959978725e-13 3.449338389785797e-14
2658.0146484375 7.276378393046568e-13 3.3251223633236696e-14
2660.67724609375 7.471184586792246e-13 3.47309156531906e-14
2663.34033203125 6.872454536878403e-13 3.2414189062891785e-14
2666.0029296875 6.204942159040994e-13 2.995086817447756e-14
2668.665771484375 7.115069167520915e-13 3.297099464109887e-14
2671.32861328125 7.255290118690638e-13 3.632569234562205e-14
2673.991455078125 6.981103520785348e-13 3.228509446546665e-14
2676.654296875 7.125053043226248e-13 3.473968075012879e-14
2679.31689453125 7.046364360052682e-13 3.207053763179535e-14
2681.979736328125 7.468705016423771e-13 3.3749753344672687e-14
2684.642578125 7.235979393796499e-13 3.2601037754792506e-14
2687.305419921875 7.354780846846598e-13 4.423514031741578e-14
2689.96826171875 5.996414302600339e-13 2.821011890611399e-14
2692.630859375 6.604871272304635e-13 3.028380633285713e-14
2695.293701171875 6.908601295207983e-13 3.1115507983766125e-14
2697.95654296875 7.203253835422196e-13 3.209298400489759e-14
2700.619384765625 6.228968621284359e-13 2.8276006210949112e-14
2703.2822265625 7.01907661767448e-13 3.263435325467391e-14
2705.94482421875 6.60692800382584e-13 2.9663378415915875e-14
2708.60791015625 7.340659655651061e-13 3.2163978918404654e-14
2711.2705078125 7.603893101108816e-13 3.2482246466137774e-14
2713.933349609375 7.226798369799892e-13 3.505741297303924e-14
2716.59619140625 7.598228686858666e-13 3.2631100648156455e-14
2719.259033203125 7.338980768586967e-13 3.168465991421239e-14
2721.921875 7.481933909231353e-13 3.2266398754254855e-14
2724.58447265625 6.906435059267357e-13 3.016541823188529e-14
2727.247314453125 6.783663257861616e-13 2.91541388198948e-14
2729.91015625 6.686007541882588e-13 2.8765492998640216e-14
2732.572998046875 7.28721933056925e-13 3.0804829851240403e-14
2735.23583984375 7.292192565934441e-13 3.07379176365391e-14
2737.8984375 6.495301258652164e-13 2.8077395619542818e-14
2740.561279296875 6.651354814146693e-13 2.8235567163981297e-14
2743.22412109375 7.106185757020655e-13 2.9647860772322177e-14
2745.886962890625 6.815525249205534e-13 2.8732567133914547e-14
2748.5498046875 7.68609405722015e-13 4.7465093785730925e-14
2751.212646484375 6.152827813216133e-13 2.6300572912021578e-14
2753.87548828125 6.619066189247902e-13 2.7720459323701645e-14
2756.5380859375 6.871330219225535e-13 2.833081432483415e-14
2759.200927734375 6.567613206748257e-13 2.753646513283317e-14
2761.86376953125 7.011546291485482e-13 2.8501147568329305e-14
2764.526611328125 7.076291050518713e-13 2.8873056018546145e-14
2767.189453125 7.088138669758548e-13 2.852581316775335e-14
2769.85205078125 7.016037056883917e-13 2.8407562286118966e-14
2772.514892578125 6.580112973594843e-13 2.713629288723235e-14
2775.177734375 7.352381507438888e-13 2.9373618609055546e-14
2777.840576171875 7.301556820098198e-13 2.8977095381391496e-14
2780.50341796875 6.789227925511898e-13 2.7160069102061778e-14
2783.166015625 6.641704872710485e-13 2.6737442013029245e-14
2785.8291015625 6.678188817915709e-13 2.6949691528952227e-14
2788.49169921875 6.397813594009871e-13 2.623823806336724e-14
2791.154541015625 6.844799249963729e-13 2.7285963609012184e-14
2793.8173828125 6.429407245316099e-13 2.596456002404348e-14
2796.47998046875 4.951726420392155e-13 2.2017433923683487e-14
2799.14306640625 3.3273730992711137e-13 1.9550870593147175e-14
2801.8056640625 4.010240761426892e-13 1.9254493764902895e-14
2804.468505859375 4.4813753944696055e-13 2.050093662810549e-14
2807.13134765625 4.3329689879481603e-13 2.0351855441256943e-14
2809.794189453125 5.85006381444847e-13 2.4325256503640764e-14
2812.45703125 7.22576837773603e-13 2.7607083963711657e-14
2815.11962890625 6.671805035524114e-13 2.6004545061351567e-14
2817.78271484375 6.250840231709909e-13 2.46669343479701e-14
2820.4453125 6.897263250989216e-13 2.6491631357670152e-14
2823.108154296875 7.569736395866833e-13 2.8193452685843813e-14
2825.77099609375 6.871363287391796e-13 2.611158800302788e-14
2828.43359375 7.722556318381923e-13 2.8049179258003883e-14
2831.0966796875 6.743647524079521e-13 2.5460129881096916e-14
2833.75927734375 6.829611745931552e-13 2.5663729496562537e-14
2836.422119140625 6.419960049686146e-13 2.448045496243438e-14
2839.0849609375 6.756281731995495e-13 2.5073999747695676e-14
2841.74755859375 6.517761590857374e-13 2.4642870141938604e-14
2844.41064453125 5.989048775141559e-13 2.3354461878397244e-14
2847.0732421875 5.873010411328039e-13 2.2790209186517897e-14
2849.736083984375 6.991501019619484e-13 2.5563676270766965e-14
2852.39892578125 6.983586885861426e-13 2.5388899492430513e-14
2855.061767578125 5.810038322846822e-13 2.2446915203325202e-14
2857.724609375 5.760392705368711e-13 2.2381751264627034e-14
2860.38720703125 5.981695716007762e-13 2.2935266966866985e-14
2863.05029296875 6.759256782756795e-13 2.466454910319063e-14
2865.712890625 6.29304388547608e-13 2.3537266835007772e-14
2868.375732421875 6.491633402702646e-13 2.3876630585325208e-14
2871.03857421875 6.693781813560395e-13 2.427331983144692e-14
2873.701171875 6.622221217569835e-13 2.3877575874094344e-14
2876.3642578125 7.6160540547765e-13 2.6648573010269218e-14
2879.02685546875 7.158876898401278e-13 2.5340464454440617e-14
2881.689697265625 7.300021589821959e-13 2.5640939228083713e-14
2884.3525390625 6.590827601564431e-13 2.3923390192145434e-14
2887.015380859375 6.670842806096033e-13 2.3838920678513446e-14
2889.67822265625 6.493511240865391e-13 2.3296773852491542e-14
2892.3408203125 6.036683739690796e-13 2.2402376516892676e-14
2895.00390625 5.833786145131858e-13 2.183709044481768e-14
2897.66650390625 6.287432597132381e-13 2.2732397493801897e-14
2900.329345703125 6.701737147001008e-13 2.3654284436670954e-14
2902.9921875 6.306599665238666e-13 2.278455947675971e-14
2905.65478515625 6.235927572928457e-13 2.2599889353599328e-14
2908.31787109375 7.254618455444783e-13 2.4754908883937825e-14
2910.98046875 6.639734335261993e-13 2.313230038292549e-14
2913.643310546875 6.64217595855443e-13 2.3182283797142968e-14
2916.30615234375 6.07510244367282e-13 2.202095927480996e-14
2918.96875 6.501912181398894e-13 2.284827668318397e-14
2921.6318359375 6.395336734146828e-13 2.298646333226493e-14
2924.29443359375 6.583231139042911e-13 2.333614733201171e-14
2926.957275390625 6.498138073636472e-13 2.302000922510799e-14
2929.6201171875 6.789884409927338e-13 2.36387837337362e-14
2932.282958984375 6.815260161774361e-13 2.362744704477015e-14
2934.94580078125 6.559331528453727e-13 2.3286052109445197e-14
2937.6083984375 6.725783124883478e-13 2.3434120244888827e-14
2940.271484375 6.861054151034718e-13 2.3698599506405404e-14
2942.93408203125 6.286969642804729e-13 2.2729759833204147e-14
2945.596923828125 6.506243569077974e-13 2.3323231773631978e-14
2948.259765625 7.248114326612043e-13 2.4536096556739516e-14
2950.92236328125 6.415945249041433e-13 2.2981054179863764e-14
2953.58544921875 6.632553122172535e-13 2.3197316937890837e-14
2956.248046875 6.488530416084992e-13 2.304112236835125e-14
2958.910888671875 6.605812359790353e-13 2.3278672758408718e-14
2961.57373046875 7.337603289726824e-13 2.472313498402042e-14
2964.236328125 6.63450739658844e-13 2.3616771041502956e-14
2966.8994140625 6.447790977352763e-13 2.3281256208897844e-14
2969.56201171875 7.113765414408502e-13 2.452704685673105e-14
2972.224853515625 6.273500599215942e-13 2.3096264213217504e-14
2974.8876953125 6.733530833608059e-13 2.3927340753811428e-14
2977.550537109375 6.810704886346663e-13 2.44655793698147e-14
2980.21337890625 6.374594320283922e-13 2.3621953189074257e-14
2982.8759765625 6.899907077986822e-13 2.4462348786153873e-14
2985.5390625 6.216130041258872e-13 2.3560563629189055e-14
2988.20166015625 6.26130766158417e-13 2.3739768695773752e-14
2990.864501953125 6.540118923856197e-13 2.428705701178549e-14
2993.52734375 6.304737005906336e-13 2.394679371247807e-14
2996.18994140625 6.583719572121616e-13 2.4831785594230625e-14
2998.85302734375 6.660920729914532e-13 2.504728263447338e-14
3001.515625 6.25236082525682e-13 2.3975618243673134e-14
3004.178466796875 5.910983508217171e-13 2.356745339518202e-14
3006.84130859375 5.597007232682749e-13 2.3168775315700156e-14
3009.504150390625 5.384762731194814e-13 2.2980340978122175e-14
3012.1669921875 5.960081603598177e-13 2.4267351637300566e-14
3014.82958984375 6.124818534292142e-13 2.4683815714608877e-14
3017.49267578125 6.324406601719568e-13 2.5043708155435968e-14
3020.1552734375 6.329979942987229e-13 2.5317731784202206e-14
3022.818115234375 6.152100313558395e-13 2.51983153852324e-14
3025.48095703125 6.02708692416104e-13 2.5306578054352762e-14
3028.1435546875 6.768464911807714e-13 2.66639415760642e-14
3030.806640625 6.18644295947296e-13 2.559454215136491e-14
3033.46923828125 6.157489882557821e-13 2.5676348593410732e-14
3036.132080078125 5.977757893717295e-13 2.5691556222945736e-14
3038.794921875 6.18592200032908e-13 2.620030792798919e-14
3041.45751953125 6.506756938806646e-13 2.6949244295556077e-14
3044.12060546875 5.729349828766106e-13 2.5842573727111705e-14
3046.783203125 5.675246514055821e-13 2.5796361303575405e-14
3049.446044921875 5.53723570901471e-13 2.5810948904993018e-14
3052.10888671875 6.2367927662621e-13 3.743063327278813e-14
3062.76025390625 5.534864016762397e-13 3.773283429957773e-14
3065.4228515625 6.802219920144792e-13 2.987503839690757e-14
3068.085693359375 6.397859130501116e-13 2.939577021469214e-14
3070.74853515625 6.427367861029654e-13 2.9271032754747683e-14
3073.4111328125 6.367892866655789e-13 2.949019744765205e-14
3076.07421875 6.508424983849015e-13 3.0262606792253247e-14
3078.73681640625 6.350193808291049e-13 3.025531553264328e-14
3081.399658203125 5.394117227539019e-13 2.828466288767005e-14
3084.0625 5.72558927353084e-13 2.92373716654238e-14
3086.72509765625 6.063930824487529e-13 3.031991704146447e-14
3089.38818359375 6.096039471825687e-13 3.060485553678903e-14
3092.05078125 6.758400805141618e-13 3.216413816059874e-14
3094.713623046875 6.639429674451525e-13 3.227023750757181e-14
3097.37646484375 6.241358341610437e-13 3.209213697195033e-14
3100.039306640625 6.34610040298883e-13 3.2446040889840336e-14
3102.7021484375 6.403612991430496e-13 3.2838976085939817e-14
3105.36474609375 6.645748946813856e-13 3.350007174874464e-14
3108.02783203125 6.482777639357784e-13 3.344295462304539e-14
3110.6904296875 5.970372308518324e-13 3.2230989388927836e-14
3113.353271484375 6.448396504266096e-13 3.368648337164458e-14
3116.01611328125 6.364289520735533e-13 3.401604695076228e-14
3118.6787109375 6.838941847726876e-13 3.5332444571012714e-14
3121.341796875 6.515385019695286e-13 3.4594343448907106e-14
3124.00439453125 6.504454635493373e-13 3.4869242909740805e-14
3126.667236328125 6.306993772728364e-13 3.4595830838762484e-14
3129.330078125 5.878877029283358e-13 3.374527084631582e-14
3131.992919921875 5.683054396000975e-13 3.335017741026673e-14
3134.65576171875 5.655432177252562e-13 3.350692932748561e-14
3137.318359375 5.501404995618409e-13 3.33976654654216e-14
3139.9814453125 5.529701046017022e-13 3.376215390702049e-14
3142.64404296875 5.689541177598956e-13 3.4967356430087165e-14
3145.306884765625 5.886484875927689e-13 3.569488658101104e-14
3147.9697265625 6.240268176326003e-13 3.702810966372573e-14
3150.63232421875 6.350073461849903e-13 3.6439614888895966e-14
3153.29541015625 6.321666280728611e-13 3.6629783949949923e-14
3155.9580078125 5.885932474920808e-13 3.564935008976665e-14
3158.620849609375 5.525598424996336e-13 3.518510488390372e-14
3161.28369140625 5.958497584224176e-13 3.6950873811463295e-14
3163.9462890625 5.754175890111679e-13 3.650116707910704e-14
3166.609375 6.09758717042691e-13 3.8013300460940785e-14
3169.27197265625 6.751946007507725e-13 4.006791778790944e-14
3171.934814453125 6.228934468915925e-13 3.9354692329398797e-14
3174.59765625 6.495812459976491e-13 4.0249514875537185e-14
3177.260498046875 5.310707928106451e-13 3.5892377394861064e-14
3179.92333984375 5.322023746180682e-13 3.627557510019891e-14
3182.5859375 5.280570902418957e-13 3.6495393702538556e-14
3185.2490234375 5.753622947003711e-13 3.778259240303124e-14
3187.91162109375 5.863627725727349e-13 3.862128376982098e-14
3190.574462890625 5.829778933902352e-13 3.9366845558126e-14
3193.2373046875 5.230976784544039e-13 3.766743319165433e-14
3195.89990234375 5.303348363759619e-13 3.758502027401828e-14
3198.56298828125 5.551230590657152e-13 3.8512863552572427e-14
3201.2255859375 4.718743299748918e-13 3.582441485930517e-14
3203.888427734375 4.87547014479256e-13 3.647962194906068e-14
3206.55126953125 6.327826717472673e-13 4.348569573008054e-14
3209.2138671875 6.593513170345677e-13 4.428312303981184e-14
3211.876953125 6.181161810690783e-13 4.146874765234218e-14
3214.53955078125 5.410275092515571e-13 3.9638116329813664e-14
3217.202392578125 4.978249258137668e-13 3.943752537537669e-14
3219.865234375 5.8296233508906e-13 4.2490970730011193e-14
3222.528076171875 6.08964159480585e-13 4.202189066008534e-14
3225.19091796875 6.536768197042131e-13 4.3431939631115996e-14
3227.853515625 6.764413790390222e-13 4.425012941245039e-14
3230.5166015625 5.956386100493261e-13 4.0953721127225465e-14
3233.17919921875 5.833060813878466e-13 4.1102578697375936e-14
3235.842041015625 6.298578195465532e-13 4.317247649871306e-14
3238.5048828125 5.680186139153665e-13 4.136446095587623e-14
3241.16748046875 5.115200255555175e-13 3.930637757008741e-14
3243.83056640625 5.410703352373702e-13 4.027725012236208e-14
3246.4931640625 4.787088694196973e-13 3.7114422321050944e-14
3249.156005859375 5.038967832403374e-13 3.776140641495451e-14
3251.81884765625 5.285652558001397e-13 6.285782034850043e-14
3254.481689453125 6.036045144611202e-13 7.576476609722632e-14
3257.14453125 7.064860849115284e-13 7.593341374515644e-14
3259.80712890625 6.665773618838577e-13 4.347064226054194e-14
3262.47021484375 6.180278185920207e-13 3.966629542190292e-14
3265.1328125 6.676147807326005e-13 4.1280364136741035e-14
3267.795654296875 6.499499289464028e-13 4.114486258210287e-14
3270.45849609375 5.902423732065398e-13 4.271467551951284e-14
3273.12109375 5.038487530840963e-13 3.5334548600853694e-14
3275.7841796875 4.187742275348072e-13 3.413068438984368e-14
3278.44677734375 4.874842391734691e-13 3.607068121838988e-14
3281.109619140625 5.300782057217346e-13 3.582447245754558e-14
3283.7724609375 4.864052411714115e-13 3.434852432321854e-14
3286.43505859375 4.959572791514433e-13 3.4865902211796834e-14
3289.09814453125 5.236744740101662e-13 3.550476495380213e-14
3291.7607421875 5.421844071797077e-13 3.7305922917897985e-14
3294.423583984375 4.638625096010929e-13 3.8260959342190787e-14
3297.08642578125 4.314272192534191e-13 3.670192066386989e-14
3299.749267578125 4.425416196690568e-13 3.789617613312625e-14
3302.412109375 4.1106779980794317e-13 3.8897159012609914e-14
3305.07470703125 4.980410615168518e-13 4.088685295823742e-14
3307.73779296875 4.578568427171525e-13 4.228175359203938e-14
3310.400390625 3.5380273472225554e-13 4.286937761699937e-14
3313.063232421875 4.910130461943663e-13 4.450152879119547e-14
3315.72607421875 4.1974705503912413e-13 5.1772483327348906e-14
3318.388671875 4.548067651655163e-13 5.380322110146857e-14
3321.0517578125 3.9711891544266797e-13 5.983109380115412e-14
3323.71435546875 3.965771938271856e-13 6.222675369774167e-14
3326.377197265625 2.5773502256021263e-13 6.184275639330161e-14
3329.0400390625 3.065521469482191e-13 6.449071013542654e-14
3331.70263671875 4.1968997179474277e-13 6.543244814244745e-14
3334.36572265625 4.0797394759359284e-13 6.802602236935865e-14
3337.0283203125 5.452670650066271e-13 6.235670210437763e-14
3339.691162109375 5.15555209201074e-13 6.505064634740668e-14
3342.35400390625 6.706907707161591e-13 7.392293022287152e-14
3345.016845703125 7.589461285990862e-13 7.889851017526053e-14
3347.6796875 6.438096041526398e-13 8.979798783899373e-14
