wavelength flux error
1150.583251953125 -3.065426127453648e-14 2.455986430123947e-14
1152.2596435546875 2.980917989119265e-14 2.408311180687739e-14
1153.93603515625 7.069597186305787e-14 2.4146806990445017e-14
1155.6123046875 2.8261074714154913e-14 2.2224516538628218e-14
1157.2886962890625 4.573646555884256e-14 2.1325104767981606e-14
1158.965087890625 4.74444795448936e-15 1.8248120367742905e-14
1160.6414794921875 -5.535220549870556e-16 1.6129152253705446e-14
1162.31787109375 1.5253464181845533e-14 1.5519120819158794e-14
1163.9942626953125 1.7289553510125948e-14 1.4546027346496425e-14
1165.670654296875 1.4442262422325984e-14 1.2224763200699169e-14
1167.3470458984375 2.4837481043767963e-14 1.1821112190783974e-14
1169.0234375 2.4427127462141145e-14 1.108560383652991e-14
1170.6998291015625 1.4474271797402724e-14 9.850597612181145e-15
1172.376220703125 3.5542146211830355e-14 1.003208035036101e-14
1174.0526123046875 2.1972126131334854e-14 8.935106615096805e-15
1175.72900390625 2.08333970599028e-14 8.2858973656408e-15
1177.4053955078125 2.7498516362730284e-14 8.11744707638739e-15
1179.081787109375 2.4198226972541037e-14 7.615849411616443e-15
1180.7581787109375 1.6367600498687004e-14 6.6340560635528255e-15
1182.4345703125 2.09996764037124e-14 6.450066107849088e-15
1184.1109619140625 1.9583571147108875e-14 6.1032192449591346e-15
1185.787353515625 2.4741498658316895e-14 5.998423481691885e-15
1187.4637451171875 2.1889594629086184e-14 5.623509335061713e-15
1189.14013671875 1.446035335201344e-14 5.083054033835476e-15
1190.8165283203125 1.10215020771476e-14 4.479140294750368e-15
1192.492919921875 2.1495578618946007e-14 4.917827551979316e-15
1194.169189453125 4.213310947419162e-14 9.002319526494381e-15
1195.845703125 2.534455731764175e-14 5.509499970910705e-15
1197.52197265625 1.9473453475834027e-14 7.237492499572156e-15
1199.1983642578125 2.998742272834927e-14 5.447977850369257e-15
1200.874755859375 2.1402145802666174e-14 4.013843073966952e-15
1202.5511474609375 3.06471902434928e-14 4.15479316803833e-15
1204.2275390625 3.811943368923175e-14 7.96358523558454e-15
1205.9039306640625 6.634463486400455e-14 6.2788189158038445e-15
1207.580322265625 1.4967344583779324e-13 1.1127316821050396e-14
1222.6678466796875 9.576654790358075e-14 1.0823863879564754e-14
1224.34423828125 2.6303954267547017e-14 3.242477909231483e-15
1226.0206298828125 1.7478081021328126e-14 2.561242767556266e-15
1227.697021484375 1.8494640836711797e-14 2.5959575658665362e-15
1229.3734130859375 1.8310297668269054e-14 2.577575892119934e-15
1231.0498046875 2.062181670000815e-14 2.61680601131378e-15
1232.7261962890625 2.259690271542731e-14 2.668177712531806e-15
1234.402587890625 2.5838497804569517e-14 2.7842640014694815e-15
1236.078857421875 4.618508808902633e-14 3.5121899285379607e-15
1237.75537109375 4.397576527643936e-14 3.4173988949272056e-15
1239.431640625 4.9098688304069146e-14 3.5739348187445365e-15
1241.1080322265625 5.16455706867959e-14 3.649652787965493e-15
1242.784423828125 3.439816045392764e-14 3.008671193042642e-15
1244.4608154296875 2.5092888582419447e-14 2.5884890646123582e-15
1246.13720703125 2.1318802842854034e-14 2.4840581607871387e-15
1247.8135986328125 1.6603975207013684e-14 2.214496278070562e-15
1249.489990234375 1.730550483458864e-14 2.2423172869813664e-15
1251.1663818359375 1.9477104187836693e-14 2.233074039944454e-15
1252.8427734375 1.3771748600180638e-14 1.980831228142149e-15
1254.5191650390625 1.7022755072399788e-14 2.1153085081888467e-15
1256.195556640625 1.3920906867027384e-14 1.9674523427402673e-15
1257.8719482421875 1.1975390771796872e-14 1.8703995194021064e-15
1259.54833984375 1.2379424640604226e-14 1.8780088398837654e-15
1261.2247314453125 1.4985012335806333e-14 1.9722821246055114e-15
1262.901123046875 1.6055416341581065e-14 2.0029495877355637e-15
1264.5775146484375 1.8613870888433207e-14 2.1082650057159535e-15
1266.25390625 1.9117159230966872e-14 2.094497543949519e-15
1267.9302978515625 1.785273385829407e-14 2.0161897714923325e-15
1269.606689453125 1.6121945697390207e-14 1.9559909281727326e-15
1271.2830810546875 1.911125541132451e-14 2.075543911205283e-15
1272.95947265625 1.715928492503592e-14 1.9804432870523065e-15
1274.6358642578125 1.5188481508198078e-14 1.8899071116938466e-15
1276.312255859375 1.750945681576032e-14 2.0122745734518863e-15
1277.988525390625 1.901298773098175e-14 2.0661736092262824e-15
1279.6650390625 1.8853882756235396e-14 2.0614643177977853e-15
1281.34130859375 1.968013120902997e-14 2.071342204270428e-15
1283.0177001953125 1.7222326199168268e-14 1.9625882560406595e-15
1284.694091796875 2.1263479732937067e-14 2.1279805445962446e-15
1286.3704833984375 1.8357953435947476e-14 1.9775934447012694e-15
1288.046875 1.7046824360628966e-14 1.918281021360971e-15
1289.7232666015625 1.667792287737488e-14 1.907039411843249e-15
1291.399658203125 1.6979114240891352e-14 1.8905965965129116e-15
1293.0760498046875 1.9448943730472276e-14 1.9994896699042667e-15
1294.75244140625 1.7281300021087902e-14 1.9430817225401034e-15
1296.4288330078125 1.74253362797026e-14 1.9033194548971448e-15
1298.105224609375 1.474449902449937e-14 1.79256290902183e-15
1299.7816162109375 1.077814019403902e-14 1.6098792898809958e-15
1301.4580078125 6.9906471934679925e-15 1.4563458861034445e-15
1303.1343994140625 1.0406054713936203e-14 1.6033637006924789e-15
1304.810791015625 1.8936549783755627e-14 1.978275306223809e-15
1306.4871826171875 1.8349315393951376e-14 1.975313232007261e-15
1308.16357421875 1.8250588621751204e-14 1.9747488963061527e-15
1309.8399658203125 1.7512551874149587e-14 1.938261681553753e-15
1311.516357421875 1.7069883985585017e-14 1.895488423541542e-15
1313.1927490234375 1.8941493068035803e-14 1.9742745578556903e-15
1314.869140625 2.1870221291516584e-14 2.047068569342725e-15
1316.5455322265625 1.7934516583417368e-14 1.905607079129442e-15
1318.221923828125 1.7256603928477755e-14 1.877682096924362e-15
1319.898193359375 1.6963667748065223e-14 1.9480031957218877e-15
1321.57470703125 1.610145766446202e-14 1.8537574395709275e-15
1323.2509765625 1.5883450018563602e-14 1.848362686729865e-15
1324.927490234375 1.7255684050697037e-14 1.925522306027048e-15
1326.603759765625 1.8793828120275066e-14 1.9927856158849858e-15
1328.2801513671875 1.892840810306662e-14 1.9930437491756615e-15
1329.95654296875 1.6965665051754848e-14 1.8822662392349023e-15
1331.6329345703125 1.5982322480430702e-14 1.8393479268304742e-15
1333.309326171875 1.381304315042518e-14 1.7587027669553395e-15
1334.9857177734375 1.5940934756561963e-14 1.8544617474665695e-15
1336.662109375 1.6753532426378587e-14 1.86160710565137e-15
1338.3385009765625 1.9629703949548133e-14 1.9827921094150427e-15
1340.014892578125 2.1152808102114715e-14 2.0997402543765495e-15
1341.6912841796875 2.0868127104806122e-14 2.093504821335337e-15
1343.36767578125 1.9350791246610342e-14 2.0281587705535094e-15
1345.0440673828125 1.782496981234897e-14 1.929528771867561e-15
1346.720458984375 1.8232365554923975e-14 1.9499727590824908e-15
1348.3968505859375 1.7223752602651445e-14 1.913312961367088e-15
1350.0732421875 2.1794355938562805e-14 2.1215689287020032e-15
1351.7496337890625 2.285737720516927e-14 2.151736218876702e-15
1353.426025390625 2.0859009642161877e-14 2.1014773071931312e-15
1355.1024169921875 2.128320713027862e-14 2.0650930069438227e-15
1356.77880859375 2.2475799026826573e-14 2.0820713588550616e-15
1358.4552001953125 1.5695310448451266e-14 1.8453303087786945e-15
1360.131591796875 1.986850456023575e-14 2.060530040456964e-15
1361.807861328125 1.9883451303622998e-14 2.038625133166257e-15
1363.484375 2.0608558940317726e-14 2.0868956350061484e-15
1365.16064453125 2.1699179928477523e-14 2.115755741584997e-15
1366.837158203125 1.8024718816036372e-14 1.9948665640781528e-15
1368.513427734375 1.850002627219044e-14 2.004331521989009e-15
1370.1898193359375 1.7403372715380297e-14 1.9484872750512435e-15
1371.8662109375 1.6978008015862238e-14 1.9316389426974083e-15
1373.5426025390625 1.774257044724007e-14 1.991423586905801e-15
1375.218994140625 2.1138928620241006e-14 2.1276366492196594e-15
1376.8953857421875 1.956108072829338e-14 2.07766339939755e-15
1378.57177734375 1.7108789902918302e-14 1.9737491856701558e-15
1380.2481689453125 1.7480007174250183e-14 2.0367925773848725e-15
1381.924560546875 2.1892769308572493e-14 2.17624744654611e-15
1383.6009521484375 2.1412335609021643e-14 2.1694165493429778e-15
1385.27734375 1.7940899823707876e-14 2.0073022782932668e-15
1386.9537353515625 1.7411221322669555e-14 1.9910458102113254e-15
1388.630126953125 2.123600706632582e-14 2.1675539238919656e-15
1390.3065185546875 1.998996739080612e-14 2.127031655937083e-15
1391.98291015625 1.7836211633624928e-14 2.0479937410793634e-15
1393.6593017578125 1.5872269183659846e-14 2.812848187065762e-15
1395.335693359375 1.8115197181396182e-14 2.045210179056449e-15
1397.0120849609375 2.702242116593527e-14 2.4186276184688226e-15
1398.6884765625 2.17384890334937e-14 2.2280481699519204e-15
1400.3648681640625 1.9468835452205596e-14 2.1420353622900352e-15
1402.041259765625 2.0182862203884343e-14 2.213630610398468e-15
1403.717529296875 2.1158706839559394e-14 2.1894950418411673e-15
1405.39404296875 1.9410156397751607e-14 2.344613879537742e-15
1407.0703125 2.1088643662294307e-14 3.4129949588761936e-15
1408.746826171875 2.1010554000821038e-14 2.2669828864054116e-15
1410.423095703125 1.9337997660975013e-14 2.196683386948041e-15
1412.0994873046875 2.7419749074899212e-14 2.5112415656468974e-15
1413.77587890625 2.2796629696258085e-14 2.3420480049822718e-15
1415.4522705078125 2.008677648041371e-14 2.193624539217269e-15
1417.128662109375 2.3554124484724027e-14 2.3327204781671074e-15
1418.8050537109375 2.108660400695732e-14 2.2320929640332965e-15
1420.4814453125 2.057584822196066e-14 2.2892522296216744e-15
1422.1578369140625 1.9893083762299174e-14 2.265688620062007e-15
1423.834228515625 2.1336084009043917e-14 2.33868676648933e-15
1425.5106201171875 2.420335321593782e-14 2.4042085766077127e-15
1427.18701171875 1.9099845877524994e-14 2.228088192258678e-15
1428.8634033203125 2.468003286546644e-14 2.4596401067419286e-15
1430.539794921875 2.4473497433805634e-14 2.4286190073563975e-15
1432.2161865234375 2.623554111046318e-14 2.533031699973251e-15
1433.892578125 2.020057705094322e-14 2.360290341809051e-15
1435.5689697265625 2.5168609939772192e-14 2.514898418638431e-15
1437.245361328125 2.5930124746605804e-14 2.5207865681712693e-15
1438.9217529296875 2.3922485560957767e-14 2.4334589536170086e-15
1440.59814453125 2.43962920747293e-14 2.47211054930788e-15
1442.2745361328125 2.821683757145161e-14 2.5748685630622723e-15
1443.950927734375 2.4670822229197996e-14 2.4788141798106874e-15
1445.627197265625 2.2006436047896337e-14 2.3849495884859916e-15
1447.3037109375 2.0759446001409818e-14 2.3334620555124285e-15
1448.97998046875 2.172931736074083e-14 2.3804412556242306e-15
1450.656494140625 2.7430962097054964e-14 2.582831308041173e-15
1452.332763671875 2.362208532621403e-14 2.517416647590618e-15
1454.0091552734375 2.240913753387766e-14 2.4114888247893634e-15
1455.685546875 2.4441240725108296e-14 2.4829193249895553e-15
1457.3619384765625 2.2536575334857964e-14 2.532318498231663e-15
1459.038330078125 2.580187209993024e-14 2.6648116035994174e-15
1460.7147216796875 2.4268268126949495e-14 2.4235745026390245e-15
1462.39111328125 2.085608399036206e-14 2.26535679490492e-15
1464.0675048828125 2.2079734891019935e-14 2.339860965912461e-15
1465.743896484375 1.8208784157672415e-14 2.178203457379557e-15
1467.4202880859375 2.2879022285103405e-14 2.3804097036469454e-15
1469.0966796875 2.2372699870552674e-14 2.3470838276119354e-15
1470.7730712890625 2.383256454327725e-14 2.380641790674493e-15
1472.449462890625 2.394014619790802e-14 2.435744883783411e-15
1474.1258544921875 2.1204021408171604e-14 2.3403033288691647e-15
1475.80224609375 2.492859298977232e-14 2.50448478382665e-15
1477.4786376953125 2.359443817081565e-14 2.455014248058736e-15
1479.155029296875 2.63441256521035e-14 2.5393728003746336e-15
1480.8314208984375 2.661622990421126e-14 2.5646478400042283e-15
1482.5078125 3.150767068581771e-14 2.6896815497219877e-15
1484.1842041015625 3.262907454534662e-14 2.7441466152633865e-15
1485.860595703125 3.131267692509619e-14 2.709551248598679e-15
1487.536865234375 2.144547831418181e-14 2.4750042256139375e-15
1489.21337890625 2.7047947350833726e-14 2.561602756558849e-15
1490.8896484375 2.4687813710119917e-14 2.4735545287247118e-15
1492.566162109375 2.661274690473215e-14 2.549022834984465e-15
1494.242431640625 2.581235497968546e-14 2.4901239754806636e-15
1495.9188232421875 2.6373622727458683e-14 2.482336989838318e-15
1497.59521484375 2.4286111723016354e-14 2.418942926483438e-15
1499.2716064453125 2.26971660053938e-14 2.3503675625902035e-15
1500.947998046875 2.3784949433180297e-14 2.3721947546079996e-15
1502.6243896484375 2.5793054486949324e-14 2.4662065179072807e-15
1504.30078125 2.1631273297096146e-14 2.3060823507671437e-15
1505.9771728515625 2.313435189672374e-14 2.3605779094946436e-15
1507.653564453125 2.291497544558256e-14 2.354652490512126e-15
1509.3299560546875 2.1482554640349025e-14 2.2991138107100826e-15
1511.00634765625 2.695086890474891e-14 2.5249518526893923e-15
1512.6827392578125 2.5161389830929796e-14 2.438770908987477e-15
1514.359130859375 1.8875892060336852e-14 2.5677210872951037e-15
1516.0355224609375 2.350575212717223e-14 2.4227780799103687e-15
1517.7119140625 2.4915773993148572e-14 2.4618004642739007e-15
1519.3883056640625 3.002506148439346e-14 2.9971526037511674e-15
1521.064697265625 1.841534161218985e-14 2.353028304835766e-15
1522.7410888671875 2.1860368604274122e-14 2.3828538172162477e-15
1524.41748046875 1.5261843031759773e-14 2.1510903562544205e-15
1526.0938720703125 1.424686039172389e-14 2.101467142797764e-15
1527.770263671875 1.913461488594389e-14 2.3308656877708573e-15
1529.446533203125 2.2122459232879442e-14 2.763283630640703e-15
1531.123046875 2.6750870873375014e-14 2.4967395145569565e-15
1532.79931640625 2.4830045788556965e-14 2.464041289935862e-15
1534.475830078125 2.9061012629541874e-14 2.5393092729035895e-15
1536.152099609375 2.4413214098949546e-14 2.4017083471056548e-15
1537.8284912109375 2.410641198919046e-14 2.3855437820984905e-15
1539.5048828125 2.8351055024141737e-14 2.5043725519611386e-15
1541.1812744140625 2.1165962523785574e-14 2.259075410326319e-15
1542.857666015625 2.6587066559837294e-14 2.428225560552398e-15
1544.5340576171875 2.242023705361848e-14 2.3093758266243053e-15
1546.21044921875 2.7445398926607967e-14 2.4556103474953662e-15
1547.8868408203125 2.6334603307710466e-14 2.39932818452387e-15
1549.563232421875 2.4981308932277638e-14 2.3689726412766442e-15
1551.2396240234375 2.096700973106859e-14 2.429959860511901e-15
1552.916015625 2.4521193859065524e-14 2.36750092153079e-15
1554.5924072265625 2.378468007670307e-14 2.327089191375524e-15
1556.268798828125 2.209147137953709e-14 2.24677628017395e-15
1557.9451904296875 1.9734615756329156e-14 2.17888510714386e-15
1559.62158203125 2.1577501951538548e-14 2.2098445848824783e-15
1561.2979736328125 2.2699715574565037e-14 2.2363116116270966e-15
1562.974365234375 1.9259686076869564e-14 2.155659675488384e-15
1564.650634765625 2.2649969329572792e-14 2.2533943603490845e-15
1566.3271484375 2.6834996491630417e-14 2.3069274778902667e-15
1568.00341796875 2.208512540869626e-14 2.1737594990217874e-15
1569.679931640625 2.375950964564246e-14 2.2030086054816624e-15
1571.356201171875 1.8143811648420327e-14 2.0798087220947085e-15
1573.03271484375 2.255370064698555e-14 2.744953625903883e-15
1574.708984375 1.9827047379665334e-14 2.1174773360502913e-15
1576.385498046875 2.113738193807932e-14 2.176487156870183e-15
1578.061767578125 2.279645859560274e-14 2.239998322530021e-15
1579.73828125 2.7340363453016645e-14 2.3795169309205394e-15
1581.41455078125 2.597109742433039e-14 2.4487959674347054e-15
1583.091064453125 2.7419642348747858e-14 2.265392158530468e-15
1584.767333984375 2.2506031326779974e-14 2.130933301450373e-15
1586.4437255859375 2.2982816008394052e-14 2.1458131292347894e-15
1588.1201171875 2.7401490432688198e-14 2.2591876421918303e-15
1589.7965087890625 2.0125855192468234e-14 2.061869199546573e-15
1591.472900390625 1.7567071996832558e-14 2.1279924030575062e-15
1593.1492919921875 2.3758076465895707e-14 2.1599365565973076e-15
1594.82568359375 2.3899639388304424e-14 2.1295791075259503e-15
1596.5020751953125 2.1307530528391974e-14 2.0730729043399055e-15
1598.178466796875 2.5867481577958665e-14 2.214291931372037e-15
1599.8548583984375 2.7603062251278093e-14 2.2626664065062037e-15
1601.53125 2.4289865773038585e-14 2.0954885724978065e-15
1603.2076416015625 2.3972455422648087e-14 2.0590822493918694e-15
1604.884033203125 2.3113957037419752e-14 2.031874915851351e-15
1606.560302734375 2.1421317546394328e-14 2.1157167780694233e-15
1608.23681640625 1.967635513615111e-14 2.684348206769601e-15
1609.9130859375 1.9167738956379216e-14 1.9614875367257026e-15
1611.589599609375 2.103386942972716e-14 2.130795870354681e-15
1613.265869140625 1.9964015995368144e-14 2.0748633202321643e-15
1614.9423828125 1.7328733866134143e-14 1.904469725639516e-15
1616.61865234375 2.6970210055066515e-14 2.1010190623686666e-15
1618.295166015625 2.439575166770895e-14 2.153620443667869e-15
1619.971435546875 2.5001974842124748e-14 2.0511584679285422e-15
1621.64794921875 2.6015805517352365e-14 2.0124098869652102e-15
1623.32421875 2.5856348176899954e-14 1.9978404967559626e-15
1625.000732421875 2.2723037779734737e-14 1.905470495066697e-15
1626.677001953125 2.1597253065802624e-14 1.867931477152044e-15
1628.3533935546875 2.1412538896928984e-14 1.8570608680652193e-15
1630.02978515625 2.3299130298150804e-14 2.0389277356866638e-15
1631.7061767578125 3.4563521614022416e-14 2.1955318456562487e-15
1633.382568359375 2.793447236222081e-14 2.244751871430012e-15
1635.0589599609375 2.7221700913369895e-14 2.661207901925324e-15
1636.7353515625 2.7002041553224332e-14 1.968772443588563e-15
1638.4117431640625 3.203715436927816e-14 2.0602736012321826e-15
1640.088134765625 2.959234962109092e-14 2.036990994852767e-15
1641.7645263671875 2.605514003335696e-14 2.1716328110494686e-15
1643.44091796875 2.9335702026204655e-14 1.9523105700169126e-15
1645.1173095703125 2.9625729495476316e-14 1.963752926343134e-15
1646.793701171875 2.893806410318202e-14 1.987444437877837e-15
1648.469970703125 2.8119823499870786e-14 1.9181613779571715e-15
1650.146484375 2.76990327782679e-14 1.8939872694007705e-15
1651.82275390625 2.7492475323750466e-14 1.8804620590572507e-15
1653.499267578125 3.2315181075753124e-14 1.9507480059874653e-15
1655.175537109375 2.7162291716515373e-14 1.8482369023371976e-15
1656.85205078125 2.6788748492710332e-14 1.818331980617911e-15
1658.5283203125 2.4482928298640363e-14 1.7693079370923186e-15
1660.204833984375 2.911694390911497e-14 1.815397858488622e-15
1661.881103515625 2.7222959604329515e-14 1.7770086312531626e-15
1663.5576171875 2.7848730605102047e-14 2.452411739328297e-15
1665.23388671875 3.307074462909933e-14 1.8898728068594828e-15
1666.910400390625 2.8353435186723522e-14 1.801121965195598e-15
1668.586669921875 2.0917963135290776e-14 1.7467432970148192e-15
1670.2630615234375 2.025445851078396e-14 1.6913289192977852e-15
1671.939453125 2.8269931290651404e-14 1.7310133657887149e-15
1673.6158447265625 2.6734335096178716e-14 1.6987973146728448e-15
1675.292236328125 3.068363637714726e-14 1.7411647380242024e-15
1676.9686279296875 2.6611808392226592e-14 1.6640214241112538e-15
1678.64501953125 2.6489185126518482e-14 1.6683425626916716e-15
1680.3214111328125 2.8789938369497975e-14 1.6778781419745053e-15
1681.997802734375 2.996827978374132e-14 1.6856796330560727e-15
1683.6741943359375 2.6543361353824867e-14 1.6272555355192073e-15
1685.3505859375 2.898287214609177e-14 1.6625521395851228e-15
1687.0269775390625 3.005482622215998e-14 1.6644546814637744e-15
1688.703369140625 3.1852396154691265e-14 1.6830942767428157e-15
1690.379638671875 2.9719709495040075e-14 1.6233011622049506e-15
1692.05615234375 2.850963822659258e-14 1.5946332262260104e-15
1693.732421875 2.8462539806593454e-14 1.5803218634283201e-15
1695.408935546875 3.084818099748088e-14 1.599727600008153e-15
1697.085205078125 3.0685337219305345e-14 1.5832373508327694e-15
1698.76171875 3.161647715009021e-14 1.5821380079463518e-15
1700.43798828125 3.007733696976621e-14 1.566678174351303e-15
1702.114501953125 3.035206363587867e-14 1.5402889687587138e-15
1703.790771484375 3.188726680706383e-14 1.5496828817811192e-15
1705.46728515625 3.487360682348506e-14 1.7922240958429285e-15
1707.1435546875 3.397926200392892e-14 1.5571758411116491e-15
1708.820068359375 3.5589827390497195e-14 2.597204821881368e-15
1710.496337890625 3.5745891516962905e-14 1.6047710459343419e-15
1712.1727294921875 3.1818470791087836e-14 1.5005048900173634e-15
1713.84912109375 3.2097063315571564e-14 1.491254125563044e-15
1715.5255126953125 3.574739584747723e-14 1.5351377378899867e-15
1717.201904296875 3.1925244376286924e-14 1.469295008163713e-15
1718.8782958984375 2.985375754114075e-14 1.4302506009435524e-15
1720.5546875 3.306056329307333e-14 1.433156559227345e-15
1722.2310791015625 3.754464051935677e-14 1.4868175787435627e-15
1723.907470703125 3.274716449072103e-14 1.402560246864862e-15
1725.5838623046875 3.4088773199613537e-14 1.4427397841134618e-15
1727.26025390625 2.9995361121130937e-14 1.3832826240183014e-15
1728.9366455078125 2.9312361186310115e-14 1.3573981441831573e-15
1730.613037109375 3.1657199106062406e-14 1.3799749603592734e-15
1732.289306640625 3.2619591164469164e-14 1.3795547261383169e-15
1733.9658203125 3.2909998104501195e-14 1.3710953022149698e-15
1735.64208984375 3.317871083668815e-14 1.3645952772568587e-15
1737.318603515625 3.499857806452296e-14 1.3756637744159858e-15
1738.994873046875 3.429719073848314e-14 1.3552605506616426e-15
1740.67138671875 3.188739555607181e-14 1.2848495604925896e-15
1742.34765625 3.1547715015432104e-14 1.2723516952349708e-15
1744.024169921875 3.0713058913603083e-14 1.2493144107729036e-15
1745.700439453125 3.3163040727163945e-14 1.2833166426162962e-15
1747.376953125 3.429087526082841e-14 1.290520657832694e-15
1749.05322265625 3.291354209035251e-14 1.2609216208864845e-15
1750.729736328125 3.416335953281696e-14 1.3577266870875735e-15
1752.406005859375 3.505649817745621e-14 1.2666249054785845e-15
1754.0823974609375 3.2800398817390067e-14 1.222737481503379e-15
1755.7587890625 3.397002595667206e-14 1.2446158131353656e-15
1757.4351806640625 3.56035222191884e-14 1.3728381783830639e-15
1759.111572265625 3.88945094935509e-14 1.3043002956977454e-15
1760.7879638671875 3.5368196137650423e-14 1.2322771900718306e-15
1762.46435546875 3.597895093833403e-14 1.2380087443885452e-15
1764.1407470703125 3.441829612114977e-14 1.204323620504781e-15
1765.817138671875 3.431623203913742e-14 1.190995133563261e-15
1767.4935302734375 3.761003485101659e-14 1.2392745292490984e-15
1769.169921875 3.493486763436228e-14 1.1826544001316479e-15
1770.8463134765625 3.325383249471424e-14 1.1447869451916971e-15
1772.522705078125 3.530435357034997e-14 1.168583912328333e-15
1774.198974609375 3.475825110046439e-14 1.15401621618498e-15
1775.87548828125 3.5410175090516346e-14 1.1605034297697638e-15
1777.5517578125 3.7641117572049035e-14 1.1908749607638693e-15
1779.228271484375 3.703132161266172e-14 1.1643577473171261e-15
1780.904541015625 3.574066024148066e-14 1.1493235477780727e-15
1782.5810546875 3.624230703416255e-14 1.1489064899306684e-15
1784.25732421875 3.630290377120912e-14 1.1386249922586589e-15
1785.933837890625 3.741336396505951e-14 1.1450917711735903e-15
1787.610107421875 3.529788223863295e-14 1.1093931440950841e-15
1789.28662109375 3.5967146687181095e-14 1.1143685097481375e-15
1790.962890625 4.024329765370434e-14 1.3074198121633645e-15
1795.9920654296875 3.782639755893144e-14 1.4224091934343457e-15
1797.66845703125 3.7480506572722463e-14 1.1814707774669784e-15
1799.3448486328125 3.79992905359932e-14 1.1163219794827427e-15
1801.021240234375 3.706252291830678e-14 1.0891737264902951e-15
1802.6976318359375 3.6831144010303005e-14 1.0811681004684395e-15
1804.3740234375 3.600323029073413e-14 1.0597955533850822e-15
1806.0504150390625 3.919331222415612e-14 1.122174235994441e-15
1807.726806640625 3.9615290485951055e-14 1.1251297457056482e-15
1809.4031982421875 3.9060873540655225e-14 1.1118511278288977e-15
1811.07958984375 3.938064880703446e-14 1.1200703120325798e-15
1812.7559814453125 4.05424561381474e-14 1.145389185617195e-15
1814.432373046875 3.9561124423040037e-14 1.1222289754986574e-15
1816.108642578125 3.938108248790345e-14 1.1158503938893589e-15
1817.78515625 3.969014109343402e-14 1.120613048393533e-15
1819.46142578125 3.883683671423825e-14 1.098437619955297e-15
1821.137939453125 3.993663784548039e-14 1.1255535798166305e-15
1822.814208984375 3.933288970133647e-14 1.1070747090393307e-15
1824.49072265625 3.9065081600337184e-14 1.1220865680844003e-15
1826.1669921875 4.103223430517236e-14 1.140442830842585e-15
1827.843505859375 4.041561803649375e-14 1.117436039566619e-15
1829.519775390625 4.08405236441544e-14 1.1194788712771595e-15
1831.1962890625 3.906403127948259e-14 1.069179407891239e-15
1832.87255859375 3.925753765034873e-14 1.0635808377472433e-15
1834.549072265625 3.9986270588057704e-14 1.0757786415832972e-15
1836.225341796875 4.0995781395254324e-14 1.089334556871155e-15
1837.9017333984375 3.793263920743965e-14 1.0125033745992697e-15
1839.578125 4.068267397223588e-14 1.0667351884428183e-15
1841.2545166015625 4.069551837984804e-14 1.0582752351238791e-15
1842.930908203125 3.93468860737569e-14 1.0322331012814273e-15
1844.6072998046875 3.846427774271792e-14 1.0101014009190933e-15
1846.28369140625 3.8143448767352303e-14 9.943398118365853e-16
1847.9600830078125 3.704706626108528e-14 9.711091921043072e-16
1849.636474609375 3.801637688460521e-14 9.882400099460518e-16
1851.3128662109375 3.86596543623316e-14 1.00236809598978e-15
1852.9892578125 3.823799119679304e-14 9.933133137836315e-16
1854.6656494140625 3.735657548814379e-14 9.702119724549281e-16
1856.342041015625 3.697225631118378e-14 9.63559693324548e-16
1858.018310546875 3.71329147443554e-14 9.639422345793518e-16
1859.69482421875 3.746934267847765e-14 9.670768917589031e-16
1861.37109375 3.7103939441295725e-14 9.575113486855603e-16
1863.047607421875 3.4174824970790996e-14 9.032108192941657e-16
1864.723876953125 3.957331492121692e-14 1.0051897744953208e-15
1866.400390625 4.420562291326986e-14 1.0973209128934606e-15
1868.07666015625 4.0940168600069396e-14 1.0255941629199665e-15
1869.753173828125 4.142052098445731e-14 1.0340749744252318e-15
1871.429443359375 4.2478177144375864e-14 1.054104974287191e-15
1873.10595703125 4.277223310234467e-14 1.054717167349819e-15
1874.7822265625 4.245788223495965e-14 1.0447268372534282e-15
1876.458740234375 4.138942471089771e-14 1.0174950456365577e-15
1878.135009765625 4.1176700856524265e-14 1.0103957448682642e-15
1879.8114013671875 4.041124734648592e-14 9.922594989181287e-16
1881.48779296875 3.9814756580634075e-14 9.784533912734756e-16
1883.1641845703125 4.145593034978433e-14 1.010059684546441e-15
1884.840576171875 4.158755588165586e-14 1.0120322125223595e-15
1886.5169677734375 4.102438061568542e-14 9.990633969460673e-16
1888.193359375 4.170337577873162e-14 1.0118315715929786e-15
1889.8697509765625 4.101526654117296e-14 9.965631674440094e-16
1891.546142578125 4.001183065427405e-14 9.743811745004322e-16
1893.2225341796875 3.9873083269382006e-14 9.692866948391712e-16
1894.89892578125 4.061820460055446e-14 9.866079892149296e-16
1896.5753173828125 3.921219089448452e-14 9.575409948387142e-16
1898.251708984375 3.843629177414064e-14 9.416150813644389e-16
1899.927978515625 4.0003919366546695e-14 9.728186104709848e-16
1901.6044921875 4.0833926951561184e-14 9.90011791113471e-16
1903.28076171875 4.165755807254874e-14 1.0056107498701062e-15
1904.957275390625 4.154273428621895e-14 1.0010730884925465e-15
1906.633544921875 4.267400438551748e-14 1.0227626376564138e-15
1908.31005859375 4.256360888743593e-14 1.0226622642521641e-15
1909.986328125 4.105937324080239e-14 9.867332442120048e-16
1911.662841796875 4.511699309506581e-14 1.0798285178623569e-15
1913.339111328125 4.3368476534575914e-14 1.0293239666240824e-15
1915.015625 4.281639062395093e-14 1.0235919887908941e-15
1916.69189453125 4.37489163006375e-14 1.0422268195096071e-15
1918.368408203125 4.4414636763334334e-14 1.053804595228271e-15
1920.044677734375 4.2656342054501334e-14 1.0110619362812797e-15
1921.7210693359375 3.9909288845679444e-14 9.550847051707952e-16
1923.3974609375 4.05019205294236e-14 9.775627361294378e-16
1925.0738525390625 3.9660627077419894e-14 9.579129481816773e-16
1926.750244140625 3.983731137395356e-14 9.567186317260487e-16
1928.4266357421875 4.0412507731511435e-14 9.514535808050344e-16
1930.10302734375 4.1257616219909574e-14 9.650105548840763e-16
1931.7794189453125 4.070600125960326e-14 9.510460520782867e-16
1933.455810546875 3.989813850396179e-14 9.32243932352491e-16
1935.1322021484375 3.8629354299742416e-14 9.072469312878324e-16
1936.80859375 3.802909931947297e-14 8.94709573119048e-16
1938.4849853515625 3.6723957073025656e-14 8.708174735945235e-16
1940.161376953125 3.6511802424792766e-14 8.653962509738591e-16
1941.837646484375 3.671109572475455e-14 8.671047164284711e-16
1943.51416015625 3.7104630620180684e-14 8.711504104823536e-16
1945.1904296875 3.6527015136525454e-14 8.56866788013686e-16
1946.866943359375 3.7585918128942367e-14 8.736196174027183e-16
1948.543212890625 3.846378646360851e-14 8.899888467457629e-16
1950.2197265625 3.8747572994124804e-14 8.970844417449122e-16
1951.89599609375 3.569120368175638e-14 8.448787307111958e-16
1953.572509765625 3.633051365715782e-14 8.547433822940378e-16
1955.248779296875 3.738944375462905e-14 8.695691587885075e-16
1956.92529296875 3.3997693440861176e-14 8.183583408909005e-16
1958.6015625 3.41573625395504e-14 8.194769537768682e-16
1960.278076171875 3.5856307343835186e-14 8.396405201466976e-16
1961.954345703125 3.655350693898378e-14 8.512661532268813e-16
1963.6307373046875 3.761540842803397e-14 8.706101093411238e-16
1965.30712890625 3.8136381124440413e-14 8.803353710645832e-16
1966.9835205078125 3.7874336235614245e-14 8.773444977278283e-16
1968.659912109375 3.6779051484046865e-14 8.602134681278469e-16
1970.3363037109375 3.5383778155748113e-14 8.351094762140384e-16
1972.0126953125 3.7019337790523965e-14 8.600438497801592e-16
1973.6890869140625 3.6926364066101544e-14 8.633479135491614e-16
1975.365478515625 3.5096535730807024e-14 8.3722599979099005e-16
1977.0418701171875 3.665247765667276e-14 8.632638984687056e-16
1978.71826171875 3.72970019668975e-14 8.759277821839863e-16
