wavelength flux error
1150.583251953125 1.1929612029129566e-12 4.642111438995549e-13
1152.2596435546875 6.190365060831926e-13 4.215718236548469e-13
1153.93603515625 1.2433350789903264e-12 4.0658878855190337e-13
1155.6123046875 1.0457704580774108e-12 3.9512323976724495e-13
1157.2886962890625 1.512818949972461e-12 3.826678011757778e-13
1158.965087890625 7.781783030458289e-13 3.363985530338371e-13
1160.6414794921875 1.17731106981378e-12 3.2990758390690834e-13
1162.31787109375 1.0905269742789159e-12 2.9945187060864785e-13
1163.9942626953125 1.2419597685345285e-12 2.746782533243085e-13
1165.670654296875 1.333601198222345e-12 2.359663097869789e-13
1167.3470458984375 8.07697116654571e-13 2.0638089536707225e-13
1169.0234375 1.5691295918857096e-12 2.1322193281572535e-13
1170.6998291015625 9.857322206749397e-13 1.8788733593179776e-13
1172.376220703125 5.115864329385822e-13 1.622058965832398e-13
1174.0526123046875 9.177078584901577e-13 1.623698095161348e-13
1175.72900390625 1.3808084450145364e-12 1.6450083002269142e-13
1177.4053955078125 6.456360511324089e-13 1.3504208939226435e-13
1179.081787109375 1.0713728081784835e-12 1.739263113396469e-13
1180.7581787109375 9.535546180786114e-13 1.2528157404943609e-13
1182.4345703125 7.987972262812892e-13 1.1522104113811816e-13
1184.1109619140625 7.773604893471231e-13 1.0914144654915149e-13
1185.787353515625 6.731316350670757e-13 9.941365833176291e-14
1187.4637451171875 8.510940975418879e-13 1.0046668416155326e-13
1189.14013671875 3.8169136904950274e-13 8.326570663693886e-14
1190.8165283203125 5.615910297560034e-13 8.187544241421096e-14
1192.492919921875 5.684677988754272e-13 9.25456877949457e-14
1194.169189453125 7.711415598958549e-13 8.390098475728819e-14
1195.845703125 5.377121274283136e-13 1.7943784479113045e-13
1197.52197265625 6.863284897004607e-13 1.6465480237939922e-13
1199.1983642578125 5.733726210835344e-13 1.2534052029784803e-13
1200.874755859375 7.019891395607103e-13 8.884940529139022e-14
1202.5511474609375 5.974846810884171e-13 6.56207342702428e-14
1204.2275390625 5.763314088122473e-13 7.054184167374987e-14
1205.9039306640625 4.699277533944113e-13 7.327668662123736e-14
1207.580322265625 5.607716981742561e-13 5.705645539492342e-14
1209.2567138671875 6.253159882257942e-13 1.125288057798879e-13
1210.93310546875 8.942753221968802e-13 1.3581413496247975e-13
1212.6094970703125 6.031168945340448e-13 1.149823539070902e-13
1214.285888671875 8.966315103581257e-13 1.5438706176798384e-13
1215.9622802734375 9.308000334037891e-13 1.5302469493942284e-13
1217.638671875 1.086538302906559e-12 1.5660751226726094e-13
1219.3150634765625 9.584568382015046e-13 1.1135725300178872e-13
1220.991455078125 1.049174744478798e-12 1.1417263187415443e-13
1222.6678466796875 9.5780881056301e-13 9.090308135818033e-14
1224.34423828125 8.2788382269397e-13 5.245210684057549e-14
1226.0206298828125 8.524708716706186e-13 5.530427985106808e-14
1227.697021484375 8.113335307410874e-13 5.202471857911823e-14
1229.3734130859375 9.7492348395678e-13 6.43686911024083e-14
1231.0498046875 8.892800775275878e-13 5.190396198706868e-14
1232.7261962890625 8.968496518352298e-13 5.170420716523007e-14
1234.402587890625 9.41436490396741e-13 5.238455609396694e-14
1236.078857421875 1.2063293072794856e-12 5.950579281122947e-14
1237.75537109375 1.270292681807006e-12 6.063946442137257e-14
1239.431640625 1.7811002239048745e-12 8.031958594728911e-14
1241.1080322265625 1.5258314360264147e-12 7.024359183496633e-14
1242.784423828125 1.539631052857593e-12 9.016508608804064e-14
1244.4608154296875 1.3524321636551595e-12 7.513971298070333e-14
1246.13720703125 1.2314045182842959e-12 5.912063676075013e-14
1247.8135986328125 1.1740185646563761e-12 5.669609639156517e-14
1249.489990234375 1.055030845673044e-12 5.3585342942653095e-14
1251.1663818359375 1.0439134365963776e-12 5.1384402688291604e-14
1252.8427734375 9.668752343899856e-13 4.912886595463143e-14
1254.5191650390625 1.0766827967384485e-12 5.284136288208621e-14
1256.195556640625 8.606176210047833e-13 4.521979565507234e-14
1257.8719482421875 6.421248623968145e-13 3.860469173362601e-14
1259.54833984375 7.831213433805162e-13 4.385688982792458e-14
1261.2247314453125 1.0202210170423553e-12 4.944829826554749e-14
1262.901123046875 1.1108004707022223e-12 5.81562627595351e-14
1264.5775146484375 1.0010959075601455e-12 6.44474031410826e-14
1266.25390625 1.1400936618388702e-12 5.2868381748591185e-14
1267.9302978515625 1.1306782333325716e-12 5.1699168403959017e-14
1269.606689453125 1.1100580090545042e-12 5.145720292455283e-14
1271.2830810546875 1.1455513187347277e-12 6.542706728447234e-14
1272.95947265625 1.1504647061399975e-12 5.256771964545252e-14
1274.6358642578125 1.1135335275386238e-12 4.9989263485716733e-14
1276.312255859375 1.0922363274240565e-12 5.5678094788824995e-14
1277.988525390625 1.2901578676921543e-12 5.659149066529263e-14
1279.6650390625 1.1751756252148526e-12 5.258761125401505e-14
1281.34130859375 1.1576950335878688e-12 5.695157733648698e-14
1283.0177001953125 1.2414368578267387e-12 5.467993411637474e-14
1284.694091796875 1.2594600926410515e-12 5.4627568354839366e-14
1286.3704833984375 1.2326632770065515e-12 5.3902656462863e-14
1288.046875 1.2155674687305829e-12 5.420004708925922e-14
1289.7232666015625 1.27507704915375e-12 5.494816422442378e-14
1291.399658203125 1.2746060717300223e-12 5.3241483056681183e-14
1293.0760498046875 1.2996633933989865e-12 5.597406675303637e-14
1294.75244140625 1.4022661070506315e-12 5.777263742185176e-14
1296.4288330078125 1.253125207767436e-12 5.3674576939126737e-14
1298.105224609375 1.1142827112398113e-12 5.000799639022351e-14
1299.7816162109375 8.144355415767857e-13 4.1498457109314576e-14
1301.4580078125 8.183369888843661e-13 4.2316781917748586e-14
1303.1343994140625 9.54862599579498e-13 4.481344741887989e-14
1304.810791015625 1.0797257185557463e-12 6.038975757885223e-14
1306.4871826171875 1.4324904110130099e-12 5.966000057176199e-14
1308.16357421875 1.2067877079580125e-12 6.629704381547055e-14
1309.8399658203125 1.4306732881719242e-12 6.233404053114116e-14
1311.516357421875 1.3126930098472656e-12 6.59177348447551e-14
1313.1927490234375 1.3847371600067548e-12 7.811236595741971e-14
1314.869140625 1.2897165974079527e-12 5.476731581512101e-14
1316.5455322265625 1.2287509334671376e-12 7.62702576105688e-14
1318.221923828125 1.2688114447989562e-12 5.4151396211033e-14
1319.898193359375 1.3290787741204735e-12 6.152402765101042e-14
1321.57470703125 1.1959255200727492e-12 5.83495600844739e-14
1323.2509765625 1.4033227704879359e-12 6.029531939677691e-14
1324.927490234375 1.233171225724361e-12 5.527663665740879e-14
1326.603759765625 1.1450135544571749e-12 5.104362484909182e-14
1328.2801513671875 1.2623090506896917e-12 5.43394645065564e-14
1329.95654296875 1.1735484545943864e-12 5.158677959986374e-14
1331.6329345703125 9.12503145961141e-13 4.330245894750153e-14
1333.309326171875 8.499896749988856e-13 4.848744875731578e-14
1334.9857177734375 8.319839500496584e-13 5.4329893748050405e-14
1336.662109375 1.0527371075569336e-12 4.702131261172491e-14
1338.3385009765625 1.1691564600138649e-12 5.031281841225723e-14
1340.014892578125 1.1872008367705411e-12 6.30392444395508e-14
1341.6912841796875 1.2313882552517086e-12 6.998024958813329e-14
1343.36767578125 1.283477122325516e-12 7.411264014170855e-14
1345.0440673828125 1.2084079396845748e-12 5.249389589022901e-14
1346.720458984375 1.2478791871356476e-12 5.747542185632408e-14
1348.3968505859375 1.203592672575915e-12 5.784663862031182e-14
1350.0732421875 1.2485140959278551e-12 5.3342724708054644e-14
1351.7496337890625 1.253912121704226e-12 5.3924669253411157e-14
1353.426025390625 1.3582068412662518e-12 5.6698373062229075e-14
1355.1024169921875 1.3246169569200439e-12 5.44684174155449e-14
1356.77880859375 1.243841835085746e-12 5.302896898456627e-14
1358.4552001953125 1.4496975668520928e-12 8.545392000612697e-14
1360.131591796875 1.2583772999313902e-12 6.76151491295119e-14
1361.807861328125 1.2796518402205526e-12 5.5929920797638273e-14
1363.484375 1.3273770103905402e-12 5.632467813557465e-14
1365.16064453125 1.3041182717055122e-12 5.4596275170829745e-14
1366.837158203125 1.2827334680554081e-12 5.690153448646057e-14
1368.513427734375 1.3026090622814124e-12 5.5478579202414985e-14
1370.1898193359375 1.4196660340359823e-12 5.688383680214518e-14
1371.8662109375 1.4316061357211307e-12 5.857504864434983e-14
1373.5426025390625 1.4251750821148157e-12 5.879187393076726e-14
1375.218994140625 1.5190165748510398e-12 6.872227233221533e-14
1376.8953857421875 1.4763402089376654e-12 6.080756707674758e-14
1378.57177734375 1.5470428757491383e-12 6.200226424412809e-14
1380.2481689453125 1.5434502634303904e-12 8.562660252844173e-14
1381.924560546875 1.5107776141221052e-12 8.000907692929474e-14
1383.6009521484375 1.5248247543092619e-12 6.397215548589482e-14
1385.27734375 1.600540880386525e-12 7.464263553337366e-14
1386.9537353515625 1.3234467775152803e-12 5.653554111921391e-14
1388.630126953125 1.2974298285034491e-12 6.7680798086329e-14
1390.3065185546875 1.3386277763344223e-12 5.978575279652084e-14
1391.98291015625 1.2693296934374043e-12 5.758614103975217e-14
1393.6593017578125 1.2658643664537061e-12 5.748151424136063e-14
1395.335693359375 1.3766780684182356e-12 6.376137561491629e-14
1397.0120849609375 1.4370163045618334e-12 5.866881450826731e-14
1398.6884765625 1.3616590494036629e-12 7.280400653364138e-14
1400.3648681640625 1.2854582849552987e-12 5.838243814114182e-14
1402.041259765625 1.439717594274581e-12 8.811657883630868e-14
1403.717529296875 1.3359237761162435e-12 8.874418971844517e-14
1405.39404296875 1.5172791408696318e-12 6.757924862766321e-14
1407.0703125 1.4382555476449843e-12 6.19187503506528e-14
1408.746826171875 1.6110166586175145e-12 6.840164799417324e-14
1410.423095703125 1.5838233502485366e-12 6.407993206939222e-14
1412.0994873046875 1.5681026355879313e-12 6.334901158677406e-14
1413.77587890625 1.5393901431348667e-12 8.765929189156629e-14
1415.4522705078125 1.4998772623203704e-12 6.778134593969331e-14
1417.128662109375 1.579057956439811e-12 7.001036001496702e-14
1418.8050537109375 1.5592520764134976e-12 6.887208259962079e-14
1420.4814453125 1.5773888271952696e-12 7.097676540002837e-14
1422.1578369140625 1.730273693420492e-12 6.795476336144043e-14
1423.834228515625 1.5520202310825848e-12 7.276868014692406e-14
1425.5106201171875 1.4914933437609745e-12 6.28522003892333e-14
1427.18701171875 1.5669203131188358e-12 6.471700720916795e-14
1428.8634033203125 1.4248361605156967e-12 6.382503852314858e-14
1430.539794921875 1.587937030131381e-12 6.434854177394131e-14
1432.2161865234375 1.5600259799242178e-12 6.322316182072678e-14
1433.892578125 1.4530668335233088e-12 5.950069835126185e-14
1435.5689697265625 1.656955497288115e-12 6.864232638601819e-14
1437.245361328125 1.6524693939590218e-12 6.590585051136545e-14
1438.9217529296875 1.7431668088152552e-12 7.494776409264522e-14
1440.59814453125 1.5397969357899832e-12 7.048255195016732e-14
1442.2745361328125 1.4723444902511873e-12 7.993923906566974e-14
1443.950927734375 1.5145683101777663e-12 6.178555379948356e-14
1445.627197265625 1.5783845584704803e-12 6.709033271184156e-14
1447.3037109375 1.5619626902649286e-12 6.285802686587647e-14
1448.97998046875 1.5376545522971519e-12 6.333297803847177e-14
1450.656494140625 1.4746582861074886e-12 6.126887556380405e-14
1452.332763671875 1.3583200319730593e-12 8.153641163396243e-14
1454.0091552734375 1.4645222968373561e-12 6.064735880155699e-14
1455.685546875 1.4223199441137924e-12 6.124194183410752e-14
1457.3619384765625 1.5136839264656698e-12 8.106288326768987e-14
1459.038330078125 1.3220039212641366e-12 5.6640343625400116e-14
1460.7147216796875 1.3998520224933753e-12 6.36530079458431e-14
1462.39111328125 1.4993294149626135e-12 6.055686496224948e-14
1464.0675048828125 1.4089972678182905e-12 5.865489506724663e-14
1465.743896484375 1.3513250848168346e-12 5.83505656707548e-14
1467.4202880859375 1.4000343852987873e-12 5.7806773402951e-14
1469.0966796875 1.360050310220129e-12 5.6142499229055046e-14
1470.7730712890625 1.2301054272412237e-12 6.326280970227115e-14
1472.449462890625 1.4211258038410168e-12 6.924793792699669e-14
1474.1258544921875 1.2598500801624946e-12 5.505309922541311e-14
1475.80224609375 1.2647052459111019e-12 5.946453026797687e-14
1477.4786376953125 1.3549378632959908e-12 5.688106368516189e-14
1479.155029296875 1.3163610826372185e-12 1.0596055380407057e-13
1480.8314208984375 1.3471827819966364e-12 6.049323160833007e-14
1482.5078125 1.3865718469230348e-12 5.782812308447144e-14
1484.1842041015625 1.4529594975082327e-12 6.068643737789972e-14
1485.860595703125 1.382661780208183e-12 5.730454674275288e-14
1487.536865234375 1.3390187396378206e-12 6.556632327429214e-14
1489.21337890625 1.3148602215698468e-12 5.560571352890285e-14
1490.8896484375 1.3822824178680304e-12 6.393034149951115e-14
1492.566162109375 1.3904209814757928e-12 6.830170619217842e-14
1494.242431640625 1.3092734361952463e-12 6.39647020099259e-14
1495.9188232421875 1.3550167932141477e-12 5.6413467061683606e-14
1497.59521484375 1.4084699118815935e-12 6.716403254740779e-14
1499.2716064453125 1.4137638542494058e-12 5.786992905347369e-14
1500.947998046875 1.355514225170884e-12 5.6467304580873674e-14
1502.6243896484375 1.2508153150389556e-12 5.393671383275406e-14
1504.30078125 1.3094756399004148e-12 6.376994388582523e-14
1505.9771728515625 1.3504081750395636e-12 6.601433908826245e-14
1507.653564453125 1.3691443812025028e-12 5.6103742081059425e-14
1509.3299560546875 1.391201823880417e-12 5.730567586743679e-14
1511.00634765625 1.2378466307527702e-12 6.219020555494218e-14
1512.6827392578125 1.2841496529331087e-12 5.393499645683179e-14
1514.359130859375 1.2700509047225417e-12 5.365295998753194e-14
1516.0355224609375 1.4239140465679978e-12 7.207780325315853e-14
1517.7119140625 1.2439550257925536e-12 6.402886711352759e-14
1519.3883056640625 1.439434075406476e-12 6.689804036428546e-14
1521.064697265625 1.4254038487732101e-12 6.08473739612916e-14
1522.7410888671875 1.3750600050960182e-12 6.313355524619492e-14
1524.41748046875 1.156558789711104e-12 6.3934009753272e-14
1526.0938720703125 1.1040378680715612e-12 5.933845811098507e-14
1527.770263671875 1.361532197749482e-12 8.089107324845372e-14
1529.446533203125 1.259113906887377e-12 5.905440253316207e-14
1531.123046875 1.3067756512302742e-12 5.709905894384699e-14
1532.79931640625 1.4650429307205837e-12 6.696736898676823e-14
1534.475830078125 1.3101264864645579e-12 7.000560364569027e-14
1536.152099609375 1.3042373171040511e-12 5.991252871927418e-14
1537.8284912109375 1.4648658805058168e-12 5.722520166000367e-14
1539.5048828125 1.4252006692860864e-12 5.6377791305575567e-14
1541.1812744140625 1.209928207970834e-12 5.708405881743849e-14
1542.857666015625 1.0591577528223928e-12 5.719674674356575e-14
1544.5340576171875 1.061333204481485e-12 4.9208840034812116e-14
1546.21044921875 9.933260811112454e-13 4.823838025477069e-14
1547.8868408203125 1.014038462573974e-12 6.490789733793067e-14
1549.563232421875 1.2560798755278935e-12 5.380719671961815e-14
1551.2396240234375 1.3655751876506805e-12 5.6135444116038524e-14
1552.916015625 1.5109562906401308e-12 7.65304862756419e-14
1554.5924072265625 1.3918529957052117e-12 5.70918822772079e-14
1556.268798828125 1.4554723528834024e-12 5.602525331687628e-14
1557.9451904296875 1.2717184076638244e-12 6.422404131649886e-14
1559.62158203125 1.3989253548965519e-12 6.795516663419877e-14
1561.2979736328125 1.3766201720222249e-12 6.87381906318637e-14
1562.974365234375 1.4472628824535594e-12 6.563235325844258e-14
1564.650634765625 1.5489961743830882e-12 6.270769647649086e-14
1566.3271484375 1.4883021030864807e-12 6.307944019267402e-14
1568.00341796875 1.2592314344028743e-12 5.232650827825413e-14
1569.679931640625 1.391176561969798e-12 5.286033523171424e-14
1571.356201171875 1.4999165104390144e-12 5.5910847560010675e-14
1573.03271484375 1.390516608107406e-12 6.603877042445581e-14
1574.708984375 1.4256405301074637e-12 5.454002958564846e-14
1576.385498046875 1.4996090307028975e-12 6.369301419208164e-14
1578.061767578125 1.5294798847570457e-12 6.47227563517867e-14
1579.73828125 1.474556371103275e-12 5.4958729486308964e-14
1581.41455078125 1.3796247130826167e-12 6.822986080409779e-14
1583.091064453125 1.4326690875310355e-12 5.865821894589382e-14
1584.767333984375 1.5773573853322675e-12 6.090291668443799e-14
1586.4437255859375 1.4975286635743323e-12 5.4282217830372055e-14
1588.1201171875 1.4657071129714483e-12 5.74096210284311e-14
1589.7965087890625 1.518597855972026e-12 5.610322221279167e-14
1591.472900390625 1.3779827973126046e-12 5.157432700286915e-14
1593.1492919921875 1.5069330332184716e-12 5.412924418909109e-14
1594.82568359375 1.4392223307221896e-12 5.325207296189444e-14
1596.5020751953125 1.5522957268546134e-12 7.413819663332254e-14
1598.178466796875 1.4991421732474253e-12 6.328321683706265e-14
1599.8548583984375 1.536601141466365e-12 5.790019261297024e-14
1601.53125 1.266843184175026e-12 6.8032938515006e-14
1603.2076416015625 1.458437971085802e-12 6.36401837205888e-14
1604.884033203125 1.3939955960384776e-12 5.0018106761286176e-14
1606.560302734375 1.270854515372788e-12 5.3706200803911104e-14
1608.23681640625 1.3790868403848466e-12 6.626586581898144e-14
1609.9130859375 1.396277191090256e-12 5.613114893063285e-14
1611.589599609375 1.3094038657165963e-12 4.7337997161219836e-14
1613.265869140625 1.3846701563124952e-12 4.903398901790197e-14
1614.9423828125 1.4716698996594668e-12 6.458498081278486e-14
1616.61865234375 1.3898630510378318e-12 5.5570512069698044e-14
1618.295166015625 1.4340258581296839e-12 5.198542672745986e-14
1619.971435546875 1.509669993182694e-12 5.727818270237356e-14
1621.64794921875 1.4717398306995921e-12 5.880685919513293e-14
1623.32421875 1.5228035846193144e-12 5.845426019080804e-14
1625.000732421875 1.4984315871435783e-12 5.055459506948076e-14
1626.677001953125 1.3678560237609383e-12 6.580157044137047e-14
1628.3533935546875 1.4246617123861438e-12 7.751574038123914e-14
1630.02978515625 1.3616974301605689e-12 6.21817135779117e-14
1631.7061767578125 1.5692233753736295e-12 6.123710780015267e-14
1633.382568359375 1.5089613586427575e-12 8.115974120798065e-14
1635.0589599609375 1.5037855943117462e-12 6.200314877904966e-14
1636.7353515625 1.5922972575882488e-12 5.859535865675384e-14
1638.4117431640625 1.4986588359189312e-12 8.190298024561286e-14
1640.088134765625 1.606368575483852e-12 5.028819234229757e-14
1641.7645263671875 1.5035119416834108e-12 5.856587894109832e-14
1643.44091796875 1.325789521569587e-12 4.5712396615123586e-14
1645.1173095703125 1.3441205613806684e-12 4.538660400715497e-14
1646.793701171875 1.4596325450394465e-12 4.770768677123462e-14
1648.469970703125 1.4608562840315309e-12 5.4827093778993604e-14
1650.146484375 1.3607383449187882e-12 4.4585933554594084e-14
1651.82275390625 1.3990703127270132e-12 4.5785385665788656e-14
1653.499267578125 1.4262694757877226e-12 4.611086934323951e-14
1655.175537109375 1.3767549383522648e-12 4.4841980629968534e-14
1656.85205078125 1.321378553451047e-12 4.583291801033131e-14
1658.5283203125 1.4029372281954e-12 4.5856353337060045e-14
1660.204833984375 1.5342490732733749e-12 4.619893802088266e-14
1661.881103515625 1.3946068692233249e-12 4.50484750657241e-14
1663.5576171875 1.431094609136152e-12 4.596342282272123e-14
1665.23388671875 1.4172771029691278e-12 4.5420514926959015e-14
1666.910400390625 1.2236969250400964e-12 7.374827856909255e-14
1668.586669921875 1.270696221855605e-12 5.175533963959669e-14
1670.2630615234375 1.0845963883954202e-12 4.4264389272672306e-14
1671.939453125 1.2874925734915332e-12 4.1842696396899646e-14
1673.6158447265625 1.4247819504070725e-12 4.3743779600604406e-14
1675.292236328125 1.4810541031431979e-12 4.5795182035933625e-14
1676.9686279296875 1.5505604612775503e-12 4.57290562245349e-14
1678.64501953125 1.5580347342142309e-12 5.124982007273341e-14
1680.3214111328125 1.4283244725854516e-12 4.21530164139091e-14
1681.997802734375 1.459145955104435e-12 4.2192050123555154e-14
1683.6741943359375 1.3844845409005657e-12 4.2391232129617946e-14
1685.3505859375 1.4724768713364478e-12 4.337561976550754e-14
1687.0269775390625 1.5200577341972776e-12 4.771004729010995e-14
1688.703369140625 1.5502045177043233e-12 4.342181190791106e-14
1690.379638671875 1.5234997508342674e-12 4.268698576549414e-14
1692.05615234375 1.5094058815334765e-12 4.228001143325709e-14
1693.732421875 1.460302365141608e-12 5.1262891719591166e-14
1695.408935546875 1.4748911727341385e-12 4.1214063060607826e-14
1697.085205078125 1.500877330404271e-12 5.1701397904381315e-14
1698.76171875 1.530984106851152e-12 4.5577469276175086e-14
1700.43798828125 1.6362272864736682e-12 5.008607308332299e-14
1702.114501953125 1.4907278970271998e-12 4.0836760019966255e-14
1703.790771484375 1.446362777809962e-12 4.347995211089135e-14
1705.46728515625 1.489322120490355e-12 4.00663473777262e-14
1707.1435546875 1.4275636879210185e-12 3.949924595376262e-14
1708.820068359375 1.4683347853566842e-12 3.972973766884273e-14
1710.496337890625 1.4355720388478654e-12 3.834932839498855e-14
1712.1727294921875 1.418866326513557e-12 3.8143528698066175e-14
1713.84912109375 1.369790023596218e-12 4.187541266370629e-14
1715.5255126953125 1.4032830886884229e-12 6.363003924657275e-14
1717.201904296875 1.6074151558409522e-12 4.10564888892332e-14
1718.8782958984375 1.668477530615553e-12 4.726088921822972e-14
1720.5546875 1.5244719549223351e-12 4.191517757657538e-14
1722.2310791015625 1.5506699656969714e-12 4.036303105843048e-14
1723.907470703125 1.5279247051608325e-12 3.7836764293596694e-14
1725.5838623046875 1.4957898201301e-12 3.780531743888775e-14
1727.26025390625 1.5057284846048402e-12 3.789826952513194e-14
1728.9366455078125 1.4489799334341247e-12 3.6962933264683574e-14
1730.613037109375 1.4494178426915916e-12 3.687340562620683e-14
1732.289306640625 1.4426146908996795e-12 3.6163981628112803e-14
1733.9658203125 1.4622864551172565e-12 3.674851503617572e-14
1735.64208984375 1.5732563906148411e-12 3.7831991400083256e-14
1737.318603515625 1.6057663011770362e-12 3.865394944165234e-14
1738.994873046875 1.5034168571528839e-12 3.695075477822189e-14
1740.67138671875 1.4599157386468997e-12 3.515176659999771e-14
1742.34765625 1.474860815073309e-12 3.540803048374119e-14
1744.024169921875 1.488449229321287e-12 3.503325704058237e-14
1745.700439453125 1.473914740257598e-12 3.5674772481490764e-14
1747.376953125 1.49928778159919e-12 3.51214745922231e-14
1749.05322265625 1.4004984238286111e-12 3.357642054419725e-14
1750.729736328125 1.4555800141591302e-12 3.719263910534523e-14
1752.406005859375 1.4630759711392605e-12 3.3792081929095634e-14
1754.0823974609375 1.5104475829808006e-12 3.418587337192128e-14
1755.7587890625 1.4549099772165341e-12 3.3588335715106344e-14
1757.4351806640625 1.536365652754501e-12 3.444528474920801e-14
1759.111572265625 1.5081308597786336e-12 3.805332741251785e-14
1760.7879638671875 1.4096176483013867e-12 3.2540168470301795e-14
1762.46435546875 1.4021496637373065e-12 3.8310235566514765e-14
1764.1407470703125 1.3747546937642463e-12 3.2347253111634905e-14
1765.817138671875 1.3528043702609738e-12 3.14141042635796e-14
1767.4935302734375 1.3843309094527245e-12 3.157931102266437e-14
1769.169921875 1.4343999078791914e-12 3.188046718173637e-14
1770.8463134765625 1.3739159549636115e-12 3.089533872362906e-14
1772.522705078125 1.4147682591419963e-12 3.545670454359952e-14
1774.198974609375 1.3248263163595508e-12 3.006826839607311e-14
1775.87548828125 1.355044006688677e-12 3.465672330357673e-14
1777.5517578125 1.39628846679285e-12 3.06874474703562e-14
1779.228271484375 1.2845987294729522e-12 2.938133752872304e-14
1780.904541015625 1.2992606122919081e-12 3.043859770890728e-14
1782.5810546875 1.4214590875888389e-12 3.047033901098505e-14
1784.25732421875 1.4047788540055839e-12 3.176635711802125e-14
1785.933837890625 1.4039146364538957e-12 2.970035834757681e-14
1787.610107421875 1.3795817786765863e-12 2.930194078341553e-14
1789.28662109375 1.3045411105527815e-12 2.93825962370517e-14
1790.962890625 1.285371223520848e-12 2.937146286921214e-14
1792.639404296875 1.3165398675754614e-12 5.87665766743628e-14
1794.315673828125 1.3047862486639805e-12 5.826110129275933e-14
1795.9920654296875 1.3249682384239292e-12 3.2936084529502335e-14
1797.66845703125 1.2775169377227114e-12 3.974491624001916e-14
1799.3448486328125 1.3612258022155377e-12 3.013565246826679e-14
1801.021240234375 1.289738498291837e-12 3.3122426043286736e-14
1802.6976318359375 1.2276659723531314e-12 2.6694435775394874e-14
1804.3740234375 1.246995996045941e-12 2.6853148870755972e-14
1806.0504150390625 1.1913407543459598e-12 2.637373826324008e-14
1807.726806640625 1.1771660035631015e-12 2.622038918599483e-14
1809.4031982421875 1.259916975436537e-12 2.6972391656235224e-14
1811.07958984375 1.2856183131959575e-12 3.6678392704437075e-14
1812.7559814453125 1.278913064860221e-12 2.691350436725223e-14
1814.432373046875 1.2354671322448163e-12 2.64026639933232e-14
1816.108642578125 1.2545750029124836e-12 2.6359756352357087e-14
1817.78515625 1.2326168731535692e-12 2.612244711093915e-14
1819.46142578125 1.2078808005883124e-12 2.5705246475098816e-14
1821.137939453125 1.2552506777063765e-12 2.7056169097118912e-14
1822.814208984375 1.2954702414968988e-12 2.6621408797637324e-14
1824.49072265625 1.2748199848186537e-12 2.6270543618386866e-14
1826.1669921875 1.2733655276042644e-12 2.7811982395614173e-14
1827.843505859375 1.2628179751894564e-12 2.6338701850628126e-14
1829.519775390625 1.2939705730519169e-12 2.6286724746301898e-14
1831.1962890625 1.2483516824424168e-12 2.6201961422883676e-14
1832.87255859375 1.3285238794485954e-12 2.612107202721279e-14
1834.549072265625 1.2935392774277021e-12 2.590402393854019e-14
1836.225341796875 1.2540281313366819e-12 2.509044428491801e-14
1837.9017333984375 1.2371742085653947e-12 2.4782999327411994e-14
1839.578125 1.2478451431874316e-12 2.4885823115558463e-14
1841.2545166015625 1.2945337076603058e-12 2.8004027454915616e-14
1842.930908203125 1.2670650119395166e-12 2.509320707517885e-14
1844.6072998046875 1.2893510044353906e-12 2.525799447326599e-14
1846.28369140625 1.2935284354059773e-12 2.492999563371452e-14
1847.9600830078125 1.2075418789891934e-12 2.4074295663511363e-14
1849.636474609375 1.1645347229929937e-12 2.3773817238751833e-14
1851.3128662109375 1.2130548301958477e-12 2.451102274901598e-14
1852.9892578125 1.1672403495144312e-12 2.4147419015995718e-14
1854.6656494140625 1.208500964230974e-12 2.4433003233370143e-14
1856.342041015625 1.2287508250469203e-12 2.4500552653730725e-14
1858.018310546875 1.2422200854761423e-12 2.44796243098337e-14
1859.69482421875 1.304241220231872e-12 2.508263948778197e-14
1861.37109375 1.2732974397078323e-12 2.467952555177038e-14
1863.047607421875 1.2851805123587079e-12 2.4696666837855206e-14
1864.723876953125 1.337492182978961e-12 2.5122171298539268e-14
1866.400390625 1.2640515804213104e-12 2.4588563769040787e-14
1868.07666015625 1.2881156644800607e-12 2.474164046069007e-14
1869.753173828125 1.3166501309364032e-12 2.4958281693019974e-14
1871.429443359375 1.3270612907179125e-12 2.519376395538393e-14
1873.10595703125 1.3334628540251359e-12 2.518214669909975e-14
1874.7822265625 1.30169811561609e-12 2.4877895974245992e-14
1876.458740234375 1.2965975949158492e-12 2.4663768568057156e-14
1878.135009765625 1.2698055497709082e-12 2.445566874974549e-14
1879.8114013671875 1.2986113920310238e-12 2.4960874793480688e-14
1881.48779296875 1.321633340961581e-12 2.4772618231588237e-14
1883.1641845703125 1.3107087030311826e-12 2.4662482296279357e-14
1884.840576171875 1.260117227577795e-12 2.4231063119607724e-14
1886.5169677734375 1.2996407335735816e-12 2.459793947558812e-14
1888.193359375 1.2822955587979412e-12 2.6789829157044988e-14
1889.8697509765625 1.2680006784143716e-12 2.4210111669428494e-14
1891.546142578125 1.2619861752827255e-12 2.407341367208109e-14
1893.2225341796875 1.2810789755401952e-12 2.4219609963252588e-14
1894.89892578125 1.2878591422460506e-12 2.429328007686096e-14
1896.5753173828125 1.2676485295487483e-12 2.4058116318235733e-14
1898.251708984375 1.2525711804572959e-12 2.3950245807065718e-14
1899.927978515625 1.2896222718189465e-12 2.4120874823945153e-14
1901.6044921875 1.2437579178375957e-12 2.3629853127555366e-14
1903.28076171875 1.2399328525730668e-12 2.3490262169857422e-14
1904.957275390625 1.2933337126957989e-12 2.3781287569787052e-14
1906.633544921875 1.2839490755311989e-12 2.376392348806495e-14
1908.31005859375 1.2762445180530824e-12 2.368790682946064e-14
1909.986328125 1.3075046687710534e-12 2.390489072089551e-14
1911.662841796875 1.301388359055411e-12 2.398364981313485e-14
1913.339111328125 1.3481094495934598e-12 2.431181482925282e-14
1915.015625 1.2951263325677864e-12 2.402920183241907e-14
1916.69189453125 1.2974961816764052e-12 2.3969617103926155e-14
1918.368408203125 1.3217586747327204e-12 2.4192928892567443e-14
1920.044677734375 1.3047681424877e-12 2.4710118904961172e-14
1921.7210693359375 1.3176731841063605e-12 2.4186739206885562e-14
1923.3974609375 1.2978653525161366e-12 2.5974082491826147e-14
1925.0738525390625 1.2474075591906164e-12 2.6260363671432908e-14
1926.750244140625 1.2801099156384277e-12 2.62837068555125e-14
1928.4266357421875 1.2801814729818117e-12 2.4101702067105134e-14
1930.10302734375 1.2433236948675153e-12 2.3541261023449275e-14
1931.7794189453125 1.2723349934393169e-12 2.319039079241111e-14
1933.455810546875 1.2659363574779592e-12 2.310428231783776e-14
1935.1322021484375 1.3181024197464475e-12 2.3464434908433196e-14
1936.80859375 1.3161263528668754e-12 2.3349811225131892e-14
1938.4849853515625 1.2693639542260549e-12 2.29246143186392e-14
1940.161376953125 1.2615441460570032e-12 2.283366490453211e-14
1941.837646484375 1.2499227998105655e-12 2.277176152626898e-14
1943.51416015625 1.2366173623296062e-12 2.262733098628277e-14
1945.1904296875 1.2320345481667272e-12 2.2293678270633074e-14
1946.866943359375 1.2114905433013856e-12 2.189300728981086e-14
1948.543212890625 1.2066035020089072e-12 2.15959085406122e-14
1950.2197265625 1.2141362134426847e-12 2.1922371136122504e-14
1951.89599609375 1.2448165328388106e-12 2.199650700595804e-14
1953.572509765625 1.3086518630897603e-12 2.7894903977258225e-14
1955.248779296875 1.2957072480918042e-12 2.2498774050439336e-14
1956.92529296875 1.2927848895560867e-12 2.2324007987037773e-14
1958.6015625 1.2938413361529566e-12 2.2325149743390758e-14
1960.278076171875 1.23801489892994e-12 2.155635246550899e-14
1961.954345703125 1.214868266749547e-12 2.1312597506557115e-14
1963.6307373046875 1.218421197268782e-12 2.1508487626219602e-14
1965.30712890625 1.2757468692559115e-12 2.2014075720380825e-14
1966.9835205078125 1.3089778826830267e-12 2.2197689834063445e-14
1968.659912109375 1.2677240984401705e-12 2.2057255885090533e-14
1970.3363037109375 1.2668559777606614e-12 2.1811212788435173e-14
1972.0126953125 1.2308107007544256e-12 2.1543555363704077e-14
1973.6890869140625 1.2022584533824543e-12 2.129515380288634e-14
1975.365478515625 1.1882621622771872e-12 2.1194336519342526e-14
1977.0418701171875 1.1993371790489094e-12 2.143573814820952e-14
1978.71826171875 1.1933167128053146e-12 2.161612342838474e-14
