wavelength flux error
1582.0151860722813 -4.5053100063556584e-14 3.8436052104229215e-14
1583.5586658076727 9.7587731989217e-15 2.3299650161474118e-14
1585.1021545013832 7.524858945782996e-15 1.632680135411983e-14
1586.6456521535672 -1.555691639150147e-15 1.2328281434173511e-14
1588.1891587643818 1.0041524913997605e-14 1.0591552513535261e-14
1589.7326743339825 -1.40578989313221e-14 8.008393912736768e-15
1591.276198862525 -6.863791839283059e-15 7.125386892467471e-15
1592.819732350166 1.06269177233001e-14 6.826058172627474e-15
1594.3632747970614 5.508481605272585e-15 5.904012730585799e-15
1595.9068262033663 5.871908416475637e-15 5.2757633421783784e-15
1597.450386569238 1.022420388192413e-15 4.398201959613901e-15
1598.9939558948317 4.094494132105875e-15 4.1291085351749276e-15
1600.5375341803035 5.9818560692767964e-15 3.755363339019091e-15
1602.0811214258097 -5.5128839266296084e-17 3.1150869506935496e-15
1603.6247176315062 -1.4938622083288406e-15 2.771755275004948e-15
1605.168322797549 7.669037611834783e-16 2.5844055571376337e-15
1606.7119369240943 3.649800021090659e-15 2.4773531428507312e-15
1608.255560011298 -4.42004324038355e-15 1.984015634503804e-15
1609.7991920593163 -1.5348279581208163e-15 1.9254604709143224e-15
1611.3428330683048 -1.952948432208568e-15 1.730116803504551e-15
1612.88648303842 2.8671016258332624e-16 1.6483551911821411e-15
1614.4301419698177 -1.7493919641123956e-16 1.535629422229737e-15
1615.9738098626544 2.982236029643729e-18 1.4431033462215826e-15
1617.517486717086 7.325828224912762e-16 1.3706321843700462e-15
1619.0611725332683 1.8108904813473196e-15 1.2965114252667744e-15
1620.6048673113576 -1.231032693499146e-16 1.1738577554985466e-15
1622.1485710515099 -1.2910408474926439e-15 1.047791498559488e-15
1623.6922837538814 6.581960504208351e-16 1.0658150842270916e-15
1625.2360054186279 -2.1609214545767327e-16 9.65183734832129e-16
1626.7797360459062 5.446675654875603e-16 9.582698361377326e-16
1628.3234756358715 1.2616440932157702e-16 8.811087380849434e-16
1629.8672241886807 2.0824599562148145e-16 8.343817135208909e-16
1631.4109817044896 -1.7073645161230245e-16 7.895186577863218e-16
1632.9547481834538 -1.2147921521450928e-15 7.068116477139776e-16
1634.4985236257303 -2.592785982641189e-16 7.077358960354351e-16
1636.0423080314747 -3.7853750005319796e-16 6.861097762117085e-16
1637.5861014008435 9.791462547426633e-16 7.00053191919718e-16
1639.1299037339923 8.421916341599084e-16 6.683121470257553e-16
1640.673715031078 -6.757677278174693e-16 5.89732650726471e-16
1642.2175352922557 8.904362938798173e-16 6.282946828649628e-16
1643.7613645176825 -4.2986155509997576e-17 5.645635557001949e-16
1645.3052027075141 -6.157023713443395e-16 5.233302058202282e-16
1646.849049861907 1.0002397334067085e-15 5.768455945093881e-16
1648.392905981017 8.776740776818186e-16 5.477465265303399e-16
1649.9367710650006 -2.6261499584368253e-16 4.953307083698901e-16
1651.4806451140132 3.5247663444150056e-17 4.887775728484186e-16
1653.024528128212 -4.313313533656859e-16 4.566929743619411e-16
1654.5684201077527 3.4964749555823237e-16 4.730084722358423e-16
1656.1123210527915 6.073806593062752e-16 4.665851427440884e-16
1657.6562309634842 6.652028252634313e-16 4.594882336385552e-16
1659.2001498399882 4.503198732638669e-16 4.471233046914847e-16
1660.7440776824583 3.506470420119669e-16 4.325681739200116e-16
1662.2880144910514 -2.691580637104827e-16 3.9496255742293326e-16
1663.8319602659242 3.3848390901853394e-16 4.077535565358506e-16
1665.3759150072317 2.318372554467248e-16 3.991369149458969e-16
1666.9198787151308 -6.691945434625879e-17 3.78821325000377e-16
1668.4638513897778 -2.09011500588286e-16 3.645443849287402e-16
1670.0078330313288 6.933386359575197e-17 3.69207606315606e-16
1671.55182363994 -1.76022904169422e-17 3.5635979471376544e-16
1673.0958232157677 8.827841236608452e-17 3.563955372513692e-16
1674.6398317589685 8.742698687244542e-17 3.512217998554392e-16
1676.1838492696977 1.4481755992140754e-16 3.4688235332439993e-16
1677.7278757481124 -3.978163000429668e-16 3.1355671650978384e-16
1679.2719111943688 -1.7839093169861963e-16 3.1932475251618906e-16
1680.8159556086225 2.1810689132049483e-16 3.269789523090265e-16
1682.3600089910306 3.536941575863798e-16 3.306843804116377e-16
1683.9040713417487 -8.640687710867621e-17 3.0748717742040764e-16
1685.4481426609332 -1.1962280108035556e-16 3.0049820773997206e-16
1686.992222948741 4.7946075248529974e-18 3.0014756072217845e-16
1688.5363122053275 2.3146860574353867e-16 3.0987194773311263e-16
1690.0804104308497 2.545733828607911e-16 3.0007243077268454e-16
1691.6245176254629 2.2688921621579387e-16 2.9583678035488005e-16
1693.1686337893248 -2.671952218802534e-16 2.743189852450471e-16
1694.7127589225909 1.3004394671842898e-17 2.793969498532965e-16
1696.2568930254174 -2.1434306473204785e-16 2.637935445813919e-16
1697.8010360979608 3.0066210113334054e-16 2.793715199347835e-16
1699.3451881403778 1.0873342580792799e-16 2.6944456075781643e-16
1700.8893491528238 3.995241910685987e-16 2.8033883097979995e-16
1702.4335191354558 6.950925067338341e-17 2.6087889749548817e-16
1703.97769808843 -7.661304034023495e-17 2.562739517153697e-16
1705.5218860119028 2.6853727727490933e-17 2.564406155444731e-16
1707.0660829060303 2.3048237575194514e-16 2.601414955585077e-16
1708.610288770969 -4.1755097634379245e-17 2.4694480025404955e-16
1710.1545036068753 8.355875852222063e-17 2.493513119288118e-16
1711.6987274139055 5.044983254691879e-17 2.4264765080475023e-16
1713.2429601922158 1.8583455446465392e-16 2.497120437487023e-16
1714.787201941963 -4.351399288339796e-17 2.3732004585979796e-16
1716.331452663303 -2.243239504887183e-16 2.240145692685681e-16
1717.8757123563926 -4.7149741951195696e-17 2.271217921660625e-16
1719.4199810213872 -4.477297497297357e-17 2.281016093743687e-16
1720.9642586584446 1.385658815376526e-16 2.288912278119942e-16
1722.5085452677201 -1.4798362337442225e-17 2.2110963423001708e-16
1724.0528408493703 4.1340596166761506e-16 2.353304324596054e-16
1725.597145403552 4.955415526746073e-16 2.393775631799152e-16
1727.1414589304215 1.0705914595615378e-16 2.2041361444773224e-16
1728.6857814301347 1.907007578478329e-16 2.1970021550889342e-16
1730.2301129028485 1.9736971835925352e-16 2.1882075219691748e-16
1731.7744533487194 3.047912790435768e-16 2.2201328420491822e-16
1733.3188027679034 3.0693903137019084e-16 2.1949472886102552e-16
1734.8631611605572 3.3543872894680286e-16 2.1726402117397054e-16
1736.4075285268368 5.1908580689821205e-17 2.0515934555428104e-16
1737.9519048668992 2.3171108906591347e-16 2.0762285364204484e-16
1739.4962901809004 -1.176347262234505e-16 1.9252704996778926e-16
1741.0406844689971 -6.278522601088851e-17 1.9285602690298434e-16
1742.5850877313455 1.1027592515265084e-16 1.9595388335331434e-16
1744.1294999681022 1.095291836127781e-16 1.9513640552426927e-16
1745.673921179424 1.3200485919984388e-16 1.9778283051522275e-16
1747.2183513654666 2.8164603037612955e-16 1.9949534785446593e-16
1748.762790526387 4.656962767030112e-16 2.0490086188595827e-16
1750.3072386623417 2.2931361304332633e-16 1.927239064475614e-16
1751.851695773487 4.862996094079367e-16 1.996376857669747e-16
1753.3961618599792 3.476563060878187e-16 1.9405732051683734e-16
1754.940636921975 2.833243721886313e-16 1.8950115104258134e-16
1756.485120959631 3.3213637077986155e-16 1.8879412567737457e-16
1758.0296139731033 2.4441636819830086e-16 1.8604718386644053e-16
1759.5741159625486 2.6761681551844637e-16 1.824207011102579e-16
1761.1186269281236 3.2292197335040583e-16 1.829549568388736e-16
1762.6631468699845 2.765419216689323e-16 1.8172520017877148e-16
1764.2076757882878 2.1688336147844364e-16 1.762325207922836e-16
1765.7522136831906 4.166288647463264e-16 1.8348810966060341e-16
1767.296760554848 3.643143735617844e-16 1.7905758720974438e-16
1768.8413164034182 4.846484928960348e-16 1.8200075813951562e-16
1770.3858812290566 6.51521654590838e-16 1.894861345441951e-16
1771.9304550319205 4.861530389558021e-16 1.7781439752142763e-16
1773.475037812166 3.647687192539517e-16 1.7420041095427594e-16
1775.0196295699495 3.0305164397495854e-16 1.728128387971582e-16
1776.5642303054276 1.6488472202152176e-16 1.6018123693608201e-16
1778.108840018757 1.3261629122542713e-16 1.61685668066769e-16
1779.6534587100944 2.9035888003390312e-16 1.6396561543934881e-16
1781.198086379596 2.5006715159651037e-16 1.6406342554100354e-16
1782.7427230274188 9.701737012698935e-17 1.5656462557898106e-16
1784.2873686537187 3.309423508840569e-16 1.6396813687035166e-16
1785.832023258653 -5.0816202811818706e-17 1.4878392468261728e-16
1787.3766868423777 7.641753815351829e-17 1.5269982340783504e-16
1788.9213594050498 1.4862608987461537e-17 1.4740494108351725e-16
1790.4660409468254 3.605425676142281e-17 1.4737650304264487e-16
1792.0107314678617 2.1755812596576254e-16 1.5326866641259485e-16
1793.5554309683148 1.9247148022217696e-16 1.5445403453967204e-16
1795.1001394483415 2.23103988017527e-16 1.5013363482958336e-16
1796.6448569080985 1.2626920948950255e-17 1.4121569462587023e-16
1798.189583347742 1.4343013763537679e-16 1.4673626740394906e-16
1799.734318767429 8.482536090107436e-17 1.4044491029917205e-16
1801.2790631673163 9.69403821200266e-17 1.4192797428282325e-16
1802.8238165475598 2.6391576295209888e-17 1.3702658542748452e-16
1804.3685789083165 5.468189728765091e-17 1.3799505778840494e-16
1805.9133502497434 6.312211441675014e-17 1.3719102234783108e-16
1807.4581305719971 2.5439264969306196e-16 1.4310683350986616e-16
1809.0029198752334 3.3977767051544896e-16 1.4825306911660066e-16
1810.5477181596093 6.809157580053615e-17 1.333896690969947e-16
1812.092525425282 2.4475795455773404e-16 1.3919305818793975e-16
1813.6373416724077 1.764819890746874e-16 1.3705505636551996e-16
1815.1821669011433 1.1065308892323469e-17 1.2791616662859428e-16
1816.727001111645 3.146616925109885e-16 1.3844161233603829e-16
1818.27184430407 2.558134014542025e-16 1.382278248676435e-16
1819.8166964785746 6.908647730240871e-17 1.272221133509354e-16
1821.3615576353156 -6.71212860219052e-17 1.2135248537792207e-16
1822.9064277744496 1.0023917438944026e-16 1.2781182179042873e-16
1824.4513068961337 1.0998448494817053e-16 1.2705794712284685e-16
1825.9961950005243 1.1092216756006826e-16 1.2562987776646164e-16
1827.5410920877778 1.9876017198196034e-16 1.2823661134531662e-16
1829.0859981580509 2.6651205421962585e-16 1.2934661730464655e-16
1830.6309132115007 2.0413788316208488e-16 1.274750137172598e-16
1832.1758372482836 5.797594487864879e-17 1.2032954620645232e-16
1833.7207702685569 1.6729937884335182e-16 1.230486813782812e-16
1835.2657122724768 2.29406020885843e-17 1.1692720439804982e-16
1836.8106632601998 4.275701746147949e-18 1.173161312492928e-16
1838.3556232318829 -1.983600964599254e-18 1.1495257722548213e-16
1839.9005921876828 -5.7426913914550534e-18 1.1418937722284045e-16
1841.4455701277568 5.964405692028249e-17 1.1632890779281263e-16
1842.9905570522603 1.065500814134794e-16 1.1485431089928294e-16
1844.5355529613516 9.710405502490688e-17 1.1606218629461305e-16
1846.0805578551865 1.6033424921810122e-16 1.1854746789333333e-16
1847.6255717339218 1.5828544045851582e-16 1.1687237120340293e-16
1849.1705945977144 2.5990826449450216e-16 1.207382579214626e-16
1850.715626446721 1.316120696228665e-16 1.130576027726555e-16
1852.2606672810987 9.263493409262405e-18 1.086573183708148e-16
1853.8057171010037 6.274630745633965e-17 1.0970161170363045e-16
1855.3507759065933 9.15930253690103e-17 1.1077666108467136e-16
1856.8958436980238 1.159189231353621e-16 1.1141558157895894e-16
1858.4409204754525 3.054147226715044e-16 1.1887180089958083e-16
1859.986006239036 2.0976850378937922e-16 1.1390718126306827e-16
1861.5311009889308 3.071506544468853e-16 1.1571920496441797e-16
1863.076204725294 1.925781956764175e-16 1.111111547795736e-16
1864.621317448282 1.2943372639688547e-16 1.0881206223418893e-16
1866.1664391580525 2.552353908376345e-16 1.1208875626697073e-16
1867.7115698547611 2.462837779656242e-16 1.1235201393303387e-16
1869.2567095385657 1.0293351591376136e-16 1.0668872029144573e-16
1870.8018582096224 2.628179897922278e-16 1.1111424410748982e-16
1872.3470158680882 3.8741717164084696e-16 1.169976643591321e-16
1873.8921825141203 3.112183034878758e-16 1.123512658116187e-16
1875.4373581478753 6.726910920181638e-17 1.0153947174819844e-16
1876.9825427695098 2.5394977813484573e-16 1.0850888353655558e-16
1878.5277363791809 5.713821391726618e-16 1.182297750396528e-16
1880.0729389770454 5.360079894885885e-16 1.172576589544849e-16
1881.61815056326 5.915054575876932e-16 1.1856531826100783e-16
1883.1633711379816 5.59113104849619e-16 1.1692899642379707e-16
1884.7086007013675 4.2044463052309247e-16 1.1280743632370253e-16
1886.253839253574 3.5328608527144347e-16 1.1017300421441135e-16
1887.799086794758 4.927091323174438e-16 1.1371884664025803e-16
1889.3443433250766 3.643954954475099e-16 1.0781220564197325e-16
1890.8896088446868 2.6749515030533576e-16 1.0522276804530239e-16
1892.4348833537456 3.649607751221369e-16 1.082029094789474e-16
1893.9801668524092 3.1135877669287057e-16 1.052297591726754e-16
1895.5254593408347 4.2562141374153345e-16 1.0895318305948232e-16
1897.0707608191797 3.8420091294464864e-16 1.0696049914295923e-16
1898.6160712876 2.8389878893873207e-16 1.034377964596153e-16
1900.1613907462536 4.928034990558588e-16 1.0994177893076106e-16
1901.7067191952965 4.932964136948805e-16 1.0822870709578983e-16
1903.2520566348865 1.519960159950212e-16 9.646926795850874e-17
1904.7974030651797 2.1592454585332845e-16 9.781058018345363e-17
1906.3427584863337 2.1176216480391064e-16 9.767728285375126e-17
1907.8881228985044 2.1525952538895061e-16 9.719244190126818e-17
1909.4334963018503 3.3228322662417113e-16 1.0021521403225871e-16
1910.9788786965269 4.249250618965064e-16 1.0463990766452168e-16
1912.5242700826918 3.302419846772288e-16 9.995636084220928e-17
1914.069670460502 1.8678150607815106e-16 9.403635044478381e-17
1915.6150798301142 1.8410965618832578e-16 9.40891581018943e-17
1917.1604981916857 3.4755361486701564e-16 1.0091365564277922e-16
1918.705925545373 4.759595883279395e-16 1.030328768858872e-16
1920.2513618913333 4.2084170267666115e-16 1.0059881406583052e-16
1921.7968072297235 3.4858688509822785e-16 9.75852814647699e-17
1923.3422615607005 5.459547246581383e-16 1.0455092570801352e-16
1924.8877248844217 3.278374640299176e-16 9.666501035771684e-17
1926.4331972010439 3.622557980883952e-16 9.74281086229263e-17
1927.9786785107237 1.732910757473296e-16 9.052580933710813e-17
1929.5241688136186 8.877680659431302e-17 8.676268715533293e-17
1931.0696681098855 2.526318539098349e-16 9.150568148767757e-17
1932.615176399681 2.5331623396851144e-16 9.210753369445658e-17
1934.1606936831622 2.5101456539924016e-16 9.148573801312942e-17
1935.7062199604866 2.0065572155107468e-16 8.986626357521221e-17
1937.2517552318109 3.0021650851386436e-16 9.338207499921152e-17
1938.7972994972922 2.1695282814491863e-16 8.933634408898314e-17
1940.3428527570873 1.0294022088461786e-16 8.31896771907148e-17
1941.8884150113536 9.885564951902545e-17 8.330042770759133e-17
1943.4339862602474 1.3525229413719715e-16 8.532225053476018e-17
1944.9795665039267 1.6467573623355123e-17 7.970401750707348e-17
1946.5251557425481 7.229564917431808e-17 8.27320736536553e-17
1948.0707539762686 5.765109435536866e-17 7.970417807565444e-17
1949.616361205245 2.0502680059863847e-16 8.499911002805395e-17
1951.1619774296353 7.769790612996838e-17 8.059214598567941e-17
1952.7076026495954 1.1653758090071303e-16 8.104796046578511e-17
1954.253236865283 1.8499506453609447e-17 7.778387843752215e-17
1955.7988800768553 8.696029424441652e-18 7.708624031035203e-17
1957.3445322844686 -5.181873337896406e-17 7.456286403281053e-17
1958.8901934882808 9.788650784734866e-17 8.057938622216086e-17
1960.4358636884488 1.0174713578239942e-16 7.932843542055172e-17
1961.9815428851296 2.4089517097051915e-17 7.549122746121416e-17
1963.52723107848 9.475103804609204e-17 7.819365795926947e-17
1965.0729282686577 6.99879529968059e-17 7.742395254471676e-17
1966.6186344558193 4.3363592961759876e-17 7.52237422902826e-17
1968.1643496401225 -9.522904012769715e-17 7.018143539557767e-17
1969.7100738217234 1.6644802047987504e-16 7.994021821349668e-17
1971.2558070007801 3.280100345869591e-17 7.430871798919707e-17
1972.8015491774488 1.498210692128811e-16 7.945967955247538e-17
1974.3473003518877 3.995839299928337e-17 7.286937683030308e-17
1975.8930605242533 4.728701582905209e-17 7.384167040424854e-17
1977.438829694703 8.698434708825013e-17 7.523083696094524e-17
1978.9846078633934 9.991381186206444e-17 7.488717815186463e-17
1980.5303950304822 1.3169205576014122e-16 7.692620277386851e-17
1982.0761911961263 2.0322567951094414e-17 7.172075385174482e-17
1983.6219963604829 3.808269296362253e-17 7.23295402083375e-17
1985.167810523709 4.782855692029414e-17 7.184437393779633e-17
1986.7136336859623 5.691401686122229e-17 7.206804240402597e-17
1988.2594658473993 9.538422016606206e-17 7.272023289965844e-17
1989.8053070081774 4.0187429600176876e-17 7.037072889229058e-17
1991.351157168454 5.650283855453992e-17 7.047260295698905e-17
1992.8970163283864 8.857612913381854e-17 7.135914262716399e-17
1994.442884488131 1.0648872828324762e-16 7.198459246948114e-17
1995.9887616478456 3.5069456242491026e-17 6.863705182614855e-17
1997.5346478076874 7.620436908393068e-17 6.993921262879271e-17
1999.0805429678135 1.9610609713030476e-16 7.381394211168692e-17
2000.626447128381 1.7621848539328144e-17 6.703591814799617e-17
2002.1723602895474 -1.0918605510578854e-17 6.472034400265464e-17
2003.71828245147 1.9479147227806168e-17 6.626164088401564e-17
2005.2642136143052 1.303501663748849e-16 6.975283289752816e-17
2006.8101537782109 -4.9356626117184845e-17 6.257023770445346e-17
2008.356102943344 1.6090306759338176e-16 7.089075940974239e-17
2009.902061109862 4.6231960072072736e-17 6.435142205460773e-17
2011.448028277922 3.68243235271674e-18 6.350488884554457e-17
2012.9940044476816 5.788921201011487e-17 6.485018200127849e-17
2014.5399896192976 4.786136698735327e-17 6.509255390361272e-17
2016.0859837929274 2.2242178604285208e-18 6.261384754086319e-17
2017.631986968728 8.44440930468763e-17 6.446408263981964e-17
2019.177999146857 1.9303113469270194e-17 6.378914752863205e-17
2020.7240203274714 1.6658250097075386e-17 6.278604541346187e-17
2022.270050510729 -5.907897366708133e-17 5.903141017705937e-17
2023.8160896967865 4.763830624850914e-17 6.320866739517562e-17
2025.362137885801 5.587758390162015e-18 6.099936082228547e-17
2026.9081950779307 5.2013245204512696e-18 6.081568387939382e-17
2028.454261273332 5.62772092112996e-17 6.280120101910405e-17
2030.0003364721624 -5.1672976226354403e-17 5.826765773652029e-17
2031.5464206745796 2.852965003699694e-17 6.063415491734089e-17
2033.0925138807409 8.937688104510724e-17 6.292097978260438e-17
2034.6386160908028 1.9318958967619953e-17 5.973897340102537e-17
2036.1847273049234 1.3483675996904735e-16 6.459675404808817e-17
2037.7308475232596 1.6862893668482012e-16 6.539069725864426e-17
2039.2769767459688 9.010084402728205e-17 6.135094388001067e-17
2040.8231149732087 2.2310063526531323e-17 5.915448625429695e-17
2042.3692622051358 -4.55712707147252e-18 5.778461369667274e-17
2043.9154184419085 1.492889471530787e-18 5.767396274991355e-17
2045.4615836836833 5.866052452239041e-17 5.935192501664656e-17
2047.0077579306176 1.0135635695230383e-16 6.154642934462493e-17
2048.553941182869 9.520267296391681e-17 5.9884884715971e-17
2050.1001334405955 1.525092756326024e-17 5.719936241020164e-17
2051.646334703953 9.658136523932828e-17 6.002503609679371e-17
2053.1925449730998 3.2148496452436514e-17 5.643742973194964e-17
2054.7387642481935 -2.73101926340839e-17 5.462516442909772e-17
2056.284992529391 2.110533798517097e-17 5.646209384304034e-17
2057.831229816849 2.833340842900451e-17 5.5962809898148e-17
2059.3774761107256 5.282751296276947e-17 5.716366804015979e-17
2060.923731411179 5.128300881764563e-17 5.621837523907887e-17
2062.4699957183657 5.2616044336349787e-17 5.607705370706121e-17
2064.016269032443 8.670153826270927e-17 5.737015998202453e-17
2065.562551353568 1.0814412543822132e-16 5.76857042521475e-17
2067.1088426818988 7.859249214812493e-17 5.678234551908898e-17
2068.6551430175928 3.7875702014955026e-17 5.492815864396038e-17
2070.201452360807 1.8463302039133012e-17 5.375698653248593e-17
2071.747770711699 5.782866505618031e-17 5.4952953969591207e-17
2073.294098070426 2.1382096450359315e-17 5.2907775459173345e-17
2074.840434437146 1.8079048403071523e-17 5.2825402040980164e-17
2076.386779812016 1.262632023134049e-16 5.703164598898123e-17
2077.9331341951934 4.6615850299451564e-17 5.373761561906577e-17
2079.4794975868354 7.650036417597378e-17 5.507764493896871e-17
2081.0258699871006 5.025980642354051e-17 5.336178217734822e-17
2082.572251396145 1.0417785122098494e-16 5.592816752295778e-17
2084.1186418141265 9.212118457342616e-18 5.0978037208807244e-17
2085.6650412412027 7.574283584929988e-17 5.382372932459884e-17
2087.2114496775316 8.514097836942284e-17 5.371638043096692e-17
2088.75786712327 6.436616900179847e-19 5.050057311999966e-17
2090.3042935785757 1.725555620822952e-18 5.020999920616883e-17
2091.8507290436055 1.0636082593488722e-16 5.389567289544892e-17
2093.3971735185173 9.425932271652565e-17 5.363099901695992e-17
2094.9436270034694 9.390722703177103e-17 5.198732421588241e-17
2096.4900894986176 1.1493689171623545e-16 5.29671794122622e-17
2098.0365610041213 1.2772618149247154e-16 5.4040154727122156e-17
2099.5830415201362 3.510988931206851e-17 4.9727367630144456e-17
2101.129531046821 6.693907245792724e-17 5.069871338606884e-17
2102.6760295843324 1.0551623990625298e-16 5.193814019393376e-17
2104.2225371328286 1.3503517746474758e-16 5.298357148788833e-17
2105.7690536924674 2.1163985367326728e-16 5.627736373647878e-17
2107.315579263405 1.5609200172692615e-16 5.3246535350173486e-17
2108.8621138457997 2.835007226508132e-16 5.834814640402433e-17
2110.4086574398093 2.6719032137818645e-16 5.726962413359914e-17
2111.9552100455912 1.6707398847276047e-16 5.331456583841173e-17
2113.501771663303 1.394928579263979e-16 5.294890290091024e-17
2115.048342293102 1.8693894920451358e-16 5.347105384279464e-17
2116.5949219351455 1.9419905482897767e-16 5.351989217109674e-17
2118.141510589591 1.8653287629402462e-16 5.328502991482688e-17
2119.688108256597 1.418438582447399e-16 5.172775796793819e-17
2121.23471493632 2.0261149669859204e-16 5.363229843943983e-17
2122.7813306289177 1.9477533662931776e-16 5.302576572416438e-17
2124.3279553345483 1.1904438633550868e-16 5.062614537837707e-17
2125.8745890533696 1.6334745857481536e-16 5.206534831585527e-17
2127.421231785538 2.0904398812892948e-16 5.274435920443122e-17
2128.9678835312125 2.0155626686984952e-16 5.2789486864531166e-17
2130.5145442905496 1.2219045127213557e-16 4.968084911555309e-17
2132.0612140637068 1.6558060209444834e-16 5.088228706802594e-17
2133.6078928508423 9.61044486731389e-17 4.8476498141362636e-17
2135.1545806521135 1.2817939236118578e-16 5.001995214445511e-17
2136.7012774676778 1.074987749740318e-16 4.8765890999973995e-17
2138.2479832976933 1.389942926651825e-16 4.942105525507485e-17
2139.7946981423174 2.0651203725303514e-16 5.1442240472948017e-17
2141.3414220017075 1.53658806526903e-16 4.990567540570066e-17
2142.8881548760214 1.1448124835415994e-16 4.788201273149851e-17
2144.434896765417 1.4945569295355427e-16 4.9405615278816205e-17
2145.981647670051 9.283282691406457e-17 4.745007274805459e-17
2147.528407590082 1.567206212921168e-16 4.9489362457631484e-17
2149.0751765256678 1.2528159860028733e-16 4.8081686015910495e-17
2150.621954476965 1.3559517755846591e-16 4.8278740564519567e-17
2152.1687414441317 8.484013561712373e-17 4.616858696748383e-17
2153.7155374273266 2.840307039850821e-16 5.3427530253938807e-17
2155.262342426706 2.2943730317219817e-16 5.162385275212012e-17
2156.8091564424276 1.2902681592603219e-16 4.7212462976999434e-17
2158.3559794746498 2.2656714229163193e-16 4.999482926926811e-17
2159.90281152353 1.2603071343168629e-16 4.6548271917774796e-17
2161.4496525892255 1.841384866265763e-16 4.898072719696527e-17
2162.996502671895 1.0077120364114256e-16 4.55101804273483e-17
2164.543361771695 1.6723986230597461e-16 4.803848090481895e-17
2166.090229888784 1.861880671495361e-16 4.915507838647525e-17
2167.6371070233185 1.1910236888099826e-16 4.561383839553287e-17
2169.1839931754585 1.4335863822028629e-16 4.698535896525375e-17
2170.7308883453593 1.5189916538014925e-16 4.669943262017656e-17
2172.27779253318 1.3697015474318276e-16 4.595723333536092e-17
2173.824705739078 2.305416189567154e-16 4.9229904309620594e-17
2175.371627963211 2.296060843480141e-16 4.9173312079187223e-17
2176.9185592057365 1.822987082861631e-16 4.686659549775111e-17
2178.4654994668126 1.4127154816053147e-16 4.5641200039441776e-17
2180.012448746597 1.987888846500962e-16 4.7626060705677474e-17
2181.559407045247 1.798730134805075e-16 4.687609511278454e-17
2183.10637436292 1.7821093064715266e-16 4.706375342084168e-17
2184.6533506997757 1.1045884003525444e-16 4.393036871857991e-17
2186.20033605597 9.84755616310031e-17 4.3493133981761247e-17
2187.747330431661 1.1069537891416793e-16 4.391556262465324e-17
2189.294333827007 9.995972559495344e-17 4.3172539362567755e-17
2190.841346242165 1.514305502638814e-16 4.531001476950312e-17
2192.388367677294 5.1214951926462444e-17 4.138045790063056e-17
2193.9353981325503 9.491000728776276e-17 4.2658946651116244e-17
2195.482437608093 5.061299672257548e-17 4.1118481006397065e-17
2197.0294861040784 4.433553821025954e-17 4.087630297076939e-17
2198.5765436206652 1.4411425199568274e-18 3.917042775504368e-17
2200.123610158012 4.4122710611418276e-17 4.0480964008242214e-17
2201.670685716275 9.79716017412345e-17 4.2595536233895726e-17
2203.217770295613 7.843691666104682e-17 4.173502723538924e-17
2204.764863896183 5.899308036172505e-17 4.0856213171054295e-17
2206.3119665181443 2.625588549421267e-17 3.915168765726113e-17
2207.859078161653 3.284870494385604e-17 3.9564763559162124e-17
2209.4061988268686 -2.4104887002735792e-17 3.6892874729484657e-17
2210.953328513948 3.928913821172165e-17 3.941426917206278e-17
2212.5004672230484 9.542064052605543e-17 4.135414132514889e-17
2214.047614954328 1.1810654427321011e-16 4.2653410631140403e-17
2215.5947717079457 7.912351957664213e-17 4.0061671984494084e-17
2217.1419374840584 1.1667658093790116e-16 4.19172364019099e-17
2218.6891122828238 2.637292658733092e-17 3.880478715634831e-17
2220.2362961044005 6.705641804593588e-17 3.9507974620001907e-17
2221.783488948946 5.995089077940752e-17 3.92877854572713e-17
2223.3306908166173 3.735542317044389e-17 3.835709953524587e-17
2224.8779017075735 8.119972512885377e-17 4.0231938032529803e-17
2226.4251216219727 -2.115124864437123e-18 3.623913386464229e-17
2227.972350559972 2.751872770993029e-17 3.7418474013845257e-17
2229.519588521729 5.747642084115876e-17 3.9354039645466515e-17
2231.0668355074017 5.609408858970004e-17 3.86401145798956e-17
2232.6140915171486 5.223453706386301e-17 3.8254802007279534e-17
2234.161356551128 -9.385068338580589e-18 3.5875244648087637e-17
2235.708630609496 3.3456959418120885e-17 3.6852069414034287e-17
2237.2559136924124 1.3784870491499285e-17 3.630379499112734e-17
2238.803205800034 6.254007933956771e-17 3.85015095216703e-17
2240.350506932519 5.4660318508147414e-17 3.806996324230791e-17
2241.8978170900255 2.581298289161393e-17 3.639444957275634e-17
2243.445136272711 8.44479333312203e-17 3.93137487602875e-17
2244.9924644807334 5.840939752658127e-17 3.785181933287072e-17
2246.539801714252 3.937217696024552e-17 3.696159290713542e-17
2248.087147973423 7.907513584609704e-17 3.861814224111073e-17
2249.6345032584045 2.7015889436831765e-17 3.6177782600490373e-17
2251.1818675693557 4.2920053543403164e-17 3.665643414965274e-17
2252.729240906434 2.161141425628836e-17 3.5927575018028366e-17
2254.276623269797 1.1835338187829532e-16 3.96322281060649e-17
2255.8240146596017 -5.2756767495465334e-18 3.451049151298292e-17
2257.371415076009 2.5644341049373142e-17 3.611798408614122e-17
2258.918824519174 4.4863666882199887e-17 3.661658397589908e-17
2260.4662429892555 4.934042284985004e-17 3.665887983268798e-17
2262.013670486412 8.054844774579708e-17 3.800888731274796e-17
2263.5611070108016 -3.478337867438887e-17 3.254163519661335e-17
2265.1085525625813 3.573309839062657e-18 3.460580346765427e-17
2266.65600714191 7.02474393319998e-17 3.7696458695797014e-17
2268.2034707489456 7.352694660719027e-17 3.728344805243781e-17
2269.7509433838454 7.114997014363171e-17 3.7510694262434704e-17
2271.298425046768 3.0049093353051065e-17 3.526163388390895e-17
2272.845915737872 4.362993997402677e-17 3.563786035953827e-17
2274.3934154573135 6.928891403356488e-17 3.717581901445025e-17
2275.9409242052525 5.14800379382999e-17 3.5899436027924295e-17
2277.488441981846 5.257914268054082e-17 3.6281207679719295e-17
2279.0359687872524 1.3489278535595684e-16 3.90881660047111e-17
2280.5835046216303 3.8815227316301435e-17 3.523465316961512e-17
2282.131049485136 1.3175277216220189e-16 3.870672466419557e-17
2283.6786033779285 1.4646698108963268e-16 3.930676808724918e-17
2285.2261663001673 2.5352331881475786e-16 4.3296205206735645e-17
2286.7737382520077 2.9139867404810443e-16 4.428711301066064e-17
2288.3213192336098 3.2772391976548414e-16 4.5947207115141484e-17
2289.8689092451314 2.978498571242277e-16 4.4458594614629097e-17
2291.4165082867294 3.7596991356822903e-16 4.7118899110201467e-17
2292.964116358563 4.1651409491554553e-16 4.8144767444596865e-17
2294.51173346079 4.029426467801395e-16 4.7240974853075447e-17
2296.0593595935684 4.2805548417607326e-16 4.8621552430048683e-17
2297.606994757057 4.1982215006621994e-16 4.787767368934013e-17
2299.154638951412 3.4583205895126195e-16 4.535992556952707e-17
2300.7022921767934 3.593185261548125e-16 4.617998908503624e-17
2302.2499544333577 3.5340979479531056e-16 4.561167344872322e-17
2303.797625721265 3.8500816558453425e-16 4.700017630993093e-17
2305.345306040672 4.0351145302671706e-16 4.649921725767583e-17
2306.892995391737 4.25852161369636e-16 4.7397236679650684e-17
2308.440693774618 3.788989502184962e-16 4.6260643016070986e-17
2309.9884011894733 3.4982719560228457e-16 4.5053878161045604e-17
2311.5361176364618 2.624908141490086e-16 4.2693042734450636e-17
2313.0838431157404 2.6223568075160595e-16 4.238195009408914e-17
2314.6315776274682 2.5643167978020156e-16 4.165258938414716e-17
2316.1793211718023 2.0531531051722765e-16 4.034140844033435e-17
2317.7270737489016 1.9826416131235046e-16 3.993788925350021e-17
2319.274835358924 3.256806711204332e-16 4.4023285581741436e-17
2320.822606002028 2.9748082688813957e-16 4.313188398823058e-17
2322.3703856783713 2.421084801243617e-16 4.115121390431863e-17
2323.9181743881127 2.4728406360465524e-16 4.148489669347865e-17
2325.465972131409 2.4375718217853973e-16 4.0426485278855985e-17
2327.0137789084206 2.684507038583895e-16 4.204000504619148e-17
2328.5615947193032 2.8713479521017914e-16 4.244227329065597e-17
2330.109419564217 2.7958843869944196e-16 4.222077082220289e-17
2331.657253443319 3.1583845592999355e-16 4.319629423421694e-17
2333.2050963567676 3.2012465620688216e-16 4.325352702222809e-17
2334.7529483047215 3.909042641659497e-16 4.596216931610698e-17
2336.3008092873383 3.511624699141758e-16 4.427755241228043e-17
2337.8486793047764 2.9093649024527573e-16 4.1977400798897656e-17
2339.396558357194 1.829903053965627e-16 3.8587950475437015e-17
2340.9444464447497 3.3648184052920434e-16 4.3342018569235136e-17
2342.492343567601 3.063415265481988e-16 4.269506615994001e-17
2344.040249725907 3.0334960144371373e-16 4.290813021070528e-17
2345.588164919825 3.1310732458927164e-16 4.2261152252934506e-17
2347.1360891495133 2.6345558782262607e-16 4.109860677712792e-17
2348.6840224151315 2.1722742386334526e-16 3.93749914277721e-17
2350.231964716836 1.3919369377543697e-16 3.648081979698794e-17
2351.7799160547866 3.1137170126826e-16 4.2735626176666114e-17
2353.3278764291404 2.5542167297875496e-16 4.0521059936543755e-17
2354.8758458400566 2.8786038500030897e-16 4.1697149814590046e-17
2356.4238242876922 1.8822848671148667e-16 3.8753718838901003e-17
2357.971811772207 2.34177255976477e-16 3.966002837191577e-17
2359.5198082937577 2.7174141253147007e-16 4.073008722385937e-17
2361.067813852504 2.696704883414116e-16 4.064972714971167e-17
2362.6158284486037 2.636774347244545e-16 4.0591114874603903e-17
2364.1638520822144 1.8441694185359565e-16 3.8309618750141164e-17
2365.7118847534953 1.7739962461811113e-16 3.774866920614497e-17
2367.259926462604 2.1028086471746247e-16 3.918840987148175e-17
2368.8079772096994 2.1789768218705935e-16 3.891547870831747e-17
2370.3560369949396 2.0498850536535208e-16 3.807935761089896e-17
2371.904105818482 1.530018400548813e-16 3.69382004011874e-17
2373.4521836804865 1.2538327214443508e-16 3.567409451428086e-17
2375.0002705811107 1.619771757187601e-16 3.684858016310378e-17
2376.548366520513 1.5284193469404188e-16 3.717307808553571e-17
2378.0964714988513 1.5250849670905005e-16 3.63452784183144e-17
2379.6445855162838 1.1648253331759475e-16 3.540183033988369e-17
2381.19270857297 1.4648476161365235e-16 3.5895190254286674e-17
2382.740840669067 1.0198559032934034e-16 3.436037871400232e-17
2384.288981804734 1.651524553055172e-16 3.6730927616413665e-17
2385.837131980129 1.769617095174636e-16 3.7179000814389623e-17
2387.3852911954104 1.319938353241622e-16 3.5417621902439264e-17
2388.933459450736 1.0129966817655512e-16 3.414028912163665e-17
2390.481636746265 1.0901686141486512e-16 3.467714368736782e-17
2392.0298230821554 1.4656261487184691e-16 3.5702516544414886e-17
2393.5780184585656 2.1000565980570972e-16 3.8035493709022554e-17
2395.126222875654 1.7504740989287385e-16 3.69290936784219e-17
2396.674436333579 1.402033280637194e-16 3.544765810168271e-17
2398.222658832499 1.5930442697104168e-16 3.6396993901269856e-17
2399.7708903725725 1.7216369123824291e-16 3.632384998126761e-17
2401.3191309539566 1.616730307653318e-16 3.6228107698804726e-17
2402.867380576812 1.8225483361478662e-16 3.677105893561592e-17
2404.4156392412965 1.6953967239732073e-16 3.604056682091386e-17
2405.9639069475666 1.2348213176534772e-16 3.4913236044750404e-17
2407.512183695783 1.803142293400575e-16 3.6575299451073693e-17
2409.0604694861026 1.8827320843930098e-16 3.6805720556420803e-17
2410.6087643186843 1.9924995336031473e-16 3.719218035395293e-17
2412.157068193687 1.7008866832631278e-16 3.637513330271834e-17
2413.7053811112687 1.0680101522115047e-16 3.3627330851653084e-17
2415.253703071588 9.20494303161125e-17 3.318823494479877e-17
2416.8020340748035 1.5971624225913776e-16 3.5687712185244486e-17
2418.3503741210725 1.615819845909021e-16 3.567078407007412e-17
2419.898723210555 1.850254041866746e-16 3.641753629180563e-17
2421.4470813434086 1.5404524706422195e-16 3.5432926935113266e-17
2422.995448519792 1.314480646639708e-16 3.476589706534893e-17
2424.543824739864 1.1506793365874848e-16 3.385909762861006e-17
2426.092210003782 1.77954361309566e-16 3.634899681039581e-17
2427.6406043117054 1.404075027226418e-16 3.4911227837555496e-17
2429.189007663792 1.1737813877593749e-16 3.4347570802848364e-17
2430.7374200602017 1.9527280470113389e-16 3.6409700857602295e-17
2432.285841501091 2.2430245082000944e-16 3.764116506506494e-17
2433.8342719866205 1.7030241071265745e-16 3.556437382072048e-17
2435.382711516946 2.027272302515989e-16 3.6686125707902205e-17
2436.9311600922288 2.2208955901647614e-16 3.72066107204218e-17
2438.4796177126264 2.5669317584154356e-16 3.820057120051858e-17
2440.028084378296 2.5386846183487637e-16 3.874724774983633e-17
2441.576560089398 2.236584514582275e-16 3.751813411751786e-17
2443.12504484609 2.4287314098355697e-16 3.833152901538471e-17
2444.6735386485307 2.1069334888393151e-16 3.6904293366823995e-17
2446.222041496879 1.9405302967065357e-16 3.5925857544709517e-17
2447.7705533912927 2.3070682451921727e-16 3.733327152424578e-17
2449.31907433193 2.7188370003460074e-16 3.87803242380977e-17
2450.8676043189507 2.642821425565011e-16 3.908645994430859e-17
2452.416143352513 2.2217014679983067e-16 3.717805769425993e-17
2453.964691432775 2.3783800415595463e-16 3.7718709426930415e-17
2455.513248559895 2.085633040648828e-16 3.6843391855174136e-17
2457.061814734033 2.0442170783711008e-16 3.612619143801223e-17
2458.610389955346 1.5717038710683407e-16 3.470150160886989e-17
2460.158974223993 1.4485174674940874e-16 3.399755501404245e-17
2461.7075675401334 1.8663593868199033e-16 3.5712182336781345e-17
2463.2561699039243 2.1823351194389143e-16 3.7342101483537055e-17
2464.804781315525 1.4545621931668056e-16 3.4145748244290276e-17
2466.3534017750953 1.366302109725534e-16 3.435358323607635e-17
2467.902031282792 1.222785877918602e-16 3.371337565743511e-17
2469.450669838774 1.14318870155925e-16 3.253197049198382e-17
2470.9993174432007 9.15718607646543e-17 3.224694757063741e-17
2472.5479740962305 1.0426875491389256e-16 3.292940594728358e-17
2474.096639798022 1.5284964870787963e-16 3.361736621555907e-17
2475.645314548733 1.6785702094063644e-16 3.508934372991349e-17
2477.193998348523 1.4953244970839854e-16 3.4652360362983647e-17
2478.74269119755 9.839635015630288e-17 3.2356788572751314e-17
2480.2913930959735 1.1194232208696996e-16 3.285882383263475e-17
2481.8401040439517 1.4926239705122112e-16 3.4173579387979133e-17
2483.3888240416427 1.235322819535536e-16 3.310557602942195e-17
2484.937553089206 1.3490587576098087e-16 3.3898401309748594e-17
2486.4862911868 1.5476844651496036e-16 3.458066256814608e-17
2488.0350383345826 1.545482521170586e-16 3.4154802149472056e-17
2489.583794532714 1.3773907149683366e-16 3.387394254770623e-17
2491.132559781351 1.30392795641869e-16 3.37928196415712e-17
2492.681334080654 1.457623908703438e-16 3.380988001307153e-17
2494.2301174307804 1.8382840255704314e-16 3.5683998681349055e-17
2495.7789098318895 1.5084317626649907e-16 3.409371071674455e-17
2497.3277112841397 1.5763922015808844e-16 3.410128913377733e-17
2498.8765217876903 1.6550242096930676e-16 3.4666260439835425e-17
2500.425341342699 9.299174710167293e-17 3.18494056483037e-17
2501.974169949325 1.6541740625094588e-16 3.477186503065015e-17
2503.5230076077273 1.8134113611789821e-16 3.4582005837721423e-17
2505.071854318064 1.7226609915846103e-16 3.4468196498965556e-17
2506.620710080495 1.4521296317626655e-16 3.378712742192061e-17
2508.1695748951774 1.360569686304241e-16 3.3143823418521815e-17
2509.718448762271 1.308157025570271e-16 3.300130486241635e-17
2511.267331681934 1.495245335725803e-16 3.389483673549488e-17
2512.8162236543253 1.3763619952905443e-16 3.2770334784617364e-17
2514.365124679604 1.7706513747515317e-16 3.5054334991675933e-17
2515.914034757928 1.7033648882406656e-16 3.430817101378991e-17
2517.4629538894565 1.63773789804579e-16 3.429440491204767e-17
2519.0118820743487 1.4540400644610954e-16 3.3457254425449036e-17
2520.560819312763 1.6914260134528776e-16 3.391870958682301e-17
2522.1097656048573 1.2142593725052513e-16 3.252533229205577e-17
2523.658720950792 9.744398855366935e-17 3.152623706419179e-17
2525.2076853507247 1.0562517299940502e-16 3.184153256772656e-17
2526.7566588048144 1.2741442411754304e-16 3.2938706057749486e-17
2528.30564131322 1.010662291768509e-16 3.1846940325026715e-17
2529.8546328761004 1.2626173677728396e-16 3.2885758667875465e-17
2531.403633493614 1.3566354213471275e-16 3.296048793333752e-17
2532.9526431659197 1.2648270629321769e-16 3.2763909181298416e-17
2534.5016618931763 1.318463411345582e-16 3.315489097661083e-17
2536.0506896755437 9.19710123662801e-17 3.075431865799257e-17
2537.5997265131787 1.4742461704937134e-16 3.336889939788429e-17
2539.1487724062417 6.404850593080109e-17 2.999897282134665e-17
2540.6978273548907 9.773845683710353e-17 3.1469841695022507e-17
2542.2468913592847 9.133832148040476e-17 3.1211933567615417e-17
2543.795964419582 1.1707856015542604e-16 3.191352529390473e-17
2545.345046535943 8.996374094801161e-17 3.1531735377578103e-17
2546.894137708525 1.4197385680552318e-16 3.2882142352136516e-17
2548.4432379374875 8.693967230371541e-17 3.0685508767468105e-17
2549.9923472229884 1.222196868568602e-16 3.2712169081766125e-17
2551.541465565188 1.3656728439440634e-16 3.2528143435307525e-17
2553.090592964245 8.712531357396176e-17 3.068330878690432e-17
2554.6397294203175 1.2073957775807382e-16 3.267542208359738e-17
2556.188874933564 1.2823516369337756e-16 3.2229249716065216e-17
2557.738029504144 1.4604072669064993e-16 3.3194446741261986e-17
2559.2871931322165 1.5846066236681587e-16 3.350397171882606e-17
2560.836365817941 1.4683103885894965e-16 3.29313251489828e-17
2562.385547561474 1.6220521954107349e-16 3.4023364293590806e-17
2563.934738362977 1.360094977587375e-16 3.2732349233488165e-17
2565.483938222608 1.2579669301963298e-16 3.264416230731744e-17
2567.033147140525 9.852706037963205e-17 3.1534457773316924e-17
2568.5823651168885 1.1632449419251336e-16 3.2034712278491064e-17
2570.131592151856 1.4375628375495653e-16 3.286657374907663e-17
2571.6808282455863 1.0145930238640596e-16 3.1230620497490265e-17
2573.23007339824 1.4342280146937735e-16 3.267457372308912e-17
2574.779327609975 1.110725484762373e-16 3.189852697263052e-17
2576.3285908809494 1.372656653462038e-16 3.288950943750082e-17
2577.877863211323 1.122949311185761e-16 3.2240780465008047e-17
2579.4271446012553 1.3648130512788743e-16 3.209872953963902e-17
2580.976435050904 8.017421681151966e-17 3.0491564982655425e-17
2582.5257345604286 8.28482619050097e-17 3.0797214331921186e-17
2584.075043129988 1.0042725775794577e-16 3.158583701960299e-17
2585.6243607597416 1.702895260089558e-16 3.414426999550467e-17
2587.1736874498474 1.2453200354433936e-16 3.2346029468530194e-17
2588.7230232004654 1.20720587522585e-16 3.21390521933466e-17
2590.2723680117538 1.0857803982460397e-16 3.1421442325279863e-17
2591.8217218838718 1.0524598318176233e-16 3.131220124882737e-17
2593.371084816978 1.1904802769761584e-16 3.243649235309796e-17
2594.9204568112323 1.1196331085271505e-16 3.1958369327158455e-17
2596.469837866793 1.5742518155724158e-16 3.3709515842169036e-17
2598.0192279838193 8.163395527131263e-17 3.0663307471307635e-17
2599.56862716247 1.428767974893603e-16 3.309531209068555e-17
2601.1180354029043 1.8941253331570938e-16 3.504379598108377e-17
2602.667452705281 1.7529823193253343e-16 3.384155533164322e-17
2604.216879069759 1.1555938666616146e-16 3.213541903393038e-17
2605.7663144964977 8.22394119871026e-17 3.059203729069866e-17
2607.3157589856564 1.0957939506171989e-16 3.1808731599878294e-17
2608.8652125373924 1.4607093375996672e-16 3.325476484754475e-17
2610.414675151867 1.3152124912493044e-16 3.2798588342422434e-17
2611.9641468292384 1.0241738286732162e-16 3.11677488042453e-17
2613.5136275696645 1.6911834829512547e-16 3.3353655501378566e-17
2615.063117373306 1.499351065441865e-16 3.317030771002977e-17
2616.6126162403207 1.5760400110547847e-16 3.342693888333667e-17
2618.162124170868 1.912286176131195e-16 3.4415046531739785e-17
2619.7116411651077 1.0862210864200675e-16 3.199693766901322e-17
2621.2611672231974 1.744404100745733e-16 3.4410662529421565e-17
2622.810702345297 1.8020596299712344e-16 3.438973223888462e-17
2624.360246531566 1.663476470680025e-16 3.406018065586878e-17
2625.9097997821636 1.7436279642350042e-16 3.417815276615293e-17
2627.459362097248 1.8597480854969502e-16 3.4719486024985994e-17
2629.0089334769777 1.6594487156058378e-16 3.3850001059610674e-17
2630.5585139215136 1.5178319166723503e-16 3.349194931756166e-17
2632.1081034310137 1.6603639929691992e-16 3.404270497716717e-17
2633.6577020056366 1.945672010988058e-16 3.4692452258556306e-17
2635.207309645543 1.7448064331890789e-16 3.407104047220936e-17
2636.75692635089 1.5819780610671706e-16 3.359386769354733e-17
2638.306552121838 1.1986559657581133e-16 3.2379115486941996e-17
2639.8561869585465 1.5603827578561635e-16 3.405437273504095e-17
2641.405830861173 1.8276915300299604e-16 3.430107109143974e-17
2642.955483829878 1.4699690271507108e-16 3.302696768410871e-17
2644.5051458648204 1.3733210520172817e-16 3.279855935482921e-17
2646.054816966159 9.797302901536257e-17 3.1232555461776445e-17
2647.604497134053 1.6906738040060105e-16 3.3988003371958374e-17
2649.1541863686616 1.5773815730931798e-16 3.3457917484960266e-17
2650.703884670144 1.0954965715854406e-16 3.2287182763917223e-17
2652.2535920386586 1.4930828234692733e-16 3.3507571597842294e-17
2653.803308474366 1.5908830124954197e-16 3.3864569440250075e-17
2655.3530339774243 1.665608818363135e-16 3.3891288902091085e-17
2656.902768547993 1.3898607420157868e-16 3.2505155747789183e-17
2658.4525121862316 1.995218708443139e-16 3.508325358963716e-17
2660.0022648922986 1.0681717320424238e-16 3.1882990860091487e-17
2661.552026666353 1.191685780262386e-16 3.280260362030719e-17
2663.1017975085547 1.0716669618406402e-16 3.179115541170027e-17
2664.651577419063 1.2552604824955442e-16 3.265131681136489e-17
2666.201366398036 1.4348623621724361e-16 3.322812534265847e-17
2667.751164445634 9.512615810335674e-17 3.108547954657152e-17
2669.300971562016 1.9345524089940074e-16 3.500070886277429e-17
2670.8507877473407 1.624997683171689e-16 3.3938591859018637e-17
2672.4006130017674 1.7952340704150463e-16 3.445359336006924e-17
2673.950447325456 1.5062254985283795e-16 3.3903099508813326e-17
2675.500290718565 1.4494348925079608e-16 3.32980792395054e-17
2677.050143181254 1.205963528224152e-16 3.2704274741650624e-17
2678.600004713682 1.5871279461182715e-16 3.388715691971398e-17
2680.1498753160085 1.5578738921647726e-16 3.3891042684854754e-17
2681.6997549883918 1.1813971972753872e-16 3.2522043993577923e-17
2683.249643730993 1.1112456389444508e-16 3.2596635867233236e-17
2684.799541543969 8.742886971834339e-17 3.104937129387557e-17
2686.349448427481 1.4452716207219126e-16 3.347743066779144e-17
2687.8993643816875 1.2420270645398822e-16 3.326273648070059e-17
2689.4492894067475 1.2517620508717163e-16 3.287548443838219e-17
2690.9992235028208 1.2044057556491262e-16 3.2673047664319686e-17
2692.5491666700664 1.7288125170103066e-16 3.495391678734267e-17
2694.0991189086435 1.4307325665615453e-16 3.376531540922592e-17
2695.6490802187113 8.766853255612485e-17 3.174073757857204e-17
2697.19905060043 9.426623263663097e-17 3.159171041784161e-17
2698.7490300539575 1.0232301799427869e-16 3.219785683118072e-17
2700.299018579454 1.456491137482764e-16 3.4021958676274836e-17
2701.8490161770783 1.6712388074035805e-16 3.423519068079907e-17
2703.3990228469897 1.223741510447893e-16 3.2940246821559213e-17
2704.949038589348 1.0457447726591218e-16 3.227558988557958e-17
2706.4990634043124 1.2803359097566916e-16 3.3386223669967584e-17
2708.0490972920416 1.609712912474555e-16 3.456634323913403e-17
2709.5991402526956 2.145615684495359e-16 3.650650557287096e-17
2711.1491922864334 2.0072976237634362e-16 3.546512952754857e-17
2712.699253393415 1.8481422045825097e-16 3.52530746017489e-17
2714.2493235737984 2.1219178296789996e-16 3.647010201647574e-17
2715.799402827744 2.051715261302702e-16 3.603844450212675e-17
2717.349491155411 2.220653226836445e-16 3.678501127479213e-17
2718.8995885569584 2.169687298335562e-16 3.641147179696392e-17
2720.4496950325456 2.039351525555246e-16 3.614193361646453e-17
2721.9998105823324 2.274583496301496e-16 3.685569351421634e-17
2723.5499352064776 2.84480663756751e-16 3.890389204943552e-17
2725.1000689051407 2.224509545115343e-16 3.7108200654645366e-17
2726.6502116784814 3.0501155498024807e-16 3.936330608291964e-17
2728.2003635266587 3.2721795537748473e-16 4.0128313236308754e-17
2729.7505244498325 3.214798529938164e-16 3.98566282404772e-17
2731.3006944481613 3.1434392510838735e-16 3.9936290626139815e-17
2732.8508735218056 3.5015252825957737e-16 4.0954104273095447e-17
2734.401061670924 3.807598278933469e-16 4.1857106773514457e-17
2735.951258895676 3.6585642874043234e-16 4.129046961963169e-17
2737.5014651962206 3.6307306970124757e-16 4.163587000242762e-17
2739.0516805727184 3.3008396338906173e-16 4.063154595902473e-17
2740.6019050253276 3.697293744204297e-16 4.172861765987985e-17
2742.1521385542082 3.726798809481822e-16 4.1807778617063516e-17
2743.70238115952 4.052407336672073e-16 4.2989391602368255e-17
2745.252632841422 3.526281965189403e-16 4.1681778940006e-17
2746.8028936000733 4.2843519266032414e-16 4.3073836154693094e-17
2748.353163435634 4.913144091495806e-16 4.5735695712097575e-17
2749.9034423482626 4.755187067538247e-16 4.514570398208818e-17
2751.45373033812 5.118751289523987e-16 4.6033608485781464e-17
2753.0040274053636 6.11452354280341e-16 4.8933287829076754e-17
2754.5543335501548 6.79825285524453e-16 4.9887774739193354e-17
2756.1046487726526 5.958193680556831e-16 4.8924245794527646e-17
2757.6549730730153 5.921449137774624e-16 4.833156953724313e-17
2759.205306451404 6.173801975919336e-16 4.8491178120235493e-17
2760.755648907977 6.316005166910493e-16 5.016892759549609e-17
2762.306000442895 6.26898081397722e-16 4.880359054370418e-17
2763.856361056315 6.145386918055028e-16 4.8951707494587366e-17
2765.4067307483997 5.843883148132735e-16 4.895992470186811e-17
2766.9571095193064 5.612435976579673e-16 4.7213594245201474e-17
2768.5074973691953 6.748398644898088e-16 5.0694541141576566e-17
2770.0578942982256 6.688691830778047e-16 5.05156262857781e-17
2771.608300306557 6.589991311747918e-16 4.963321342798723e-17
2773.1587153943497 6.213391690873642e-16 5.008235744936536e-17
2774.709139561762 6.626642650104545e-16 5.013571046907683e-17
2776.259572808954 6.393566654888559e-16 5.007976249524943e-17
2777.8100151360854 7.566531731366821e-16 5.301141034597474e-17
2779.360466543316 5.43493752359147e-16 4.7742046781143254e-17
2780.9109270308045 6.038851510070402e-16 4.8999861677211477e-17
2782.4613965987105 5.215080715006054e-16 4.71870120234181e-17
2784.011875247194 5.355170699288477e-16 4.743993320686745e-17
2785.5623629764145 5.974319664503714e-16 4.917140590369578e-17
2787.1128597865313 5.312510592284369e-16 4.7913113851461064e-17
2788.6633656777044 5.420438451747925e-16 4.832713051609645e-17
2790.2138806500934 5.024118348168525e-16 4.6438642615791506e-17
2791.7644047038566 5.447577530458105e-16 4.8708589178964634e-17
2793.3149378391554 5.328914643857177e-16 4.8435899398510474e-17
2794.865480056148 4.970435916381761e-16 4.717663839908652e-17
2796.4160313549946 5.116442022119589e-16 4.8004961116822435e-17
2797.9665917358543 4.546988129663954e-16 4.6519109343927e-17
2799.5171611988876 4.3942611293685005e-16 4.5938797728728766e-17
2801.067739744253 2.5493296073825636e-16 4.001622044718545e-17
2802.6183273721103 2.409186975263156e-16 3.950946221229443e-17
2804.168924082621 3.5128283026506894e-16 4.323746838320069e-17
2805.719529875942 4.273532176344604e-16 4.606807824796079e-17
2807.2701447522345 3.767524981637185e-16 4.452623509388839e-17
2808.820768711657 2.748998630903538e-16 4.1045593106384295e-17
2810.3714017543703 4.0386987501919083e-16 4.470617098414517e-17
2811.9220438805337 5.5670217991763e-16 4.9069289916607585e-17
2813.472695090306 6.713201515012817e-16 5.1893965262383536e-17
2815.023355383848 7.235836554369648e-16 5.414123937067547e-17
2816.574024761319 6.437376613337312e-16 5.14548302052663e-17
2818.124703222878 6.363528599536639e-16 5.161145575984856e-17
2819.6753907686852 6.309023712235905e-16 5.172039947794678e-17
2821.2260873989007 5.992537358852058e-16 5.0257637742263667e-17
2822.776793113683 6.623277731580483e-16 5.247867265993176e-17
2824.3275079131927 6.208216541892654e-16 5.106176445576609e-17
2825.8782317975893 5.4295809525564e-16 4.91311486190959e-17
2827.428964767032 5.670439038860105e-16 5.0164372254695504e-17
2828.9797068216812 5.638860303638057e-16 4.9696578562326754e-17
2830.5304579616964 5.458296139273793e-16 5.004891668646268e-17
2832.081218187236 4.938814764557162e-16 4.796286829502592e-17
2833.6319874984615 5.294112861885659e-16 4.922417596742741e-17
2835.1827658955326 5.856457346701537e-16 5.106328314457591e-17
2836.733553378607 5.203467756560585e-16 4.87640474116477e-17
2838.284349947847 5.107224243111184e-16 4.9040910723059133e-17
2839.8351556034104 4.568168239869143e-16 4.760260151096841e-17
2841.3859703454577 5.018357969141912e-16 4.8438635235736035e-17
2842.936794174148 5.749449786654482e-16 5.083651582041375e-17
2844.4876270896416 4.70184642761088e-16 4.759768320199593e-17
2846.0384690920987 5.375732569434747e-16 5.0039547847893314e-17
2847.5893201816775 4.727958173466948e-16 4.8731729431113077e-17
2849.140180358539 4.708060671134308e-16 4.849874199681409e-17
2850.691049622843 4.1843950503739037e-16 4.7392597897848697e-17
2852.2419279747487 4.11589705601095e-16 4.65560089182037e-17
2853.792815414416 3.8236039505219606e-16 4.573093538635381e-17
2855.3437119420046 3.4205732809875935e-16 4.481798395309117e-17
2856.8946175576743 2.787824510115617e-16 4.304287129241328e-17
2858.4455322615854 2.450855757236447e-16 4.1677784263822084e-17
2859.9964560538965 2.5974777928339593e-16 4.2805580890714435e-17
2861.547388934768 2.589178161717821e-16 4.297772111583252e-17
2863.0983309043604 2.133491046505789e-16 4.149420702576825e-17
2864.6492819628324 2.6634218226779175e-16 4.3107339453197086e-17
2866.2002421103443 2.070169565291553e-16 4.076797440499095e-17
2867.751211347056 2.131729557147711e-16 4.1342280238443765e-17
2869.3021896731266 1.6333863145350058e-16 3.9458204496427277e-17
2870.8531770887166 1.764125403534809e-16 4.01463020911676e-17
2872.4041735939863 1.5304963127923502e-16 4.0191602589956004e-17
2873.9551791890945 1.6439809907510513e-16 4.005721820505525e-17
2875.506193874201 9.595596632232548e-17 3.791778946473332e-17
2877.0572176494657 1.244792504783012e-16 3.865981449717475e-17
2878.6082505150493 1.3041148640115207e-16 3.9034032378252235e-17
2880.159292471111 1.448814643580417e-16 3.95874482209936e-17
2881.7103435178105 1.4466009686364837e-16 3.998809849974137e-17
2883.2614036553077 1.3812078238514153e-16 3.987455178757696e-17
2884.812472883763 9.827784832187913e-17 3.819913334527742e-17
2886.363551203336 1.6357791355252605e-16 4.0929859345433476e-17
2887.914638614186 1.370165252963535e-16 3.9977576988544137e-17
2889.465735116473 1.611366068272482e-16 4.132935514126257e-17
2891.016840710357 1.6751639580297852e-16 4.184334797184118e-17
2892.5679553959985 1.1305701644501298e-16 3.946827624024183e-17
2894.119079173557 1.4590593095088165e-16 4.112341318835416e-17
2895.6702120431914 1.941925146492222e-16 4.196553132747869e-17
2897.2213540050634 1.5030823341929466e-16 4.084535332627774e-17
2898.7725050593313 9.132543206438835e-17 3.9392349486695684e-17
2900.3236652061555 9.72308459471357e-17 3.8870869287569154e-17
2901.8748344456963 1.0341347405186246e-16 3.949203231537463e-17
2903.426012778113 9.19438131758688e-17 3.9889537135374244e-17
2904.9772002035666 1.0303088246199903e-16 3.97462131403375e-17
2906.5283967222153 8.219574977756272e-17 3.959856855598187e-17
2908.0796023342205 9.72554447765064e-17 4.0239203255608714e-17
2909.6308170397415 7.844037087164556e-17 3.8991639242630435e-17
2911.182040838938 5.837330837728707e-17 3.9186233542551265e-17
2912.7332737319703 5.558303221015189e-17 3.90001354505485e-17
2914.284515718998 8.860503690621342e-17 4.01283314889694e-17
2915.8357668001813 1.4490517558968019e-16 4.242556518454376e-17
2917.387026975681 7.40151026119832e-17 3.971222018002556e-17
2918.9382962456552 6.586652157936613e-17 3.98966937644371e-17
2920.489574610265 8.624385525862587e-17 4.1046231924818967e-17
2922.0408620696708 1.5650049117085348e-16 4.3484779884461727e-17
2923.5921586240315 6.109934496154748e-17 4.048676337458363e-17
2925.143464273508 1.4332845019694592e-16 4.359769277145771e-17
2926.6947790182594 1.2516527119381361e-16 4.2438808476689073e-17
2928.2461028584457 1.4452207872254315e-16 4.376383930190752e-17
2929.7974357942276 1.0172489757258558e-16 4.214055920482235e-17
2931.348777825766 1.218027165778725e-16 4.2769828733889226e-17
2932.900128953218 1.1095740696518623e-16 4.307947250723616e-17
2934.4514891767453 3.820617617874128e-17 4.0047210360389436e-17
2936.002858496509 6.342472608773097e-17 4.191232997896675e-17
2937.554236912667 6.487305852347561e-17 4.162252306077813e-17
2939.1056244253805 1.1000912781484072e-16 4.390479249672959e-17
2940.657021034809 9.804804951028596e-17 4.3180864373738505e-17
2942.2084267411137 5.4705202164541344e-17 4.190628232497868e-17
2943.759841544453 5.402741448798199e-17 4.18675733773912e-17
2945.311265444988 -1.9972979641357856e-17 3.897434927306039e-17
2946.862698442878 1.6146058774146954e-17 4.0860792695033834e-17
2948.4141405382834 1.0268378998794571e-16 4.452664203628329e-17
2949.9655917313644 1.2955829475492038e-16 4.557050325163593e-17
2951.517052022281 1.598035369394533e-16 4.704873999793096e-17
2953.0685214111936 6.934826970970484e-18 4.049594762187918e-17
2954.6199998982615 1.8592608751897475e-17 4.1437896436799376e-17
2956.171487483645 4.879976372638104e-17 4.3489176287215166e-17
2957.7229841675044 6.57251799892221e-17 4.33635570811791e-17
2959.2744899499994 9.255673536279007e-17 4.587960060361918e-17
2960.82600483129 8.677038696181012e-17 4.565062554524155e-17
2962.3775288115376 2.951989988562403e-17 4.3342563060136294e-17
2963.9290618909004 1.1652006742475798e-16 4.7147966039173073e-17
2965.48060406954 1.0865781097884994e-16 4.6111084379162746e-17
2967.032155347615 6.75934925736225e-17 4.5844335542451905e-17
2968.5837157252868 1.143257229924198e-16 4.7650582972330635e-17
2970.1352852027153 9.316895250086652e-17 4.6352528405489687e-17
2971.686863780061 1.9844214411780416e-17 4.5427522506872946e-17
2973.2384514574824 1.3657394262630472e-16 4.874228726465659e-17
2974.7900482351406 2.4270057401077188e-17 4.5215132817699055e-17
2976.3416541131965 3.9117389638609757e-17 4.581306131451401e-17
2977.893269091808 1.0363070595378296e-16 4.894665084124547e-17
2979.444893171138 -4.0410159442168e-18 4.478174759381532e-17
2980.996526351345 -9.74936598517269e-18 4.498340676628142e-17
2982.5481686325897 6.841520966741044e-18 4.5792028171185013e-17
2984.0998200150316 1.2245043024253638e-17 4.65159977065289e-17
2985.651480498832 4.820887859191567e-17 4.836430313608546e-17
2987.2031500841495 1.9521981816076888e-16 5.405567752217267e-17
2988.7548287711456 1.0193771577479379e-16 5.049607294536622e-17
2990.306516559979 6.92766208674673e-17 5.0151275985781625e-17
2991.858213450812 4.194694399971596e-17 4.909688347174273e-17
2993.409919443803 1.0790030006747032e-16 5.1445757090889816e-17
2994.961634539113 2.0052200093142393e-17 4.863997643052477e-17
2996.5133587369023 1.2229741560674061e-16 5.3061552770850896e-17
2998.0650920373305 1.2364799875911885e-16 5.414287158060697e-17
2999.616834440558 8.13556610356533e-17 5.2408650491893546e-17
3001.1685859467448 4.3488384009069514e-17 4.9961844856143877e-17
3002.720346556052 1.3847777734838654e-16 5.469578482774578e-17
3004.272116268638 2.052403903943134e-17 5.053168526716227e-17
3005.8238950846653 8.711836062593756e-17 5.419366601976253e-17
3007.3756830042926 1.501857640683862e-16 5.714431782046368e-17
3008.9274800276803 1.3926094792813497e-16 5.660640596738543e-17
3010.4792861549895 2.1066185091494836e-17 5.096205058858785e-17
3012.0311013863793 5.842232542594287e-17 5.4575177208279425e-17
3013.5829257220107 8.363280404927576e-17 5.4883993466225833e-17
3015.1347591620433 5.285286525117135e-17 5.436325406097699e-17
3016.6866017066377 1.4663690691819693e-16 5.868240491475802e-17
3018.238453355955 1.5573875389745924e-17 5.353631379454028e-17
3019.7903141101538 7.623532442217799e-17 5.573623313953357e-17
3021.3421839693947 9.357695597570703e-17 5.776229387033321e-17
3022.894062933839 5.880602861839726e-17 5.657334782450908e-17
3024.4459510036463 1.0743785128880073e-16 5.900804264897325e-17
3025.997848178977 4.059497927224043e-17 5.691121836259571e-17
3027.5497544599916 1.0350169945050979e-16 5.989045229915153e-17
3029.10166984685 8.70399039768572e-17 5.944976025672729e-17
3030.653594339713 5.914583706917914e-17 5.933918818017068e-17
3032.2055279387396 3.0148854553412336e-17 5.7592298309574e-17
3033.757470644092 7.247606118756278e-17 6.066113304199279e-17
3035.3094224559286 7.404794528124522e-17 6.075277231973365e-17
3036.861383374411 -8.189815809391104e-18 5.815293351446822e-17
3038.413353399699 -2.7289744535292997e-17 5.803480485173419e-17
3039.965332531953 2.7742831506275452e-17 6.011163864355406e-17
3041.517320771334 7.128172074150865e-17 6.366219238861195e-17
3043.0693181180013 -4.5416218023563023e-17 5.815985507337349e-17
3044.6213245721156 8.709597576433488e-17 6.411971592668804e-17
3046.1733401338374 4.9699967626462636e-17 6.425555723058384e-17
3047.7253648033266 3.700798886156047e-17 6.319542998083836e-17
3049.2773985807444 2.1267448435532047e-18 6.27003503374352e-17
3050.82944146625 2.7832456943611364e-17 6.43815198086206e-17
3052.3814934600045 9.010457310153672e-17 6.709827640433664e-17
3053.9335545621684 5.334788687777748e-17 6.722710989463404e-17
3055.4856247729017 -6.307190200993891e-17 6.13349155085088e-17
3057.0377040923645 8.777553792116743e-17 6.895386040361545e-17
3058.5897925207178 6.742021623287162e-17 6.953238535133854e-17
3060.1418900581216 4.9197933275957525e-17 6.816210843613847e-17
3061.6939967047365 -8.42330897634025e-17 6.42927508349832e-17
3063.2461124607225 5.70154901094806e-17 6.941198941101783e-17
3064.7982373262403 5.3147711632491244e-17 6.983920157383237e-17
3066.3503713014507 6.0534545693866145e-18 6.849013840482876e-17
3067.9025143865133 2.0001601825796987e-16 7.685112411843746e-17
3069.4546665815883 7.050064995351597e-17 7.280272561786782e-17
3071.0068278868375 1.1223516787630234e-16 7.468749732754568e-17
3072.5589983024206 1.0925548525460598e-16 7.600227282072067e-17
3074.111177828497 1.290634884989456e-16 7.778377736359925e-17
3075.663366465229 -1.0281654779258562e-16 6.76291474481563e-17
3077.215564212775 1.660730311354519e-16 8.050151269620412e-17
3078.7677710712974 7.194661086250617e-17 7.695351018742069e-17
3080.3199870409553 2.4587593550685354e-17 7.533763936844057e-17
3081.87221212191 2.8800062046847896e-17 7.690151787350663e-17
3083.424446314321 2.0922253261176387e-17 7.610260844757418e-17
3084.976689618349 4.462155116331681e-18 7.73595787610419e-17
3086.5289420341555 -1.2118059473720077e-18 7.813072637682231e-17
3088.0812035618997 3.2997294977538326e-17 7.896150071926972e-17
3089.633474201743 7.709188711865373e-17 8.171276553982357e-17
3091.185753953845 6.977749497824477e-17 8.212511765858214e-17
3092.7380428183665 1.832417136365467e-16 8.802799712640282e-17
3094.2903407954686 -1.4233558096286824e-17 8.166182503706668e-17
3095.842647885311 1.249613868776351e-16 8.770278168697205e-17
3097.3949640880546 4.7861089406207686e-17 8.490170870774766e-17
3098.9472894038595 1.0400996576323261e-16 8.681115342056814e-17
3100.4996238328868 8.819488475994179e-17 8.842235701507507e-17
3102.051967375296 1.1353735520971963e-16 9.072266105070437e-17
3103.604320031249 1.224168343075144e-16 9.189895596625804e-17
3105.1566818009055 2.1886809135371928e-16 9.813999398472159e-17
3106.709052684426 1.5193395021832245e-16 9.3478935211926e-17
3108.261432681971 2.06463826657502e-17 8.984799696599948e-17
3109.8138217937008 1.0481054656835936e-16 9.559447744999514e-17
3111.366220019777 8.916186802716729e-18 9.209929619932038e-17
3112.918627360359 6.650334152408687e-17 9.557085205435506e-17
3114.471043815608 -3.0045487809170275e-17 9.198698086972829e-17
3116.0234693856837 2.1745754401882766e-16 1.0152043006439926e-16
3117.575904070748 6.383799312762364e-17 9.852573012559689e-17
3119.1283478709606 1.4057749745723172e-16 1.0090182304251046e-16
3120.680800786482 3.823340817483647e-19 9.754042973913058e-17
3122.2332628174736 3.958692563626755e-18 9.851065505361343e-17
3123.7857339640946 3.691333542811281e-17 1.0204214431916776e-16
3125.3382142265064 1.5241961955965294e-17 1.0125744612930238e-16
3126.890703604869 -8.85189634992102e-17 9.781383515138916e-17
3128.4432020993445 -9.018509009111793e-17 9.813786475312001e-17
3129.995709710092 1.4113334267867236e-16 1.0740471959012915e-16
3131.548226437272 5.625400444367691e-17 1.0618152315414345e-16
3133.1007522810464 1.5250619607356828e-16 1.125038711031926e-16
3134.653287241575 1.1629294735798268e-16 1.1121125599524152e-16
3136.205831319018 -8.684076973854357e-17 1.0507847657025874e-16
3137.7583845135373 2.1976610254599323e-16 1.1637125976812925e-16
3139.3109468252915 5.676351034536097e-17 1.1097745407239295e-16
3140.863518254443 2.596339023093753e-16 1.225508937451382e-16
3142.4160988011517 4.9644659857051073e-17 1.1819051939925405e-16
