wavelength flux error
1851.1864013671875 1.5650710978934446e-12 1.174039923439174e-12
1853.84912109375 1.3557898293631299e-12 1.0930663926073114e-12
1856.511962890625 -1.477151842683988e-12 1.6693319903476889e-12
1859.1748046875 2.0710852737665375e-12 1.5973959351447964e-12
1861.8375244140625 9.637222660521805e-13 8.299581182903693e-13
1864.5003662109375 4.965361346913333e-14 7.322971981409132e-13
1867.1632080078125 1.9285111973067065e-13 8.331926186315453e-13
1869.825927734375 9.129080954725644e-13 5.240132871890679e-13
1872.48876953125 3.8390688197886824e-13 4.491653631064768e-13
1875.151611328125 3.193331829434015e-13 3.8208867493561005e-13
1877.8143310546875 -2.511120312880498e-14 3.505562810521279e-13
1880.4771728515625 1.94863507383021e-13 3.764338287696317e-13
1883.1400146484375 2.7995951368785243e-13 3.8032535562733394e-13
1885.802734375 8.668092692188864e-14 3.89592329751165e-13
1888.465576171875 2.0259643030047514e-13 3.021262981548617e-13
1891.12841796875 3.811544450286336e-13 2.974483452513471e-13
1893.7911376953125 2.436933846990813e-13 2.8026260240517076e-13
1896.4539794921875 -2.0750495234849592e-13 2.454091346370396e-13
1899.11669921875 2.7534582686811193e-13 2.462512073593548e-13
1901.779541015625 8.141146719438386e-14 2.509153637902245e-13
1904.4423828125 -3.423849135523842e-14 2.3911772627054073e-13
1907.105224609375 2.8838381877817343e-13 2.3569904708531375e-13
1909.7679443359375 1.7631761935893442e-13 2.2388621718268803e-13
1912.4307861328125 9.49443635148671e-15 1.9809569024205331e-13
1915.093505859375 4.773506893582247e-13 2.1540004480589958e-13
1917.75634765625 1.83491351453402e-13 1.946679850737404e-13
1920.419189453125 -1.115447252793278e-13 1.6037040131196972e-13
1923.0819091796875 2.1341375932085183e-13 1.6063758938485162e-13
1925.7447509765625 2.561951844247401e-13 1.8278315059433448e-13
1928.4075927734375 1.6615509424063035e-13 1.7212479271749848e-13
1931.0703125 1.2317038122940105e-13 1.6272333686669777e-13
1933.733154296875 6.685745571532661e-14 1.4720931179774965e-13
1936.39599609375 7.004723949315117e-14 1.467173686145115e-13
1939.0587158203125 2.814465240724706e-13 1.5049070388288566e-13
1941.7215576171875 2.6284654791250417e-13 1.4091988210021555e-13
1944.3843994140625 1.2965225681255133e-13 1.3104111979550526e-13
1947.047119140625 5.2636894002549076e-14 1.1996018056941588e-13
1949.7099609375 1.799499947923583e-13 1.2062251967658727e-13
1952.372802734375 1.57498295546947e-13 1.2397397832712015e-13
1955.0355224609375 3.640246402382939e-14 1.1314025074888462e-13
1957.6983642578125 -1.104887881727757e-15 1.0880156503393149e-13
1960.361083984375 2.8400646092698045e-13 1.1636624010300661e-13
1963.02392578125 1.0862802492369802e-13 1.0586390569505486e-13
1965.686767578125 1.682084782876278e-13 9.983043580165385e-14
1968.349609375 9.396568809508232e-14 9.364995486992739e-14
1971.0123291015625 1.9211879537326532e-13 1.0405647291088574e-13
1973.6751708984375 1.737419751254507e-13 9.7425675383081e-14
1976.337890625 1.8568420455736256e-13 8.68286765729441e-14
1979.000732421875 1.0610164412642661e-13 8.049526892478856e-14
1981.66357421875 1.818478500377127e-13 8.660508697992328e-14
1984.3262939453125 1.6371966445310332e-13 8.3172618098315e-14
1986.9891357421875 1.7598779150553717e-13 7.866461388533752e-14
1989.6519775390625 1.4717740914882427e-13 7.563630169231395e-14
1992.314697265625 2.155877879645926e-13 7.893947946485333e-14
1994.9775390625 2.7929967841007312e-14 6.878367640001867e-14
1997.640380859375 1.8353091128017057e-13 7.308104045967295e-14
2000.3031005859375 2.0965252645922805e-13 7.383318538804404e-14
2002.9659423828125 2.932303922245638e-13 7.759765730365811e-14
2005.6287841796875 1.4837999264601803e-13 6.692531321879705e-14
2008.29150390625 6.974469287691909e-14 6.239212163410002e-14
2010.954345703125 2.1302825768589745e-13 7.31576867770041e-14
2013.6171875 2.1953066534768917e-13 7.243735640613189e-14
2016.2799072265625 1.0346581311984279e-13 5.86747989604619e-14
2018.9427490234375 1.315656703590809e-13 5.918520746195019e-14
2021.60546875 2.1858442790165244e-13 6.646494064756897e-14
2024.268310546875 2.1413094550542383e-13 8.571858229732693e-14
2026.93115234375 1.3787763790927554e-13 5.917365393254964e-14
2029.593994140625 9.141893784949534e-14 5.674584066528432e-14
2032.2567138671875 1.3675497366472111e-13 5.850084549815018e-14
2034.9195556640625 1.6826985768311764e-13 6.009979975707749e-14
2037.582275390625 1.5371364391839754e-13 5.87444589500441e-14
2040.2451171875 9.210573926818344e-14 5.538086401144296e-14
2042.907958984375 1.2794896164704944e-13 5.70230305032074e-14
2045.57080078125 7.761120983081418e-14 5.5772779379873946e-14
2048.2333984375 1.318521707831602e-13 5.804860444321575e-14
2050.896240234375 1.3036434724691265e-13 5.56304541278127e-14
2053.55908203125 1.9118405047025694e-13 5.716310942389252e-14
2056.221923828125 2.270093293031683e-13 5.996930247309171e-14
2058.884765625 1.6909007017913008e-13 5.599070740467532e-14
2061.547607421875 1.3417422012849956e-13 5.248273739428058e-14
2064.21044921875 1.2155220948696643e-13 5.078474126689672e-14
2066.873046875 1.2469398343734062e-13 5.0809718574445356e-14
2069.535888671875 7.211280726206193e-14 4.644157644171851e-14
2072.19873046875 9.577588559479128e-14 4.635673423358973e-14
2074.861572265625 1.3840129400605888e-13 4.8474086208763825e-14
2077.5244140625 1.174936070744842e-13 4.6264245012013136e-14
2080.18701171875 1.384744912052288e-13 4.736496771510189e-14
2082.849853515625 1.993817437540013e-13 5.0522964040481885e-14
2085.5126953125 1.5825283249636113e-13 4.7847762942509683e-14
2088.175537109375 1.1744056248319534e-13 4.4496961589543874e-14
2090.83837890625 1.4878385795526888e-13 4.506520550067068e-14
2093.501220703125 1.5261613316424477e-13 4.5834006484916576e-14
2096.163818359375 8.285065071066827e-14 4.151215978495486e-14
2098.82666015625 2.1761440577045682e-13 7.106718913438975e-14
2101.489501953125 1.419328115323873e-13 4.3712731053130796e-14
2104.15234375 1.0149265325734569e-13 4.100124306369822e-14
2106.815185546875 1.0944779018631431e-13 4.223986611873176e-14
2109.47802734375 1.787238841080216e-13 4.6350018956383895e-14
2112.140625 1.13629652833281e-13 4.2017835066333886e-14
2114.803466796875 1.2758900652578425e-13 4.202533639011477e-14
2117.46630859375 1.1177050360548432e-13 4.1571150547533436e-14
2120.129150390625 1.9950870382839936e-13 4.550651983058554e-14
2122.7919921875 1.1173950219961482e-13 4.127520062389457e-14
2125.45458984375 1.331684870882477e-13 4.046364480460307e-14
2128.117431640625 8.686026073748132e-14 3.73775819052357e-14
2130.7802734375 1.4010594442427637e-13 4.0727746289425173e-14
2133.443115234375 1.4896781995888536e-13 4.0690819041056675e-14
2136.10595703125 8.76410336854037e-15 3.832737688965089e-14
2138.768798828125 1.351733259829721e-13 4.0537827950123603e-14
2141.431640625 1.0826156458939792e-13 3.68656351919152e-14
2144.09423828125 6.00019437347471e-14 3.3276397452429093e-14
2146.757080078125 1.624732927406683e-13 6.183247002519016e-14
2149.419921875 1.085257033436697e-13 3.581075052380006e-14
2152.082763671875 1.8065999813753758e-13 4.1492759342330945e-14
2154.74560546875 1.0820314642109169e-13 3.510830610064207e-14
2157.408203125 1.8948246292317672e-13 4.0232689413072925e-14
2160.071044921875 1.14463329765023e-13 3.447149995463271e-14
2162.73388671875 1.423597974529664e-13 3.6550274661257057e-14
2165.396728515625 9.322099705664708e-14 3.296241589140908e-14
2168.0595703125 1.0197190449890217e-13 3.2805132037499324e-14
2170.72216796875 1.3815503103510596e-13 3.5044056957526937e-14
2173.385009765625 1.4180694921268888e-13 3.513853501246368e-14
2176.0478515625 2.804332795440425e-14 3.324635149972409e-14
2178.710693359375 5.410806148292181e-14 2.952454293959732e-14
2181.37353515625 1.1287974407189066e-13 3.2780507095656747e-14
2184.036376953125 1.1279052100935869e-13 3.329337538082386e-14
2186.69921875 4.8413072731507203e-14 3.3173215286926364e-14
2189.36181640625 4.5281690181329937e-14 2.7929434210250542e-14
2192.024658203125 1.271509888481001e-13 3.391842809765712e-14
2194.6875 6.445599533711627e-14 2.965350878801447e-14
2197.350341796875 6.875230229965237e-14 2.874459161363377e-14
2200.01318359375 1.7697633994135514e-13 4.0759625221428036e-14
2202.67578125 8.223384131847769e-14 3.723610368612171e-14
2205.338623046875 1.270910189154345e-13 4.365535981754737e-14
2208.00146484375 1.6160803164438908e-13 3.4425624650209416e-14
2210.664306640625 2.4226673727041625e-13 4.1868598025423046e-14
2213.3271484375 1.4015585838179218e-13 3.663130860925498e-14
2215.989990234375 5.007096354290447e-14 2.878649941573212e-14
2218.652587890625 1.9419487990324918e-13 3.4408982146861763e-14
2221.3154296875 1.5962648954384595e-13 3.2186831867321575e-14
2223.978271484375 1.1835484307019806e-13 2.9860435548896905e-14
2226.64111328125 4.560091318222756e-14 2.4397752359530366e-14
2229.303955078125 1.416709902602592e-13 3.0195416750745246e-14
2231.966796875 1.3227765237322497e-13 2.8206930674100524e-14
2234.62939453125 1.1599011681684424e-13 2.6673265714747575e-14
2237.292236328125 8.764704592526332e-14 2.43757769367468e-14
2239.955078125 1.3566887413843376e-13 2.932682850904922e-14
2242.617919921875 1.0096720145071417e-13 2.5394088416265392e-14
2245.28076171875 8.919770575366998e-14 4.226569723549123e-14
2247.943359375 9.463510162142919e-14 2.8919873223606785e-14
2250.606201171875 1.1364219569716394e-13 2.4350994446776034e-14
2253.26904296875 1.5431988911566996e-13 2.889280205061254e-14
2255.931884765625 1.0976672180787808e-13 2.5052842558739158e-14
2258.5947265625 1.232908360907642e-13 2.5219399729355454e-14
2261.257568359375 1.2745329151884338e-13 2.586703265049662e-14
2263.92041015625 8.489897966503651e-14 2.5548699034193614e-14
2266.5830078125 9.374831233576256e-14 2.2133860296349485e-14
2269.245849609375 7.257963761247987e-14 2.0526635607725184e-14
2271.90869140625 1.6335031743051898e-13 2.6928332746154263e-14
2274.571533203125 7.098840829403152e-14 2.032165194042375e-14
2277.234375 1.313605528605738e-13 3.9258310144396624e-14
2279.89697265625 1.3606006783479369e-13 2.2887889025995263e-14
2282.559814453125 1.1033464045835314e-13 2.1205664652089277e-14
2285.22265625 1.563687466185973e-13 2.4392643056792528e-14
2287.885498046875 1.2858080756811968e-13 2.2501121923817688e-14
2290.54833984375 1.539793276607651e-13 4.377438488729554e-14
2293.2109375 1.3445109825829804e-13 4.908506123801372e-14
2295.873779296875 1.0762841084945712e-13 3.984694044449795e-14
2298.53662109375 1.116389695531711e-13 1.9843705129606037e-14
2301.199462890625 9.937515898063645e-14 1.9011493564862793e-14
2303.8623046875 1.520824617498931e-13 3.243689971027357e-14
2306.525146484375 1.1963645135323886e-13 3.2992190793570964e-14
2309.18798828125 2.2842031001044094e-13 2.6836143374241e-14
2311.8505859375 1.5333585367139496e-13 2.1063881501114275e-14
2314.513427734375 1.4265281664260776e-13 2.6040374555020424e-14
2317.17626953125 1.4303995813334802e-13 2.2590866758645176e-14
2319.839111328125 1.6874857359985146e-13 3.686055977049525e-14
2322.501953125 1.137810277853507e-13 1.826129173007271e-14
2325.16455078125 1.2686558617872046e-13 3.064875217224754e-14
2327.827392578125 1.4843279329181808e-13 1.9364735102988043e-14
2330.490234375 1.7578725476120882e-13 2.0863588702274734e-14
2333.153076171875 1.853804517662136e-13 2.204627708960339e-14
2335.81591796875 1.4048400572182207e-13 1.7942221195105593e-14
2338.478515625 1.4860575064338383e-13 1.857526482076325e-14
2341.1416015625 9.783151258503306e-14 1.4557204793268393e-14
2343.80419921875 1.1975275914129224e-13 2.7329016599655226e-14
2346.467041015625 1.3309557449214804e-13 2.3798688307584762e-14
2349.1298828125 1.2069211190353368e-13 1.7423635437544514e-14
2351.792724609375 2.0093392824171302e-13 2.7056854749307052e-14
2354.45556640625 1.5814365333759184e-13 2.2204450328107764e-14
2357.1181640625 1.3220198861411264e-13 1.6413009934989307e-14
2359.781005859375 1.6613582254701442e-13 1.8367485944735876e-14
2362.44384765625 1.422644418718963e-13 2.8426581563916614e-14
2365.106689453125 1.5573729372081457e-13 2.0581746959405338e-14
2367.76953125 1.843259567332542e-13 2.0579702221870666e-14
2370.43212890625 1.3649758406897305e-13 2.9971234234661345e-14
2373.094970703125 1.7121377828954037e-13 1.8580995845684373e-14
2375.7578125 1.5744989947247268e-13 2.6980238925162006e-14
2378.420654296875 1.3443544508943278e-13 2.776819132434532e-14
2381.08349609375 1.0933705248692208e-13 2.4158202971717377e-14
2383.746337890625 9.334469097200052e-14 2.9217656126543506e-14
2386.4091796875 9.937854711242547e-14 1.3160606705440135e-14
2389.07177734375 1.9783167346052594e-13 1.9780939988214494e-14
2391.734619140625 1.6101378043364978e-13 2.5242323829039945e-14
2394.3974609375 1.3725747426661383e-13 2.2151934285377997e-14
2397.060302734375 1.821158106046425e-13 2.6518167205841735e-14
2399.72314453125 1.2391339853073252e-13 2.1904402459070084e-14
2402.3857421875 1.6167289403935803e-13 1.8324553232771344e-14
2405.048583984375 1.5609325084656872e-13 2.0952296768774782e-14
2407.71142578125 1.6195821539357474e-13 2.5253833312727236e-14
2410.374267578125 1.388896051120192e-13 1.38394595669512e-14
2413.037109375 1.6165293116685714e-13 1.5941168537655405e-14
2415.69970703125 1.5505950473268526e-13 1.4413127877072225e-14
2418.362548828125 1.543494607299245e-13 2.8893950627289014e-14
2421.025390625 1.6275069941902587e-13 1.49068498294996e-14
2423.688232421875 1.9188642374264736e-13 2.7848715358508996e-14
2426.35107421875 1.6110145173182239e-13 2.6558628275666178e-14
2429.013916015625 1.5799911563547236e-13 2.152483513694417e-14
2431.6767578125 1.6261540454042683e-13 1.4530228487964238e-14
2434.33935546875 1.56009997672249e-13 1.7128334341143248e-14
2437.002197265625 1.785113262721058e-13 1.935115885890945e-14
2439.6650390625 1.6155359114280315e-13 2.205803390691128e-14
2442.327880859375 1.763604724498019e-13 1.4957842906990204e-14
2444.99072265625 1.5440299321219098e-13 1.5595175907492757e-14
2447.6533203125 1.6433873034106539e-13 1.4298719136886587e-14
2450.316162109375 1.6824397235624955e-13 2.0260404682073685e-14
2452.97900390625 1.855028310864329e-13 1.5005332656210964e-14
2455.641845703125 2.0111541013285994e-13 1.9626849448515886e-14
2458.3046875 1.6787091194122444e-13 1.535745272271405e-14
2460.96728515625 1.4586967159342656e-13 1.6973337476191078e-14
2463.63037109375 1.5821073834701438e-13 2.47287558946584e-14
2466.29296875 1.7723755134976121e-13 1.427736374222041e-14
2468.955810546875 1.7191341395144527e-13 1.397404632600633e-14
2471.61865234375 1.465953281074711e-13 2.1486459462235867e-14
2474.281494140625 1.8749666532910658e-13 1.8936029705526013e-14
2476.9443359375 1.821458836624018e-13 1.485093210245366e-14
2479.60693359375 1.6471399981801693e-13 1.410843572638475e-14
2482.269775390625 1.6592644955498032e-13 1.3117359744252172e-14
2484.9326171875 1.7100355148829544e-13 1.3231052741597381e-14
2487.595458984375 1.6873621369508512e-13 1.391264660172576e-14
2490.25830078125 1.9398535783341636e-13 1.4715715150885773e-14
2492.9208984375 1.3589765434935536e-13 1.4294731305770914e-14
2495.583740234375 2.2803352088540674e-13 2.814602222892936e-14
2498.24658203125 1.9923387213020144e-13 1.8035079723047187e-14
2500.909423828125 1.7623505736349965e-13 1.317790565932191e-14
2503.572265625 1.6329155367277026e-13 1.8266065607763435e-14
2506.235107421875 1.6438647589423622e-13 2.347878598626344e-14
2508.89794921875 2.366027295960804e-13 1.8253133108724756e-14
2511.560546875 2.042020930603447e-13 1.7630638431392204e-14
2514.223388671875 2.1978973545680458e-13 1.774889439522427e-14
2516.88623046875 1.9720672577577814e-13 1.6692086962318865e-14
2519.549072265625 2.2778450675144113e-13 2.59775416509931e-14
2522.2119140625 1.9813928872191439e-13 1.3776807080941641e-14
2524.87451171875 1.860343340964396e-13 1.5140768142279243e-14
2527.537353515625 1.9125278888799252e-13 1.3263889667863588e-14
2530.2001953125 1.8980844185886164e-13 1.8917101907286668e-14
2532.863037109375 1.678499190766597e-13 2.309046881379239e-14
2535.52587890625 1.9430958849309815e-13 1.3256871152862639e-14
2538.1884765625 2.3294601382388425e-13 1.6111757585100632e-14
2540.851318359375 1.997805946282044e-13 1.9450041485171918e-14
2543.51416015625 2.066048341523713e-13 1.403473962480889e-14
2546.177001953125 2.275604021623884e-13 1.4334716343079e-14
2548.83984375 1.84464097642556e-13 1.5012664573402397e-14
2551.502685546875 1.9397536962090234e-13 1.292063041302173e-14
2554.16552734375 1.757464481019419e-13 1.260814132405478e-14
2556.828125 1.8767267199928245e-13 1.4493697651015054e-14
2559.490966796875 2.0292463185061366e-13 1.3014498604236452e-14
2562.15380859375 2.144180693457523e-13 1.3421265001331648e-14
2564.816650390625 1.76937945631922e-13 1.1669450094545144e-14
2567.4794921875 2.0011063932203615e-13 1.2751349184447064e-14
2570.14208984375 1.902369863200637e-13 1.2204178606014995e-14
2572.804931640625 2.117519077833932e-13 1.3037315977769588e-14
2575.4677734375 1.7756027767892868e-13 1.7981516747594614e-14
2578.130615234375 1.785808913939979e-13 1.1569176640183285e-14
2580.79345703125 2.0712160556535936e-13 1.8303711140071205e-14
2583.4560546875 1.712504514280247e-13 1.5062029653568378e-14
2586.119140625 1.7005911652837047e-13 1.116632184123851e-14
2588.78173828125 1.5931018711255046e-13 1.3841098575704137e-14
2591.444580078125 1.854357325244832e-13 1.532987332995145e-14
2594.107421875 1.9866360889252838e-13 2.010321908398581e-14
2596.770263671875 1.7946469234742662e-13 1.919459159487307e-14
2599.43310546875 1.2476555433325182e-13 1.0705815438804764e-14
2602.095703125 1.5369626957858346e-13 1.0082903174229215e-14
2604.758544921875 1.8790756439995143e-13 1.1404787026879012e-14
2607.42138671875 1.822077102912878e-13 1.1182837289644074e-14
2610.084228515625 1.7089323391724504e-13 1.0737042155438241e-14
2612.7470703125 2.1817401672178521e-13 1.4175796021515148e-14
2615.40966796875 1.9277181034175334e-13 1.1459328325385664e-14
2618.072509765625 2.279169149417559e-13 1.2813523943874371e-14
2620.7353515625 2.0346640767620466e-13 1.3122098046559113e-14
2623.398193359375 1.6484914561881725e-13 1.2007133331495227e-14
2626.06103515625 1.8793884363262764e-13 1.1322217408147716e-14
2628.723876953125 1.8700592832078533e-13 1.1840757425929643e-14
2631.38671875 1.9977675926301924e-13 1.1386480950822953e-14
2634.04931640625 2.1052745050736954e-13 1.17465715973597e-14
2636.712158203125 1.9688134315128808e-13 1.1358672012131647e-14
2639.375 2.4824489252422977e-13 1.3065549279967469e-14
2642.037841796875 2.0706033459008677e-13 1.1829028560709012e-14
2644.70068359375 1.9560412588704584e-13 1.1115366033197585e-14
2647.36328125 2.1538684464444957e-13 1.1795336978199025e-14
2650.026123046875 2.2449538972582617e-13 1.2132812692077031e-14
2652.68896484375 1.9734038079859129e-13 1.1183814765665205e-14
2655.351806640625 2.0794734749245147e-13 1.1279695507162603e-14
2658.0146484375 2.0620973732819042e-13 1.3137386991257053e-14
2660.67724609375 1.9871711426974054e-13 1.0962242805124742e-14
2663.34033203125 2.1291026938447671e-13 1.1387159424213703e-14
2666.0029296875 1.918332571786141e-13 1.070332685600573e-14
2668.665771484375 2.1848228250447715e-13 1.1454338454293389e-14
2671.32861328125 2.0884018798149329e-13 1.1174200094680922e-14
2673.991455078125 1.891003358674842e-13 1.0418625529906404e-14
2676.654296875 2.1797937532676975e-13 1.1299278908903122e-14
2679.31689453125 1.9446171561042502e-13 1.0545042656185267e-14
2681.979736328125 2.0727485754244018e-13 1.0861276477812029e-14
2684.642578125 2.492806850697138e-13 1.2275281092706362e-14
2687.305419921875 2.3097862056169205e-13 1.1596153792520388e-14
2689.96826171875 2.2047037047563667e-13 1.120282896126517e-14
2692.630859375 2.1573156672519134e-13 1.10621613526817e-14
2695.293701171875 1.8423098062294446e-13 9.863849442640939e-15
2697.95654296875 2.134372729554676e-13 1.0922800715935845e-14
2700.619384765625 2.091241811880487e-13 1.0738438065735316e-14
2703.2822265625 2.068933403504697e-13 1.0672422858925158e-14
2705.94482421875 2.1761402629969645e-13 1.0902494795091318e-14
2708.60791015625 2.2248625467999328e-13 1.469771570075662e-14
2711.2705078125 2.1506014742482538e-13 1.0823428504629865e-14
2713.933349609375 2.4774287981331466e-13 1.3014891627523978e-14
2716.59619140625 2.0447685699590684e-13 1.0335327462840469e-14
2719.259033203125 2.2360883760938477e-13 1.096439680990961e-14
2721.921875 2.3019192346533657e-13 1.1214683187361994e-14
2724.58447265625 2.1134161857627037e-13 1.0582285847843091e-14
2727.247314453125 2.17652108901005e-13 1.508516551148968e-14
2729.91015625 2.4425914849773855e-13 1.1393661249116827e-14
2732.572998046875 2.352742024640253e-13 1.1066636227742045e-14
2735.23583984375 2.110604171903091e-13 1.0379607804224082e-14
2737.8984375 2.1487262110656685e-13 1.0436793539592062e-14
2740.561279296875 2.1097838374343342e-13 1.027568279082661e-14
2743.22412109375 2.474117915748919e-13 1.1360291539126797e-14
2745.886962890625 2.2628237174651677e-13 1.0604049512389843e-14
2748.5498046875 2.22055433394229e-13 1.0508550782751657e-14
2751.212646484375 2.3699201238611134e-13 1.0921375159485616e-14
2753.87548828125 2.4397527726392754e-13 1.1106841493616418e-14
2756.5380859375 2.111336821521148e-13 1.0096847030606915e-14
2759.200927734375 2.2483788919211434e-13 1.0476698108770159e-14
2761.86376953125 2.3091901654725966e-13 1.0562254365673474e-14
2764.526611328125 2.2354594033085345e-13 1.0330367237901348e-14
2767.189453125 2.3407285224680274e-13 1.0521307098937307e-14
2769.85205078125 2.169990261698812e-13 9.999903262760713e-15
2772.514892578125 2.643001377651555e-13 1.1326463584312302e-14
2775.177734375 2.37935376696391e-13 1.0563902691788831e-14
2777.840576171875 2.2555802982760637e-13 1.0064691965863248e-14
2780.50341796875 2.710619001391329e-13 1.1446763438646094e-14
2783.166015625 2.437110029843842e-13 1.0676049006972353e-14
2785.8291015625 2.3419029844713724e-13 1.0431706259710852e-14
2788.49169921875 2.501399966065715e-13 1.0839501801836963e-14
2791.154541015625 2.3081200579283534e-13 1.0182919977608056e-14
2793.8173828125 2.0652346477932626e-13 9.53069359679393e-15
2796.47998046875 1.4384057367509279e-13 7.858727638912141e-15
2799.14306640625 1.2589781376703274e-13 7.183350153583661e-15
2801.8056640625 1.469987461833258e-13 7.860124396242164e-15
2804.468505859375 1.398057423952423e-13 7.619301917909452e-15
2807.13134765625 1.660111392971786e-13 8.582532538933992e-15
2809.794189453125 2.3804740188586304e-13 1.0404023528928687e-14
2812.45703125 2.5898093348672435e-13 1.0798286872689463e-14
2815.11962890625 2.6005348048585564e-13 1.0769259900620005e-14
2817.78271484375 2.662575021572522e-13 1.0841151822018214e-14
2820.4453125 2.673975136365664e-13 1.09506714880323e-14
2823.108154296875 2.7835654788088693e-13 1.1119922223420866e-14
2825.77099609375 2.449847508016745e-13 1.0279682480403545e-14
2828.43359375 2.395926339271437e-13 1.0088751936730006e-14
2831.0966796875 2.3149676077992287e-13 9.835522119785913e-15
2833.75927734375 2.3234758843478087e-13 9.768040698944058e-15
2836.422119140625 2.452809006250889e-13 1.0082173878861629e-14
2839.0849609375 2.624394842068445e-13 1.046297617502464e-14
2841.74755859375 2.3699450605110806e-13 9.872617080677968e-15
2844.41064453125 2.3293549706281114e-13 9.731420923535412e-15
2847.0732421875 2.38786204351249e-13 9.871476127298016e-15
2849.736083984375 2.437144182212275e-13 9.979532120379248e-15
2852.39892578125 2.0825551840745332e-13 9.141258340832504e-15
2855.061767578125 2.114342500993821e-13 9.137780423551078e-15
2857.724609375 2.293420715924338e-13 9.535209129435743e-15
2860.38720703125 2.5823264425232917e-13 1.0314872464197225e-14
2863.05029296875 2.540007050175208e-13 1.0160567625162962e-14
2865.712890625 2.400687342061364e-13 9.755529175280164e-15
2868.375732421875 2.7052202166734374e-13 1.0456742012532848e-14
2871.03857421875 2.759906561101977e-13 1.0515945380381187e-14
2873.701171875 2.4909653333071713e-13 9.84838431508997e-15
2876.3642578125 2.4854182839421923e-13 1.0008050872680353e-14
2879.02685546875 2.4238038876314705e-13 9.786995602237714e-15
2881.689697265625 2.543108410489603e-13 1.004248276198624e-14
2884.3525390625 2.531193028613987e-13 1.0009644988687085e-14
2887.015380859375 2.6177660299858685e-13 1.0120087920613679e-14
2889.67822265625 2.4482214758085596e-13 9.73568827552368e-15
2892.3408203125 2.4658630714581575e-13 9.724400714468569e-15
2895.00390625 2.570399947575408e-13 9.91537360978947e-15
2897.66650390625 2.3933174777938937e-13 9.493892556334572e-15
2900.329345703125 2.51294536394997e-13 9.79222264255522e-15
2902.9921875 2.4219171048008026e-13 9.571075045521332e-15
2905.65478515625 2.5345768235943145e-13 9.822188974163183e-15
2908.31787109375 2.70260403683123e-13 1.0147910411832141e-14
2910.98046875 2.600699332538231e-13 9.791666988941822e-15
2913.643310546875 2.65504090067592e-13 9.955935476534637e-15
2916.30615234375 2.8867286707735806e-13 1.0345813730727477e-14
2918.96875 2.5811918249497856e-13 9.767460481375188e-15
2921.6318359375 2.951338988737423e-13 1.0614933885762061e-14
2924.29443359375 2.6973795376125653e-13 1.016903033133898e-14
2926.957275390625 2.4656437915687723e-13 9.679940802100138e-15
2929.6201171875 2.76154804319112e-13 1.0217839757891561e-14
2932.282958984375 2.5944478228116796e-13 9.947899674964036e-15
2934.94580078125 2.9470368745170006e-13 1.0632958746879632e-14
2937.6083984375 2.94476167625804e-13 1.054645466010834e-14
2940.271484375 2.708414547324123e-13 1.0173568733870368e-14
2942.93408203125 2.597248859124296e-13 9.985600264413377e-15
2945.596923828125 2.713184494781973e-13 1.0257628283555885e-14
2948.259765625 2.5880870797162503e-13 1.0063194411612502e-14
2950.92236328125 2.6013948482318805e-13 9.971619138585998e-15
2953.58544921875 2.65616630253096e-13 1.009227389972469e-14
2956.248046875 2.581239800895918e-13 9.943789871103958e-15
2958.910888671875 2.857492888141966e-13 1.0423242706501887e-14
2961.57373046875 2.6591597847291926e-13 1.0221321910337724e-14
2964.236328125 2.642153531552671e-13 1.0226352439011467e-14
2966.8994140625 2.7087224607411087e-13 1.034146336951038e-14
2969.56201171875 2.5203938328749453e-13 1.008512578868281e-14
2972.224853515625 2.544803831636827e-13 1.007629970537242e-14
2974.8876953125 2.409287504744062e-13 9.901943055377806e-15
2977.550537109375 2.582824904472092e-13 1.0383207694249913e-14
2980.21337890625 2.623857077790892e-13 1.0372308921317592e-14
2982.8759765625 2.751267367141069e-13 1.0632912160067533e-14
2985.5390625 2.7747251653449656e-13 1.068854697810909e-14
2988.20166015625 2.691192537915277e-13 1.0632304837444352e-14
2990.864501953125 2.55515850448515e-13 1.0496230688533843e-14
2993.52734375 2.4948643953699723e-13 1.0934039996112963e-14
2996.18994140625 2.673488871691304e-13 1.0851795638033412e-14
2998.85302734375 2.3457372654543673e-13 1.033024611218989e-14
3001.515625 2.442569800933936e-13 1.0321610611292633e-14
3004.178466796875 2.5957735310180863e-13 1.0641698432829402e-14
3006.84130859375 2.545915952015254e-13 1.063623591735256e-14
3009.504150390625 2.5022391385472187e-13 1.0633333982475266e-14
3012.1669921875 2.6907924673136296e-13 1.1096196830568273e-14
3014.82958984375 2.5394760621612333e-13 1.0891336830077137e-14
3017.49267578125 2.545004951139823e-13 1.0949234920153757e-14
3020.1552734375 2.5512342347218386e-13 1.106354371045162e-14
3022.818115234375 2.5289400564995623e-13 1.109765711536934e-14
3025.48095703125 2.7788811833226457e-13 1.1701984630049182e-14
3028.1435546875 2.73876380558688e-13 1.1718504313619482e-14
3030.806640625 2.6271137500664954e-13 1.1474100579985779e-14
3033.46923828125 2.67604325200968e-13 1.1641179522897584e-14
3036.132080078125 2.667681884855472e-13 1.174216363790219e-14
3038.794921875 2.7448478060777826e-13 1.1916661742398995e-14
3041.45751953125 2.7027056807849004e-13 1.1955159389851703e-14
3044.12060546875 2.762171188389756e-13 1.2188107849906739e-14
3046.783203125 2.5609329652558077e-13 1.186380265132559e-14
3049.446044921875 2.5973084902437826e-13 1.2329996880000148e-14
3062.76025390625 2.784026535782719e-13 1.3126477206896418e-14
3065.4228515625 2.6952493513941744e-13 1.3030181419254865e-14
3068.085693359375 2.7724044305947604e-13 1.3820538544975433e-14
3070.74853515625 2.732093251720663e-13 1.3212261315662544e-14
3073.4111328125 2.7319181530698067e-13 1.4029062809996391e-14
3076.07421875 2.7746606553157027e-13 1.3589216388179125e-14
3078.73681640625 2.759972155333412e-13 1.3636081874117759e-14
3081.399658203125 2.634892629603536e-13 1.3387395541902738e-14
3084.0625 2.7991533244932365e-13 1.3879617398980526e-14
3086.72509765625 2.904523681030585e-13 1.4315866471870803e-14
3089.38818359375 3.039853796200226e-13 1.4657149598846717e-14
3092.05078125 2.6433201330902656e-13 1.3939901580869562e-14
3094.713623046875 2.6101378545508036e-13 1.3950591983696858e-14
3097.37646484375 2.6755372006456724e-13 1.4405958590206665e-14
3100.039306640625 2.690699225926796e-13 1.4464378452578794e-14
3102.7021484375 2.8006942468308815e-13 1.4798627817960708e-14
3105.36474609375 2.903545188569917e-13 1.5118082905885878e-14
3108.02783203125 3.0924796143999567e-13 1.567356033643167e-14
3110.6904296875 3.3164814752968674e-13 1.608861495091575e-14
3113.353271484375 3.283802537615982e-13 1.616290651665353e-14
3116.01611328125 3.3263097679904485e-13 1.6502471860812412e-14
3118.6787109375 3.4631724029308975e-13 1.6936432250679208e-14
3121.341796875 2.877006087791817e-13 1.5508687067314515e-14
3124.00439453125 2.728268186456134e-13 1.5401942281235634e-14
3126.667236328125 2.712952475517061e-13 1.5429882510033764e-14
3129.330078125 2.832729710522397e-13 1.5731290713984734e-14
3131.992919921875 2.7784786732661104e-13 1.567328250962497e-14
3134.65576171875 2.8392744969366057e-13 1.5964446697111848e-14
3137.318359375 2.8837425069400124e-13 1.6223933546437308e-14
3139.9814453125 2.8265966498831896e-13 1.6180865309201216e-14
3142.64404296875 2.9423607105470706e-13 1.6772885435157453e-14
3145.306884765625 3.0037542006651485e-13 1.7024823526856983e-14
3147.9697265625 3.257407364676279e-13 1.7770021090994688e-14
3150.63232421875 2.957658532150298e-13 1.6629802935641362e-14
3153.29541015625 2.69913838458688e-13 1.620430948711532e-14
3155.9580078125 2.540536411885924e-13 1.584774588577094e-14
3158.620849609375 2.5976410692601926e-13 1.61324370474749e-14
3161.28369140625 2.8577289731650246e-13 1.702122702496294e-14
3163.9462890625 2.7659862247841893e-13 1.688913054277274e-14
3166.609375 2.663689039304751e-13 1.6801911560193963e-14
3169.27197265625 2.504814118706872e-13 1.6402762530393425e-14
3171.934814453125 2.322043111176869e-13 1.6198356539562017e-14
3174.59765625 2.390095771038353e-13 1.6532480544067737e-14
3177.260498046875 2.4891728760655096e-13 1.6541204983424457e-14
3179.92333984375 2.6152430915304947e-13 1.7003147953736746e-14
3182.5859375 2.6923732340811135e-13 1.726272289448872e-14
3185.2490234375 2.571065647709314e-13 1.6868845797751893e-14
3187.91162109375 2.565272213400638e-13 1.6983166446511017e-14
3190.574462890625 2.6258384572611093e-13 1.7420476004651256e-14
3193.2373046875 2.2684533017205272e-13 1.652963281929907e-14
3195.89990234375 2.2501473611897388e-13 1.6344078393741752e-14
3198.56298828125 2.2905904061530646e-13 1.6546446423302066e-14
3201.2255859375 2.768752295576743e-13 1.7920206808806453e-14
3203.888427734375 2.709544828088939e-13 1.7804408934587318e-14
3206.55126953125 3.2680379669774995e-13 2.064147125251624e-14
3209.2138671875 3.283496792603341e-13 2.0848435282848354e-14
3211.876953125 3.0666018769470726e-13 1.9450236302749786e-14
3214.53955078125 2.9225187265884134e-13 1.909718788813651e-14
3217.202392578125 2.8571416066380806e-13 1.940978539732071e-14
3219.865234375 2.639621106328288e-13 1.8789953791574325e-14
3222.528076171875 2.4677769593431376e-13 1.773465746544682e-14
3225.19091796875 2.4152370641655763e-13 1.760725862798209e-14
3227.853515625 2.46087709671744e-13 1.7762785735559242e-14
3230.5166015625 2.300374517608117e-13 1.700137934894288e-14
3233.17919921875 2.365120089792977e-13 1.747253973178719e-14
3235.842041015625 2.7836617017516774e-13 1.8913527428249255e-14
3238.5048828125 3.103634428451574e-13 1.989414594161503e-14
3241.16748046875 3.076817229816231e-13 2.0271353429949894e-14
3243.83056640625 3.2343618343484704e-13 2.0172414899512908e-14
3246.4931640625 2.5968566489883993e-13 1.7640630032038015e-14
3249.156005859375 2.4996256692104424e-13 1.7331315622557374e-14
3251.81884765625 2.636590490205648e-13 1.7586738407801908e-14
3254.481689453125 2.8257794324956786e-13 2.597150738827686e-14
3257.14453125 3.164952295468121e-13 2.241842609717725e-14
3259.80712890625 3.540277066730463e-13 2.3353665667426825e-14
3262.47021484375 2.883556024166345e-13 2.8257529034237706e-14
3265.1328125 2.645161379429689e-13 1.7212949544442163e-14
3267.795654296875 2.1605368319063678e-13 1.53633904236743e-14
3270.45849609375 2.0730898280581916e-13 1.5056008943379294e-14
3273.12109375 2.184660736819985e-13 1.621923420764594e-14
3275.7841796875 2.8405920736267187e-13 1.7734621890063036e-14
3278.44677734375 2.8435055959147304e-13 1.7584290482584343e-14
3281.109619140625 2.5723211538250523e-13 1.6615266156200584e-14
3283.7724609375 2.620265929145077e-13 1.7618032887071165e-14
3286.43505859375 2.148422498932101e-13 1.7161893786513463e-14
3289.09814453125 2.3752335276579217e-13 1.7538953891115504e-14
3291.7607421875 2.341086851286034e-13 1.8930310539066152e-14
3294.423583984375 2.868341415079856e-13 1.956120100697189e-14
3297.08642578125 2.7376506010062807e-13 2.2126409794545436e-14
3299.749267578125 2.6635811611885885e-13 1.949700946209717e-14
3302.412109375 2.8978962242007245e-13 2.7359428470593444e-14
3305.07470703125 2.3878677355738953e-13 2.1087098674198515e-14
3307.73779296875 2.382364867447445e-13 2.2252504201271395e-14
3310.400390625 2.4141875564626103e-13 2.234639949754043e-14
3313.063232421875 2.2688287067227503e-13 2.4060182624995215e-14
3315.72607421875 2.4221138874951087e-13 2.7171465083334137e-14
3318.388671875 3.6468706743689183e-13 2.8333304601699076e-14
3321.0517578125 3.4435946932517836e-13 3.1617042968098974e-14
3323.71435546875 3.0145138230248947e-13 3.299596178425214e-14
3326.377197265625 3.3864032997037163e-13 3.290418068221945e-14
3329.0400390625 3.1769834159256494e-13 3.43439706740941e-14
3331.70263671875 3.996852761950498e-13 3.5040438432776266e-14
3334.36572265625 3.786749559753222e-13 3.65704069403474e-14
3337.0283203125 3.031456921424869e-13 3.3635715604917946e-14
3339.691162109375 3.386592764033358e-13 3.513887382564258e-14
3342.35400390625 3.0210838171396137e-13 4.0152499109890466e-14
3345.016845703125 3.1754471014472374e-13 4.298716263051276e-14
3347.6796875 3.302074054727794e-13 4.491460304264887e-14
