wavelength flux error
1851.1864013671875 -2.0233475810614576e-14 1.2202084232349614e-13
1853.84912109375 3.259212019192381e-14 1.1495067864155523e-13
1856.511962890625 3.691855781045965e-14 1.849240975192873e-13
1859.1748046875 -7.781819080180524e-14 1.7017135855827703e-13
1861.8375244140625 7.653935401056786e-14 8.943494274153696e-14
1864.5003662109375 3.5857272961395056e-14 8.083454288961359e-14
1867.1632080078125 1.7242632967045743e-14 5.849898202566622e-14
1869.825927734375 2.6346182248099433e-14 5.50066482434778e-14
1872.48876953125 2.018079883162483e-14 4.868022014680763e-14
1875.151611328125 3.3387226631379635e-14 4.196146332962822e-14
1877.8143310546875 -1.0774174385779975e-15 3.858506802912817e-14
1880.4771728515625 1.7954681049759703e-14 4.179229390940259e-14
1883.1400146484375 -9.851402293481037e-15 3.898304476532971e-14
1885.802734375 2.2816296107227435e-14 3.559835193007836e-14
1888.465576171875 2.7221923683035023e-15 3.311410593973517e-14
1891.12841796875 1.2181933826754202e-14 3.244740630695131e-14
1893.7911376953125 2.2321891446244572e-14 3.157341060692001e-14
1896.4539794921875 1.4474619080911098e-14 2.8192905502559887e-14
1899.11669921875 -7.473086243521467e-15 2.661689906023959e-14
1901.779541015625 5.363016210594915e-15 2.845071861478157e-14
1904.4423828125 1.7700674080086505e-15 2.730166759985428e-14
1907.105224609375 -4.41466414680537e-15 2.584207567173872e-14
1909.7679443359375 2.9970580325226065e-14 2.618239148708887e-14
1912.4307861328125 1.9257233069454316e-14 2.3464386426160118e-14
1915.093505859375 -1.734316561348946e-14 2.319941080333645e-14
1917.75634765625 1.8066318298141926e-14 2.5799915453822084e-14
1920.419189453125 2.888816242764395e-15 1.9243143523409688e-14
1923.0819091796875 -1.10679457406785e-14 1.7925151787152524e-14
1925.7447509765625 1.0854822086753951e-14 2.0753430373418418e-14
1928.4075927734375 2.2459380140176996e-14 2.0522412301450174e-14
1931.0703125 2.578250215049243e-14 1.8914999571511583e-14
1933.733154296875 1.008810903872304e-14 1.759600494824487e-14
1936.39599609375 4.30015122156722e-15 1.7352361003164854e-14
1939.0587158203125 3.993791263006601e-15 1.674724405377817e-14
1941.7215576171875 4.014895851217094e-14 1.712062464725734e-14
1944.3843994140625 1.0394879808263077e-14 1.563602322434115e-14
1947.047119140625 3.290259249544335e-15 1.4377090013298344e-14
1949.7099609375 -6.244648336162185e-15 1.3832220823383964e-14
1952.372802734375 5.714129578440188e-15 1.4641647201846068e-14
1955.0355224609375 8.372016052421091e-15 1.4040326654128979e-14
1957.6983642578125 -9.086323172005379e-15 1.3392206689043142e-14
1960.361083984375 1.2471890992291242e-14 1.3445972952403056e-14
1963.02392578125 1.50436676733378e-14 1.3185095274978204e-14
1965.686767578125 7.689644616047132e-15 1.1904655050371665e-14
1968.349609375 8.610484308556028e-16 1.1211813439736696e-14
1971.0123291015625 3.0982824084227e-15 1.17417748497794e-14
1973.6751708984375 6.6602666510726626e-15 1.1564836443361554e-14
1976.337890625 4.24605837406658e-16 9.918583017626617e-15
1979.000732421875 3.2253049515006127e-15 9.75348189664665e-15
1981.66357421875 5.268536038075802e-15 1.014587753275873e-14
1984.3262939453125 7.896095344413212e-15 9.98222737921741e-15
1986.9891357421875 1.2561773893489132e-14 9.715107916004242e-15
1989.6519775390625 7.412054131540006e-15 9.20982226978095e-15
1992.314697265625 -9.165312064831276e-17 9.025911935174255e-15
1994.9775390625 1.5140427635034447e-14 1.0943310771720661e-14
1997.640380859375 -1.8000827404726118e-14 9.694856205268339e-15
2000.3031005859375 1.898649550500695e-15 8.538549506114865e-15
2002.9659423828125 -5.069979656778132e-15 8.320451227691091e-15
2005.6287841796875 1.2516476265535866e-14 8.563732642669682e-15
2008.29150390625 5.453818142540576e-15 8.118361871970424e-15
2010.954345703125 4.041890028916436e-15 8.538120060410607e-15
2013.6171875 6.830558813469877e-15 8.533224209975477e-15
2016.2799072265625 3.661854297570691e-15 7.331879074950597e-15
2018.9427490234375 5.114090168055821e-15 7.337566054158463e-15
2021.60546875 8.37860596875073e-15 8.017858024646912e-15
2024.268310546875 6.093574927821697e-15 7.866220492363553e-15
2026.93115234375 -1.0944590003229252e-15 7.263080517875761e-15
2029.593994140625 -4.04386022755175e-16 7.20355697157336e-15
2032.2567138671875 7.860624992713991e-15 7.600532514831244e-15
2034.9195556640625 1.079006048870573e-14 7.684669991547908e-15
2037.582275390625 1.0497204776423186e-14 7.547036454981504e-15
2040.2451171875 -1.9456452677549686e-15 7.16680590605789e-15
2042.907958984375 3.182867753810225e-15 7.21208659335221e-15
2045.57080078125 2.1575959067790235e-17 7.335837259913117e-15
2048.2333984375 6.621375133299481e-15 7.569304104131872e-15
2050.896240234375 -2.8080195698708204e-16 6.972689671469728e-15
2053.55908203125 -4.173239428047161e-15 6.891117434033823e-15
2056.221923828125 -4.978991483463194e-16 6.821124136986885e-15
2058.884765625 2.122846889661173e-15 6.820546884033331e-15
2061.547607421875 5.624387708228016e-16 6.61063983772598e-15
2064.21044921875 -5.645848982012598e-15 6.507952762980921e-15
2066.873046875 7.500357316291267e-15 6.7970959298556486e-15
2069.535888671875 1.852566723005325e-15 6.437510538471938e-15
2072.19873046875 2.9818407891636515e-15 6.208347892174655e-15
2074.861572265625 7.945999666929238e-16 6.089676458681959e-15
2077.5244140625 5.30083594545345e-15 6.2375768816020326e-15
2080.18701171875 -5.5032967251214884e-15 5.975893675844342e-15
2082.849853515625 2.3165053029413447e-15 5.990122558808793e-15
2085.5126953125 7.14730890167799e-15 6.252674820370367e-15
2088.175537109375 4.58566569929591e-15 6.097481443774434e-15
2090.83837890625 5.359033461676925e-15 5.9301403441654535e-15
2093.501220703125 2.6206127891369776e-15 5.780849516662462e-15
2096.163818359375 2.602702700983759e-15 5.844092808152731e-15
2098.82666015625 -2.4725118311666417e-15 5.7056918597361145e-15
2101.489501953125 1.260178137717032e-15 5.721131576298666e-15
2104.15234375 6.399243283980883e-15 6.016934539721181e-15
2106.815185546875 -1.5877278960026381e-15 5.7276702471349954e-15
2109.47802734375 2.1702371125106304e-15 5.79176777135257e-15
2112.140625 9.07570603752802e-16 5.651225523645295e-15
2114.803466796875 8.423687603302445e-16 5.637643350336072e-15
2117.46630859375 5.733538914910047e-15 5.907278501402586e-15
2120.129150390625 3.692154148401635e-16 5.467403280465114e-15
2122.7919921875 1.4268403827704355e-14 6.095374449318139e-15
2125.45458984375 8.276471688882872e-16 5.359419285184399e-15
2128.117431640625 -2.410712095576731e-15 5.289998582409805e-15
2130.7802734375 -1.0954328129265598e-14 5.291793445225037e-15
2133.443115234375 -5.30108846715085e-16 5.247634653069355e-15
2136.10595703125 -2.208625916229616e-15 5.214822714275091e-15
2138.768798828125 -4.195527829504737e-15 5.173285489091161e-15
2141.431640625 -1.2764178768982651e-15 5.027444203265863e-15
2144.09423828125 4.43648710365843e-15 5.181145107808734e-15
2146.757080078125 7.973908873145676e-15 5.2517186224245414e-15
2149.419921875 3.873602793505373e-15 5.0882899679989286e-15
2152.082763671875 -3.100579350017417e-15 5.056272122592716e-15
2154.74560546875 1.212565272257389e-14 5.779660705920991e-15
2157.408203125 3.963176527677515e-15 5.509530040580333e-15
2160.071044921875 9.001487740140177e-15 5.341608723402483e-15
2162.73388671875 -1.6488237472133804e-15 4.841670396175208e-15
2165.396728515625 2.2370921524879914e-15 4.778191206009129e-15
2168.0595703125 2.6124662380085225e-15 4.781667429224661e-15
2170.72216796875 -3.854284936593818e-15 4.6509427168925366e-15
2173.385009765625 -1.0151799987125933e-15 4.619185757634078e-15
2176.0478515625 3.6670550798668326e-15 4.869363714869214e-15
2178.710693359375 -8.47626293833852e-15 4.700449251560709e-15
2181.37353515625 -1.6767184479905958e-15 4.792547990948616e-15
2184.036376953125 1.6752685393431332e-15 4.7994411450733715e-15
2186.69921875 2.7527988450613524e-15 4.634038903880656e-15
2189.36181640625 2.349945740182471e-15 4.550973347358742e-15
2192.024658203125 -8.833925988448437e-15 4.57814616430666e-15
2194.6875 -2.8518400782431928e-15 4.5455413250680005e-15
2197.350341796875 -9.623442857485329e-15 4.496036060949249e-15
2200.01318359375 7.438700517511205e-16 4.51343030603759e-15
2202.67578125 1.458272886058448e-15 4.521646525625957e-15
2205.338623046875 -6.607024277590625e-16 4.3880080199552775e-15
2208.00146484375 -2.519508818970336e-15 4.353712926470372e-15
2210.664306640625 3.5234444553081286e-15 4.622591253598514e-15
2213.3271484375 -5.523654314975798e-15 4.4080827008052045e-15
2215.989990234375 -4.763805410191199e-16 4.178324590346002e-15
2218.652587890625 -5.323752421841415e-15 4.142269362396702e-15
2221.3154296875 4.0036401386008e-15 4.2899410864210164e-15
2223.978271484375 1.0755444793250288e-14 4.657248453668371e-15
2226.64111328125 2.2274014602966918e-15 4.3550605558894534e-15
2229.303955078125 -3.013503304248491e-15 4.234891991662486e-15
2231.966796875 -4.615117458388416e-15 3.810287080698114e-15
2234.62939453125 -5.7164851770665024e-15 3.769618911318067e-15
2237.292236328125 -2.747281272442938e-15 4.0058775761309725e-15
2239.955078125 -2.5987773385479458e-15 3.958955762501347e-15
2242.617919921875 1.0048637230589096e-17 3.889630350933319e-15
2245.28076171875 -3.241712350265843e-16 3.929077522319899e-15
2247.943359375 -8.363197804165464e-16 3.872924743631096e-15
2250.606201171875 9.013227828547359e-16 3.660472363317246e-15
2253.26904296875 2.914390920299081e-15 3.722265534401815e-15
2255.931884765625 2.7237756846401574e-15 3.6818739212790465e-15
2258.5947265625 7.274145309265744e-15 4.715468839781422e-15
2261.257568359375 6.618320308975209e-15 3.91376655476533e-15
2263.92041015625 2.2454203921836325e-15 3.648998455013739e-15
2266.5830078125 1.4737679773999261e-16 3.402305826598318e-15
2269.245849609375 1.6498439983983482e-15 3.37005907053811e-15
2271.90869140625 5.434316161842111e-16 3.383061449794937e-15
2274.571533203125 5.6450409125809176e-15 3.586762709214229e-15
2277.234375 -3.6345722133725774e-15 3.0407059791077995e-15
2279.89697265625 2.4222054856380248e-15 3.1103769801183075e-15
2282.559814453125 8.825827506439739e-15 3.5145586561749573e-15
2285.22265625 6.9530173312697466e-15 3.3949842855604886e-15
2287.885498046875 1.8910986752923966e-15 3.104214180152322e-15
2290.54833984375 5.859038704507033e-15 3.664016349168558e-15
2293.2109375 3.306401368178397e-15 3.8060959616750996e-15
2295.873779296875 6.604511977869069e-15 3.0812763161824387e-15
2298.53662109375 5.26176824482724e-15 3.016584810110602e-15
2301.199462890625 3.743669633462458e-15 3.0099212019145524e-15
2303.8623046875 1.3833063409408246e-15 3.0074264781266517e-15
2306.525146484375 9.437094762056435e-15 3.2577270433809024e-15
2309.18798828125 6.968517187171553e-15 3.1009865611068095e-15
2311.8505859375 -4.994842646279874e-16 2.522986948009999e-15
2314.513427734375 -2.621483591946314e-16 2.477330178087098e-15
2317.17626953125 1.2912073897946804e-15 2.5943263921683613e-15
2319.839111328125 8.027282113218064e-15 2.9195686209474098e-15
2322.501953125 2.500417119855698e-15 2.588196414729082e-15
2325.16455078125 4.73206645038287e-15 2.569706320765231e-15
2327.827392578125 5.583222754024404e-15 2.5329349264590273e-15
2330.490234375 1.3247101898365482e-15 2.2956992091414637e-15
2333.153076171875 6.827798333094775e-15 2.5560011159204196e-15
2335.81591796875 3.9510584508176214e-15 2.3079617051188642e-15
2338.478515625 3.61105646117443e-15 2.2789654379937446e-15
2341.1416015625 -8.496933718625077e-16 2.0968243434556265e-15
2343.80419921875 -1.7609192933596264e-17 2.052726114155673e-15
2346.467041015625 -3.000663184740622e-16 2.0566931929641387e-15
2349.1298828125 3.223943769554375e-15 2.1812423998360687e-15
2351.792724609375 3.012982802502403e-15 2.131410604516151e-15
2354.45556640625 4.439864647535607e-15 2.1815026507091126e-15
2357.1181640625 4.0303093944615755e-15 2.0570758400980608e-15
2359.781005859375 3.923761967059404e-15 2.020704457101198e-15
2362.44384765625 6.9297328190661995e-15 2.171691679839303e-15
2365.106689453125 6.243358304983517e-15 2.179973120964608e-15
2367.76953125 3.517026063150309e-15 2.0156616464497195e-15
2370.43212890625 5.922070661276962e-15 2.0308652525782237e-15
2373.094970703125 2.4955572683208263e-15 1.8439739972719036e-15
2375.7578125 3.5506721176393813e-15 1.806029038817279e-15
2378.420654296875 4.659569747460322e-15 1.852614156850371e-15
2381.08349609375 1.1016097583427644e-15 1.6914916555027765e-15
2383.746337890625 1.4793809471040252e-15 1.689087564240232e-15
2386.4091796875 3.875924510813797e-15 1.8064235444124627e-15
2389.07177734375 2.464101429275117e-15 1.6713834109723146e-15
2391.734619140625 -3.1851281671090915e-16 1.543085236275837e-15
2394.3974609375 4.7694104389614175e-15 1.7596532438012773e-15
2397.060302734375 5.010338796412536e-15 1.7470125476129277e-15
2399.72314453125 2.378601711821031e-15 1.6124610463042269e-15
2402.3857421875 1.508311145659259e-15 1.5190019720030291e-15
2405.048583984375 3.4477931899317684e-15 1.6554101695321114e-15
2407.71142578125 8.253043498715647e-15 2.980790680067293e-15
2410.374267578125 2.5716358618190762e-15 1.5034547881352949e-15
2413.037109375 2.1259360982291484e-16 1.3595302319905148e-15
2415.69970703125 5.560357099613274e-15 1.5956924409265519e-15
2418.362548828125 3.419398527957436e-15 1.4934026246337545e-15
2421.025390625 4.986588839604473e-15 1.6550749562432355e-15
2423.688232421875 9.723553893279551e-16 1.342397296566402e-15
2426.35107421875 5.1816410455993514e-15 1.5066461965223123e-15
2429.013916015625 4.476808413046577e-15 1.4623264681066519e-15
2431.6767578125 5.374884836251842e-15 1.54019950090366e-15
2434.33935546875 3.3373936684437215e-15 1.497654730028971e-15
2437.002197265625 6.795408640224718e-15 1.5879158314378102e-15
2439.6650390625 1.3224149423077258e-15 1.3038715911473163e-15
2442.327880859375 2.146593034820974e-15 1.3097567760648392e-15
2444.99072265625 4.617803399864159e-15 1.4620524529482151e-15
2447.6533203125 4.282754858896511e-15 1.403221885475786e-15
2450.316162109375 3.2231187594637493e-15 1.329638333402792e-15
2452.97900390625 2.8122273119154245e-15 1.3981509109788114e-15
2455.641845703125 2.132877030306085e-15 1.7707287289822193e-15
2458.3046875 4.069402506076203e-15 1.2959465391345682e-15
2460.96728515625 7.746031599345851e-16 1.1139833215153736e-15
2463.63037109375 4.1356167656289664e-15 1.2825555835131882e-15
2466.29296875 4.55776866917809e-15 1.298631527698246e-15
2468.955810546875 4.090176836140562e-15 1.242205475004835e-15
2471.61865234375 2.7339019635245826e-15 1.1554006915372671e-15
2474.281494140625 3.16924852280956e-15 1.1442137156446428e-15
2476.9443359375 7.925309510764013e-15 1.7538594325629394e-15
2479.60693359375 1.855267699315882e-15 1.068748374000205e-15
2482.269775390625 1.6048826425251426e-15 1.0577691329378947e-15
2484.9326171875 3.770747582720283e-15 1.143171335723928e-15
2487.595458984375 5.276363469541379e-15 1.2238925168060787e-15
2490.25830078125 4.513656463834507e-15 1.1548976598457165e-15
2492.9208984375 5.2887860547458105e-15 1.1879684730844845e-15
2495.583740234375 6.044946766319828e-15 1.3276103247688285e-15
2498.24658203125 5.881614673650202e-15 1.2209129725349933e-15
2500.909423828125 3.775121237343431e-15 1.114303817606791e-15
2503.572265625 3.5146562767221284e-15 1.2692435078350212e-15
2506.235107421875 4.251212198973708e-15 1.1342138564275953e-15
2508.89794921875 6.443142884054705e-15 1.2261475302699065e-15
2511.560546875 4.900960584900641e-15 1.0987411753877693e-15
2514.223388671875 4.355373534563464e-15 1.0679981145671744e-15
2516.88623046875 4.3762185918789186e-15 1.129372533738445e-15
2519.549072265625 1.4348390842979473e-15 1.5926317932507669e-15
2522.2119140625 6.613983076768793e-15 1.1610735888223844e-15
2524.87451171875 2.2488292762798574e-15 9.552292301674204e-16
2527.537353515625 3.3235946547000017e-15 1.0230755104513058e-15
2530.2001953125 4.473532513123071e-15 1.0481699203048985e-15
2532.863037109375 4.350951599062323e-15 1.0416367551827261e-15
2535.52587890625 3.6654694341895725e-15 1.0556754792505189e-15
2538.1884765625 4.128243767339591e-15 1.0192828145508563e-15
2540.851318359375 3.249918246640165e-15 9.700798353151564e-16
2543.51416015625 3.904489849927001e-15 9.844826776711502e-16
2546.177001953125 3.0572959664127222e-15 1.144275443170674e-15
2548.83984375 3.614398853184295e-15 9.429815572665969e-16
2551.502685546875 5.451426968530477e-15 1.0300022282565963e-15
2554.16552734375 4.9510210791163176e-15 9.962714704727987e-16
2556.828125 3.634483274913116e-15 8.897813236736856e-16
2559.490966796875 4.025942092585532e-15 9.181215637811568e-16
2562.15380859375 4.724745968136225e-15 1.0501316486107395e-15
2564.816650390625 4.25105592139494e-15 9.260119933221858e-16
2567.4794921875 4.822674835300083e-15 1.0216612830667464e-15
2570.14208984375 3.940229558103449e-15 8.920893825758352e-16
2572.804931640625 6.507358569368422e-15 9.966941399134786e-16
2575.4677734375 5.191949436567436e-15 9.550146131944099e-16
2578.130615234375 3.332392997681369e-15 8.753462940656962e-16
2580.79345703125 7.819321972139977e-15 1.291763784561908e-15
2583.4560546875 4.769534105771717e-15 9.443249515209422e-16
2586.119140625 5.270417721768127e-15 1.4187956450022405e-15
2588.78173828125 8.214396773464222e-15 1.8562686805012997e-15
2591.444580078125 3.113161600932406e-15 8.594454739424833e-16
2594.107421875 6.303423952372161e-15 9.753186282148059e-16
2596.770263671875 5.190622982972036e-15 9.907399218107545e-16
2599.43310546875 5.346547772517923e-15 9.951285053895974e-16
2602.095703125 5.426212491756611e-15 8.892267288514708e-16
2604.758544921875 5.1271920736839505e-15 8.918360138454877e-16
2607.42138671875 6.605423385320315e-15 1.0009199872873303e-15
2610.084228515625 4.630773591868991e-15 8.720593827138759e-16
2612.7470703125 6.526904278142788e-15 1.1475137560071455e-15
2615.40966796875 5.895523378160591e-15 9.212409743676576e-16
2618.072509765625 5.365640742181982e-15 8.556766008436753e-16
2620.7353515625 6.309930435956495e-15 9.284229667274268e-16
2623.398193359375 6.2552286247063386e-15 8.847057434350602e-16
2626.06103515625 5.456568035003837e-15 8.634731156066775e-16
2628.723876953125 4.8686805827972534e-15 8.434062698115126e-16
2631.38671875 5.230289535891955e-15 9.968783695795064e-16
2634.04931640625 6.8228465784851266e-15 1.0592748398807576e-15
2636.712158203125 8.134027746329892e-15 1.3278750225648455e-15
2639.375 9.862507742452488e-15 1.8975676776688145e-15
2642.037841796875 1.2507252923773214e-14 1.8500554820749526e-15
2644.70068359375 7.817592330861683e-15 1.2851623274083633e-15
2647.36328125 1.038358801204323e-14 1.5574090928094993e-15
2650.026123046875 9.381503989728136e-15 9.711912484210725e-16
2652.68896484375 9.414185908964996e-15 9.608878337715528e-16
2655.351806640625 9.118414709278003e-15 9.522801790824362e-16
2658.0146484375 1.1033717986312901e-14 1.0045589467078532e-15
2660.67724609375 1.1858586622436398e-14 1.0815592179318342e-15
2663.34033203125 1.1873432568902925e-14 1.5834136395649167e-15
2666.0029296875 1.1713221369127457e-14 1.8778531975797074e-15
2668.665771484375 1.1747618530082507e-14 1.4267062974548852e-15
2671.32861328125 1.2438649184276247e-14 1.659925702173924e-15
2673.991455078125 1.4097292160930672e-14 1.1391735519711245e-15
2676.654296875 1.1607200796218478e-14 1.7263190033159131e-15
2679.31689453125 1.4110298351835762e-14 1.0538538290183301e-15
2681.979736328125 1.4131604618590997e-14 1.0471209758788425e-15
2684.642578125 1.661138674530216e-14 1.1137695515753103e-15
2687.305419921875 1.4800869067139143e-14 1.0596552635531932e-15
2689.96826171875 1.773714096604817e-14 1.631450677948721e-15
2692.630859375 1.9659680445551463e-14 1.2392570591945613e-15
2695.293701171875 2.1240303217434295e-14 1.2137757670423101e-15
2697.95654296875 1.8681110057852147e-14 1.1477930651215026e-15
2700.619384765625 2.132797282154101e-14 1.2092445642909733e-15
2703.2822265625 2.0355839884240827e-14 1.1937097682800926e-15
2705.94482421875 2.1419752229507802e-14 1.2072199437887987e-15
2708.60791015625 1.99369126351219e-14 1.1750118336068091e-15
2711.2705078125 2.206347863469623e-14 1.2376957657145348e-15
2713.933349609375 2.4793245595130554e-14 1.4858317382720771e-15
2716.59619140625 2.303218786482361e-14 2.038824185908862e-15
2719.259033203125 2.352817647741784e-14 1.2522790260882937e-15
2721.921875 2.3709412729010053e-14 1.4383203897111625e-15
2724.58447265625 2.1430931370345664e-14 1.771006132272445e-15
2727.247314453125 2.3576120236298327e-14 1.2137541677021552e-15
2729.91015625 2.2825720195798586e-14 1.1907659052719103e-15
2732.572998046875 2.6827083509837167e-14 1.935734346997383e-15
2735.23583984375 2.194806531343515e-14 1.6104549546477735e-15
2737.8984375 2.2886979312609912e-14 1.2060441561788913e-15
2740.561279296875 2.123503297843648e-14 1.1683157205214087e-15
2743.22412109375 2.0720733207588507e-14 1.1809692280830854e-15
2745.886962890625 2.117030102654141e-14 1.1596909134151102e-15
2748.5498046875 2.0611964012765688e-14 1.1351448515157462e-15
2751.212646484375 2.036809814505349e-14 1.1308749584286373e-15
2753.87548828125 2.1441839460640405e-14 1.5774271283310786e-15
2756.5380859375 1.8796997717563692e-14 1.0957984770498894e-15
2759.200927734375 2.3820194474115548e-14 1.200230439666293e-15
2761.86376953125 2.3471118644024895e-14 1.1856464381387053e-15
2764.526611328125 2.4943704057551336e-14 1.390264293086045e-15
2767.189453125 2.2570978425043645e-14 1.1582669451516573e-15
2769.85205078125 2.0629236708626097e-14 1.1146812766639111e-15
2772.514892578125 2.0760116851504043e-14 1.1260975867270046e-15
2775.177734375 2.2880928109234727e-14 1.1649460116989942e-15
2777.840576171875 1.9580545545421282e-14 1.0941129873639718e-15
2780.50341796875 1.9302374843345287e-14 1.076617204201079e-15
2783.166015625 1.889008325033515e-14 1.071111490043926e-15
2785.8291015625 1.8126708359149368e-14 1.0867410478657808e-15
2788.49169921875 1.4242443961936906e-14 1.2379174765884786e-15
2791.154541015625 1.2065474419803261e-14 9.986128812972464e-16
2793.8173828125 1.1979594596314095e-14 9.26262185678981e-16
2796.47998046875 1.0885429622302985e-14 9.179831797733991e-16
2799.14306640625 1.218351693133262e-14 9.406526401781212e-16
2801.8056640625 1.3193961168837115e-14 9.583114771833604e-16
2804.468505859375 1.2480281700666743e-14 9.39049524446324e-16
2807.13134765625 1.5086009156305147e-14 1.064349096630403e-15
2809.794189453125 2.024897990168112e-14 1.1351631686032306e-15
2812.45703125 2.0435903132481198e-14 1.1051576617214574e-15
2815.11962890625 2.1295295984501833e-14 1.15774707868028e-15
2817.78271484375 2.0676038667093687e-14 1.1072809615619871e-15
2820.4453125 2.2203725267904914e-14 1.9462394613674674e-15
2823.108154296875 2.7085797865114732e-14 2.3553301168699296e-15
2825.77099609375 2.4794756701908456e-14 1.851889308405758e-15
2828.43359375 2.4211394946739052e-14 1.161933962538558e-15
2831.0966796875 2.29306658838975e-14 1.1296069501065976e-15
2833.75927734375 2.4623039406577486e-14 1.253537822927032e-15
2836.422119140625 2.33152967689821e-14 1.1382731559481931e-15
2839.0849609375 2.2519961630630518e-14 1.124289277263735e-15
2841.74755859375 2.1665901698045796e-14 1.1158886162511037e-15
2844.41064453125 2.0832963379033807e-14 1.100627623640423e-15
2847.0732421875 1.7247466137042776e-14 1.1729202975018014e-15
2849.736083984375 1.5230589210071983e-14 1.1746226219675458e-15
2852.39892578125 1.6731709469525527e-14 1.1805228417198824e-15
2855.061767578125 1.56089215581608e-14 1.0984608074822281e-15
2857.724609375 1.7960440873801033e-14 1.3027415433165606e-15
2860.38720703125 1.9965913349169993e-14 1.0941157402210504e-15
2863.05029296875 2.192199363931866e-14 1.126759860612639e-15
2865.712890625 2.7801981162677188e-14 1.2120135149955476e-15
2868.375732421875 3.028565625281393e-14 1.6954368173337318e-15
2871.03857421875 2.9268928724906704e-14 1.2327425287972284e-15
2873.701171875 2.7314881313831446e-14 1.2594275606466463e-15
2876.3642578125 2.9957380163776054e-14 1.2585324585796353e-15
2879.02685546875 3.010190092523658e-14 1.3173557203928943e-15
2881.689697265625 2.982624591101393e-14 2.251603520940352e-15
2884.3525390625 3.4287073776961136e-14 1.319651603196427e-15
2887.015380859375 3.020466973866105e-14 1.2480174974515389e-15
2889.67822265625 3.1225923810638406e-14 1.265587290118198e-15
2892.3408203125 3.576000647399595e-14 1.3225451736233662e-15
2895.00390625 3.7827315742646264e-14 1.3402996194725268e-15
2897.66650390625 4.0873527435911217e-14 1.3765244657695146e-15
2900.329345703125 4.66127922935447e-14 1.4522988685605818e-15
2902.9921875 4.631921067402636e-14 1.447613082296371e-15
2905.65478515625 4.770574601044124e-14 1.5895124885433845e-15
2908.31787109375 5.0457322375201466e-14 1.4979402860113141e-15
2910.98046875 5.007734339506319e-14 1.478036282300259e-15
2913.643310546875 4.959038754181848e-14 2.3603761038949603e-15
2916.30615234375 4.8590299129127115e-14 2.20599863178547e-15
2918.96875 4.5041478413752195e-14 1.5843455875651333e-15
2921.6318359375 4.718032808512761e-14 1.9107665685694046e-15
2924.29443359375 4.586516374484838e-14 1.6151014597590553e-15
2926.957275390625 4.491387120618244e-14 1.452599777015094e-15
2929.6201171875 4.701176514049221e-14 1.654851233666042e-15
2932.282958984375 4.955231510490529e-14 1.5177021999454674e-15
2934.94580078125 4.807300594384355e-14 1.5072230259593924e-15
2937.6083984375 4.8365289908886694e-14 1.4998071466270626e-15
2940.271484375 4.8090495480138454e-14 1.5043829244872488e-15
2942.93408203125 4.8586958431183144e-14 1.5177654097791563e-15
2945.596923828125 5.020195888226324e-14 1.5575438769272311e-15
2948.259765625 5.1874662605842087e-14 1.5749203343236795e-15
2950.92236328125 5.1454395350600604e-14 1.5548193954523877e-15
2953.58544921875 5.019867239442789e-14 1.942407696072326e-15
2956.248046875 5.332484060978186e-14 1.5779283600776163e-15
2958.910888671875 5.0724334265230334e-14 1.554326528156204e-15
2961.57373046875 4.983866645118587e-14 1.5678558677853418e-15
2964.236328125 4.9382037765584655e-14 1.571068028479567e-15
2966.8994140625 5.151938988270932e-14 1.596240365364307e-15
2969.56201171875 5.259540294066077e-14 1.6189461423066426e-15
2972.224853515625 4.9352144278810156e-14 1.582755706723137e-15
2974.8876953125 5.0868810980977605e-14 1.6102024329503733e-15
2977.550537109375 5.295663199947863e-14 1.6665280063604161e-15
2980.21337890625 5.389802441705706e-14 1.662108929595472e-15
2982.8759765625 5.3222722317660884e-14 1.7050465119994502e-15
2985.5390625 5.1959308302327104e-14 1.665636504183431e-15
2988.20166015625 5.271418067678835e-14 1.6782095436151186e-15
2990.864501953125 4.9361529403865734e-14 1.6571323992721162e-15
2993.52734375 4.7546866346458855e-14 1.6441700423220468e-15
2996.18994140625 5.012470270121007e-14 1.7066746152031914e-15
2998.85302734375 5.1267607645072086e-14 1.7265449493545932e-15
3001.515625 5.110596665368165e-14 1.6927542639897774e-15
3004.178466796875 4.679774701977536e-14 1.6563718695646002e-15
3006.84130859375 4.7679413450176997e-14 1.6820674610525067e-15
3009.504150390625 5.002682635008894e-14 1.7173241486907829e-15
3012.1669921875 5.409468852675056e-14 1.7888524811963827e-15
3014.82958984375 5.281176226044383e-14 1.7896685974410622e-15
3017.49267578125 5.326213645476252e-14 1.799758030392282e-15
3020.1552734375 5.734759319980451e-14 1.8618099700422374e-15
3022.818115234375 6.115287177468551e-14 1.9134425574080178e-15
3025.48095703125 6.60541093393599e-14 1.98798188028287e-15
3028.1435546875 7.07614237929581e-14 2.0486343097457244e-15
3030.806640625 7.264997522841987e-14 2.0490984838008198e-15
3033.46923828125 7.12840770027319e-14 2.056101116934008e-15
3036.132080078125 6.86780412271007e-14 2.057829699421117e-15
3038.794921875 6.990072312206691e-14 2.085493160203732e-15
3041.45751953125 7.115688653537219e-14 2.114147437776398e-15
3044.12060546875 7.28290176646787e-14 2.1486252786196737e-15
3046.783203125 7.502802361596811e-14 2.1813277384055045e-15
3049.446044921875 7.436302143721055e-14 2.19676385507803e-15
3052.10888671875 7.44373841537159e-14 2.417284647730951e-15
3054.771728515625 7.192656165761965e-14 2.5286546572183145e-15
3057.4345703125 7.408234182354478e-14 2.9668264948988585e-15
3060.09716796875 7.67760488973486e-14 2.848988541826261e-15
3062.76025390625 8.106721945209255e-14 2.7631049066888323e-15
3065.4228515625 7.888198964465729e-14 2.4130865406861218e-15
3068.085693359375 8.568004568635865e-14 2.4996645310820624e-15
3070.74853515625 8.16989095191005e-14 2.4496781522492708e-15
3073.4111328125 8.41798215877633e-14 2.53197777922863e-15
3076.07421875 8.569061665754038e-14 2.5660083866757555e-15
3078.73681640625 8.869595731703442e-14 2.619971585195906e-15
3081.399658203125 9.101907053575553e-14 2.638842208711311e-15
3084.0625 8.81878730739534e-14 2.6413977071131772e-15
3086.72509765625 8.438316370521295e-14 2.6620377824553964e-15
3089.38818359375 7.816913349251164e-14 2.632775335226602e-15
3092.05078125 7.701831387279048e-14 2.6406590943831715e-15
3094.713623046875 8.026078309993426e-14 2.7006728610037964e-15
3097.37646484375 8.847349258376755e-14 2.8501294952062127e-15
3100.039306640625 8.901407578696882e-14 2.8771763160032266e-15
3102.7021484375 9.072318498662066e-14 2.9236434846984134e-15
3105.36474609375 9.691393195766784e-14 3.0041950474328765e-15
3108.02783203125 1.0525407585434965e-13 3.108611339939756e-15
3110.6904296875 1.0872717521237182e-13 3.135794109524804e-15
3113.353271484375 1.0775445612827214e-13 3.169332590829575e-15
3116.01611328125 1.0768108952251276e-13 3.2371822592452493e-15
3118.6787109375 1.1633389022068508e-13 3.457957797057057e-15
3121.341796875 1.1483067101358824e-13 3.3395271326796183e-15
3124.00439453125 1.153771766711567e-13 3.3868733098158183e-15
3126.667236328125 1.1793357631607881e-13 3.438323573339702e-15
3129.330078125 1.2129686632281894e-13 3.5032492840214547e-15
3131.992919921875 1.1495970462464117e-13 3.4769431935368147e-15
3134.65576171875 1.1461734068362456e-13 3.5125022719372607e-15
3137.318359375 1.1392258393149585e-13 3.553030469122774e-15
3139.9814453125 1.2111732244305534e-13 3.6566425038462354e-15
3142.64404296875 1.309925475381779e-13 3.855216249319324e-15
3145.306884765625 1.2838464829006274e-13 3.873375788675509e-15
3147.9697265625 1.277586299556696e-13 3.928287664096584e-15
3150.63232421875 1.2469147621981674e-13 3.83606441086543e-15
3153.29541015625 1.2524435156514857e-13 3.903807988404461e-15
3155.9580078125 1.2071741447173406e-13 3.885040279392148e-15
3158.620849609375 1.1922716503312558e-13 3.922562568406092e-15
3161.28369140625 1.3050236618347005e-13 4.125531991358957e-15
3163.9462890625 1.3188365330374374e-13 4.190273260616445e-15
3166.609375 1.4080400799303117e-13 4.449057496112158e-15
3169.27197265625 1.4408515613267836e-13 4.511536763884003e-15
3171.934814453125 1.495498467901299e-13 4.6210780292382445e-15
3174.59765625 1.4797810600573197e-13 4.661325223243506e-15
3177.260498046875 1.482341810063459e-13 4.590722909507492e-15
3179.92333984375 1.442849881455946e-13 4.612416270319622e-15
3182.5859375 1.4557688279674685e-13 4.701295860991489e-15
3185.2490234375 1.4589142339951205e-13 4.7170798964470996e-15
3187.91162109375 1.5449702064559978e-13 4.870329332429084e-15
3190.574462890625 1.5950217221224333e-13 5.08890194930332e-15
3193.2373046875 1.5493690857203146e-13 5.110053209029207e-15
3195.89990234375 1.5196675027303458e-13 5.046485080403666e-15
3198.56298828125 1.5128027411499823e-13 5.115355635279019e-15
3201.2255859375 1.6546986491509236e-13 5.292242372687082e-15
3203.888427734375 1.758143462629938e-13 5.483756098544805e-15
3206.55126953125 1.9929763677047074e-13 6.225108980134923e-15
3209.2138671875 1.9745197230719436e-13 6.296913233623091e-15
3211.876953125 1.7851819740337393e-13 5.8742522632726675e-15
3214.53955078125 1.8322730756682032e-13 6.0323501158447354e-15
3217.202392578125 1.9254242026710972e-13 6.406197000961367e-15
3219.865234375 1.8415263346345523e-13 6.4159615967773146e-15
3222.528076171875 1.6100718035292477e-13 5.989475425637091e-15
3225.19091796875 1.5984555259279665e-13 6.056253809132725e-15
3227.853515625 1.6637487557352032e-13 6.22799270380385e-15
3230.5166015625 1.6196938267595135e-13 6.1612587895379465e-15
3233.17919921875 1.6816660097871555e-13 6.330338000754693e-15
3235.842041015625 1.8204545943617534e-13 6.785108296069632e-15
3238.5048828125 1.8816305664189764e-13 6.951736617453498e-15
3241.16748046875 1.8785685084333342e-13 6.9947921491953814e-15
3243.83056640625 1.9756052804971447e-13 7.208501102886483e-15
3246.4931640625 1.9884284106416739e-13 7.125567259987867e-15
3249.156005859375 2.0539878120822558e-13 7.308471319453225e-15
3251.81884765625 2.2197283074121277e-13 7.528303474320028e-15
3254.481689453125 2.354599534012264e-13 7.948797734391375e-15
3257.14453125 2.3811126139382244e-13 8.086900527210557e-15
3259.80712890625 2.4605128047874847e-13 8.284239722163023e-15
3262.47021484375 2.4743805637252037e-13 8.2830437116415e-15
3265.1328125 2.5572751381763847e-13 8.552653451719596e-15
3267.795654296875 2.622506432934518e-13 8.716278194272498e-15
3270.45849609375 2.526719068349226e-13 8.634055012016629e-15
3273.12109375 2.659287991636089e-13 8.80364032541936e-15
3275.7841796875 2.9114739590573036e-13 9.613904419466298e-15
3278.44677734375 2.716463664252655e-13 9.428560058079901e-15
3281.109619140625 2.543106242085258e-13 8.947721476780263e-15
3283.7724609375 2.5183777589352085e-13 8.989182045482467e-15
3286.43505859375 2.660474379863331e-13 9.476378456084195e-15
3289.09814453125 2.8796697014790706e-13 9.864761697125132e-15
3291.7607421875 3.138921414458373e-13 1.0968722607171237e-14
3294.423583984375 3.288716141861686e-13 1.0970813931518008e-14
3297.08642578125 3.0997619293419987e-13 1.0377216630213983e-14
3299.749267578125 3.0536467451880434e-13 1.0407420131047177e-14
3302.412109375 2.8244076456969414e-13 1.0148323763910401e-14
3305.07470703125 2.900954758529306e-13 1.0463599591273819e-14
3307.73779296875 2.888357955588283e-13 1.0563183560816612e-14
3310.400390625 2.851541702417193e-13 1.0536636701216715e-14
3313.063232421875 2.9195962596324787e-13 1.0844854203030663e-14
3315.72607421875 3.5714622448682065e-13 1.2742702672121492e-14
3318.388671875 3.6757746911357525e-13 1.3077400117932503e-14
3321.0517578125 3.7132384840543597e-13 1.3830395467382631e-14
3323.71435546875 3.691159791013865e-13 1.3947431703770653e-14
3326.377197265625 3.5247626757432815e-13 1.3465850274576273e-14
3329.0400390625 3.4873750480272914e-13 1.363844763713944e-14
3331.70263671875 3.574795082346427e-13 1.3740307584211506e-14
3334.36572265625 3.9319787118081984e-13 1.4482052642056202e-14
3337.0283203125 3.6695155919939937e-13 1.3259393616979562e-14
3339.691162109375 3.849315885571386e-13 1.37459699994639e-14
3342.35400390625 4.2540255172640595e-13 1.5324016944154133e-14
3345.016845703125 4.3770518351297916e-13 1.580881625151513e-14
3347.6796875 4.582014563776771e-13 1.6362521689135268e-14
