wavelength flux error
1150.583251953125 4.1316186854146314e-14 2.0815595815483305e-14
1152.2596435546875 -3.7364296193458015e-16 1.6268397693970475e-14
1153.93603515625 -9.479208393160972e-15 1.528520589451094e-14
1155.6123046875 -2.221909552776579e-14 1.5137735764328072e-14
1157.2886962890625 -1.0385982574185118e-14 1.4093228943882694e-14
1158.965087890625 4.223080964245972e-15 1.3209332275730939e-14
1160.6414794921875 8.998045398242536e-15 1.189732398021318e-14
1162.31787109375 2.237610663706653e-14 1.2002427216440282e-14
1163.9942626953125 2.2028972206490985e-14 1.1179292456759814e-14
1165.670654296875 1.9476169486979398e-15 8.590141435899177e-15
1167.3470458984375 1.4467546355801525e-14 8.691239900351661e-15
1169.0234375 -2.478593315969691e-15 7.451165877879473e-15
1170.6998291015625 9.982707646898504e-15 7.383199107158841e-15
1172.376220703125 1.2378437847220675e-14 7.059512666145662e-15
1174.0526123046875 3.793938497783159e-15 6.206456467603436e-15
1175.72900390625 8.060104639924168e-15 6.088043379159653e-15
1177.4053955078125 2.5331640488712595e-15 5.419100803131464e-15
1179.081787109375 2.109195894924986e-15 5.089333512589946e-15
1180.7581787109375 1.0124225676561016e-14 5.046983559293125e-15
1182.4345703125 8.198558951416461e-15 4.7255002509757546e-15
1184.1109619140625 7.270054140130506e-15 4.451076822658412e-15
1185.787353515625 1.1585464236726038e-14 4.3689989065529965e-15
1187.4637451171875 9.065318448979367e-15 4.088420089807957e-15
1189.14013671875 3.812145047467916e-15 3.6635644570911976e-15
1190.8165283203125 6.622698622279566e-15 3.4624049317883787e-15
1192.492919921875 7.987458859202903e-15 3.7503671229763974e-15
1200.874755859375 1.0464098493679751e-14 3.23256614144095e-15
1202.5511474609375 1.1251623988257648e-14 2.844596040720037e-15
1204.2275390625 1.379551126248291e-14 5.327010110556555e-15
1205.9039306640625 4.082607326207424e-14 5.921658156231649e-15
1222.6678466796875 2.652159938334401e-14 6.2620053118008466e-15
1224.34423828125 4.31001068507326e-15 1.8510606984251067e-15
1226.0206298828125 6.374141039072528e-15 1.8796027441322612e-15
1227.697021484375 7.480685823124233e-15 1.8902942057507418e-15
1229.3734130859375 5.059955021847378e-15 1.7147672738603774e-15
1231.0498046875 5.272606878420306e-15 1.6850091005992025e-15
1232.7261962890625 3.578860738849294e-15 1.5782679144103469e-15
1234.402587890625 5.778667983306809e-15 1.6840341656769128e-15
1236.078857421875 5.352787017207398e-15 1.6277845075947676e-15
1237.75537109375 5.479290964363354e-15 1.6161853442941856e-15
1239.431640625 2.1827420716691824e-15 1.4338094098714413e-15
1241.1080322265625 5.6719604666776065e-15 1.5947289409490501e-15
1242.784423828125 3.145797780390114e-15 1.460847336822509e-15
1244.4608154296875 3.598525032236276e-15 1.4577654074439243e-15
1246.13720703125 2.7022879410759735e-15 1.4205848962241968e-15
1247.8135986328125 1.5339699970930783e-15 1.3461797221923661e-15
1249.489990234375 3.2701288762781262e-15 1.4291255294313619e-15
1251.1663818359375 2.9723900190546616e-15 1.3440967622959494e-15
1252.8427734375 2.396423920305972e-15 1.3001247409051369e-15
1254.5191650390625 2.4095300610988378e-15 1.282462092251635e-15
1256.195556640625 1.0339737539880349e-15 1.2157532713367937e-15
1257.8719482421875 1.648544120461668e-15 1.2354414934045359e-15
1259.54833984375 9.313102902863799e-16 1.1927689264339299e-15
1261.2247314453125 1.6511397470494104e-15 1.2106304160717997e-15
1262.901123046875 3.4662409322482567e-15 1.3139379424507232e-15
1264.5775146484375 1.759825720885162e-15 1.2015986096343455e-15
1266.25390625 2.459041042689983e-15 1.2009403591552105e-15
1267.9302978515625 2.2866770377037845e-15 1.18518491106157e-15
1269.606689453125 2.911978570465301e-15 1.2289580914680146e-15
1271.2830810546875 2.0600897950826284e-15 1.1771829908088587e-15
1272.95947265625 2.355553521809768e-15 1.1947908999581443e-15
1274.6358642578125 2.364529318193585e-15 1.180100807553913e-15
1276.312255859375 2.47375400498379e-15 1.2141482497808652e-15
1277.988525390625 1.2007849286093893e-15 1.144135682734377e-15
1279.6650390625 2.227527456447596e-15 1.1917168056343216e-15
1281.34130859375 2.7170271613911456e-15 1.1882508526932754e-15
1283.0177001953125 1.8593686093300137e-15 1.1992726571611852e-15
1284.694091796875 2.4073699153251025e-15 1.1835850775824435e-15
1286.3704833984375 1.554879111275169e-15 1.1242273379794671e-15
1288.046875 6.895865688977894e-16 1.070787711699838e-15
1289.7232666015625 3.183593661046022e-15 1.201805391552594e-15
1291.399658203125 5.825484764850975e-15 1.3213812444747204e-15
1293.0760498046875 3.45218717334565e-15 1.1988563404676097e-15
1294.75244140625 2.2016747403479737e-16 1.0287406785607794e-15
1296.4288330078125 1.7565312921159347e-15 1.0967781765325074e-15
1298.105224609375 2.5051765979863198e-15 1.1269277848944322e-15
1299.7816162109375 1.143564359011454e-15 1.0601155200809075e-15
1301.4580078125 2.038323377678798e-15 1.111340790478177e-15
1303.1343994140625 1.6534117011721833e-15 1.1077789110558543e-15
1304.810791015625 1.816105554516053e-15 1.1104622055536375e-15
1306.4871826171875 1.2207555302859224e-15 1.1026991485920518e-15
1308.16357421875 1.1923763266628775e-15 1.1014569747749034e-15
1309.8399658203125 9.74724963997899e-16 1.0856741039895956e-15
1311.516357421875 2.0908006686512276e-15 1.1244082853928243e-15
1313.1927490234375 7.146869609215721e-16 1.0398921849487375e-15
1314.869140625 2.4691897679475104e-15 1.1499960919381927e-15
1316.5455322265625 5.443473117397522e-16 1.0309620224649538e-15
1318.221923828125 1.2557888129843603e-15 1.0696454877704657e-15
1319.898193359375 1.3853979829249507e-15 1.0764416566227605e-15
1321.57470703125 1.0910235405679801e-15 1.0754728626893384e-15
1323.2509765625 1.7752326149210072e-15 1.127642468943678e-15
1324.927490234375 9.221428526982466e-16 1.09486007042345e-15
1326.603759765625 2.3754172914558285e-15 1.1582342285040696e-15
1328.2801513671875 3.245598590367405e-15 1.2160062165506675e-15
1329.95654296875 1.1320927800485521e-15 1.1064673864161494e-15
1331.6329345703125 1.426210147906031e-15 1.1148752472088324e-15
1333.309326171875 1.980917625502769e-15 1.1473903009550832e-15
1334.9857177734375 1.0828934007028781e-15 1.0963055321479395e-15
1336.662109375 1.2499840961968265e-15 1.0874310620804378e-15
1338.3385009765625 1.132739277945544e-15 1.0760610211920881e-15
1340.014892578125 1.4256215658868076e-15 1.1336680495722083e-15
1341.6912841796875 9.125069000111632e-16 1.1126369626457129e-15
1343.36767578125 1.2234796941234106e-15 1.1305465214033394e-15
1345.0440673828125 1.5505006920916932e-15 1.122300973299174e-15
1346.720458984375 1.1687028145783039e-15 1.1081101009382307e-15
1348.3968505859375 1.3261310876055673e-15 1.115989413171827e-15
1350.0732421875 1.0435715901924917e-15 1.1237243062879165e-15
1351.7496337890625 1.6434843691512445e-15 1.1471488965651157e-15
1353.426025390625 8.372980505310659e-16 1.1121539421075411e-15
1355.1024169921875 5.184192732352955e-15 1.3098180800743967e-15
1356.77880859375 2.185142563041701e-15 1.3843738142126018e-15
1358.4552001953125 1.9673271936223105e-15 1.1583843650939704e-15
1360.131591796875 3.6742034026669484e-16 1.09338009210636e-15
1361.807861328125 1.6463427347713133e-16 1.0939590391258083e-15
1363.484375 2.53749630475911e-16 1.1016775209785447e-15
1365.16064453125 2.177965017604905e-15 1.208930315067542e-15
1366.837158203125 2.768651913702164e-15 1.2479236885526305e-15
1368.513427734375 4.129502458299211e-15 1.3149243123178008e-15
1370.1898193359375 2.0127738993742927e-15 1.2276061210050784e-15
1371.8662109375 1.183732249557029e-15 1.1685802065591888e-15
1373.5426025390625 2.6368948799655734e-15 1.2426823545541392e-15
1375.218994140625 2.4298391583169173e-15 1.2320376915059945e-15
1376.8953857421875 1.6180913801837446e-15 1.201783792212439e-15
1378.57177734375 3.048813354962444e-15 1.2738089095416035e-15
1380.2481689453125 1.422629739637987e-15 1.2062201272736834e-15
1381.924560546875 1.6241520068004675e-15 1.210417599043802e-15
1383.6009521484375 2.5299506176276135e-15 1.2608413645147322e-15
1385.27734375 3.679763115174489e-15 1.3023614372814803e-15
1386.9537353515625 1.4376446691774904e-15 1.1980248717507612e-15
1388.630126953125 1.559674482426931e-15 1.2142789046129792e-15
1390.3065185546875 1.4718263661265825e-15 1.2399022865421322e-15
1391.98291015625 9.414286282369245e-16 1.2230057791894219e-15
1393.6593017578125 2.3231041131169293e-15 1.2913779610544338e-15
1395.335693359375 3.0661976474136545e-15 1.3290271991313481e-15
1397.0120849609375 1.168125032229158e-15 1.2449435090068346e-15
1398.6884765625 9.469733059096512e-17 1.1997381017657014e-15
1400.3648681640625 -2.300028765111795e-16 1.2030629178419114e-15
1402.041259765625 1.9516723306911565e-15 1.2970718224049956e-15
1403.717529296875 7.507975107102398e-16 1.248438684584561e-15
1405.39404296875 1.9504089810503267e-15 1.3274265186192743e-15
1407.0703125 1.438714048273399e-15 1.3075462318307422e-15
1408.746826171875 4.225748694513349e-15 1.4473604547198524e-15
1410.423095703125 2.375359904973652e-15 1.3789027225271679e-15
1412.0994873046875 3.166835749459306e-15 1.4284201627445359e-15
1413.77587890625 1.6184581454499057e-15 1.3481962958815418e-15
1415.4522705078125 1.1825149573327061e-15 1.2821580074235707e-15
1417.128662109375 1.444902788623394e-15 1.307195560190579e-15
1418.8050537109375 1.729241690500414e-15 1.3108424605449824e-15
1420.4814453125 1.0241127022952187e-15 1.3695285030207861e-15
1422.1578369140625 1.3624086617035217e-15 1.3914176343228501e-15
1423.834228515625 2.2162673974934912e-16 1.6897243212583304e-15
1425.5106201171875 1.2103249548151961e-15 1.3691240447884722e-15
1427.18701171875 1.6740277419545241e-15 1.3943245455187085e-15
1428.8634033203125 2.2840904108411067e-15 1.427452745239653e-15
1430.539794921875 2.5468650185513347e-15 1.4520301473580654e-15
1432.2161865234375 3.85715637828501e-15 1.497803066673859e-15
1433.892578125 2.337727925193038e-15 1.4435123840404762e-15
1435.5689697265625 3.774533396478036e-15 1.5277485400954955e-15
1437.245361328125 2.5214553006831265e-15 1.4756949773549297e-15
1438.9217529296875 1.1497126535382177e-15 1.419353839714481e-15
1440.59814453125 4.213749625782545e-15 1.5381432225450818e-15
1442.2745361328125 2.4186481590177935e-15 1.4626715281535396e-15
1443.950927734375 4.0993681494698962e-16 1.956406397833361e-15
1445.627197265625 -6.364431526867932e-17 1.3706452100826225e-15
1447.3037109375 3.3114850481695806e-15 1.5175593690147367e-15
1448.97998046875 1.5059432650552096e-15 1.4391875396909141e-15
1450.656494140625 3.0132324654636063e-15 1.4788413871166242e-15
1452.332763671875 9.912396712496345e-16 1.390832758072771e-15
1454.0091552734375 2.697509616462275e-15 1.4775310271472218e-15
1455.685546875 2.453941057314565e-15 1.462134932781454e-15
1457.3619384765625 7.771591877320434e-16 1.3916520506910028e-15
1459.038330078125 2.33859105176629e-15 1.4565188925829212e-15
1460.7147216796875 6.768068957786191e-15 1.6255773514924597e-15
1462.39111328125 2.420587864467006e-15 1.4146144786163564e-15
1464.0675048828125 2.401735452159967e-15 1.4363086864614336e-15
1465.743896484375 2.6323975585321267e-15 1.4529863416763971e-15
1467.4202880859375 5.472900947809268e-15 1.547825973802501e-15
1469.0966796875 1.0009100346502e-14 1.8082812994240282e-15
1470.7730712890625 4.1687255894712425e-15 1.5484098971405144e-15
1472.449462890625 4.812560838393393e-15 1.580831989020804e-15
1474.1258544921875 4.5001805931601645e-15 1.5537592278397805e-15
1475.80224609375 4.2651751135927216e-15 1.5381124117216254e-15
1477.4786376953125 4.142082591631832e-15 1.5311734119385998e-15
1479.155029296875 3.859240079335255e-15 1.5134283893309774e-15
1480.8314208984375 3.4472671824715235e-15 1.5316285862686306e-15
1482.5078125 4.88664064589436e-15 1.575558679528554e-15
1484.1842041015625 3.3743351046140865e-15 1.5134428947701992e-15
1485.860595703125 2.8347319185327872e-15 1.4711431281755035e-15
1487.536865234375 4.034243438985098e-15 1.5172288144070707e-15
1489.21337890625 2.6566510764273327e-15 1.4621058160238921e-15
1490.8896484375 4.0831850026774516e-15 1.5395926017969523e-15
1492.566162109375 3.856285628415232e-15 1.524141450289613e-15
1494.242431640625 2.114531355459741e-15 1.4569181627384332e-15
1495.9188232421875 4.505509277431341e-15 1.5225777215898632e-15
1497.59521484375 3.721078417726238e-15 1.4936540875399706e-15
1499.2716064453125 1.4584991497344833e-15 1.4124892729516954e-15
1500.947998046875 3.217304513555559e-15 1.4603776570532565e-15
1502.6243896484375 3.5301929785571404e-15 1.4682934975827032e-15
1504.30078125 3.9506870268702504e-15 1.4961869278104977e-15
1505.9771728515625 3.196253203717448e-15 1.5663547136445704e-15
1507.653564453125 3.7390808324707075e-15 1.4872993287323136e-15
1509.3299560546875 3.1393980229571343e-15 1.6308505551055914e-15
1511.00634765625 6.9903960481991316e-15 1.6079435019591645e-15
1512.6827392578125 4.500869230946282e-15 1.5299437318574234e-15
1514.359130859375 2.22229639272359e-15 1.4458932877760896e-15
1516.0355224609375 3.312560144737883e-15 1.501802015096965e-15
1517.7119140625 8.350616188525185e-16 1.4177048783244137e-15
1519.3883056640625 2.9967017704649913e-15 1.4967548634016318e-15
1521.064697265625 -1.209419158957226e-15 1.8345937426557726e-15
1522.7410888671875 1.5599981548919005e-15 1.4622862340416573e-15
1524.41748046875 3.040552242627873e-15 1.513882187232469e-15
1526.0938720703125 3.5018171630658845e-15 1.5064735076801908e-15
1527.770263671875 1.3248462445037009e-15 1.5655362680592859e-15
1529.446533203125 2.3456239663273426e-15 1.4693508064591134e-15
1531.123046875 2.544603228823929e-15 1.4591480828511985e-15
1532.79931640625 2.180113940192089e-15 1.445015973400971e-15
1534.475830078125 4.720483274829167e-15 1.5237772261222937e-15
1536.152099609375 4.3673565096682705e-15 1.5077320927606923e-15
1537.8284912109375 3.4575118342103275e-15 1.4625957187047603e-15
1539.5048828125 3.3292981510503385e-15 1.4610423661586143e-15
1541.1812744140625 8.024584736797532e-16 1.3623987090663914e-15
1542.857666015625 3.5922185543066126e-16 1.348603189333579e-15
1544.5340576171875 2.4815320967801896e-15 1.41252484833548e-15
1546.21044921875 2.8812952254674874e-15 1.4249505040343454e-15
1547.8868408203125 -2.3669134644771996e-17 1.327613077625907e-15
1549.563232421875 2.63237341809313e-15 1.4150788644296886e-15
1551.2396240234375 4.155295458576052e-15 1.4638602330158926e-15
1552.916015625 2.956072352842281e-15 1.4763084409669786e-15
1554.5924072265625 2.2683690558235933e-15 1.3819216538303006e-15
1556.268798828125 2.2441263375984647e-15 1.4438100102423176e-15
1557.9451904296875 -1.2520786763264884e-16 1.293558117981548e-15
1559.62158203125 1.364455093304088e-15 1.3271590679661788e-15
1561.2979736328125 3.749272332892071e-15 1.543411873356122e-15
1562.974365234375 1.270079211716606e-15 1.3246361803327818e-15
1564.650634765625 1.4072462448873097e-15 1.3229089742742119e-15
1566.3271484375 3.0195259202617057e-15 1.336226026270944e-15
1568.00341796875 1.096341319289961e-15 1.270422789455836e-15
1569.679931640625 5.133203360631496e-16 1.2445619206640965e-15
1571.356201171875 -2.0087554427236203e-16 1.256252563522982e-15
1573.03271484375 3.2707145995611525e-15 1.3697367672466923e-15
1574.708984375 2.464346857071584e-15 1.316676294090078e-15
1576.385498046875 2.330337774486481e-15 1.3816518738366001e-15
1578.061767578125 1.8138513880851725e-15 1.3094111866223594e-15
1579.73828125 2.9981417264753236e-15 1.3378794345839844e-15
1581.41455078125 1.4255352744053061e-15 1.2565923296139494e-15
1583.091064453125 2.9128205212148716e-15 1.297499574043359e-15
1584.767333984375 5.126454096228655e-16 1.2152894149190536e-15
1586.4437255859375 1.2115430940724662e-15 1.2420674086344326e-15
1588.1201171875 6.698431838093573e-16 1.2202241229906387e-15
1589.7965087890625 3.282437535551152e-15 1.2932100933193448e-15
1591.472900390625 2.413030636511603e-15 1.2482873833243578e-15
1593.1492919921875 4.108895840758409e-15 1.2906020788747488e-15
1594.82568359375 3.099761327948606e-15 1.254811125204992e-15
1596.5020751953125 2.207658392845615e-15 1.2140286063770656e-15
1598.178466796875 1.5887676289453928e-15 1.1908372677977164e-15
1599.8548583984375 2.6639688058168994e-15 1.2037855428250377e-15
1601.53125 1.0112474364967284e-15 1.1471953774980963e-15
1603.2076416015625 6.82963088887616e-16 1.2459845124990101e-15
1604.884033203125 1.020992550554889e-15 1.1312738050676756e-15
1606.560302734375 3.633598972516182e-15 1.2307893766999784e-15
1608.23681640625 4.621478675822296e-15 1.252107078400001e-15
1609.9130859375 1.7879658494588443e-15 1.2021501339621265e-15
1611.589599609375 1.4086696837551705e-15 1.1305648384908238e-15
1613.265869140625 2.685531935313389e-15 1.183153937812291e-15
1614.9423828125 1.050497990360427e-15 1.1112150060855097e-15
1616.61865234375 1.9139573416817116e-15 1.1404604067762406e-15
1618.295166015625 1.1447376055225196e-15 1.1145895853473709e-15
1619.971435546875 3.0489306690256388e-15 1.1610414015703887e-15
1621.64794921875 3.735217091681807e-15 1.1489407947650322e-15
1623.32421875 1.4322677040283201e-15 1.0756599510915632e-15
1625.000732421875 1.419294229770818e-15 1.1766637596121918e-15
1626.677001953125 7.452788793006412e-17 1.0191529008725712e-15
1628.3533935546875 -7.704845945774591e-17 1.0120093426327836e-15
1630.02978515625 1.2013052185972403e-15 1.0764677028858886e-15
1631.7061767578125 3.944525285695449e-15 1.180230932990435e-15
1633.382568359375 2.731163929522583e-15 1.1047589209615375e-15
1635.0589599609375 3.836955066009468e-15 1.1083018480216654e-15
1636.7353515625 4.188849821748584e-15 1.1009180500622128e-15
1638.4117431640625 3.983969915983187e-15 1.0922892195494149e-15
1640.088134765625 5.490966042991834e-15 1.1192534546340714e-15
1641.7645263671875 2.173575692872233e-15 1.0193839291089348e-15
1643.44091796875 1.5323184946041692e-15 9.94794456771024e-16
1645.1173095703125 -6.421145014898037e-16 9.68351993981876e-16
1646.793701171875 -1.6999388768577272e-16 9.604814697151075e-16
1648.469970703125 2.6857424230007816e-15 1.0253268181459893e-15
1650.146484375 1.1177837465914668e-15 1.00031658219153e-15
1651.82275390625 1.5974439991823554e-15 9.679224423984997e-16
1653.499267578125 -7.191827471078019e-16 9.27438926200954e-16
1655.175537109375 1.556857991998192e-15 9.476897899039099e-16
1656.85205078125 5.966869069186939e-16 9.18138292681865e-16
1658.5283203125 -3.99472437567712e-16 8.987338266514531e-16
1660.204833984375 9.71653093135563e-16 1.0378776229628115e-15
1661.881103515625 1.1075465063909514e-15 9.030943522639182e-16
1663.5576171875 3.3625117952198373e-15 9.607443675661116e-16
1665.23388671875 6.313352872579876e-15 1.038658057944588e-15
1666.910400390625 3.3111674108143602e-15 1.0490882098988406e-15
1668.586669921875 3.5506727529140917e-15 9.953713920872226e-16
1670.2630615234375 -7.485335372260169e-17 8.438192513128583e-16
1671.939453125 2.9684847736513456e-15 8.936724871542534e-16
1673.6158447265625 1.3425478566727765e-15 8.527089150338514e-16
1675.292236328125 2.4227465279330835e-15 8.633755479990656e-16
1676.9686279296875 1.4182871075965327e-15 8.3324044507636255e-16
1678.64501953125 7.896883402691514e-16 8.131072660135159e-16
1680.3214111328125 3.431687917230912e-15 1.575352532885016e-15
1681.997802734375 3.4518824532428754e-15 8.572920514927668e-16
1683.6741943359375 -3.7809046724281647e-16 7.863230254301508e-16
1685.3505859375 1.9117863962378988e-15 8.218372110843923e-16
1687.0269775390625 3.6449814012613855e-15 8.477687012481091e-16
1688.703369140625 3.1190086693673024e-15 8.285395180982196e-16
1690.379638671875 3.1609217654215765e-15 8.143689215884512e-16
1692.05615234375 4.210265779270488e-15 8.321630191674551e-16
1693.732421875 7.997517269572429e-16 1.103828561148097e-15
1695.408935546875 9.53302759608009e-16 1.0733080582343933e-15
1697.085205078125 3.412009912498096e-16 9.386317254450908e-16
1698.76171875 1.7430732091334848e-15 7.459696346691271e-16
1700.43798828125 2.3703310703658033e-15 8.314514585522023e-16
1702.114501953125 2.293672471056921e-15 7.915741003075355e-16
1703.790771484375 2.9692072927553536e-15 8.04707240275595e-16
1705.46728515625 3.3262791138680874e-15 7.523242346581065e-16
1707.1435546875 3.6904556355841535e-15 7.535457091076064e-16
1708.820068359375 2.6184799601757913e-15 7.225531970840452e-16
1710.496337890625 3.5305288271207267e-15 8.06491462239427e-16
1712.1727294921875 3.3483392399463784e-15 7.286389699913897e-16
1713.84912109375 3.326595480673887e-15 7.207843805319414e-16
1715.5255126953125 1.9481044161590846e-15 6.90747586370679e-16
1717.201904296875 3.02022408716848e-15 7.144687969980949e-16
1718.8782958984375 2.8630063018286094e-15 6.941647290381397e-16
1720.5546875 3.121220695909057e-15 6.76836076063652e-16
1722.2310791015625 2.7033213212716237e-15 6.598210899774444e-16
1723.907470703125 2.8358171794964568e-15 6.560839276745993e-16
1725.5838623046875 3.263314919733939e-15 6.869931128319743e-16
1727.26025390625 3.1246338151700182e-15 6.683046543397883e-16
1728.9366455078125 2.462182687891349e-15 6.494228605773914e-16
1730.613037109375 2.130451974978096e-15 6.436082970318459e-16
1732.289306640625 2.5768410910381907e-15 8.261215037316046e-16
1733.9658203125 2.8976255971740767e-15 7.659397069500681e-16
1735.64208984375 4.8871454775309235e-15 8.251751561712847e-16
1737.318603515625 5.350046442106557e-15 7.677825330059383e-16
1738.994873046875 3.5275214366415003e-15 6.518008526372487e-16
1740.67138671875 3.3740375842913634e-15 6.683995220298808e-16
1742.34765625 2.8602744088154775e-15 6.279313053649449e-16
1744.024169921875 2.2210224551709196e-15 5.755001776881405e-16
1745.700439453125 3.1258395665704347e-15 5.937350500370719e-16
1747.376953125 4.2030215299890955e-15 8.722225424353408e-16
1749.05322265625 6.038295863617987e-15 9.701144577868755e-16
1750.729736328125 4.670023828095334e-15 8.469668786844145e-16
1752.406005859375 3.360740014052418e-15 5.714450603927198e-16
1754.0823974609375 4.134980220369105e-15 5.985122099804677e-16
1755.7587890625 4.589791596781986e-15 7.03718943045813e-16
1757.4351806640625 3.967618368452917e-15 5.79512784517521e-16
1759.111572265625 4.879394702547073e-15 7.456632205004579e-16
1760.7879638671875 3.64195664660674e-15 5.584262698725396e-16
1762.46435546875 4.058090804582096e-15 5.635769184061154e-16
1764.1407470703125 2.5426825816160297e-15 5.273252846921706e-16
1765.817138671875 2.6552062499775536e-15 5.301516748184806e-16
1767.4935302734375 2.4788823659629413e-15 6.675997111694359e-16
1769.169921875 3.0707104271983886e-15 1.0449843352693935e-15
1770.8463134765625 3.06055979611673e-15 6.076588423218341e-16
1772.522705078125 4.532124746699966e-15 5.395239355611718e-16
1774.198974609375 3.1266908346824253e-15 5.074158282065175e-16
1775.87548828125 2.947892767428883e-15 5.012576869217419e-16
1777.5517578125 3.269527059369102e-15 5.096152021936225e-16
1779.228271484375 3.632682906383727e-15 5.065585249847777e-16
1780.904541015625 3.3411242133016663e-15 4.968576154585518e-16
1782.5810546875 3.1235576598105316e-15 4.881166589593611e-16
1784.25732421875 2.8134743561720197e-15 4.794404475410761e-16
1785.933837890625 3.1647317196183264e-15 6.248302648054877e-16
1787.610107421875 3.2200008311849063e-15 4.969287662261212e-16
1789.28662109375 4.211962386263838e-15 4.966839737043647e-16
1790.962890625 3.515610671095447e-15 4.745682610889101e-16
1795.9920654296875 3.0952307604719797e-15 5.103282980560922e-16
1797.66845703125 3.3554043417594265e-15 4.644163065182713e-16
1799.3448486328125 2.6877030925154385e-15 5.936547407257603e-16
1801.021240234375 2.3605472045503057e-15 5.60803520778568e-16
1802.6976318359375 3.88046460741108e-15 5.703924101975195e-16
1804.3740234375 5.4064245315593295e-15 7.340436754695826e-16
1806.0504150390625 4.570893021179322e-15 5.876589650690616e-16
1807.726806640625 3.6806165008688475e-15 4.532436243066319e-16
1809.4031982421875 4.159483612983751e-15 5.461439215604378e-16
1811.07958984375 3.98702939898867e-15 5.655719456946953e-16
1812.7559814453125 4.458705201381384e-15 6.671696831300267e-16
1814.432373046875 4.156953102053829e-15 7.100887366882837e-16
1816.108642578125 4.3250332379092885e-15 4.558553445203721e-16
1817.78515625 4.3689307204007426e-15 4.724134092710952e-16
1819.46142578125 3.8608892524835594e-15 4.396370988001756e-16
1821.137939453125 4.166264535242995e-15 5.756383499376614e-16
1822.814208984375 4.007097727091492e-15 5.735584605356784e-16
1824.49072265625 5.098838069291086e-15 4.869898404417168e-16
1826.1669921875 5.743457670722395e-15 4.915649830271925e-16
1827.843505859375 4.227058630966278e-15 5.714276432777418e-16
1829.519775390625 4.1502907644072e-15 5.596294801741143e-16
1831.1962890625 3.532033581151524e-15 7.081417785194605e-16
1832.87255859375 3.0415826582082077e-15 7.185132205025566e-16
1834.549072265625 2.6671718609069415e-15 4.503061669851132e-16
1836.225341796875 4.911842840690491e-15 5.562942350047413e-16
1837.9017333984375 5.03997478517107e-15 5.0114789027595405e-16
1839.578125 3.4086524327138577e-15 5.167758069714735e-16
1841.2545166015625 3.4278898214954237e-15 4.3227495312043725e-16
1842.930908203125 3.3274238788963016e-15 4.021634083015797e-16
1844.6072998046875 3.213529922984357e-15 3.983603362475263e-16
1846.28369140625 2.7030841520463925e-15 3.811485738197597e-16
1847.9600830078125 2.865372911883238e-15 4.774470613788315e-16
1849.636474609375 3.5402932111784375e-15 4.4254888043548067e-16
1851.3128662109375 3.945154207658785e-15 5.006874219900029e-16
1852.9892578125 3.433575530153868e-15 3.9737372815243225e-16
1854.6656494140625 2.952182989306726e-15 3.8697531346392204e-16
1856.342041015625 3.0152837675036194e-15 3.866764961219985e-16
1858.018310546875 2.915622294446152e-15 3.898778042065869e-16
1859.69482421875 2.9449518690360162e-15 4.3807358185866258e-16
1861.37109375 3.4934601242500368e-15 3.922331646048847e-16
1863.047607421875 3.2069118428092224e-15 5.476193470754364e-16
1864.723876953125 2.255384887775132e-15 3.6798507301449704e-16
1866.400390625 3.2887422135358026e-15 3.873770188391574e-16
1868.07666015625 3.665099704308096e-15 4.908883625210139e-16
1869.753173828125 2.9450685478245005e-15 3.9216180207907853e-16
1871.429443359375 2.780316192660566e-15 3.8029124412824035e-16
1873.10595703125 3.1174708810515622e-15 3.863834756618077e-16
1874.7822265625 3.878253004385799e-15 4.0224665575842704e-16
1876.458740234375 3.091022912548257e-15 3.8312388112253634e-16
1878.135009765625 2.9634298927803688e-15 3.7897606665895044e-16
1879.8114013671875 2.8487498902933723e-15 3.764502673497973e-16
1881.48779296875 3.2644524849821015e-15 3.8401593916489313e-16
1883.1641845703125 3.694295659450531e-15 4.046764491769648e-16
1884.840576171875 3.5022059511886743e-15 4.501712240487037e-16
1886.5169677734375 3.864690736350837e-15 3.97519285470462e-16
1888.193359375 3.94599658192483e-15 3.9953705029971973e-16
1889.8697509765625 4.488279356734768e-15 4.741835493121791e-16
1891.546142578125 3.733127461400931e-15 4.016204601823897e-16
1893.2225341796875 3.0864006537550904e-15 3.9711506546616447e-16
1894.89892578125 3.1881487924781187e-15 5.216917744391006e-16
1896.5753173828125 3.2092492302271706e-15 4.557963698514195e-16
1898.251708984375 3.0903135224549317e-15 4.2329653622843967e-16
1899.927978515625 3.716236777399733e-15 5.829832373210994e-16
1901.6044921875 4.304518099926789e-15 4.3564272964894074e-16
1903.28076171875 4.960045368136365e-15 6.326434025900798e-16
1904.957275390625 4.49743493586164e-15 6.999871276384473e-16
1906.633544921875 5.073946312070124e-15 5.394839661939732e-16
1908.31005859375 5.690513452837791e-15 4.655490013269871e-16
1909.986328125 5.02691607822325e-15 5.573426500352053e-16
1911.662841796875 4.719816659899678e-15 4.198648351821981e-16
1913.339111328125 4.57376403935404e-15 4.157674191789738e-16
1915.015625 4.131327814300544e-15 4.06645139034841e-16
1916.69189453125 4.768456679862809e-15 5.664331664438161e-16
1918.368408203125 4.5702696049301425e-15 5.448623077716828e-16
1920.044677734375 3.4086977489765358e-15 3.884610092534061e-16
1921.7210693359375 3.1883304810453048e-15 3.83343077367418e-16
1923.3974609375 2.7491036638289555e-15 4.095820669607677e-16
1925.0738525390625 3.325806892999993e-15 3.919305885542577e-16
1926.750244140625 3.1937375158641026e-15 3.95379124380326e-16
1928.4266357421875 2.4722109227121297e-15 3.6141609428052353e-16
1930.10302734375 2.2612793900550748e-15 4.343164348722181e-16
1931.7794189453125 2.708894798064557e-15 4.421514366947612e-16
1933.455810546875 2.2930835714003424e-15 4.0430573991364304e-16
1935.1322021484375 2.5167722672759943e-15 4.708988614218453e-16
1936.80859375 2.5301981630064486e-15 4.1786115227568843e-16
1938.4849853515625 3.0123907264722723e-15 3.71325506260672e-16
1940.161376953125 3.172306311749148e-15 3.753677327734267e-16
1941.837646484375 3.2516421704460643e-15 3.7605801168587977e-16
1943.51416015625 3.2100206654838825e-15 3.737624200499226e-16
1945.1904296875 3.570391256409698e-15 3.7765501289858895e-16
1946.866943359375 2.708146444455658e-15 3.570199138749349e-16
1948.543212890625 2.9326012816321013e-15 3.6116246085238007e-16
1950.2197265625 3.1886116959837932e-15 4.216446896323958e-16
1951.89599609375 2.9135786157026642e-15 4.511354651800343e-16
1953.572509765625 3.12061972603298e-15 7.512311386396748e-16
1955.248779296875 3.2546076327944016e-15 3.8173532942419053e-16
1956.92529296875 3.180360748044589e-15 4.1728614925340077e-16
1958.6015625 2.6292379138806313e-15 3.792547404985971e-16
1960.278076171875 3.3941076064600804e-15 4.1139596154753317e-16
1961.954345703125 3.679306987932392e-15 6.654339008628659e-16
1963.6307373046875 3.0265061070217916e-15 4.2568776317809776e-16
1965.30712890625 2.868511380711052e-15 5.6248207538223e-16
1966.9835205078125 2.8474329658186286e-15 4.458713142315265e-16
1968.659912109375 2.2675974088086446e-15 4.992107259255835e-16
1970.3363037109375 2.765672475310197e-15 4.963168908008484e-16
1972.0126953125 3.0095868356586238e-15 5.391428766140258e-16
1973.6890869140625 3.3495081454135893e-15 4.4011021964077634e-16
1975.365478515625 2.7261088368933694e-15 4.595391437475403e-16
1977.0418701171875 2.6480365395955196e-15 6.025822562315839e-16
1978.71826171875 2.437850819448522e-15 3.712506232541788e-16
