wavelength flux error
1150.583251953125 -5.0616039408857977e-14 1.138182023673398e-13
1152.2596435546875 7.682132111431345e-14 1.0853561701728437e-13
1153.93603515625 1.5113305640063364e-14 1.0274605873137471e-13
1155.6123046875 6.803556334847652e-14 9.937704278191115e-14
1157.2886962890625 1.01659884666188e-13 9.319110695800437e-14
1158.965087890625 5.751252745529387e-14 8.430144874272544e-14
1160.6414794921875 1.0773235873274417e-13 7.673129167641568e-14
1162.31787109375 1.3674487703198984e-13 7.278745206389103e-14
1163.9942626953125 1.6215738333266033e-13 6.799480412305464e-14
1165.670654296875 4.3312453775444515e-14 5.411923554156199e-14
1167.3470458984375 6.360431387304744e-14 5.096924537159944e-14
1169.0234375 1.3233262142337e-13 4.986782810149394e-14
1170.6998291015625 5.2419081174228527e-14 4.3120607589154994e-14
1172.376220703125 8.001168087454213e-14 4.109621917400795e-14
1174.0526123046875 9.239414382232816e-14 4.2526508844346195e-14
1175.72900390625 1.6192696326595285e-13 5.365750094135473e-14
1177.4053955078125 7.896243744585571e-14 3.6558375684364597e-14
1179.081787109375 7.030090214393131e-14 3.1682267893169344e-14
1180.7581787109375 1.0125473186685732e-13 2.9881496176097436e-14
1182.4345703125 2.8957556025364234e-14 2.5626100904913712e-14
1184.1109619140625 6.039905310921065e-14 2.5322797041226787e-14
1185.787353515625 5.792465980610992e-14 2.3603735204444712e-14
1187.4637451171875 3.143683162637294e-14 2.1567659428691453e-14
1189.14013671875 1.5153017932762435e-14 1.993436137188477e-14
1190.8165283203125 1.5890710784987466e-14 1.7930989538225e-14
1192.492919921875 1.5135140455377685e-14 1.8631109702975726e-14
1194.169189453125 3.6962840692942103e-14 2.05626633071037e-14
1195.845703125 1.175029854232762e-14 1.5304423378018246e-14
1197.52197265625 4.113407477048664e-14 1.8942399393289365e-14
1199.1983642578125 2.968007174124036e-14 1.4899121500888853e-14
1200.874755859375 2.8222629582744935e-14 1.369298639454725e-14
1202.5511474609375 3.192101598781423e-14 1.4263286054637045e-14
1204.2275390625 4.1706292960201966e-14 1.3220480076349753e-14
1205.9039306640625 4.187789167092032e-14 1.2750487751939706e-14
1207.580322265625 7.483391076951174e-14 1.3686870816668074e-14
1209.2567138671875 1.58498309420739e-13 2.9865741363278506e-14
1210.93310546875 1.8417181028938107e-13 4.791817509734904e-14
1212.6094970703125 1.9532533685091835e-13 4.431221692748413e-14
1214.285888671875 2.786114980217469e-13 6.30231815085952e-14
1215.9622802734375 2.376257014508748e-13 5.0943929250871905e-14
1217.638671875 1.8773638242944313e-13 4.457532568969205e-14
1219.3150634765625 1.9828486996862488e-13 4.4411075836824077e-14
1220.991455078125 1.71435700921721e-13 3.66626149469855e-14
1222.6678466796875 7.790799662300493e-14 1.62741592120777e-14
1224.34423828125 5.10612195971441e-14 1.086564462672102e-14
1226.0206298828125 5.0813899529073003e-14 9.517568821276225e-15
1227.697021484375 5.694942672822279e-14 9.509508455750153e-15
1229.3734130859375 5.130165836955171e-14 9.203606742013998e-15
1231.0498046875 5.949849445595345e-14 9.20821206014822e-15
1232.7261962890625 6.167490156821012e-14 9.226861184547918e-15
1234.402587890625 8.560763453376377e-14 1.0083784935527307e-14
1236.078857421875 9.790290052182765e-14 1.0359791468423068e-14
1237.75537109375 1.2884300831100814e-13 1.1557257192549523e-14
1239.431640625 1.2603846189385842e-13 1.1225026306680916e-14
1241.1080322265625 1.311452845192268e-13 1.1436387285042229e-14
1242.784423828125 1.3738713129391594e-13 1.1568708230963454e-14
1244.4608154296875 1.0004043220993714e-13 9.760322534728676e-15
1246.13720703125 8.250935064303341e-14 9.315739504670364e-15
1247.8135986328125 6.124318581565355e-14 8.346239992803196e-15
1249.489990234375 5.975836416417107e-14 8.158612877623948e-15
1251.1663818359375 5.185651238384832e-14 7.56365947657137e-15
1252.8427734375 5.683030340265273e-14 7.613563269691804e-15
1254.5191650390625 6.591794709902288e-14 7.945142787223972e-15
1256.195556640625 4.927257400374509e-14 7.224746347781873e-15
1257.8719482421875 5.227265289457078e-14 7.302106713887556e-15
1259.54833984375 4.517445581020754e-14 6.989785760960635e-15
1261.2247314453125 4.253451838789543e-14 6.7117315259148866e-15
1262.901123046875 4.889301176381686e-14 7.022176300863639e-15
1264.5775146484375 7.549478620375027e-14 7.994671344748773e-15
1266.25390625 5.526298751837126e-14 7.05529613613423e-15
1267.9302978515625 5.376666993572865e-14 6.984658247014431e-15
1269.606689453125 6.696948090479868e-14 7.424731673661561e-15
1271.2830810546875 7.36163246247562e-14 7.827205307780073e-15
1272.95947265625 7.077733445983933e-14 7.696711411926075e-15
1274.6358642578125 5.731528397506444e-14 6.8756497653840124e-15
1276.312255859375 5.751740636507005e-14 7.015029883887655e-15
1277.988525390625 7.44925429392411e-14 7.732947481409614e-15
1279.6650390625 7.836771867292952e-14 7.788951605816174e-15
1281.34130859375 6.32492173327677e-14 7.111530229985969e-15
1283.0177001953125 6.02374188940838e-14 6.944497873886263e-15
1284.694091796875 7.718347174497792e-14 7.686673224468164e-15
1286.3704833984375 7.550184707039859e-14 7.516809237225787e-15
1288.046875 6.729054027312595e-14 7.289955179226246e-15
1289.7232666015625 7.562423994314504e-14 7.491322015842905e-15
1291.399658203125 7.609722314089185e-14 7.501239924622306e-15
1293.0760498046875 8.358319868477168e-14 7.789796097664586e-15
1294.75244140625 7.822327583850014e-14 7.43504514682733e-15
1296.4288330078125 7.545471138094978e-14 7.316203036195762e-15
1298.105224609375 7.330528057399727e-14 7.216540292588874e-15
1299.7816162109375 6.347598499340662e-14 6.884577492648073e-15
1301.4580078125 4.671246435451401e-14 6.0808457166903595e-15
1303.1343994140625 4.598615393103418e-14 6.002907250598176e-15
1304.810791015625 6.53717192682611e-14 6.9161929974043395e-15
1306.4871826171875 8.26921674581052e-14 7.744753426628444e-15
1308.16357421875 7.863515069130023e-14 7.594119628387581e-15
1309.8399658203125 8.409217061838142e-14 7.78679336586657e-15
1311.516357421875 7.996747930722262e-14 7.504023274886983e-15
1313.1927490234375 7.793883539854857e-14 7.321391112997695e-15
1314.869140625 7.908193685405435e-14 8.13205415956279e-15
1316.5455322265625 7.923691000208399e-14 7.379656815373423e-15
1318.221923828125 7.21863907082558e-14 7.0828230128541e-15
1319.898193359375 7.702866122727414e-14 7.61890465945719e-15
1321.57470703125 8.029488125825893e-14 7.532003314233635e-15
1323.2509765625 6.813991103131467e-14 6.962583721376037e-15
1324.927490234375 8.13532726427757e-14 7.470651870831058e-15
1326.603759765625 8.631174930589375e-14 7.796136986307732e-15
1328.2801513671875 8.931635135265778e-14 8.00827977607936e-15
1329.95654296875 6.798412473165566e-14 7.20540180933248e-15
1331.6329345703125 8.136115343731695e-14 7.398997118658081e-15
1333.309326171875 6.773062471120139e-14 6.8735173599393e-15
1334.9857177734375 5.0662382275468154e-14 6.1292879544603066e-15
1336.662109375 5.659467238925374e-14 6.107178276954601e-15
1338.3385009765625 7.412644852317421e-14 7.034515029806293e-15
1340.014892578125 8.349686908678752e-14 7.654624038842903e-15
1341.6912841796875 7.660780104896958e-14 7.361534545466918e-15
1343.36767578125 9.191017630132137e-14 8.037670972316138e-15
1345.0440673828125 8.825615070576567e-14 7.772507308178179e-15
1346.720458984375 8.229634557372148e-14 7.452590587296755e-15
1348.3968505859375 8.099426619841144e-14 1.1272984465121507e-14
1350.0732421875 7.191601101522865e-14 7.052379801696833e-15
1351.7496337890625 8.013677747645623e-14 7.59902818431692e-15
1353.426025390625 7.859651921264185e-14 7.58201806867016e-15
1355.1024169921875 8.753078557105498e-14 7.643212810977493e-15
1356.77880859375 9.122808438582e-14 7.907070350310786e-15
1358.4552001953125 7.89405365619715e-14 7.366129699205772e-15
1360.131591796875 8.517747732183015e-14 7.664774034649852e-15
1361.807861328125 9.62871479054904e-14 8.070281740785428e-15
1363.484375 1.0179429863052189e-13 8.445548676638132e-15
1365.16064453125 1.0125163511440216e-13 8.800717214718385e-15
1366.837158203125 9.17360534324202e-14 8.46047085606991e-15
1368.513427734375 8.926609858196308e-14 7.912053445139483e-15
1370.1898193359375 9.242366122647408e-14 8.102863710134512e-15
1371.8662109375 9.283126025695643e-14 8.052371229115736e-15
1373.5426025390625 9.548871432061776e-14 9.603910277721645e-15
1375.218994140625 9.367996016505092e-14 8.119028486899913e-15
1376.8953857421875 9.117250547195296e-14 8.055084275645791e-15
1378.57177734375 1.0108029051356798e-13 8.436196585867497e-15
1380.2481689453125 1.1045787358778328e-13 8.819945709654005e-15
1381.924560546875 1.0361569729392534e-13 8.688558194040654e-15
1383.6009521484375 9.598267683040215e-14 8.36428857084329e-15
1385.27734375 1.0096540574086599e-13 1.0830876465335072e-14
1386.9537353515625 1.0177795428277167e-13 8.408632439697947e-15
1388.630126953125 1.0173217384603847e-13 8.431930080912177e-15
1390.3065185546875 1.0491404972426746e-13 8.774899650486074e-15
1391.98291015625 9.487176262689204e-14 1.0360865506200186e-14
1393.6593017578125 8.900826175281887e-14 1.029348318821316e-14
1395.335693359375 9.498445189019475e-14 8.244087819364327e-15
1397.0120849609375 8.767035627197176e-14 8.03532892621698e-15
1398.6884765625 8.837412545465925e-14 8.103838645056802e-15
1400.3648681640625 8.164192791867281e-14 8.600653114774603e-15
1402.041259765625 8.926028454781312e-14 8.343050913756783e-15
1403.717529296875 1.0534562995155247e-13 8.804983719673705e-15
1405.39404296875 1.0692636961398203e-13 9.071810956520071e-15
1407.0703125 1.0901003678290971e-13 9.168692890961123e-15
1408.746826171875 1.2153141991030902e-13 9.683887128601396e-15
1410.423095703125 1.2228378845537818e-13 9.737015576152027e-15
1412.0994873046875 1.1654349360568084e-13 9.575156050261203e-15
1413.77587890625 1.1419016502766527e-13 9.447166830832236e-15
1415.4522705078125 1.3573671808937704e-13 1.0180429700743128e-14
1417.128662109375 1.1628138773048247e-13 9.4168532157159e-15
1418.8050537109375 1.1836526496358107e-13 9.525043887035744e-15
1420.4814453125 1.0743122157933632e-13 9.324995033685012e-15
1422.1578369140625 1.176708334721041e-13 9.701217422702219e-15
1423.834228515625 1.1059375122505002e-13 1.0051397783756091e-14
1425.5106201171875 1.1689440919133293e-13 9.55847373636503e-15
1427.18701171875 1.0343281949248134e-13 9.804413140732104e-15
1428.8634033203125 1.1409006606209054e-13 9.587201705804106e-15
1430.539794921875 1.2282372113727597e-13 9.883548040862285e-15
1432.2161865234375 1.2517817457504549e-13 9.933545007606917e-15
1433.892578125 1.143538117930748e-13 1.0674545523490977e-14
1435.5689697265625 1.1719157545428405e-13 9.711069262911733e-15
1437.245361328125 1.1157329400657279e-13 1.0255641991294574e-14
1438.9217529296875 1.306104204824854e-13 1.289793162410121e-14
1440.59814453125 9.785363708561534e-14 1.597999144575986e-14
1442.2745361328125 1.2018695500631837e-13 1.0268728650329653e-14
1443.950927734375 1.2592846958345977e-13 1.0090343511637897e-14
1445.627197265625 1.4387762628433748e-13 1.0920706003457285e-14
1447.3037109375 1.057599307067135e-13 9.15467618974996e-15
1448.97998046875 1.1967120003286702e-13 9.717330530457837e-15
1450.656494140625 1.1827168476356842e-13 1.0291737453308868e-14
1452.332763671875 1.0634036511601719e-13 1.464114067614361e-14
1454.0091552734375 1.050472778424752e-13 9.080400717638177e-15
1455.685546875 1.0406189392174817e-13 9.134707388018439e-15
1457.3619384765625 1.1986425578220522e-13 9.766344938983654e-15
1459.038330078125 1.0427390288031413e-13 8.983822868025189e-15
1460.7147216796875 1.0253550666947803e-13 1.2306307909564287e-14
1462.39111328125 1.1304861533651886e-13 9.388412390445942e-15
1464.0675048828125 1.2149076232884082e-13 9.755867141426119e-15
1465.743896484375 9.807957126583416e-14 8.750728718303225e-15
1467.4202880859375 1.1341971063510634e-13 9.444957768905797e-15
1469.0966796875 1.1934721331867404e-13 9.716859580139164e-15
1470.7730712890625 1.0071187861535741e-13 9.015839019365507e-15
1472.449462890625 1.0220145042760809e-13 9.17120180255089e-15
1474.1258544921875 9.863089484680662e-14 8.985444089086234e-15
1475.80224609375 1.0863825708170086e-13 9.41619591814883e-15
1477.4786376953125 9.373493599145952e-14 8.744466603724174e-15
1479.155029296875 9.135442782023245e-14 8.70576736243002e-15
1480.8314208984375 1.190112461704751e-13 9.836690178220177e-15
1482.5078125 1.0959123013373415e-13 9.5308418275597e-15
1484.1842041015625 1.0752856938189836e-13 9.29030225823137e-15
1485.860595703125 1.0573774521975901e-13 9.155008226665283e-15
1487.536865234375 9.952870233705113e-14 8.90853434450849e-15
1489.21337890625 9.958718149172957e-14 8.747408349149988e-15
1490.8896484375 1.0125796414458405e-13 8.980161144594209e-15
1492.566162109375 1.1742501773454733e-13 1.3225417431399298e-14
1494.242431640625 1.2163380925297312e-13 1.0247732397633113e-14
1495.9188232421875 1.0021118727584002e-13 8.979200609232022e-15
1497.59521484375 1.16127037998702e-13 9.530590258774365e-15
1499.2716064453125 9.902984058869982e-14 8.966230840743664e-15
1500.947998046875 1.2646951357258435e-13 1.0076979025796119e-14
1502.6243896484375 1.0979879386339292e-13 1.007322412874094e-14
1504.30078125 1.1067980299622748e-13 1.0834331512726923e-14
1505.9771728515625 1.0565344850084826e-13 1.0449079752491985e-14
1507.653564453125 1.2897307191412494e-13 9.980576512003212e-15
1509.3299560546875 1.0081232994663819e-13 8.807030998307219e-15
1511.00634765625 1.1573924598665825e-13 9.846818998203444e-15
1512.6827392578125 1.1948673658574577e-13 9.666310347912922e-15
1514.359130859375 9.462461874167397e-14 9.455786238103496e-15
1516.0355224609375 1.0790045072706089e-13 9.242777780659774e-15
1517.7119140625 1.1148413193041301e-13 9.51547241473177e-15
1519.3883056640625 9.960891296902433e-14 9.073849764824112e-15
1521.064697265625 1.2671489562927213e-13 1.0315269722649487e-14
1522.7410888671875 1.1958709304933646e-13 9.83997751308847e-15
1524.41748046875 1.150399626904594e-13 9.738237844694915e-15
1526.0938720703125 6.831427106944107e-14 7.573041213495158e-15
1527.770263671875 7.683717079482247e-14 8.01050408459885e-15
1529.446533203125 8.998063524747607e-14 8.698777646549277e-15
1531.123046875 1.1028308664505146e-13 9.419441748402708e-15
1532.79931640625 1.0009234516520846e-13 9.528859770463124e-15
1534.475830078125 1.2784082603287117e-13 1.0188205463198922e-14
1536.152099609375 1.159138025364284e-13 9.580998036498416e-15
1537.8284912109375 9.758049945331193e-14 8.770611122674125e-15
1539.5048828125 1.3401650936998438e-13 1.0276462061138084e-14
1541.1812744140625 1.255235336245636e-13 9.917547096332125e-15
1542.857666015625 1.1477178528309512e-13 9.428684571923147e-15
1544.5340576171875 8.826532576665033e-14 8.964158151121733e-15
1546.21044921875 1.1413245836703473e-13 1.210584146897056e-14
1547.8868408203125 1.0770427112021322e-13 9.156006031477149e-15
1549.563232421875 1.2836792447155215e-13 1.1396947736952174e-14
1551.2396240234375 1.1547291172298718e-13 9.47987246699162e-15
1552.916015625 1.0363559918005402e-13 9.86675815378181e-15
1554.5924072265625 1.3080949355388088e-13 1.2486324433712455e-14
1556.268798828125 1.2827095613975048e-13 9.830885461432643e-15
1557.9451904296875 1.0376502581439448e-13 8.891482724247314e-15
1559.62158203125 1.0755939460491484e-13 9.042944920710592e-15
1561.2979736328125 1.0183780901895645e-13 8.798738545753599e-15
1562.974365234375 1.080010172548225e-13 9.008772223486564e-15
1564.650634765625 1.3460769770958642e-13 1.5088455387456817e-14
1566.3271484375 1.232908360907642e-13 9.856143983919766e-15
1568.00341796875 1.0926580007539904e-13 8.936896395714353e-15
1569.679931640625 1.1157408005314784e-13 8.96653153743994e-15
1571.356201171875 1.0752484921319402e-13 1.0650615995698096e-14
1573.03271484375 1.1572206138222435e-13 1.459704752904134e-14
1574.708984375 1.2395058666524877e-13 1.4454441062041606e-14
1576.385498046875 1.2884498697997293e-13 9.78048784810396e-15
1578.061767578125 1.2733322968076777e-13 9.969231352707688e-15
1579.73828125 1.3049691806755331e-13 9.614972528012786e-15
1581.41455078125 9.289934815338852e-14 8.211080639475721e-15
1583.091064453125 1.1709636895101266e-13 1.6322206308977752e-14
1584.767333984375 1.3881774961303772e-13 1.079224752777554e-14
1586.4437255859375 1.005258905089311e-13 8.439129860963838e-15
1588.1201171875 1.160286873091304e-13 9.020357093106161e-15
1589.7965087890625 1.3016977361453297e-13 1.2851291448926546e-14
1591.472900390625 1.2209176269810385e-13 9.787565655411216e-15
1593.1492919921875 1.2591488995124939e-13 9.849498163415609e-15
1594.82568359375 1.280980665508205e-13 1.1451969303139919e-14
1596.5020751953125 1.1588831023284785e-13 9.02876728323945e-15
1598.178466796875 1.2938410651024135e-13 9.271093245053538e-15
1599.8548583984375 1.3875623469227633e-13 9.691592587322568e-15
1601.53125 1.1852393795152433e-13 9.584912175747678e-15
1603.2076416015625 1.5532478189923815e-13 1.0148170450946948e-14
1604.884033203125 1.3745397235784967e-13 9.524433176280774e-15
1606.560302734375 1.0985882478243073e-13 8.619304780273142e-15
1608.23681640625 1.0015059392692524e-13 1.0114286591957934e-14
1609.9130859375 1.0314040339029842e-13 8.270786297861783e-15
1611.589599609375 9.667301545867799e-14 1.0741600039727416e-14
1613.265869140625 1.2151975118442765e-13 8.892522880706542e-15
1614.9423828125 1.2200711361348704e-13 8.859792680591689e-15
1616.61865234375 1.3265876298938079e-13 9.251351448151882e-15
1618.295166015625 1.2235049399404035e-13 8.921935252767e-15
1619.971435546875 1.1761757204038076e-13 9.505619727489308e-15
1621.64794921875 1.2536578220846695e-13 9.18603419649026e-15
1623.32421875 1.373201682572378e-13 9.257318795265288e-15
1625.000732421875 1.1145574616228462e-13 8.192542476392114e-15
1626.677001953125 1.2793624937657705e-13 8.733977794738324e-15
1628.3533935546875 1.0857023694790455e-13 8.538110743048187e-15
1630.02978515625 1.205988163065913e-13 8.703997063570258e-15
1631.7061767578125 1.4606362180955706e-13 1.0004594978255555e-14
1633.382568359375 1.4621145277577546e-13 9.46820797627498e-15
1635.0589599609375 1.4345207693163692e-13 9.368872187385732e-15
1636.7353515625 1.2826174042128435e-13 8.734659656260864e-15
1638.4117431640625 1.6412778525588118e-13 1.2803214705873339e-14
1640.088134765625 1.6964367736092834e-13 1.599399967664155e-14
1641.7645263671875 1.226928172774755e-13 8.4864493565622e-15
1643.44091796875 1.0849638245116755e-13 7.958148131096115e-15
1645.1173095703125 1.2755676506367997e-13 8.638048772362933e-15
1646.793701171875 1.3893805539660214e-13 8.92847265305391e-15
1648.469970703125 1.3709285171924906e-13 8.805431800102802e-15
1650.146484375 1.3083537888074898e-13 8.584857644374205e-15
1651.82275390625 1.0089277097157304e-13 7.517302210401089e-15
1653.499267578125 1.2860817012044778e-13 8.461376334290525e-15
1655.175537109375 1.16755997231488e-13 1.0274176766246392e-14
1656.85205078125 1.0320122035591128e-13 7.556105636747756e-15
1658.5283203125 1.1491995506249242e-13 8.316577746023297e-15
1660.204833984375 1.15182860536793e-13 7.91480630221806e-15
1661.881103515625 1.160319263631207e-13 7.776399424570812e-15
1663.5576171875 1.1127888568289793e-13 7.588083671605447e-15
1665.23388671875 1.2755316009145645e-13 1.2649512954297521e-14
1666.910400390625 1.2177098793284685e-13 8.081059388006292e-15
1668.586669921875 1.0752434099342567e-13 7.475554497529766e-15
1670.2630615234375 9.329155828928515e-14 6.919174129862201e-15
1671.939453125 1.1137038556999213e-13 7.565306955653779e-15
1673.6158447265625 1.284534273653798e-13 1.4449079343485487e-14
1675.292236328125 1.230149472954481e-13 7.793878796470352e-15
1676.9686279296875 1.4340992857218154e-13 8.321836126559852e-15
1678.64501953125 1.2194216990335516e-13 8.816105262271154e-15
1680.3214111328125 1.2723857883110978e-13 7.740977353749585e-15
1681.997802734375 1.5483865275014996e-13 8.505757472594862e-15
1683.6741943359375 1.4057300516765597e-13 8.072846556549714e-15
1685.3505859375 1.3055776891448406e-13 7.832554320841983e-15
1687.0269775390625 1.2193634231667805e-13 8.617140611092908e-15
1688.703369140625 1.505120355606293e-13 8.436222843888862e-15
1690.379638671875 1.3984299829239433e-13 7.999140290578487e-15
1692.05615234375 1.233138482818752e-13 7.470164826886387e-15
1693.732421875 1.3254397308436888e-13 7.691510629629934e-15
1695.408935546875 1.3557198712179502e-13 7.944329635594608e-15
1697.085205078125 1.3444834709528536e-13 1.3157118623763342e-14
1698.76171875 1.457532689376831e-13 7.927471985878353e-15
1700.43798828125 1.375354094935305e-13 8.779535461806397e-15
1702.114501953125 1.4493220263245982e-13 7.801426707063335e-15
1703.790771484375 1.4365872586571266e-13 9.540270998328534e-15
1705.46728515625 1.4587041698242015e-13 7.79644615333348e-15
1707.1435546875 1.3170053155681094e-13 7.363271810041736e-15
1708.820068359375 1.3774944455490629e-13 7.52630701766335e-15
1710.496337890625 1.3556229706487843e-13 7.470815348189878e-15
1712.1727294921875 1.349631804968901e-13 7.42909389333992e-15
1713.84912109375 1.3343307307591562e-13 7.358888414539695e-15
1715.5255126953125 1.4884815114409727e-13 7.776525632479953e-15
1717.201904296875 1.708469113794256e-13 8.330683385693923e-15
1718.8782958984375 1.524850124640098e-13 8.183583408909005e-15
1720.5546875 1.4985362668633317e-13 7.504761040584042e-15
1722.2310791015625 1.6351957494217112e-13 7.709254275809017e-15
1723.907470703125 1.47776647689557e-13 7.356321904709515e-15
1725.5838623046875 1.45356328969809e-13 7.396110430373838e-15
1727.26025390625 1.2585940590507244e-13 6.851883714949951e-15
1728.9366455078125 1.4968642915880875e-13 7.370183598891331e-15
1730.613037109375 1.4889470407487837e-13 7.354559229146278e-15
1732.289306640625 1.48095511548485e-13 7.334109312700718e-15
1733.9658203125 1.6723060924320882e-13 1.0348601316156891e-14
1735.64208984375 1.6899848220060937e-13 7.661136028141394e-15
1737.318603515625 1.716499528235313e-13 7.662345591190074e-15
1738.994873046875 1.621557299243473e-13 8.175318061409698e-15
1740.67138671875 1.4703676102199859e-13 7.209629350772226e-15
1742.34765625 1.5692933335188092e-13 7.138265977933104e-15
1744.024169921875 1.353723990543676e-13 6.6474425722512324e-15
1745.700439453125 1.455394507167418e-13 7.632964559348664e-15
1747.376953125 1.4829176569423203e-13 6.961739229527624e-15
1749.05322265625 1.4937056040838226e-13 6.938634288308895e-15
1750.729736328125 1.6470516357031117e-13 7.093948790616285e-15
1752.406005859375 1.7966322331773588e-13 7.325148551151715e-15
1754.0823974609375 1.3957852072494364e-13 6.55027222309164e-15
1755.7587890625 1.3285581673423003e-13 6.474181135857418e-15
1757.4351806640625 1.471819356928944e-13 6.7146021205731314e-15
1759.111572265625 1.4226284267369188e-13 6.598455268779727e-15
1760.7879638671875 1.5241935046993865e-13 6.7400334377814945e-15
1762.46435546875 1.5312062598762943e-13 6.690507844872009e-15
1764.1407470703125 1.3753099136967761e-13 6.4602478673915584e-15
1765.817138671875 1.429851788185832e-13 6.456503558248221e-15
1767.4935302734375 1.3838644043629583e-13 6.5224429556096e-15
1769.169921875 1.5164573156228878e-13 6.537049191752053e-15
1770.8463134765625 1.4815068388653735e-13 6.390621759127255e-15
1772.522705078125 1.2810770239762848e-13 6.264617561410179e-15
1774.198974609375 1.3618920986606387e-13 6.135712275848757e-15
1775.87548828125 1.4952369041271868e-13 6.373670088753855e-15
1777.5517578125 1.3406887633491543e-13 6.0893694092385795e-15
1779.228271484375 1.4810297899094799e-13 6.307264823271486e-15
1780.904541015625 1.5136535688048403e-13 6.317645635556561e-15
1782.5810546875 1.2999993334421311e-13 6.13992075904719e-15
1784.25732421875 1.500352576552788e-13 6.237609068854028e-15
1785.933837890625 1.370758704027225e-13 5.9221346122644795e-15
1787.610107421875 1.4153204975185518e-13 6.076686361402867e-15
1789.28662109375 1.3321201780547298e-13 8.249939969996907e-15
1790.962890625 1.345841027598077e-13 6.085202854171036e-15
1792.639404296875 1.3722574780054148e-13 6.766163133654869e-15
1794.315673828125 1.321320033638787e-13 6.624382523778708e-15
1795.9920654296875 1.3573052458446672e-13 9.605938074597371e-15
1797.66845703125 1.438649411189194e-13 5.9404690639242724e-15
1799.3448486328125 1.4471315313603628e-13 5.9382392496906255e-15
1801.021240234375 1.4154649674580355e-13 5.829074066964965e-15
1802.6976318359375 1.4821793152628576e-13 5.8915643461651245e-15
1804.3740234375 1.2937390145729283e-13 5.603384679267898e-15
1806.0504150390625 1.266345426957638e-13 5.587570150626187e-15
1807.726806640625 1.3162793066883588e-13 5.638237543948571e-15
1809.4031982421875 1.3186398858684029e-13 5.618317023095044e-15
1811.07958984375 1.377539168888678e-13 5.782170464543705e-15
1812.7559814453125 1.303125630406493e-13 5.555121165449822e-15
1814.432373046875 1.283121964798864e-13 5.512097820959934e-15
1816.108642578125 1.291739474716322e-13 5.476837956948106e-15
1817.78515625 1.3907455645011807e-13 5.610310867677597e-15
1819.46142578125 1.4038183321959247e-13 5.614937785151973e-15
1821.137939453125 1.3576104487562218e-13 5.560529470818041e-15
1822.814208984375 1.3249346281565821e-13 5.480003319071995e-15
1824.49072265625 1.320659890041015e-13 5.4629474636460826e-15
1826.1669921875 1.2327291964986387e-13 5.337944458872661e-15
1827.843505859375 1.3273242097447402e-13 5.4958508819986495e-15
1829.519775390625 1.381010648719705e-13 5.5728347419592775e-15
1831.1962890625 1.3832423433664948e-13 5.4821281012201826e-15
1832.87255859375 1.4055079257564718e-13 5.491086321670344e-15
1834.549072265625 1.490854694471272e-13 5.579823610807073e-15
1836.225341796875 1.3936006753971497e-13 5.397487063416376e-15
1837.9017333984375 1.3421009366788167e-13 5.31731581847523e-15
1839.578125 1.3979396524914367e-13 5.378330989797746e-15
1841.2545166015625 1.3420112189490435e-13 5.3425408831609365e-15
1842.930908203125 1.4235209961754175e-13 5.438519880480216e-15
1844.6072998046875 1.3857193387548095e-13 5.377620752671473e-15
1846.28369140625 1.3269211575871187e-13 5.20734976609794e-15
1847.9600830078125 1.4089844200225465e-13 5.309399448550191e-15
1849.636474609375 1.3664981960651718e-13 5.2524648584510725e-15
1851.3128662109375 1.3836250667333821e-13 5.340652423205033e-15
1852.9892578125 1.4191611481893102e-13 5.3655416393271534e-15
1854.6656494140625 1.2678340365404606e-13 5.163098223834534e-15
1856.342041015625 1.3176871432093312e-13 5.222357919373866e-15
1858.018310546875 1.368396905119737e-13 6.536938230435963e-15
1859.69482421875 1.3905346871786323e-13 5.3072852543138444e-15
1861.37109375 1.4263591664124414e-13 5.317460237592737e-15
1863.047607421875 1.4292173943896563e-13 5.311929959480113e-15
1864.723876953125 1.4507829887520224e-13 5.331794999675595e-15
1866.400390625 1.4561386764335577e-13 5.361843493479441e-15
1868.07666015625 1.383463791660225e-13 5.266482406695184e-15
1869.753173828125 1.4460017926966329e-13 5.3339274051203076e-15
1871.429443359375 1.426005174403125e-13 5.3460281178047825e-15
1873.10595703125 1.2934240538418212e-13 5.165461869273847e-15
1874.7822265625 1.3857567437297602e-13 5.2842878862794165e-15
1876.458740234375 1.3793970848365034e-13 5.232076351894188e-15
1878.135009765625 1.3565894013602836e-13 5.2141988745094386e-15
1879.8114013671875 1.4251425560496411e-13 5.289724990767842e-15
1881.48779296875 1.3933332840363605e-13 5.233456592081739e-15
1883.1641845703125 1.4118707017309745e-13 5.257466588004609e-15
1884.840576171875 1.400203602152858e-13 5.237462634405778e-15
1886.5169677734375 1.455843366866827e-13 5.308090782646683e-15
1888.193359375 1.498593594053202e-13 5.352668009078309e-15
1889.8697509765625 1.4350136747290354e-13 5.2810937250353206e-15
1891.546142578125 1.4568744431328606e-13 5.2907329599750745e-15
1893.2225341796875 1.5470396773527295e-13 5.388634722084621e-15
1894.89892578125 1.5406502028997293e-13 5.377868086292072e-15
1896.5753173828125 1.543444056372953e-13 5.385752692481588e-15
1898.251708984375 1.5043802520983002e-13 5.346261898898225e-15
1899.927978515625 1.5252458584330553e-13 5.369464248905888e-15
1901.6044921875 1.4402212332887548e-13 5.263422076656754e-15
1903.28076171875 1.4642040563946773e-13 5.282984302573592e-15
1904.957275390625 1.5114690369525535e-13 5.342250774376502e-15
1906.633544921875 1.4924209600346988e-13 5.286140347335062e-15
1908.31005859375 1.461015282280126e-13 5.231098028840109e-15
1909.986328125 1.4177066909749209e-13 5.173553575018967e-15
1911.662841796875 1.4588189597292134e-13 5.271204615376127e-15
1913.339111328125 1.5531864260443645e-13 5.369734452416062e-15
1915.015625 1.3756363940759658e-13 5.18963449552259e-15
1916.69189453125 1.3392951569816958e-13 5.128615936068285e-15
1918.368408203125 1.4083427078617067e-13 5.397525603415476e-15
1920.044677734375 1.3804097296656048e-13 5.347335936675343e-15
1921.7210693359375 1.3750301895362749e-13 5.334846012351605e-15
1923.3974609375 1.4785326012557026e-13 6.31549713648585e-15
1925.0738525390625 1.5639469970810116e-13 6.319391370460852e-15
1926.750244140625 1.6490957633740616e-13 6.048014296138309e-15
1928.4266357421875 1.538381645379075e-13 8.876420784379238e-15
1930.10302734375 1.531121556581569e-13 5.22602599555195e-15
1931.7794189453125 1.5884297729137214e-13 5.265913624071103e-15
1933.455810546875 1.502271749923359e-13 5.158978255579089e-15
1935.1322021484375 1.5144253852263784e-13 5.197939230053945e-15
1936.80859375 1.4572381929617295e-13 5.103284145231224e-15
1938.4849853515625 1.4213486615975712e-13 5.041009012399667e-15
1940.161376953125 1.4459809218048125e-13 5.065361209633228e-15
1941.837646484375 1.4894872444812246e-13 5.093648298423259e-15
1943.51416015625 1.5552610469014155e-13 5.160766342130743e-15
1945.1904296875 1.5243860861102743e-13 5.069392662945685e-15
1946.866943359375 1.51626039740331e-13 5.04153247876107e-15
1948.543212890625 1.518813557994242e-13 5.014933526634917e-15
1950.2197265625 1.4794453639596639e-13 4.996728671016054e-15
1951.89599609375 1.474787360376123e-13 4.9599026430847525e-15
1953.572509765625 1.610332418626459e-13 5.111895929205959e-15
1955.248779296875 1.6046597373347432e-13 5.075345610498988e-15
1956.92529296875 1.5846044365986495e-13 5.0349446800138e-15
1958.6015625 1.5954662450131524e-13 5.028181968962922e-15
1960.278076171875 1.5274421809839678e-13 4.877565111381004e-15
1961.954345703125 1.491666626373192e-13 4.818455340673336e-15
1963.6307373046875 1.484068130972599e-13 4.794624068702336e-15
1965.30712890625 1.5449628880913335e-13 4.899948380528672e-15
1966.9835205078125 1.497160956407534e-13 4.8310723199391625e-15
1968.659912109375 1.483572650579773e-13 4.805605427347015e-15
1970.3363037109375 1.5084942572417964e-13 4.795540981867739e-15
1972.0126953125 1.4624720434241317e-13 4.741339343572936e-15
1973.6890869140625 1.4550177469124792e-13 4.961031314486969e-15
1975.365478515625 1.388252848181365e-13 4.647818859383063e-15
1977.0418701171875 1.3395302933278536e-13 4.580816859189353e-15
1978.71826171875 1.3218572558152536e-13 4.555571042196439e-15
