wavelength flux error
1972.5744419247 -5.4595777055543695e-15 7.33507214650456e-15
1972.7674993763055 -5.583064552582381e-15 7.619136797903622e-15
1972.9605577692666 -9.363144838902028e-15 7.25057694256188e-15
1973.1536171035837 4.064258044030961e-15 7.903360771162184e-15
1973.3466773792568 3.3720850894768567e-15 8.185385168340418e-15
1973.5397385962856 -7.40784577006723e-17 7.87240037493594e-15
1973.7328007546698 -4.437555145917305e-16 7.785652667477632e-15
1973.9258638544102 -2.7607858291282156e-15 7.625364078539836e-15
1974.1189278955062 -1.9740421578451034e-15 7.815867649444815e-15
1974.3119928779581 -8.111718829628078e-15 7.53471261273817e-15
1974.505058801766 3.8659359473766255e-15 8.008843244610425e-15
1974.6981256669294 -2.366403146707269e-15 7.904274578101807e-15
1974.8911934734488 8.958213847822597e-15 8.08185925992666e-15
1975.0842622213238 -2.9829104017549987e-15 7.768219957618008e-15
1975.2773319105547 2.249963322510187e-16 7.973718634242454e-15
1975.4704025411415 1.56167093372802e-15 8.13081214331672e-15
1975.6634741130842 4.740828357094844e-16 8.019551038164727e-15
1975.8565466263826 1.0041820194373169e-15 8.037148931318176e-15
1976.049620081037 6.846606112703295e-15 8.250952949846183e-15
1976.2426944770468 -2.965138303652267e-16 8.002753368938834e-15
1976.4357698144127 6.723044007487364e-15 8.139226962585502e-15
1976.6288460931341 5.517980955530615e-15 7.926920998840918e-15
1976.8219233132115 1.3914081313872526e-14 8.468272150028594e-15
1977.0150014746448 4.406513602279632e-15 8.225647067972566e-15
1977.208080577434 -4.511298419781404e-15 7.651337157561763e-15
1977.4011606215788 -2.0367343270072292e-15 7.864104246307484e-15
1977.5942416070795 -3.600491428165664e-15 7.734208573235084e-15
1977.7873235339362 3.3416387801797087e-15 8.037887471682306e-15
1977.9804064021482 1.4066475463769473e-14 8.559218709671645e-15
1978.1734902117164 -1.140110786598522e-14 7.536888375732168e-15
1978.3665749626402 -7.211396024628505e-15 7.599939318163082e-15
1978.55966065492 4.136996829683627e-15 7.904162548254229e-15
1978.7527472885556 7.415240837131531e-15 8.390113478053323e-15
1978.945834863547 2.7809624027528766e-15 7.99647792457162e-15
1979.1389233798939 -1.1076142729830111e-14 7.664062281806488e-15
1979.332012837597 -7.472647984973363e-15 7.52318181400944e-15
1979.5251032366557 -2.179797019947011e-15 7.88967831348008e-15
1979.7181945770703 1.0216620802383318e-14 8.370439903067976e-15
1979.9112868588406 6.3178675954698454e-15 8.239161352220065e-15
1980.1043800819668 7.286965072418574e-15 8.0827940793966e-15
1980.2974742464487 -3.902599060281192e-15 7.58884074842355e-15
1980.4905693522867 5.131644981477638e-15 8.170956873886067e-15
1980.6836653994803 -3.98007360684157e-15 7.667062311085732e-15
1980.8767623880296 -1.3621652811240277e-14 7.434988289373265e-15
1981.0698603179349 -1.1153144164993114e-14 7.736252193830942e-15
1981.262959189196 -5.590543720796678e-15 7.619222302103955e-15
1981.456059001813 -1.2961263931986008e-14 7.465593765230976e-15
1981.6491597557854 2.820762747869853e-15 8.20662491511283e-15
1981.842261451114 -1.3647961604059292e-15 7.982088634184299e-15
1982.0353640877984 -6.711554597549361e-15 7.915620641297132e-15
1982.2284676658383 -4.28546248883488e-15 7.975637486250305e-15
1982.4215721852343 4.652000702729704e-15 8.336419491299249e-15
1982.6146776459861 -5.137640942438212e-15 7.975703936306359e-15
1982.8077840480935 8.319717453624588e-16 7.976814611919996e-15
1983.0008913915567 4.799961327546881e-15 8.305799337295985e-15
1983.1939996763758 -1.1279881656268135e-14 7.557576141032954e-15
1983.3871089025508 1.7650581413391806e-15 8.13311884819961e-15
1983.5802190700815 -1.858741594831991e-15 8.012173075567666e-15
1983.7733301789683 1.7807139146823058e-16 7.976689353338375e-15
1983.9664422292105 -3.4207256802662657e-17 7.95271673869039e-15
1984.1595552208087 4.418833977078468e-15 7.988351435654812e-15
1984.3526691537627 2.6479663226416914e-16 8.014515066918793e-15
1984.5457840280726 -6.772472122725725e-15 7.881957706848991e-15
1984.7388998437382 -5.554049402537377e-15 8.123366930407267e-15
1984.9320166007597 6.141776616303289e-15 8.478147845568122e-15
1985.1251342991368 -7.322696959222431e-16 7.941093255267091e-15
1985.3182529388698 3.697860842673554e-15 8.218480468748896e-15
1985.5113725199585 -6.4670670504407975e-15 8.17498299054225e-15
1985.7044930424033 -1.0779287881265512e-15 8.017222070254824e-15
1985.8976145062038 1.147771843271551e-14 8.421093287066113e-15
1986.0907369113602 5.837061561143253e-15 8.240067627276624e-15
1986.2838602578722 1.3040068339096233e-14 8.356287727224912e-15
1986.47698454574 5.934221320201035e-15 8.340616915358237e-15
1986.6701097749637 -1.4340995584922775e-14 7.461969787303925e-15
1986.8632359455432 -1.1979976531279863e-14 7.596708950759763e-15
1987.0563630574786 4.706453560112044e-16 8.15780563853558e-15
1987.2494911107697 -4.751457556272903e-15 8.060437363079324e-15
1987.4426201054166 2.049343924777905e-15 8.333668533442133e-15
1987.6357500414192 -5.73794475645778e-15 7.800278722412773e-15
1987.828880918778 7.38602720101185e-15 8.56692780507658e-15
1988.0220127374923 -1.3556892357541949e-15 8.09729903987362e-15
1988.2151454975626 1.0847995527257947e-15 8.03944043398537e-15
1988.4082791989886 2.3914553307840584e-15 8.152142627984507e-15
1988.6014138417704 -4.540190666089056e-15 8.003148218772537e-15
1988.794549425908 -9.983179318126372e-15 7.782747073485734e-15
1988.9876859514013 1.5066873468204688e-15 8.03428858618512e-15
1989.1808234182504 -7.92543132034352e-15 7.764753836608939e-15
1989.3739618264556 6.009531798463598e-15 8.269930547609976e-15
1989.5671011760164 -4.524459210650477e-15 7.87866641964371e-15
1989.760241466933 -3.956725998055204e-15 8.188917962349791e-15
1989.9533826992056 -5.795596114968209e-16 8.082163230557473e-15
1990.1465248728339 -2.0212762735764542e-15 8.109555976692842e-15
1990.3396679878178 -5.0276482847101006e-15 8.064967274183928e-15
1990.5328120441577 -3.926187606905287e-15 8.00916760558218e-15
1990.7259570418535 -7.188604373148815e-15 7.912841377558535e-15
1990.9191029809049 5.825618108703877e-15 8.50580655395299e-15
1991.1122498613124 1.254885112535682e-15 8.435597792301551e-15
1991.3053976830754 -5.970039607465025e-15 7.943809134272175e-15
1991.4985464461943 3.663140224021055e-15 8.146438210867516e-15
1991.691696150669 5.642646465681427e-15 8.293229632297309e-15
1991.8848467964997 -1.5335466432501583e-15 8.11845685372586e-15
1992.077998383686 2.584495536662056e-15 8.427981052589706e-15
1992.2711509122282 -1.0631096789306936e-15 7.964113867239133e-15
1992.464304382126 5.851167082785778e-15 8.051698758068886e-15
1992.6574587933799 1.3145515996171367e-14 8.690340008574805e-15
1992.8506141459895 -8.516256288620978e-15 7.770434392465774e-15
1993.0437704399549 1.0664759177789293e-15 8.219342296513988e-15
1993.236927675276 3.1315200620904195e-15 8.368842008132362e-15
1993.4300858519532 1.5038799507429846e-15 8.36895727520292e-15
1993.623244969986 -2.301530078440057e-15 8.190494393610916e-15
1993.8164050293747 -6.752790916891441e-15 7.896632167957523e-15
1994.0095660301192 1.2203609174899211e-14 8.804825874242969e-15
1994.2027279722192 3.6487083287361056e-15 8.366234840259634e-15
1994.3958908556756 -5.747588770066595e-17 8.124634385392572e-15
1994.5890546804874 -9.622671601357759e-17 8.375624500353583e-15
1994.782219446655 7.234129159016896e-15 8.646293474015743e-15
1994.9753851541786 -3.703567143080418e-15 7.841848503591343e-15
1995.1685518030579 1.665239549886275e-15 8.550254478841598e-15
1995.3617193932928 6.036484121077092e-15 8.723942160332688e-15
1995.5548879248838 1.4584240171016764e-14 8.808176384916927e-15
1995.7480573978305 -1.2247805274362748e-14 7.771690003786912e-15
1995.941227812133 5.7127541719305805e-15 8.307662229222362e-15
1996.1343991677916 -8.35439394892222e-15 7.925286753298179e-15
1996.3275714648057 3.839230477849195e-15 8.488996523608418e-15
1996.5207447031755 1.4592097425882893e-15 8.140439852501478e-15
1996.7139188829015 -6.5817755894550275e-15 7.998915704404176e-15
1996.907094003983 -1.8928238864410098e-15 7.970410983690747e-15
1997.1002700664203 -4.146675339584131e-15 8.125932710089691e-15
1997.2934470702137 -9.846820447867173e-17 8.125414223842215e-15
1997.4866250153625 1.185000575567569e-15 8.281585495448977e-15
1997.6798039018674 9.11470328897267e-15 8.774398147461329e-15
1997.872983729728 9.825981884863468e-15 8.673539062223071e-15
1998.0661644989445 3.687609009106999e-15 8.347555337538272e-15
1998.259346209517 -4.7014825656882555e-15 8.088140786536524e-15
1998.452528861445 -1.2894824619757958e-14 7.721795679460895e-15
1998.6457124547287 -1.0676781525753532e-14 7.84676599671021e-15
1998.8388969893683 9.255425304500585e-15 8.653320681295442e-15
1999.0320824653638 -5.8249621177970676e-15 7.931587427795887e-15
1999.2252688827152 8.92428511696219e-15 8.668365073970318e-15
1999.4184562414223 1.8541694006074016e-15 8.388531703221579e-15
1999.6116445414852 8.990980876663928e-16 8.491604324966159e-15
1999.8048337829039 2.995398986125021e-15 8.298832384142134e-15
1999.9980239656786 -2.5479692081859627e-15 8.247793893667917e-15
2000.1912150898088 -8.431032207875982e-16 8.177810871254403e-15
2000.3844071552949 -6.8301575589195566e-15 8.062910868799372e-15
2000.577600162137 6.825662453488585e-15 8.573486685590061e-15
2000.7707941103347 1.0485178236235876e-14 8.66103710932745e-15
2000.9639889998884 -3.186698429337299e-15 8.167532196274094e-15
2001.1571848307979 6.822498832340839e-15 8.720641265615446e-15
2001.350381603063 8.963922145805382e-15 8.673465296392167e-15
2001.543579316684 3.627444847831054e-15 8.340175395949093e-15
2001.7367779716608 -5.505907093513277e-15 8.239022306728099e-15
2001.9299775679933 -3.531194061680208e-16 8.329798579684554e-15
2002.1231781056817 -5.407858254446671e-15 8.015349497762923e-15
2002.316379584726 1.431798432311307e-14 8.841178174129213e-15
2002.5095820051263 -2.213734710709144e-15 8.33006595474228e-15
2002.702785366882 -7.554231797281554e-15 7.843721630846923e-15
2002.8959896699937 1.5715051296236617e-15 8.32874249842664e-15
2003.0891949144611 1.319705355504044e-14 8.854393409761814e-15
2003.2824011002845 -8.48520858707675e-15 8.035951471815019e-15
2003.4756082274637 -7.493471805894798e-16 8.286502328945887e-15
2003.6688162959983 -5.608036360698452e-15 8.170588352628849e-15
2003.8620253058891 -9.407587023833758e-15 8.020663552558523e-15
2004.0552352571356 9.108336083849782e-15 8.523114964589647e-15
2004.2484461497381 -1.9497204981675526e-15 8.045710304004287e-15
2004.4416579836964 -1.6228719815417264e-15 8.364195622572784e-15
2004.6348707590103 1.8459546830699957e-15 8.389026418641592e-15
2004.82808447568 -2.4422353264742967e-15 8.450493036638223e-15
2005.0212991337055 -7.686089140731388e-15 7.810297511381204e-15
2005.2145147330868 -4.668195418130706e-15 8.420924450216239e-15
2005.407731273824 -5.865707307967807e-15 8.036656480573531e-15
2005.600948755917 -8.56629567776438e-15 7.964356804807676e-15
2005.794167179366 8.989031546153155e-15 8.84947386290449e-15
2005.9873865441705 9.095792279929058e-16 8.344740444748184e-15
2006.180606850331 -3.3761847626624224e-15 8.224556577845938e-15
2006.3738280978473 -1.7638588887419282e-15 8.274900724613893e-15
2006.5670502867192 -4.875443103436273e-15 8.229774670766733e-15
2006.7602734169473 -4.0782272792668016e-17 8.30041149503986e-15
2006.953497488531 2.3186694831337287e-14 9.032778935652817e-15
2007.1467225014703 5.093219700667183e-15 8.517836395972536e-15
2007.3399484557656 -2.866557396333769e-15 8.566800081831278e-15
2007.5331753514167 -6.98889815184133e-16 8.387480032691483e-15
2007.7264031884235 2.8519477457077807e-15 8.77159671329808e-15
2007.9196319667863 5.912756269772607e-15 8.73760126123234e-15
2008.1128616865049 -1.2479378338059126e-15 8.372059960204542e-15
2008.3060923475791 7.338931831701024e-15 8.920888374596154e-15
2008.4993239500095 -5.54868029897781e-15 8.195385885006054e-15
2008.6925564937953 7.398320070756426e-15 8.773403482304248e-15
2008.885789978937 -2.6469071435236634e-16 8.366055106886644e-15
2009.0790244054347 4.653288972424193e-15 8.651861818863973e-15
2009.272259773288 -6.189894434923875e-15 8.154605232875421e-15
2009.465496082497 -1.866168340575643e-14 7.528054235162327e-15
2009.6587333330622 -2.1681955248683482e-16 8.586254765703685e-15
2009.851971524983 -4.6177176656045365e-15 8.31858732916881e-15
2010.0452106582595 7.307832766402627e-15 8.660713684687439e-15
2010.238450732892 1.101082655675112e-15 8.4455402911506e-15
2010.4316917488802 2.7981625070678687e-15 8.346119294449646e-15
2010.6249337062245 4.523118197600496e-15 8.51729299680718e-15
2010.8181766049242 -1.4735209284109223e-15 8.280224818417477e-15
2011.0114204449799 -1.9053232925776585e-14 7.560913575537525e-15
2011.2046652263914 -6.588262607386766e-15 8.16662432905938e-15
2011.3979109491586 1.480156484350708e-14 9.153194646100755e-15
2011.5911576132817 4.923367028254053e-15 8.768081176498794e-15
2011.7844052187606 4.613112507451286e-15 8.91569209784776e-15
2011.9776537655953 3.950232605035221e-15 8.377155744255004e-15
2012.1709032537858 1.7564713869533665e-14 8.834436405538638e-15
2012.3641536833322 2.1365434059425113e-15 8.706813128422047e-15
2012.5574050542343 1.0432532375772983e-14 8.63002877503399e-15
2012.750657366492 -4.0665720335323414e-15 8.157434705025028e-15
2012.943910620106 -7.157598834383223e-15 8.36871474300651e-15
2013.1371648150755 7.449429410542458e-15 8.790054362241655e-15
2013.330419951401 1.2182626634163248e-15 8.474753543553651e-15
2013.5236760290823 -1.1685655623284108e-14 7.95566901253941e-15
2013.716933048119 4.3042874045680995e-15 8.356711514324227e-15
2013.910191008512 -8.407068896331531e-15 8.216710130402194e-15
2014.1034499102605 1.0289832130541592e-14 8.81995298906753e-15
2014.296709753365 8.18503621084001e-15 8.757592604495376e-15
2014.489970537825 -1.2334314718621799e-14 7.870813311530064e-15
2014.6832322636412 -9.77368161558838e-15 7.665571030065459e-15
2014.8764949308131 8.417050267962883e-15 8.815193690078767e-15
2015.0697585393407 -9.605346465055061e-17 8.514160384970812e-15
2015.2630230892241 3.613743205260883e-15 8.560590205928537e-15
2015.4562885804635 -9.689866543437456e-16 8.633056580329208e-15
2015.6495550130585 1.9011738201534825e-15 8.676944431067411e-15
2015.8428223870096 -3.364042940869832e-15 8.345470719941705e-15
2016.0360907023162 -3.6950565623706355e-15 8.245970891310185e-15
2016.2293599589786 1.4719258180702445e-15 8.679085744192565e-15
2016.422630156997 -9.914880362633878e-15 8.117177467801948e-15
2016.615901296371 6.0508337139126174e-15 8.643860456150729e-15
2016.8091733771012 -1.3755351704527674e-14 8.097813430705317e-15
2017.002446399187 -5.5556300690326324e-15 8.175286455674014e-15
2017.1957203626284 -1.87602893156664e-15 8.727705712659118e-15
2017.3889952674256 -4.232339114388144e-15 8.273981132149201e-15
2017.5822711135788 6.137847765235498e-15 8.583688503987092e-15
2017.7755479010877 5.657315888536454e-15 8.588935526323189e-15
2017.9688256299526 1.2412202729233533e-15 8.795717304629055e-15
2018.1621043001733 -5.000784861244942e-15 8.547190063505046e-15
2018.3553839117496 -6.813928840882664e-15 8.547947338034319e-15
2018.5486644646821 7.271923889470125e-15 8.665885270103033e-15
2018.74194595897 -3.3042402758058965e-15 8.457916778531015e-15
2018.9352283946137 -2.371496154096719e-15 8.414310947344206e-15
2019.1285117716136 -5.94742593775021e-15 8.3752939589781e-15
2019.321796089969 5.7242988777202596e-15 8.887614936539886e-15
2019.5150813496803 -7.409067813446911e-15 8.403937734376354e-15
2019.7083675507474 -6.911700409644293e-15 8.275279495884546e-15
2019.9016546931703 2.309770723763095e-15 8.454323106628966e-15
2020.0949427769488 -8.460361709365463e-15 8.211483059816864e-15
2020.2882318020834 -1.0408785900055969e-15 8.568638123958667e-15
2020.4815217685737 -1.2228929537460255e-14 8.2097259675501e-15
2020.6748126764198 4.262991336633687e-16 8.479654211077475e-15
2020.868104525622 -7.578108085742359e-15 8.422114845966163e-15
2021.0613973161796 -9.567269071022854e-15 8.353386738981804e-15
2021.254691048093 -8.610619319173084e-15 8.440236309371999e-15
2021.4479857213623 3.620039259588196e-15 8.969449535555237e-15
2021.6412813359875 -7.288167665841034e-15 8.232317189745805e-15
2021.8345778919686 6.208641728853674e-15 8.814436517742566e-15
2022.0278753893053 1.7615951944208962e-15 8.564033744706323e-15
2022.221173827998 2.3873123202998375e-15 8.492281867858399e-15
2022.4144732080465 -5.69990986580759e-15 8.508780075540356e-15
2022.6077735294505 3.9163033499450404e-15 8.756423672273991e-15
2022.8010747922106 -3.494096759895647e-15 8.636738772350326e-15
2022.9943769963265 -6.617932345354824e-15 8.525192884944295e-15
2023.1876801417982 9.807196556129548e-15 8.94105927967337e-15
2023.3809842286255 -8.221568482755884e-15 8.410492638231385e-15
2023.574289256809 1.4780102810652696e-15 8.585610004506143e-15
2023.7675952263478 -1.3454380479872718e-14 8.123096841907078e-15
2023.9609021372428 -5.55086982333565e-15 8.338471888482342e-15
2024.1542099894934 -3.932206598138e-15 8.3894334154416e-15
2024.3475187831 -2.3273565694271764e-15 8.540194102114892e-15
2024.5408285180622 2.5615171288339685e-15 8.912667696873493e-15
2024.7341391943805 -4.510806295067168e-15 8.494382768257073e-15
2024.9274508120543 -1.6710882183422522e-15 8.418366556386032e-15
2025.120763371084 -4.481472521699432e-15 8.404670349992794e-15
2025.3140768714698 -1.3398738745709053e-14 8.137769489201125e-15
2025.507391313211 -8.872949339706231e-15 8.383746990497303e-15
2025.700706696308 4.146212105928638e-15 8.676225711099388e-15
2025.894023020761 -8.523831651653412e-15 8.135542221606258e-15
2026.0873402865698 -2.075778830826874e-15 8.34623188732615e-15
2026.2806584937343 2.564713517362045e-15 8.745270557084597e-15
2026.4739776422548 4.088017452136631e-15 8.650658911250402e-15
2026.6672977321311 -5.094291430180322e-15 8.362712644505471e-15
2026.860618763363 -7.226032106035631e-15 8.205980968442061e-15
2027.053940735951 5.988938614329239e-15 8.531309562034783e-15
2027.2472636498946 -6.7658347324616125e-15 8.505829096595891e-15
2027.440587505194 1.9388133420669673e-15 8.46549048776439e-15
2027.6339123018493 5.836656075670182e-15 8.777683131799104e-15
2027.8272380398603 1.1108228682659321e-14 9.011615819948437e-15
2028.0205647192272 -6.147670121172466e-15 8.382388911803382e-15
2028.21389233995 7.684252299472929e-15 8.743853971331401e-15
2028.4072209020283 4.643172387245802e-15 8.992397215256383e-15
2028.6005504054626 1.8857881417155387e-16 8.762361597452872e-15
2028.7938808502527 3.8237366607569135e-15 8.85577061366095e-15
2028.9872122363986 -6.75694560826288e-15 8.271820966590524e-15
2029.1805445639006 -1.2291252241906419e-14 8.183708371343379e-15
2029.3738778327581 -1.749118145100009e-14 7.824730645063845e-15
2029.5672120429713 -5.712011532570826e-15 8.502506046911343e-15
2029.7605471945405 5.4232049753534556e-15 8.526870785048948e-15
2029.9538832874655 -1.6638094426621804e-14 7.91667130449416e-15
2030.147220321746 7.226036427517377e-15 8.744925732264203e-15
2030.3405582973828 -4.805578786922765e-16 8.410240122536772e-15
2030.5338972143752 4.8176947267833e-15 8.846950852318787e-15
2030.7272370727233 -2.4276797424693607e-15 8.715361422503466e-15
2030.9205778724277 6.332401051619762e-16 8.389534294728372e-15
2031.1139196134873 5.773301648987088e-15 8.655799200605618e-15
2031.3072622959028 1.0323476062317398e-14 8.759210547210973e-15
2031.5006059196744 -5.5391099592294495e-15 8.43299785556538e-15
2031.6939504848017 -3.572074157288272e-15 8.182756318622898e-15
2031.8872959912846 5.934913250312441e-15 8.95965287046932e-15
2032.0806424391235 -7.903651354936695e-15 8.39547982523553e-15
2032.2739898283182 -3.235267385837163e-15 8.453448200431687e-15
2032.4673381588686 1.3215215231548224e-14 9.118952717033117e-15
2032.660687430775 -3.496200396459036e-15 8.660515594820816e-15
2032.8540376440371 -1.0433830143403865e-14 8.3390315113463e-15
2033.0473887986552 -1.0936184063390645e-15 8.626310280225935e-15
2033.2407408946287 5.7545460472895066e-15 8.76968820658928e-15
2033.4340939319584 -9.738491782293674e-16 8.546001197444177e-15
2033.6274479106435 9.307315814019823e-16 8.45784726848686e-15
2033.820802830685 1.688120306590036e-14 9.303657795329819e-15
2034.0141586920818 -1.5560300356595478e-15 8.622536991871836e-15
2034.2075154948345 1.441186861504353e-15 8.659744831694407e-15
2034.4008732389432 2.0217410775208702e-14 9.328794023894839e-15
2034.5942319244075 -2.2237287343839783e-15 8.554039230180473e-15
2034.7875915512277 -7.670721656806978e-15 8.311874962318972e-15
2034.9809521194036 1.355504864632051e-14 8.997889017903685e-15
2035.1743136289354 -2.7379987137978743e-15 8.54990828493316e-15
2035.3676760798232 -7.257754651254727e-15 8.428268418401556e-15
2035.5610394720666 -7.124938162650527e-15 8.324824601251052e-15
2035.7544038056658 2.9122204346490004e-15 8.722414207870472e-15
2035.947769080621 -3.750426811119531e-15 8.50746879439506e-15
2036.1411352969317 -8.106839512412172e-15 8.475614416256055e-15
2036.3345024545984 -8.000041060565171e-15 8.385813288224089e-15
2036.527870553621 3.4826259029187024e-15 9.034729776868622e-15
2036.7212395939991 -1.1072791582741837e-14 8.483462510510567e-15
2036.9146095757333 -8.158129399081536e-15 8.064267516770445e-15
2037.1079804988233 -1.2536182943030761e-14 8.104167941106476e-15
2037.301352363269 -3.7928862324649946e-15 8.615340475056701e-15
2037.4947251690703 -4.0029329933777825e-15 8.876396946694418e-15
2037.6880989162278 7.396118332626181e-16 8.780032647515368e-15
2037.881473604741 -9.799996000490057e-15 8.256037761879967e-15
2038.07484923461 1.65602811896759e-14 9.166836816365103e-15
2038.2682258058346 -6.6982663969741194e-15 8.18475423922436e-15
2038.4616033184152 5.758334034899281e-15 8.79419627023742e-15
2038.6549817723514 9.588349850906675e-15 8.902875349749668e-15
2038.8483611676436 -4.260521348152771e-15 8.467885554927125e-15
2039.0417415042918 -1.1135851275875252e-14 8.210989889413228e-15
2039.2351227822958 -1.1179592340491003e-14 8.117055186269939e-15
2039.4285050016554 8.297754413360087e-15 8.725711636372691e-15
2039.6218881623706 5.415503824912429e-15 8.918037225048863e-15
2039.8152722644418 6.267103040907796e-15 8.601338861297632e-15
2040.008657307869 5.098194546081908e-15 8.980841201588707e-15
2040.2020432926518 -5.8122290079753e-15 8.455228613256767e-15
2040.3954302187904 1.1538174567353832e-14 9.043437763274296e-15
2040.5888180862848 3.303701915942473e-15 8.680705139791932e-15
2040.7822068951352 -1.2372730552457801e-14 8.352638119282258e-15
2040.9755966453415 9.954072001486874e-15 9.123322095692786e-15
2041.1689873369032 9.788852177983732e-15 9.19418827786713e-15
2041.3623789698208 1.2010829360076691e-14 9.201890240779382e-15
2041.5557715440946 -2.6291612786893313e-15 8.659441278306182e-15
2041.7491650597237 -1.547088983597666e-14 8.150055763876065e-15
2041.942559516709 -6.713712992398574e-16 8.883434092399604e-15
2042.13595491505 1.7473700472040526e-14 9.366359710810527e-15
2042.3293512547466 -4.325392382335814e-15 8.88823510385352e-15
2042.522748535799 -9.280834231588245e-16 8.701550325224678e-15
2042.7161467582075 -1.0386681104430049e-14 8.559976035836767e-15
2042.9095459219718 -1.9016584945860558e-14 8.08859535067789e-15
2043.1029460270915 -5.4718274606954165e-15 8.675054001448964e-15
2043.2963470735676 8.504992983909849e-15 9.054780075583405e-15
2043.4897490613992 5.1637976594508996e-15 8.986340876974528e-15
2043.6831519905866 -8.508278264785466e-15 8.47501772671274e-15
2043.8765558611299 3.727967520030122e-15 8.858974731664966e-15
2044.0699606730288 9.22160894817293e-15 9.194209088055948e-15
2044.2633664262837 8.723790549703644e-16 8.666174165658342e-15
2044.4567731208945 -1.0314138546909522e-14 8.348892068740386e-15
2044.6501807568607 6.424342759730462e-15 9.329431960487361e-15
2044.843589334183 -7.968279468023489e-15 8.436753109336269e-15
2045.0369988528612 -2.945400597852865e-15 8.543392681332194e-15
2045.230409312895 6.143532896981305e-15 9.238513890445018e-15
2045.4238207142848 -1.659640021283531e-14 8.259400950436185e-15
2045.6172330570303 3.7194110489024594e-15 8.945056848282173e-15
2045.8106463411316 -1.05613862431468e-15 8.740511863808824e-15
2046.0040605665886 4.724499992422954e-16 8.907217746252893e-15
2046.1974757334017 -2.5741108719926123e-15 8.540697853755796e-15
2046.3908918415705 -8.380453465020029e-16 8.88368995185609e-15
2046.584308891095 -4.742388549842802e-15 8.580401832556888e-15
2046.7777268819755 -1.0071475844337997e-14 8.674222890628218e-15
2046.9711458142115 -3.4058314048126804e-15 8.672480385682811e-15
2047.1645656878036 -1.2911480097507153e-15 8.880260563443885e-15
2047.3579865027511 1.1020227893429527e-14 9.243817757126523e-15
2047.5514082590548 -4.7465660120407824e-15 8.643447583146251e-15
2047.7448309567144 -3.986586019993039e-15 8.615828518202975e-15
2047.9382545957296 -7.098212698698644e-15 8.583332245414692e-15
2048.1316791761005 5.5063098283144316e-15 9.010859598026094e-15
2048.3251046978276 7.606531222784826e-15 9.049458529144011e-15
2048.5185311609102 1.2543916609902835e-15 8.829183477052059e-15
2048.7119585653486 2.666780855111221e-16 8.654905874037928e-15
2048.905386911143 2.5336742383160376e-15 8.791917766632622e-15
2049.0988161982928 1.0038728278673834e-14 8.971890560604781e-15
2049.2922464267986 -4.177731661158618e-15 8.580453346337611e-15
2049.4856775966605 -1.6258421168099234e-15 8.676531915664553e-15
2049.679109707878 3.8741861302214394e-15 9.069785185518251e-15
2049.8725427604513 -5.963854819275299e-15 8.503028074351713e-15
2050.0659767543807 -5.996458137713438e-15 8.594437643088681e-15
2050.2594116896657 -9.537244384631641e-15 8.559326950142503e-15
2050.452847566306 5.314622003195647e-15 9.193629471632353e-15
2050.6462843843024 5.367471460797546e-15 9.013867343884195e-15
2050.8397221436553 -1.2269268573501667e-14 8.176898584885361e-15
2051.0331608443635 6.421927293796606e-15 8.884945069460716e-15
2051.2266004864273 4.09112030588604e-15 9.075149957133082e-15
2051.4200410698472 6.602536597707162e-15 9.047850406205258e-15
2051.6134825946224 -5.980644152470016e-15 8.49862439978589e-15
2051.806925060754 -8.285735101269949e-16 8.809438931433511e-15
2052.000368468241 -1.0422038008204662e-14 8.439118931909816e-15
2052.1938128170846 5.331404496017124e-15 9.047482428577036e-15
2052.3872581072833 1.870383440106174e-14 9.361261985396655e-15
2052.5807043388377 4.1976705596030146e-15 8.960265336959828e-15
2052.774151511748 1.4165293157323886e-15 8.837281852985555e-15
2052.9675996260144 -9.161661826518726e-15 8.335834710649335e-15
2053.1610486816367 -1.6705021662887606e-14 8.097956045705579e-15
2053.354498678614 -6.0354985332607075e-15 8.540650073999885e-15
2053.5479496169482 1.1037199101113154e-14 9.250591407221188e-15
2053.7414014966375 -2.8003471486248395e-15 8.827784971784094e-15
2053.934854317683 1.1411720332138558e-14 9.27287379673867e-15
2054.128308080084 -3.0575648596774725e-15 8.414080211118805e-15
2054.3217627838408 2.8149950066660094e-15 9.153203132016488e-15
2054.5152184289536 3.21978490240602e-16 8.852368884758296e-15
2054.708675015422 7.065974840948779e-15 9.204859047965916e-15
2054.902132543247 -6.148182015176525e-15 8.214419720256867e-15
2055.0955910124267 6.540792160589376e-15 8.888568676128706e-15
2055.289050422963 -5.099196497435947e-15 8.623269702029351e-15
2055.4825107748547 8.852149246052888e-15 9.218395756072483e-15
2055.675972068102 -5.8194621459023564e-15 8.768287202736406e-15
2055.8694343027055 -7.45843963477226e-15 8.484506440404189e-15
2056.062897478665 -1.4185650360671931e-14 8.358546594763991e-15
2056.25636159598 -3.5418582848506547e-15 8.842840720904292e-15
2056.4498266546507 -3.755289951451318e-15 8.936915761913941e-15
2056.6432926546777 -1.651438240276417e-14 8.29533900244724e-15
2056.83675959606 -1.0003283875024554e-14 8.22716141017876e-15
2057.0302274787978 3.2153251864080996e-15 8.946236137112016e-15
2057.2236963028918 3.922117408662157e-15 8.817264345635263e-15
2057.417166068342 6.022486831945658e-15 9.12918294640237e-15
2057.6106367751477 9.190837469355298e-16 8.958841810104064e-15
2057.804108423309 1.9746419919884404e-15 9.192580424616585e-15
2057.9975810128262 -1.190268326764558e-14 8.259288404140328e-15
2058.1910545436995 -6.367368308018152e-15 8.793578930197411e-15
2058.3845290159284 1.7548034057197309e-15 8.794442555787579e-15
2058.578004429513 -8.013651942993633e-15 8.586821659977793e-15
2058.771480784454 -9.558181499564272e-16 9.04189153562476e-15
2058.9649580807504 1.7952334376988556e-15 8.960055406639729e-15
2059.158436318402 6.631725711632134e-15 9.119727670179982e-15
2059.35191549741 1.5944981493621278e-15 8.82072916726431e-15
2059.545395617774 -4.951271904958533e-15 8.623191392920849e-15
2059.7388766794934 -5.7669909167113084e-15 8.794350034464362e-15
2059.932358682569 -1.8646698233448263e-15 8.836341865745764e-15
2060.125841627 -2.34609617651146e-14 8.099942311062295e-15
2060.319325512787 -1.2139919289731888e-14 8.568928267971259e-15
2060.51281033993 -5.1770834010830945e-15 9.179827058419061e-15
2060.706296108429 -4.1802708247987034e-15 8.907989770361728e-15
2060.8997828182833 -5.321594075178278e-15 8.853398193064897e-15
2061.0932704694933 5.91823237864687e-15 9.031558891207799e-15
2061.2867590620594 -3.007433892990341e-15 8.776060452148143e-15
2061.4802485959813 3.1844906146035336e-15 9.056815012421387e-15
2061.6737390712588 -8.146668450563203e-15 8.53438351782812e-15
2061.8672304878924 1.7621242141238776e-15 8.892200899574467e-15
2062.0607228458816 5.02492710210004e-15 9.187418654329433e-15
2062.2542161452266 -3.5474313716390328e-15 8.787755176015478e-15
2062.4477103859276 8.194878523932077e-15 9.326198723401964e-15
2062.641205567985 2.5083820487398866e-15 9.056699299374491e-15
2062.834701691397 1.2845192363956252e-14 9.428944514421836e-15
2063.0281987561652 -4.017683366310639e-16 8.678595848766775e-15
2063.22169676229 -1.0006919817245544e-14 8.70580348749041e-15
2063.4151957097697 4.72701195021112e-16 9.196879914360753e-15
2063.608695598605 -6.01989781193518e-15 8.737831259535094e-15
2063.802196428797 -1.3304572587457952e-14 8.762783991555721e-15
2063.995698200344 2.059030408140773e-15 9.043847578900647e-15
2064.1892009132475 -6.781266356951626e-15 8.694088109700198e-15
2064.382704567506 -7.342303491728537e-15 8.7320825650781e-15
2064.5762091631213 -2.5577382145110832e-14 7.998550610265139e-15
2064.7697147000918 9.699495781113363e-15 9.221044170170055e-15
2064.9632211784183 -1.3227575082677787e-15 9.021367037932076e-15
2065.1567285981005 -1.3084656430046274e-14 8.306609796021422e-15
2065.350236959139 -6.932963672380928e-15 8.642388919357087e-15
2065.5437462615328 1.3971428936399966e-15 9.20229585724636e-15
2065.737256505282 1.329196032240912e-15 9.316090763112416e-15
2065.9307676903877 1.0855848284544573e-14 9.640603106489589e-15
2066.1242798168487 7.875130293840293e-15 9.28277578822352e-15
2066.317792884666 3.043154034292622e-18 9.197303440009738e-15
2066.5113068938385 7.33934960931492e-15 9.160298003815228e-15
2066.7048218443674 1.6088060720991712e-15 9.381671552504651e-15
2066.898337736252 -3.886271528705506e-15 9.054961899677373e-15
2067.0918545694926 -7.397770605134821e-15 8.797585616130234e-15
2067.285372344089 1.1431624326069385e-14 9.345585401233959e-15
2067.4788910600405 -1.1686808467051439e-15 9.022258676509028e-15
2067.6724107173486 -1.9142800280968795e-14 8.307472843453375e-15
2067.865931316012 2.6002768558602618e-15 9.109932326088613e-15
2068.0594528560314 -5.775478586000659e-15 8.803477515135607e-15
2068.2529753374065 6.686193641814566e-15 9.40987712426542e-15
2068.4464987601377 7.0110987883526305e-15 9.373876627667649e-15
2068.640023124224 8.83781103602825e-15 9.31535179099355e-15
2068.833548429667 3.9678456192962706e-15 9.230120261656905e-15
2069.027074676466 -1.1568972996753393e-14 8.910143193241218e-15
2069.2206018646198 4.2243015167670005e-15 9.144762413471906e-15
2069.41412999413 3.9793173030252735e-15 9.106922016878213e-15
2069.6076590649955 -3.101298531286066e-15 9.023410471331189e-15
2069.8011890772173 -1.4166913222873617e-14 8.412358074771771e-15
2069.9947200307947 1.8864423268858567e-14 9.503202486581113e-15
2070.1882519257283 1.1975203379840396e-16 9.143316146591588e-15
2070.381784762017 -1.29295539589912e-14 8.17937580047797e-15
2070.575318539662 1.8274005636795185e-14 9.735531164230203e-15
2070.7688532586626 -1.1911246833581448e-15 9.154610467666329e-15
2070.9623889190193 -4.538944828167249e-15 8.941679407453153e-15
2071.1559255207317 1.0781528507718304e-16 9.117396783297405e-15
2071.3494630637997 -2.3896715219495638e-15 9.199592584867676e-15
2071.5430015482234 9.106841811031943e-15 9.346983508382622e-15
2071.736540974003 -1.4060592672709492e-14 8.637929001213627e-15
2071.930081341139 4.903115103296885e-15 9.081119434709534e-15
2072.1236226496303 -1.1240359406206273e-14 8.443173067266783e-15
2072.3171648994776 -3.4349752966561623e-15 8.721340938495306e-15
2072.5107080906805 -8.253331253505183e-15 8.945825014876227e-15
2072.7042522232396 -5.681518723766688e-15 8.88414509078365e-15
2072.897797297154 -1.4571619192002239e-15 9.107467382753153e-15
2073.0913433124247 -1.6065958991900813e-15 8.785651623209275e-15
2073.2848902690507 5.525000012193599e-16 8.978929769350794e-15
2073.4784381670324 -1.2552119244656903e-14 8.628201127140937e-15
2073.6719870063707 -9.969240576255891e-15 8.770356894911537e-15
2073.8655367870642 -3.290600976269705e-15 9.169438282128167e-15
2074.0590875091134 1.540950182859935e-14 9.429127227165765e-15
2074.2526391725187 -6.168681455816578e-16 8.988061036765424e-15
2074.44619177728 9.674320373261635e-17 8.900035245596943e-15
2074.6397453233967 2.1253918697254165e-15 9.193164857965202e-15
2074.8332998108694 -3.4017021706512635e-15 8.852001301499242e-15
2075.0268552396983 -9.397439696832717e-15 8.653803507030366e-15
2075.2204116098824 -5.622202899296797e-15 8.983341361585998e-15
2075.4139689214226 -2.959971710690712e-16 9.077602994753491e-15
2075.607527174319 -1.0356138691390439e-15 9.2033183889672e-15
2075.8010863685704 1.2636903424580246e-14 9.403792192148933e-15
2075.994646504178 1.4871545150588624e-14 9.408324551612187e-15
2076.1882075811413 -9.197075410851485e-15 8.323157882770788e-15
2076.3817695994603 6.3191463541551694e-15 9.243816542623076e-15
2076.5753325591354 1.1304092919576026e-14 9.492174656306298e-15
2076.768896460166 -9.570791235297247e-15 8.633934342527047e-15
2076.962461302553 1.678784966308442e-15 9.160371855218438e-15
2077.156027086295 5.518494224496074e-15 9.53526761124e-15
2077.3495938113933 -3.805621954270022e-15 8.892208647062658e-15
2077.5431614778477 -1.3427405864307969e-14 8.644647963897425e-15
2077.736730085657 4.282970241798796e-15 9.345207973347167e-15
2077.9302996348233 2.055175957405378e-15 9.136045742244192e-15
2078.123870125344 4.638467156417921e-15 9.460479392482243e-15
2078.3174415572216 3.684081417663569e-15 9.083239669962067e-15
2078.5110139304547 6.512911052210027e-15 9.319197495833479e-15
2078.7045872450435 5.2049152795416855e-15 9.242175402637919e-15
2078.898161500989 5.2156140932742165e-15 9.270920843561924e-15
2079.0917366982885 -2.055661902642282e-15 8.920122542142604e-15
2079.285312836945 5.272896127131172e-15 9.43126287298998e-15
2079.4788899169575 1.1494192279571885e-14 9.638204836234478e-15
2079.6724679383256 5.744443148838441e-15 9.273787411756053e-15
2079.866046901049 -4.661783132141369e-15 8.915364285314745e-15
2080.059626805129 -4.352949686803931e-15 8.953594459909045e-15
2080.253207650564 3.3582923554130396e-15 8.851489564741292e-15
2080.446789437355 4.108683051132539e-15 9.181213120306489e-15
2080.6403721655024 -1.4221637876321008e-14 8.633277394645672e-15
2080.833955835005 -1.2503672279717235e-14 8.399933011022528e-15
2081.0275404458635 8.48324150380767e-15 9.28788257633197e-15
2081.2211259980777 -1.6481273742571836e-15 8.956264610279991e-15
2081.4147124916485 -4.180812597580939e-15 8.707056781086099e-15
2081.608299926574 1.5141023888204647e-15 9.1175795623391e-15
2081.801888302856 -1.0192555136699694e-15 8.94387147219799e-15
2081.9954776204936 6.499305276097945e-15 9.191809912410952e-15
2082.189067879487 1.8040414938280014e-14 9.679310213719335e-15
2082.3826590798362 -3.206044442639604e-15 8.81039303416677e-15
2082.5762512215415 7.737753626119302e-15 9.270877516101138e-15
2082.769844304602 -1.204175740202044e-15 8.900898331713784e-15
2082.963438329019 5.1856686283309e-16 8.736149957852608e-15
2083.1570332947913 -1.3676876729835629e-14 8.615785914147992e-15
2083.3506292019197 -3.2789059356328907e-15 8.809996106075695e-15
2083.544226050404 -2.060000232787987e-15 9.146879017586653e-15
2083.737823840244 -3.3226249618696826e-15 8.933622067230768e-15
2083.9314225714393 4.180056319818688e-15 9.320618188172824e-15
2084.125022243991 1.99796630969357e-15 8.958332569943515e-15
2084.318622857899 4.239851328168629e-15 9.46180070981203e-15
2084.5122244131617 -7.233323395727603e-16 9.2212331996726e-15
2084.705826909781 1.1851692174382695e-14 9.333199297881905e-15
2084.8994303477557 -4.5267877185653065e-15 8.840421643806233e-15
2085.093034727086 -1.1427156335520505e-14 8.71719192399935e-15
2085.2866400477724 -7.0519213990134405e-15 9.108283880441823e-15
2085.480246309815 1.3023340135445206e-14 9.633961544512178e-15
2085.673853513213 3.74261283671595e-15 9.419609385663007e-15
2085.8674616579665 -2.918910411012054e-15 8.798513556988412e-15
2086.0610707440765 1.0318436402775198e-14 9.504000698770131e-15
2086.2546807715416 3.0322606773459887e-15 9.019851589097279e-15
2086.448291740363 5.077209958047841e-15 9.26666212542797e-15
2086.64190365054 1.3794883189248534e-14 9.497897828189295e-15
2086.8355165020726 8.970995221681401e-15 9.176497907011094e-15
2087.0291302949613 8.420179914904816e-15 9.608173707142494e-15
2087.222745029206 -2.9130809173764887e-15 9.317523255888035e-15
2087.4163607048067 -1.438291495973085e-14 8.647853055687376e-15
2087.6099773217625 1.2012120843080828e-14 9.376697114367579e-15
2087.8035948800743 1.4173779570817541e-14 9.61623956297666e-15
2087.9972133797423 7.82876712198794e-15 9.445236607268357e-15
2088.190832820766 1.1768370178435432e-14 9.676309150239667e-15
2088.3844532031453 5.844824978288512e-15 9.664049411815756e-15
2088.5780745268803 -1.747716953324838e-14 8.45800492658654e-15
2088.771696791971 9.15902531633287e-15 9.552920804425718e-15
2088.965319998418 2.3815503778379627e-16 9.211325101631098e-15
2089.15894414622 7.0672686901554525e-15 9.202860232454585e-15
2089.352569235379 -3.949994044643913e-15 8.713405968076557e-15
2089.546195265893 -8.497749140790618e-15 8.80530585753913e-15
2089.7398222377633 -7.090003470376532e-15 8.93834118443245e-15
2089.933450150989 3.122754604298379e-15 9.389927901538077e-15
2090.1270790055705 7.099361461786441e-15 9.415995922244176e-15
2090.3207088015083 -4.235148571625499e-15 9.00664573456223e-15
2090.5143395388013 -1.413154127717966e-14 8.636609006608444e-15
2090.7079712174504 -8.856991098838278e-15 8.864333710684091e-15
2090.9016038374552 1.3723300472693082e-14 9.926725519000753e-15
2091.0952373988157 -5.772337164081504e-15 8.826866804399803e-15
2091.2888719015323 -5.68635146191703e-15 8.754085817820955e-15
2091.482507345605 1.127865887417634e-15 9.158918164898941e-15
2091.676143731033 -3.907824880390239e-16 8.989611262638387e-15
2091.869781057817 1.1882776266931599e-16 9.320238647728932e-15
2092.0634193259566 -1.246301833977556e-14 8.783809939176979e-15
2092.257058535452 -3.735788277279111e-15 9.001207512719593e-15
2092.4506986863034 -1.4506859448478134e-14 8.808640417149758e-15
2092.6443397785106 -7.60285281989262e-15 8.676613010295195e-15
2092.8379818120734 5.074692858269121e-15 9.782093655507785e-15
2093.0316247869923 -8.138901001096273e-15 8.814516439255596e-15
2093.225268703267 1.2327704722230243e-14 9.935605033189764e-15
2093.418913560897 -1.0820274135898579e-14 8.90311163808364e-15
2093.6125593598836 -1.9130835790195726e-15 9.207122760906885e-15
2093.8062061002256 -1.2015204111329902e-15 9.13853446179105e-15
2093.9998537819233 9.386759943393274e-15 9.544433560146919e-15
2094.1935024049767 1.1686279055160373e-15 9.13309568202593e-15
2094.387151969386 1.0813959120449156e-14 9.605569913377739e-15
2094.5808024751514 6.306534485344043e-15 9.37919168208363e-15
2094.7744539222726 -6.304733986896681e-15 8.665965776835262e-15
2094.9681063107496 -2.343865207638789e-15 9.191139947605529e-15
2095.1617596405817 -4.5671651304725195e-15 9.326408693655698e-15
2095.3554139117705 1.4925631230690943e-15 9.38535438063937e-15
2095.549069124315 5.065080555910723e-15 9.511330269172078e-15
2095.7427252782154 -1.759280000673041e-14 8.56970093966279e-15
2095.936382373471 5.3538847233056436e-15 9.515695321308102e-15
2096.130040410083 1.0691361513216703e-14 9.692054025947054e-15
2096.3236993880505 -7.740284818166371e-15 8.992130345002771e-15
2096.5173593073737 -1.276063871593621e-14 8.725045443063404e-15
2096.711020168053 -9.600153655583366e-15 9.06396059472266e-15
2096.9046819700875 6.071501477672368e-15 9.410558464212817e-15
2097.0983447134786 1.6020595811722242e-15 9.429027742015378e-15
2097.292008398225 5.813535961350233e-15 9.66262092133031e-15
2097.4856730243273 -2.1383350821802657e-15 8.754684524024192e-15
2097.6793385917854 7.843891933409672e-15 9.264994245018492e-15
2097.8730051005996 -1.5381697147575913e-15 9.009454425694752e-15
2098.0666725507695 -3.651856018152022e-15 9.092511780591126e-15
2098.260340942295 9.05108776885163e-15 9.425407681385526e-15
2098.4540102751766 -8.826384032049754e-16 9.264916751615019e-15
2098.6476805494135 -9.450928449184732e-16 9.31935998202179e-15
2098.8413517650065 -3.5908760607668205e-16 9.065822956524679e-15
2099.0350239219556 -3.400751197785559e-15 9.241181095739286e-15
2099.22869702026 -4.349985546255982e-15 9.357967461786756e-15
2099.422371059921 -7.206239075520492e-15 8.88927322202917e-15
2099.616046040937 -8.475187704778529e-15 8.911994618479702e-15
2099.809721963309 2.1889544880667175e-15 9.365035941259645e-15
2100.003398827037 1.0730472996576824e-14 9.389438162042057e-15
2100.1970766321206 1.1636997044414968e-14 9.556254930665257e-15
2100.3907553785602 2.1081947407560443e-15 9.203504351441141e-15
2100.5844350663556 1.7831315525226034e-14 9.82895108402608e-15
2100.778115695507 3.812895244724134e-15 9.325278846386431e-15
2100.9717972660137 -4.917388501568315e-15 8.96432912091804e-15
2101.1654797778765 5.3077375148517756e-15 9.605180736992846e-15
2101.359163231095 -1.1301449805525282e-14 8.754802617753162e-15
2101.552847625669 -1.1794391377420366e-15 9.080012849884656e-15
2101.7465329615998 1.0117850636904553e-15 9.049455469280734e-15
2101.9402192388857 6.166193123214927e-15 9.517826284933375e-15
2102.1339064575272 4.336128197623683e-15 9.245224045888782e-15
2102.327594617525 5.8476943019997855e-15 9.488944079402359e-15
2102.5212837188783 1.799264124361237e-15 9.095424147619807e-15
2102.7149737615878 5.077705169242763e-15 9.258607988963454e-15
2102.9086647456525 4.9083084138889326e-15 9.42134187455097e-15
2103.1023566710737 3.500865399041706e-15 9.531913962775717e-15
2103.29604953785 -3.3475585769103566e-15 9.088073233473432e-15
2103.4897433459823 -9.10812406117972e-16 9.311081908815888e-15
2103.683438095471 1.2416814251442618e-14 9.630548703653628e-15
2103.877133786315 -1.2228001611282908e-15 9.406500359094208e-15
2104.070830418515 -6.637443490735032e-15 9.124257164509968e-15
2104.2645279920707 5.86934725349801e-15 9.083562374981074e-15
2104.4582265069826 1.1513868973590528e-14 9.672989654490806e-15
2104.6519259632496 -3.941623667021525e-15 9.015606133055949e-15
2104.8456263608728 -1.0502005790848606e-14 9.23357203595293e-15
2105.0393276998516 -1.173991380907872e-14 8.804002327870492e-15
2105.2330299801865 -6.505392350549003e-15 9.191618321576701e-15
2105.426733201877 1.3780300486450953e-14 9.65811320331123e-15
2105.6204373649234 1.2327268300899556e-14 9.759435513554631e-15
2105.814142469326 -2.459326310268395e-15 8.951316034094248e-15
2106.0078485150834 -1.3521126760487126e-14 9.196218315404526e-15
2106.2015555021976 -3.224248892863863e-16 8.960608710373245e-15
2106.395263430667 3.837569031166233e-15 9.478962337934892e-15
2106.588972300492 -3.644338934751115e-15 9.192536036923596e-15
2106.7826821116732 5.804877023742557e-15 9.469119250393088e-15
2106.9763928642105 3.734568064518005e-15 9.506089442052091e-15
2107.1701045581035 -2.3694232653480012e-15 9.019961135703934e-15
2107.363817193352 -1.740622612109873e-15 9.311730557864323e-15
2107.557530769957 -3.899020543726651e-15 9.414762453619567e-15
2107.751245287917 4.0403735192903454e-15 9.594323982608504e-15
2107.944960747233 -6.720554792015088e-16 9.617769021151311e-15
2108.138677147905 -7.296449011023296e-15 8.895816672302637e-15
2108.3323944899325 -1.021549298191307e-14 9.189926574393612e-15
2108.526112773316 -1.5385737372968381e-15 9.2848622359271e-15
2108.7198319980553 -2.1330685306691923e-15 9.182762457565045e-15
2108.9135521641506 -3.851828813184303e-16 9.497680837341649e-15
2109.1072732716016 -5.312059092302155e-17 9.286117957564094e-15
2109.300995320408 2.036342641878044e-15 9.315396839382507e-15
2109.494718310571 -7.489645429152838e-16 9.411407058810158e-15
2109.688442242089 1.2816994703643806e-14 9.646541534384705e-15
2109.882167114963 6.487530964231051e-15 9.624029317346822e-15
2110.0758929291933 -4.736261036329805e-15 9.324104312035586e-15
2110.269619684779 1.2004162071046594e-15 9.312743763544273e-15
2110.4633473817207 -8.58434957955491e-15 9.201522907148771e-15
2110.657076020018 -5.757564052137507e-15 9.032851907551233e-15
2110.8508055996713 -6.654711186648764e-15 9.047818029982132e-15
2111.0445361206803 5.197515126236086e-15 9.476709084598973e-15
2111.238267583045 -3.628554805935056e-17 9.634809693590566e-15
2111.4319999867657 1.0371411445739043e-14 9.971046447375485e-15
2111.625733331842 5.413146770499253e-16 9.511241457035384e-15
2111.8194676182743 -1.0367023426641128e-14 9.01268189635112e-15
2112.0132028460625 -9.980053830793842e-15 8.941658485931198e-15
2112.206939015207 -2.5923885120137716e-15 9.769204629680657e-15
2112.400676125706 -7.0452140304247235e-15 9.126447204835445e-15
2112.5944141775617 -1.0691655689967442e-14 9.146391544196299e-15
2112.788153170773 -8.452183423167285e-17 9.60285141457909e-15
2112.98189310534 -8.533091559324408e-15 9.33852874855495e-15
2113.175633981263 -9.003842129953697e-15 9.249989155402783e-15
2113.369375798542 -9.390442354887657e-15 9.072053169314817e-15
2113.563118557176 -1.0885511803718618e-14 9.134587238780294e-15
2113.7568622571666 -1.0604365807157421e-15 9.583434640983088e-15
2113.9506068985133 1.128545188702642e-14 9.859873551380989e-15
2114.144352481215 -1.6472387100338892e-15 9.5145131957749e-15
2114.338099005273 1.5718333164896857e-15 9.425793859347821e-15
2114.531846470686 9.956644791810354e-16 9.740137160923177e-15
2114.7255948774555 7.985241149282237e-15 9.946867696281062e-15
2114.919344225581 4.433492168232543e-15 9.654995188866281e-15
2115.113094515062 -3.2233023204752198e-15 9.344383425761734e-15
2115.3068457458985 -1.355477129768884e-15 9.164297299986288e-15
2115.5005979180914 -7.393820227695452e-15 9.23891416656563e-15
2115.6943510316396 1.0556923085095776e-14 9.720184552779279e-15
2115.888105086544 6.321794720360881e-15 9.671551022935238e-15
2116.0818600828043 4.829167353474962e-15 1.0039812554889588e-14
2116.2756160204203 6.124460748325787e-15 9.671344205082045e-15
2116.4693728993916 3.177347609090906e-15 9.703243004117e-15
2116.663130719719 1.405925780443356e-15 9.564033020199066e-15
2116.8568894814025 1.2474509865096884e-14 9.875280979848206e-15
2117.0506491844417 9.512811228571063e-15 9.78144616019202e-15
2117.244409828837 -1.130684415527665e-14 8.885732559376273e-15
2117.4381714145875 -5.29702177190204e-15 9.322222129313685e-15
2117.631933941694 -8.460790669277341e-15 9.342009046488413e-15
2117.8256974101564 5.165901521699977e-16 9.390269456485227e-15
2118.0194618199744 5.597674033468184e-15 9.894610379058918e-15
2118.213227171148 -8.902437854831858e-15 9.33107517785963e-15
2118.406993463678 9.255784082387487e-16 9.279561056062407e-15
2118.600760697564 -7.56303921071849e-15 9.115400278024291e-15
2118.794528872805 -1.033460122980443e-14 9.16615545907761e-15
2118.9882979894023 -2.6192789971232555e-14 8.388989379008945e-15
2119.182068047355 -1.1812034311139516e-14 9.261829138211208e-15
2119.375839046664 -1.2639390066925564e-14 9.045067736084471e-15
2119.569610987329 -1.1893533403375913e-14 9.05012086719318e-15
2119.763383869349 -5.4282163264915675e-16 9.48119824714557e-15
2119.957157692725 5.361392227510138e-16 9.504172150568566e-15
2120.1509324574577 -2.3448280009343127e-14 8.785638974746465e-15
2120.3447081635454 -1.146161515713373e-14 9.041902551814238e-15
2120.5384848109893 -4.9515470137320835e-16 9.685324134660885e-15
2120.732262399789 -1.3715892144460325e-14 9.247557431843118e-15
2120.926040929944 -1.615229099246885e-14 9.065641416021309e-15
2121.1198204014554 -2.7603848778779145e-15 9.330641957840235e-15
2121.313600814322 5.9054455610817734e-15 9.747636606454323e-15
2121.5073821685446 2.2911377433706023e-16 9.539971001331924e-15
2121.701164464123 4.8187025884274495e-15 9.536116529407231e-15
2121.894947701058 -8.134896145862683e-15 8.908089371206812e-15
2122.088731879348 -6.506159768913629e-15 9.36086652689929e-15
2122.2825169989937 5.1913584916653046e-15 9.488956405317708e-15
2122.4763030599956 -1.8453920101167157e-15 9.359251543846326e-15
2122.670090062353 8.71680677807661e-15 9.823852740639843e-15
2122.8638780060664 5.37482989377686e-15 1.0079203600473767e-14
2123.0576668911353 -1.1329625114630426e-14 9.12478228009283e-15
2123.251456717561 6.224042084859232e-15 9.619982173655672e-15
2123.4452474853415 7.213193642613336e-15 9.770639688799176e-15
2123.639039194478 -9.341618686703444e-16 9.604180992055763e-15
2123.8328318449703 -1.6565703696371934e-15 9.338091942167768e-15
2124.0266254368184 -2.1062577933196407e-15 9.503151106330157e-15
2124.2204199700227 1.0159455806354856e-14 1.0050160231594824e-14
2124.4142154445826 -2.008067575358933e-14 8.972935054836338e-15
2124.6080118604987 1.460531304292394e-15 9.646828529678938e-15
2124.80180921777 8.382362167001425e-15 1.006943348350784e-14
2124.995607516397 -9.481350885067397e-15 9.276296257271919e-15
2125.1894067563803 -1.4358825036054842e-14 9.241041630755997e-15
2125.3832069377195 -6.242524640065717e-15 9.303625007051173e-15
2125.577008060414 -1.335738089534152e-14 8.9602124671928e-15
2125.770810124465 -2.8127039099402913e-15 9.577595764227637e-15
2125.9646131298705 -1.2083299408907256e-14 9.044454857104142e-15
2126.1584170766328 -2.3665484785561845e-14 8.821696736835437e-15
2126.3522219647507 -1.5369074370474187e-16 9.571968898202539e-15
2126.5460277942248 -8.115720214897058e-15 9.46839926840563e-15
2126.739834565054 1.518719541445129e-14 1.0408917758486977e-14
2126.9336422772394 2.805457087209826e-15 9.912623823381577e-15
2127.127450930781 2.7203694891109516e-15 9.764259042251028e-15
2127.3212605256776 7.717538314483187e-16 9.97048976622051e-15
2127.515071061931 1.0817663898255261e-15 9.551083556913941e-15
2127.708882539539 -1.499758642671974e-14 9.415115911249939e-15
2127.9026949585036 -1.35373111721736e-15 9.655673335432951e-15
2128.096508318824 -1.3418604595363644e-16 9.571585533374803e-15
2128.2903226205 -5.661609521914539e-15 9.607033338764824e-15
2128.484137863532 -1.1718607914667825e-14 9.229534134349346e-15
2128.6779540479197 -1.41896459625153e-14 9.385789734813193e-15
2128.8717711736626 -1.427619734498246e-14 9.165231958287639e-15
2129.065589240762 -5.3491793669848245e-15 9.10152541160517e-15
2129.2594082492174 -4.006543389838594e-15 9.479240230679123e-15
2129.453228199028 -7.404998653756584e-15 9.607979573741773e-15
2129.647049090195 1.3000308586675774e-16 1.0152271486387876e-14
2129.840870922718 2.346119381520826e-15 9.880414260541328e-15
2130.034693696596 6.863511413473172e-15 1.0047603764802604e-14
2130.22851741183 -6.8790186356939126e-15 9.603001865125746e-15
2130.42234206842 -4.475794839006981e-15 9.50370857707868e-15
2130.616167666366 -1.1281568419507508e-15 9.487889550758639e-15
2130.8099942056674 -1.3420972129233848e-14 9.186973583590644e-15
2131.003821686325 -9.468924098955838e-15 9.481466898171132e-15
2131.1976501083377 -1.1107236451583686e-14 9.181531874193006e-15
2131.3914794717066 -1.1997805960888844e-14 8.919170824270838e-15
2131.5853097764316 -1.9203715080632607e-15 9.699096106371187e-15
2131.7791410225122 -2.0438520058585086e-15 9.530422298061778e-15
2131.9729732099486 -1.0612642537643156e-14 9.436728618993881e-15
2132.166806338741 -1.8765962468006528e-16 9.855882926089853e-15
2132.360640408889 6.77604101568378e-15 9.749868124081339e-15
2132.554475420393 -1.887419935701707e-16 9.597177750023514e-15
2132.7483113732524 2.0006055147834395e-15 9.893621596438316e-15
2132.9421482674684 -1.48556683152049e-15 9.427146108327467e-15
2133.1359861030396 -8.993556521244553e-15 9.236376352311515e-15
2133.3298248799665 -1.464558959764529e-14 9.000538478265152e-15
2133.5236645982495 -4.876688214833454e-15 9.256834240460488e-15
2133.7175052578878 -6.704879921132072e-15 9.516315379537075e-15
2133.9113468588826 -4.829946832786371e-15 9.682690747462366e-15
2134.1051894012326 2.3322457094134835e-15 9.70526213278013e-15
2134.299032884939 9.278424866480805e-15 9.961884009966178e-15
2134.492877310001 -6.280190261997033e-15 9.325484578929849e-15
2134.686722676419 1.5126675126009967e-15 9.378241558723164e-15
2134.8805689841925 -5.087432064253629e-15 9.308746091344118e-15
2135.0744162333217 -1.2770744625413198e-15 9.412592975252114e-15
2135.268264423807 1.1348428935362448e-14 1.0226369116960623e-14
2135.4621135556476 9.105783090228982e-15 9.800669300553164e-15
2135.655963628845 1.882932728862782e-15 9.85262813584885e-15
2135.849814643397 3.5029249015711984e-15 9.817052656518836e-15
2136.0436665993057 -9.120671141941767e-15 9.313662526603711e-15
2136.23751949657 -1.4084864087696519e-15 9.378117622945786e-15
2136.4313733351896 3.986909412258537e-15 9.604502000404637e-15
2136.6252281151656 -9.997820283700485e-15 9.1616610792624e-15
2136.8190838364976 -9.476170525228153e-15 9.147401357462564e-15
2137.012940499185 -6.31232123438228e-16 9.765300933855697e-15
2137.2067981032283 3.3910588565889285e-15 9.784939053007746e-15
2137.4006566486273 6.424702422739245e-15 1.0087979323835335e-14
2137.5945161353825 -3.0048373614791235e-15 9.303354130312436e-15
2137.788376563493 5.534779108862456e-15 9.713763146459934e-15
2137.9822379329594 -1.599716089387656e-14 9.121266738415916e-15
2138.176100243782 1.2773884216804706e-14 1.0361151175765756e-14
2138.36996349596 -6.15667309855473e-15 9.538363835089542e-15
2138.563827689494 -2.3343763535441917e-14 9.220944962441833e-15
2138.757692824384 -1.0215118299469944e-14 9.695470830125032e-15
2138.951558900629 6.543066211647318e-15 1.037650953449292e-14
2139.1454259182306 -1.4761452668277134e-14 9.191049545699408e-15
