wavelength flux error
2108.554536665752 -1.4263993893785495e-16 1.7766419631731305e-16
2108.9456840469534 -3.313727874345389e-17 1.7643546630509384e-16
2109.3368307549345 1.9989297462791187e-16 1.8711818131024359e-16
2109.7279767896957 -9.257792760567586e-17 1.7184437456349752e-16
2110.119122151237 5.893433514057724e-17 1.8248754745626519e-16
2110.510266839559 7.759864072220871e-17 1.786246198132161e-16
2110.901410854661 1.2295342770715047e-18 1.771080530837746e-16
2111.2925541965433 2.029357271971582e-16 1.8309668043391505e-16
2111.683696865205 2.1720461097375466e-16 1.8315777260823266e-16
2112.0748388606476 1.081970565233633e-16 1.8058874270276493e-16
2112.46598018287 1.030981480718868e-16 1.7997286868892922e-16
2112.8571208318726 4.3977910462740436e-16 1.899737841881448e-16
2113.2482608076557 -9.870432435349579e-18 1.7774605124179863e-16
2113.639400110219 1.2465327698491477e-16 1.8096549366775233e-16
2114.0305387395624 2.5351639795273452e-17 1.8025167420706617e-16
2114.421676695686 -7.535294503302891e-17 1.7330457086960468e-16
2114.812813978589 1.1154673815821258e-16 1.8005505773495417e-16
2115.2039505882735 -8.587255994560817e-17 1.754354862985235e-16
2115.595086524737 3.121042703419449e-16 1.8488740197789754e-16
2115.9862217879813 -5.818321686928244e-17 1.7549658483184157e-16
2116.3773563780055 2.098897540800829e-16 1.8400918056543174e-16
2116.7684902948104 1.737728959296055e-16 1.8164048862161206e-16
2117.159623538395 8.161612266866227e-17 1.7690443834767787e-16
2117.5507561087597 -1.0482039036310307e-16 1.7514163779913102e-16
2117.9418880059047 -7.700959486894648e-17 1.7155930774438854e-16
2118.33301922983 8.615722565901028e-17 1.7887452824410144e-16
2118.7241497805353 1.5693690594112485e-16 1.7834907905811023e-16
2119.1152796580213 -1.2142578666517417e-16 1.7197147428212747e-16
2119.506408862287 -2.7389152383284605e-16 1.661061295601467e-16
2119.897537393333 7.909502776937141e-17 1.7896259419103177e-16
2120.288665251159 -8.299718400686454e-17 1.7438554292115943e-16
2120.679792435765 1.0688563712378642e-16 1.7794446814756233e-16
2121.0709189471518 -5.4867497694171634e-17 1.7464032156177578e-16
2121.4620447853185 -4.0133593425610577e-17 1.7495438123033955e-16
2121.853169950265 -1.3089365430486985e-16 1.7094001131336086e-16
2122.2442944419927 1.030339423877423e-16 1.7992897878508605e-16
2122.6354182604996 -8.29821425437063e-17 1.7058634189310482e-16
2123.026541405787 -7.775794979133673e-18 1.765371267834159e-16
2123.4176638778545 -5.774942574183732e-17 1.7453859683826578e-16
2123.808785676702 -2.7941361222704937e-16 1.6903103990006542e-16
2124.19990680233 2.227374204721234e-16 1.8085203132109912e-16
2124.591027254738 -1.506939840087722e-16 1.714033162396072e-16
2124.9821470339266 2.0344140936579057e-16 1.81238920616965e-16
2125.3732661398953 3.70311492817082e-17 1.7669945563997087e-16
2125.764384572644 2.330495290397169e-16 1.829950049567878e-16
2126.1555023321725 -1.8658986869923065e-16 1.682100341777643e-16
2126.5466194184814 -2.2627109577100995e-16 1.6728635711960204e-16
2126.9377358315705 -3.262415893775498e-16 1.668492404331178e-16
2127.32885157144 5.524084815043185e-17 1.7605150248862847e-16
2127.7199666380893 6.583228425769164e-17 1.781222098103535e-16
2128.111081031519 -2.7465142601929043e-17 1.7400156688896925e-16
2128.5021947517293 -9.283983437788206e-17 1.7144960520613905e-16
2128.893307798719 2.275837824190377e-18 1.7467191973054408e-16
2129.2844201724897 4.2885123236510865e-17 1.7641364786168688e-16
2129.6755318730397 -3.246091137754567e-17 1.714728321580085e-16
2130.0666429003704 -1.0898242482243896e-17 1.7289326238620165e-16
2130.4577532544813 2.6351658404423744e-16 1.8534728219580472e-16
2130.848862935372 2.0460434795125947e-16 1.8016430650075045e-16
2131.239971943043 1.3363371012569533e-16 1.794444533666596e-16
2131.631080277494 -8.098705668733828e-17 1.7284221271889116e-16
2132.022187938726 7.711967551399194e-17 1.757822125042618e-16
2132.4132949267373 9.399204615625064e-17 1.7514423851077522e-16
2132.8044012415294 -2.5204244313308466e-17 1.7706744014012224e-16
2133.195506883101 -2.6638065390458788e-17 1.7237752514490347e-16
2133.5866118514537 -3.474952224352967e-16 1.6179317169683735e-16
2133.977716146586 4.20782304886899e-17 1.7442030838698031e-16
2134.3688197684987 -1.2023470442778677e-16 1.7091486829586388e-16
2134.759922717191 -9.938436416856236e-17 1.6915599334828486e-16
2135.151024992664 -8.941188166434198e-17 1.7049410500718515e-16
2135.542126594917 -1.2036473189911408e-16 1.7027732683692629e-16
2135.9332275239503 4.311205918390737e-17 1.7583503135777316e-16
2136.3243277797637 3.0523930668191215e-17 1.7282281346141834e-16
2136.715427362358 2.312423835912496e-16 1.8041308335704617e-16
2137.1065262717316 1.9663847914768613e-16 1.7980451909633842e-16
2137.4976245078856 -1.610021848403739e-16 1.6830963758940171e-16
2137.8887220708193 -4.8679301331453844e-17 1.7202286542585824e-16
2138.2798189605337 1.7223277962630913e-16 1.8060853969744767e-16
2138.6709151770283 7.208001744259686e-17 1.763490567195114e-16
2139.062010720303 2.4006979886439623e-17 1.755712769818744e-16
2139.453105590358 1.4726372998131802e-16 1.7731555624920678e-16
2139.844199787193 -7.243104234898558e-17 1.7187481204109954e-16
2140.235293310808 3.1092333253251736e-16 1.8536120527283703e-16
2140.6263861612038 1.563916839316603e-16 1.7854757871603323e-16
2141.017478338379 1.4293966948076776e-16 1.7673189746045832e-16
2141.4085698423346 2.839473793613362e-16 1.8225745426026629e-16
2141.7996606730703 -1.3457305173686777e-17 1.7332067237254446e-16
2142.1907508305867 1.3623885017673427e-17 1.7160360157714292e-16
2142.5818403148833 3.18052655796551e-16 1.8572355356555275e-16
2142.972929125959 1.0458386129817363e-16 1.7501659694260617e-16
2143.364017263816 -4.4192784624136814e-16 1.5981262225917674e-16
2143.7551047284533 2.501536623748175e-16 1.8025228020683756e-16
2144.1461915198697 2.1286704362362447e-16 1.782466558603215e-16
2144.537277638067 9.624651673740572e-18 1.742419965911107e-16
2144.9283630830446 5.475200746950874e-17 1.7320806142310183e-16
2145.3194478548016 2.563463252549732e-16 1.8130654506813437e-16
2145.71053195334 3.1206972838133425e-16 1.8473882775947438e-16
2146.1016153786572 -7.209055461841934e-17 1.6967742870574347e-16
2146.492698130756 -7.759030224051828e-17 1.7328591914221464e-16
2146.8837802096336 4.2767899077295554e-17 1.7474887234152611e-16
2147.274861615292 -1.7856075190307534e-16 1.6616710999563572e-16
2147.665942347731 -3.279749069021905e-17 1.7000935173995598e-16
2148.0570224069497 -1.638764049126857e-16 1.7032836549655244e-16
2148.4481017929484 -8.238024446434414e-17 1.6985150913808918e-16
2148.8391805057277 -3.507789027284901e-17 1.7275175364432802e-16
2149.230258545287 9.944875891884394e-18 1.719788823953851e-16
2149.6213359116264 -9.648930278651356e-17 1.6966293875591337e-16
2150.012412604746 -2.574439572431153e-16 1.6312723546623618e-16
2150.403488624646 2.565320904710199e-16 1.8207791009918804e-16
2150.794563971326 -4.6000056759786665e-17 1.712963591116872e-16
2151.185638644786 -2.5905029580078542e-18 1.7336156017611064e-16
2151.5767126450264 -2.754405322535298e-16 1.6168477892618252e-16
2151.967785972047 -2.320984359500534e-17 1.7167576732669698e-16
2152.358858625848 -8.115091513894957e-17 1.6959280937270634e-16
2152.7499306064287 6.293042948779686e-17 1.7351206512481456e-16
2153.1410019137898 5.12767070293635e-18 1.7300592721394458e-16
2153.5320725479314 8.434432315183761e-17 1.7744156898804651e-16
2153.9231425088524 1.0099943226666175e-16 1.7488010720110704e-16
2154.3142117965544 -1.3665394961736905e-16 1.6981978672124367e-16
2154.705280411036 -2.348404063119535e-17 1.7105693148082144e-16
2155.096348352298 1.4035824895956294e-16 1.73540876379933e-16
2155.48741562034 -2.2912044585297487e-17 1.7389136537527602e-16
2155.8784822151624 9.866199418499094e-17 1.742957556752745e-16
2156.269548136765 2.1434824132412136e-17 1.7164049420504389e-16
2156.660613385148 1.0717617899135232e-16 1.7724844656024502e-16
2157.0516779603104 -8.275399894679095e-17 1.709919767791236e-16
2157.4427418622536 -5.3710215006447835e-17 1.6811840646903485e-16
2157.8338050909765 -2.6421349151880797e-17 1.745387667395482e-16
2158.22486764648 -9.237512373031425e-17 1.6980231387097537e-16
2158.615929528764 -1.2320120259069183e-16 1.6577058804989995e-16
2159.0069907378274 1.6269008445014832e-16 1.751047047071456e-16
2159.398051273671 1.2796567387569306e-16 1.773541780901641e-16
2159.7891111362956 -2.1057074416755315e-16 1.615107819598836e-16
2160.1801703256997 4.2530629695511965e-16 1.8621910184523185e-16
2160.5712288418845 4.0527737499366954e-17 1.7146171559443296e-16
2160.962286684849 1.6353420504273185e-16 1.7646647848589098e-16
2161.3533438545937 -2.625355009361585e-17 1.6947554125846076e-16
2161.7444003511187 2.344991847481611e-17 1.693404765254842e-16
2162.135456174424 1.270173019311719e-18 1.7152214764634e-16
2162.526511324509 1.29960765506151e-16 1.7442624432904007e-16
2162.917565801375 7.694963628680007e-17 1.7169197679784285e-16
2163.308619605021 1.034565003019519e-16 1.7554836193020657e-16
2163.6996727354463 1.243873392538154e-16 1.7229369013343386e-16
2164.0907251926524 1.8967693717804256e-17 1.7223392121622253e-16
2164.4817769766387 8.357881511897033e-17 1.7312887800657869e-16
2164.872828087405 -2.609349315932876e-17 1.6957031012668017e-16
2165.263878524952 1.1096692171122024e-16 1.7531623175553409e-16
2165.654928289279 2.6676570553896267e-16 1.7771719856552628e-16
2166.0459773803855 -3.2067944700452637e-19 1.6886455871737946e-16
2166.4370257982728 1.2024159829644486e-16 1.7403392230005048e-16
2166.82807354294 3.416588216089082e-16 1.8134127931880675e-16
2167.2191206143875 3.795225541910751e-16 1.8152859446167946e-16
2167.610167012615 3.071744619802022e-16 1.7984424400540565e-16
2168.001212737623 2.497867678568649e-16 1.7640830747876542e-16
2168.392257789411 -1.468536466181524e-16 1.6681413454148272e-16
2168.7833021679794 2.246105036591495e-17 1.695465120591546e-16
2169.1743458733276 2.312917392347605e-16 1.7636756044809391e-16
2169.565388905456 -2.1332512173887665e-16 1.6441096889635457e-16
2169.9564312643647 4.9145376941484644e-17 1.7040214614034442e-16
2170.347472950054 -1.2748506509995028e-16 1.6719843002694956e-16
2170.738513962523 6.002444745789028e-17 1.7125252345356467e-16
2171.129554301772 -1.2070882832550693e-17 1.705222966285573e-16
2171.5205939678017 1.8888027428344078e-16 1.7731779281113945e-16
2171.9116329606113 1.0847889205674776e-16 1.7246149889254812e-16
2172.302671280201 -1.5045660167773937e-16 1.663181106095839e-16
2172.6937089265707 4.1307785082933567e-16 1.7873660180848452e-16
2173.084745899721 -2.0272724862427428e-16 1.6522286929286082e-16
2173.475782199652 1.692102897082114e-16 1.744519299350799e-16
2173.866817826362 8.69313676855207e-17 1.719504988238498e-16
2174.2578527798523 2.0426703376745363e-16 1.761540648090439e-16
2174.648887060124 -2.0339968150967927e-17 1.7053849891340732e-16
2175.039920667175 2.310768093884064e-16 1.7426999050641773e-16
2175.430953601006 2.4648983140338633e-16 1.7839738466930239e-16
2175.821985861617 2.2284574836330466e-16 1.7748857369945469e-16
2176.213017449009 6.025861868644334e-17 1.7166472004721005e-16
2176.604048363181 2.7419301740087556e-16 1.7734564661952025e-16
2176.9950786041327 2.6482291973736947e-16 1.7822843613803655e-16
2177.3861081718646 5.999578915368994e-17 1.7162202325534467e-16
2177.777137066377 1.2870356343423106e-16 1.7511252840261266e-16
2178.168165287669 6.076942173656677e-17 1.7144931659492667e-16
2178.559192835742 -2.0268030274920275e-16 1.6376108541567546e-16
2178.950219710595 -2.0133988026016547e-17 1.683845283245455e-16
2179.341245912228 1.1092544547983046e-16 1.7319969059483886e-16
2179.732271440641 2.2739524655871566e-16 1.7752173347237518e-16
2180.1232962958343 1.0443228422831382e-16 1.7273897560155548e-16
2180.514320477808 -1.0465047345282924e-16 1.6745303649752625e-16
2180.9053439865615 2.4483021092509357e-16 1.7825997057727593e-16
2181.2963668220955 -7.278788244922658e-17 1.6783978375923462e-16
2181.6873889844096 -2.1489562735794846e-16 1.6363080975901858e-16
2182.078410473504 2.997480552922946e-17 1.7173283085877973e-16
2182.4694312893785 1.0768865899568606e-16 1.7190453304081073e-16
2182.8604514320327 -2.126905223228004e-16 1.6455302626906645e-16
2183.2514709014677 6.608612499496756e-17 1.7366879972922141e-16
2183.642489697683 -1.1627906053678589e-18 1.6943077788877899e-16
2184.0335078206776 2.0983987390537276e-16 1.760226445029144e-16
2184.424525270453 3.6149594625518557e-16 1.824056019658314e-16
2184.815542047009 6.996229902847893e-17 1.7201575123050057e-16
2185.2065581503443 1.452989692221669e-16 1.7568834819963929e-16
2185.5975735804604 -1.80167841261732e-16 1.6381067988040624e-16
2185.9885883373563 1.0253905805222856e-16 1.7479920128969309e-16
2186.3796024210324 9.949758510051701e-17 1.710654086389451e-16
2186.770615831489 -4.103703038423306e-17 1.6979000498681682e-16
2187.1616285687255 -7.613025345129313e-17 1.6923598411618447e-16
2187.552640632742 1.9435831299387007e-17 1.69604830840733e-16
2187.9436520235395 -7.438907772779293e-17 1.6755307189495818e-16
2188.334662741116 -1.4301866342368216e-16 1.6467374414166045e-16
2188.7256727854738 -6.130767099644443e-17 1.6930927314648997e-16
2189.1166821566108 -6.228591505571014e-17 1.7119974873491757e-16
2189.5076908545284 -1.556737494843579e-16 1.643738075855016e-16
2189.8986988792267 2.224750117997246e-17 1.7168848040822843e-16
2190.2897062307043 1.7990970437675877e-17 1.7197783435500926e-16
2190.6807129089625 5.050648844853395e-17 1.699548234275861e-16
2191.071718914001 -1.3726721951516958e-17 1.6994013370041216e-16
2191.4627242458196 -2.5717394641738354e-17 1.699725285707703e-16
2191.8537289044184 -4.0949194681053776e-17 1.7026110467412127e-16
2192.244732889797 -1.5169439654055668e-16 1.6461430159266214e-16
2192.635736201956 -3.7006368455640014e-17 1.6913080829759917e-16
2193.0267388408956 4.540917060995313e-16 1.8158517831038077e-16
2193.417740806615 9.024371029000596e-17 1.7394004775960768e-16
2193.808742099114 -1.0474867229542762e-16 1.6831258961685812e-16
2194.1997427183937 1.0541912888719783e-16 1.7055000378167985e-16
2194.5907426644544 7.319504921555275e-17 1.7273504570208406e-16
2194.981741937294 1.5896271751569895e-16 1.7355411417104426e-16
2195.3727405369145 1.8688024344896289e-16 1.7642266603225171e-16
2195.763738463315 -4.7218570120485726e-17 1.6836857116775516e-16
2196.154735716496 -2.07389776143319e-16 1.6364472567416637e-16
2196.5457322964567 -5.581800389743162e-17 1.6797279806828463e-16
2196.9367282031976 -1.9134509439275318e-16 1.6351879732057673e-16
2197.3277234367183 1.5794452971497448e-16 1.748916953821185e-16
2197.71871799702 -7.767841902114e-17 1.6482555381062866e-16
2198.109711884101 -1.8360524067620315e-16 1.656721922339261e-16
2198.5007050979634 2.1819191737832592e-16 1.7795878950599514e-16
2198.8916976386054 4.683599139234011e-17 1.729680579417938e-16
2199.282689506027 1.5042042048754691e-16 1.7526904058271142e-16
2199.67368070023 2.0704161226027958e-17 1.7088496250894482e-16
2200.064671221212 6.861707542373287e-17 1.706708097445317e-16
2200.4556610689747 2.0862647751609843e-16 1.7552975770543906e-16
2200.846650243517 2.9875079205364784e-17 1.726423028268424e-16
2201.2376387448403 2.381332216495399e-17 1.714445585710402e-16
2201.6286265729436 1.3680428761297035e-16 1.734300895356055e-16
2202.019613727827 -7.399185574036505e-17 1.679042123720015e-16
2202.41060020949 3.595455451761777e-16 1.7992328073683858e-16
2202.8015860179344 1.246000939803228e-16 1.730096233265393e-16
2203.192571153158 1.181908834942019e-16 1.734577875650309e-16
2203.583555615162 1.4572394592996725e-16 1.7395757592854661e-16
2203.974539403946 2.59112819039131e-16 1.7686010657190318e-16
2204.3655225195107 1.1044482467914696e-16 1.7436831041390846e-16
2204.756504961855 -4.297621610222185e-17 1.6840718142106643e-16
2205.1474867309803 -6.539081853841485e-17 1.649009363478624e-16
2205.5384678268847 -3.1963280817748683e-16 1.6197771145077438e-16
2205.92944824957 -2.1020526004425244e-17 1.6806300604304768e-16
2206.320427999035 -1.0737917340020799e-16 1.6717517735513205e-16
2206.7114070752805 4.691345707186031e-19 1.711422581188124e-16
2207.102385478306 2.269860875106911e-16 1.761306499608355e-16
2207.493363208112 -2.6149741510471117e-17 1.6778122671636995e-16
2207.884340264698 -4.450494306830568e-17 1.7071130136820056e-16
2208.2753166480643 -1.2155768086468081e-16 1.648191618247844e-16
2208.6662923582107 -6.002218848358645e-17 1.6701335963989645e-16
2209.057267395137 -6.840679022234104e-17 1.6591754596122654e-16
2209.448241758844 -1.22054388761516e-16 1.6564403582648107e-16
2209.839215449331 -5.980020638302021e-17 1.6803646150519237e-16
2210.2301884665976 -1.0933699287861097e-16 1.6878536874938264e-16
2210.621160810645 -5.884910265297655e-17 1.6596159906339412e-16
2211.0121324814722 -2.8241976053123235e-16 1.596173861191642e-16
2211.40310347908 7.884857555011126e-17 1.7179380039207016e-16
2211.7940738034677 -5.369743495978882e-17 1.6570043734385098e-16
2212.185043454636 2.6116891602029535e-16 1.7742138675429331e-16
2212.576012432584 3.9434890360787674e-16 1.8257245380980328e-16
2212.9669807373125 -2.8961511092784947e-16 1.5898477102047187e-16
2213.357948368821 -2.6478658214213254e-16 1.6178161894128693e-16
2213.7489153271094 -2.365389397889095e-16 1.6096771917390385e-16
2214.139881612178 3.8573150910362905e-17 1.7066183119820548e-16
2214.530847224027 -5.769735234034776e-17 1.6719817540314176e-16
2214.9218121626564 1.101031463098741e-16 1.714597626737919e-16
2215.3127764280657 1.098375271695473e-16 1.7551444197067771e-16
2215.7037400202553 6.887215917413393e-17 1.69885956773749e-16
2216.0947029392255 -5.896188282187346e-17 1.6485681738268237e-16
2216.485665184975 4.5864387735480897e-17 1.693162213950518e-16
2216.876626757505 2.9156075543746014e-17 1.6929248891340364e-16
2217.2675876568155 1.1085702117514454e-17 1.6678883067600657e-16
2217.6585478829056 -1.166415823558885e-16 1.6600667713996476e-16
2218.049507435777 -8.83150544169339e-17 1.6396106628548214e-16
2218.4404663154273 -2.4634770725420536e-16 1.6101307148760307e-16
2218.8314245218585 -8.24311743002967e-17 1.6568097056291685e-16
2219.22238205507 2.2983948387267085e-17 1.6781659154459252e-16
2219.613338915061 1.4222765981015183e-17 1.693240603659385e-16
2220.0042951018327 -1.5416407303457043e-17 1.6662305601734512e-16
2220.395250615384 -5.275186552773564e-17 1.6966548172039774e-16
2220.786205455716 -1.6187092881752386e-17 1.6673570795845042e-16
2221.177159622828 -2.8694382495344806e-17 1.6614423030035366e-16
2221.5681131167203 -6.82063179577626e-17 1.660499263817697e-16
2221.9590659373926 2.608075136313392e-16 1.747152045560113e-16
2222.3500180848455 -3.557466091558653e-17 1.6862607085641462e-16
2222.740969559078 -1.254468114726098e-16 1.6204949397576396e-16
2223.131920360091 1.4075298898588748e-16 1.732840351882606e-16
2223.522870487884 -2.482831029655377e-16 1.600142807172894e-16
2223.9138199424574 1.1811246167811894e-16 1.7158482361870713e-16
2224.304768723811 -8.048250383527105e-17 1.6389163538117511e-16
2224.6957168319445 -1.9963248811557173e-17 1.6708486585955468e-16
2225.0866642668584 6.313933331856729e-17 1.6773324064885764e-16
2225.477611028552 -6.586936331111439e-17 1.6726198052840195e-16
2225.8685571170267 8.872065349429899e-18 1.6784319624964183e-16
2226.2595025322807 -3.165617928690321e-17 1.6755318673554002e-16
2226.6504472743154 1.365543995128206e-16 1.6996839156959324e-16
2227.0413913431303 -3.1264881872797893e-16 1.56507641733897e-16
2227.4323347387253 -8.00879107269824e-17 1.6521295786163944e-16
2227.8232774611 4.373751472052056e-18 1.6977938883508898e-16
2228.2142195102556 2.550816012878775e-17 1.6763740876185638e-16
2228.6051608861903 5.37363908071453e-18 1.6945266241039402e-16
2228.996101588906 -2.826763058946238e-17 1.6700412949068662e-16
2229.387041618402 -8.298243051804287e-17 1.6471893503614377e-16
2229.777980974678 3.8316060929610534e-17 1.6860051889858772e-16
2230.1689196577345 1.4114719941024768e-17 1.655249752222132e-16
2230.55985766757 -2.8946147298352796e-16 1.591872519522532e-16
2230.950795004187 -7.88717326138528e-17 1.6572991728839844e-16
2231.3417316675836 1.7059010673739072e-16 1.7219343421346997e-16
2231.7326676577604 -2.9460523065011806e-16 1.5850526315273564e-16
2232.1236029747174 1.4620124398612864e-16 1.7192427369392667e-16
2232.5145376184546 -7.619032356493369e-17 1.6251477938528254e-16
2232.9054715889724 4.738258564384327e-17 1.7135790712578763e-16
2233.29640488627 3.4782151553282736e-17 1.6880463341631152e-16
2233.6873375103473 1.191260661217465e-17 1.650631387337958e-16
2234.0782694612058 1.1053246183431494e-16 1.7087971110986513e-16
2234.4692007388435 6.922675685423265e-17 1.7081610855231027e-16
2234.860131343262 7.220559835061298e-17 1.6792130886452164e-16
2235.25106127446 1.164763085378317e-16 1.7209327170348616e-16
2235.6419905324387 -2.0519818626730743e-16 1.599530363415813e-16
2236.0329191171977 -2.634023037220854e-17 1.6396664594859959e-16
2236.423847028737 -4.71609939009653e-17 1.6586258502703345e-16
2236.814774267056 -1.2365809925316326e-16 1.6194533903347465e-16
2237.2057008321553 -2.0483497112023076e-16 1.591963553710699e-16
2237.596626724035 -7.466752179666556e-17 1.64481310677546e-16
2237.9875519426946 -3.151223741568505e-16 1.5734358415558626e-16
2238.3784764881343 1.4804246327113287e-16 1.7123965388586767e-16
2238.769400360354 2.0345277952976313e-17 1.6628667759716793e-16
2239.1603235593543 -6.834213899234475e-17 1.6652479135951834e-16
2239.551246085135 8.861489720818008e-17 1.680430833468317e-16
2239.9421679376956 1.0863657575005619e-16 1.7074982290627174e-16
2240.3330891170363 4.136902957337315e-17 1.696242247211878e-16
2240.724009623157 -7.399311193028583e-17 1.6291271736091623e-16
2241.1149294560582 9.717341511888831e-17 1.6905386957658672e-16
2241.5058486157395 -2.31286902800353e-17 1.6517119226500197e-16
2241.8967671022015 6.422209663177714e-17 1.7006585125390329e-16
2242.2876849154427 -1.5443824967896302e-16 1.61434630714832e-16
2242.6786020554646 2.3496854633539026e-16 1.7377752384881608e-16
2243.0695185222667 3.2261100617744565e-16 1.751927140768842e-16
2243.460434315849 -3.7871575048218925e-17 1.6413767069331959e-16
2243.851349436211 2.071651548576651e-16 1.7240363805582226e-16
2244.242263883354 -1.6982410711934495e-16 1.6008438694095634e-16
2244.6331776572765 1.5931296026399462e-16 1.718245858389453e-16
2245.0240907579796 -8.470111784497307e-17 1.6293682407946765e-16
2245.4150031854624 -1.3380383675587764e-16 1.6281191864825467e-16
2245.805914939726 -9.286428723747598e-18 1.6592489117191236e-16
2246.196826020769 2.5462695336984523e-16 1.7350523907169852e-16
2246.587736428593 7.082103812133425e-17 1.6904872012960261e-16
2246.9786461631966 2.057675358369075e-16 1.7313067652214692e-16
2247.369555224581 -4.301158680201384e-17 1.6389439002665996e-16
2247.760463612745 1.9368585304997665e-16 1.6794955061199346e-16
2248.151371327689 -6.480310740590867e-17 1.6394711179237699e-16
2248.5422783694135 -1.5221835157512137e-16 1.6013477680297298e-16
2248.933184737918 3.7835122962350525e-17 1.6873664658385525e-16
2249.3240904332033 3.9130678137819256e-17 1.6669364581813113e-16
2249.7149954552683 2.0802732566350523e-16 1.715312402015199e-16
2250.1058998041135 1.7933447319534e-16 1.6979123349325582e-16
2250.496803479739 3.1947096214738644e-17 1.6653243669494205e-16
2250.8877064821445 -2.5499258094798367e-16 1.5845146630454396e-16
2251.2786088113303 -1.3509512445449253e-17 1.6486071859446076e-16
2251.669510467296 -4.8289839197856756e-17 1.620946687408968e-16
2252.060411450042 1.9353183806086258e-16 1.729568757351689e-16
2252.4513117595684 1.0137777411017152e-16 1.671724364231132e-16
2252.842211395875 2.0703330260147358e-18 1.6779907457437129e-16
2253.2331103589618 -8.469053899237678e-17 1.6364657046008938e-16
2253.6240086488287 2.0304817347566583e-16 1.7071182305791925e-16
2254.0149062654755 -1.4904510824857676e-16 1.599148054293695e-16
2254.405803208903 1.1504273308606993e-16 1.700665044882901e-16
2254.79669947911 7.639726769609763e-17 1.662344944919514e-16
2255.1875950760973 8.048274916633665e-18 1.6331511402790626e-16
2255.5784899998653 1.0722086561149715e-18 1.6698675282840052e-16
2255.969384250413 1.9986601782900056e-16 1.699772767169803e-16
2256.3602778277414 -1.488346457025222e-16 1.6066151158431716e-16
2256.751170731849 1.4844377225711164e-17 1.6628636194801457e-16
2257.142062962738 -1.2258335500678662e-16 1.6039784733665801e-16
2257.5329545204063 -1.0309936443041125e-16 1.6053223492356032e-16
2257.923845404855 2.8400768264569327e-17 1.681456707158385e-16
2258.3147356160844 7.945855911111542e-17 1.6737355305862615e-16
2258.7056251540935 9.288691370749832e-17 1.6694300263247505e-16
2259.0965140188828 1.6295990125846106e-16 1.6962743340414142e-16
2259.4874022104523 -2.2049663599714488e-16 1.5883364777260247e-16
2259.8782897288015 1.643653847329104e-16 1.7016786629240934e-16
2260.269176573932 3.31632576409371e-17 1.665300499611494e-16
2260.6600627458415 3.6653045631832357e-17 1.6661283677086397e-16
2261.050948244532 1.095257319982951e-16 1.6796908447989684e-16
2261.4418330700023 1.5486571423801568e-16 1.687914986834172e-16
2261.8327172222525 2.7609057656733563e-16 1.7358744018397984e-16
2262.2236007012834 1.942771153297801e-16 1.714249174324512e-16
2262.6144835070945 -1.4821227484187735e-16 1.5869788469925443e-16
2263.0053656396854 2.0569911597877294e-16 1.726010230505147e-16
2263.3962470990564 -8.057190292161546e-17 1.6369149278904747e-16
2263.787127885208 6.423146589285008e-17 1.6473060595925955e-16
2264.17800799814 -3.907402945272795e-16 1.5306732827985643e-16
2264.5688874378516 -1.5593046367515477e-16 1.602479892111959e-16
2264.9597662043434 4.660474723590769e-16 1.776289226569567e-16
2265.350644297616 9.660253613752082e-17 1.6901965146488004e-16
2265.741521717668 -1.1179924394786596e-16 1.6062951315933174e-16
2266.1323984645005 -5.877355476537099e-17 1.606468529048504e-16
2266.523274538113 -6.127715845612384e-17 1.644723299452186e-16
2266.914149938506 -6.62086523558664e-17 1.6366237327989587e-16
2267.305024665679 -1.3419661481989582e-16 1.5961820936285777e-16
2267.6958987196326 2.1793234135388257e-16 1.7177978374306028e-16
2268.0867721003656 2.6731829499803996e-16 1.698789271625303e-16
2268.4776448078796 1.3412252310046461e-16 1.6949110171312744e-16
2268.868516842173 -1.2787893530937341e-16 1.6145701850200768e-16
2269.259388203247 1.2378224574275403e-16 1.660823873807011e-16
2269.650258891101 1.4707605503424074e-16 1.6997375432239387e-16
2270.0411289057356 -1.2888070662667347e-16 1.580718232269927e-16
2270.4319982471497 -7.855725709865365e-17 1.6286373853141317e-16
2270.8228669153445 -8.022362920227646e-17 1.622952158047609e-16
2271.2137349103195 1.6732123365974497e-16 1.6938556023890935e-16
2271.6046022320743 -4.843000937483833e-17 1.6223316920568934e-16
2271.995468880609 -4.006711258813241e-17 1.6190146278232795e-16
2272.386334855925 -5.3103597394423855e-18 1.622383108590282e-16
2272.7772001580206 2.8027287048877126e-16 1.6975262845813847e-16
2273.168064786896 4.981617751360958e-17 1.667107826946531e-16
2273.558928742552 2.0740935358223775e-16 1.7123944891439938e-16
2273.949792024988 2.5545022715788155e-17 1.6407579636827728e-16
2274.3406546342044 2.6112244154307568e-18 1.638063652979965e-16
2274.7315165702007 1.564988119309584e-17 1.6310969897753813e-16
2275.1223778329772 -8.348570162016826e-17 1.5939601703661326e-16
2275.5132384225344 -2.452186899867134e-16 1.5746478152505526e-16
2275.9040983388713 -3.727133059550947e-17 1.637613992943588e-16
2276.2949575819885 -9.771696859620865e-17 1.609299779891943e-16
2276.685816151886 -8.346308951166706e-18 1.6233610492266974e-16
2277.076674048563 2.0128648677143997e-16 1.6941987812140474e-16
2277.467531272021 -1.910000520697261e-16 1.57164530227324e-16
2277.8583878222585 2.520104357967811e-16 1.7138863308886853e-16
2278.2492436992766 -3.3695332587399643e-16 1.5174199177056368e-16
2278.640098903075 4.289976428499644e-16 1.779171867246173e-16
2279.0309534336534 1.4897613240391809e-16 1.6582082050315484e-16
2279.421807291012 -1.1697049260374676e-16 1.6130238894720164e-16
2279.8126604751506 7.495432104028901e-17 1.6561020750215912e-16
2280.2035129860697 -3.109434046201893e-17 1.589920478568355e-16
2280.5943648237685 5.0533069675749295e-17 1.6580080478730043e-16
2280.985215988248 -8.338486952189217e-17 1.6032653986606295e-16
2281.3760664795072 -1.2670296321369526e-16 1.575503280722541e-16
2281.766916297547 -8.207356589339251e-18 1.6335460139019566e-16
2282.157765442367 -1.0673586859498271e-16 1.598118915310471e-16
2282.548613913967 1.8339950553597322e-16 1.6729093913562586e-16
2282.939461712347 5.551587184702565e-17 1.684140919950259e-16
2283.3303088375073 3.420439173056745e-17 1.6417270938070306e-16
2283.721155289448 1.3359956395699352e-16 1.647707189109493e-16
2284.1120010681684 1.3250082277794975e-16 1.6701753222780756e-16
2284.5028461736692 1.4036808434510917e-16 1.6910405855337133e-16
2284.8936906059503 -1.025524853686654e-16 1.593388455359112e-16
2285.284534365012 1.9040282679140802e-16 1.7073747085688046e-16
2285.675377450853 1.4162501016603546e-16 1.659014199670575e-16
2286.0662198634745 2.767669431848879e-16 1.7081586072163742e-16
2286.4570616028764 1.5564938729827603e-16 1.69545258823252e-16
2286.8479026690584 2.542755053870954e-16 1.694237251417472e-16
2287.2387430620206 -7.40329650509152e-17 1.613811033376217e-16
2287.629582781763 -6.748715563832506e-17 1.6069876637419945e-16
2288.020421828285 1.4163513222052365e-16 1.6720054916703946e-16
2288.411260201588 2.635950118434073e-16 1.726758887388948e-16
2288.8020979016705 2.2858884041466652e-17 1.6346782127770528e-16
2289.1929349285338 9.019973568765641e-17 1.6568709981603943e-16
2289.583771282177 -1.7000166469265254e-16 1.5920656636961296e-16
2289.974606962601 7.9205855313941e-17 1.6683657644458022e-16
2290.365441969804 -7.70731759830779e-17 1.621929958252638e-16
2290.7562763037877 -4.9383819763094424e-17 1.616661938107754e-16
2291.1471099645514 -9.638949519595701e-18 1.6349574953124842e-16
2291.5379429520954 -9.78454599163554e-17 1.6069322119384325e-16
2291.92877526642 -5.201086912430265e-18 1.6428425578050882e-16
2292.3196069075243 1.235863868762836e-16 1.67656228321497e-16
2292.710437875409 1.541894794738068e-16 1.6812957767661731e-16
2293.1012681700736 4.8582298429647036e-17 1.6451014275931082e-16
2293.492097791519 2.1415828302683496e-16 1.7064340589798248e-16
2293.882926739744 1.030081537350826e-16 1.671936149132183e-16
2294.273755014749 2.6238374775389895e-17 1.6280838857322657e-16
2294.6645826165345 4.71561271095639e-16 1.7730111201004124e-16
2295.0554095451002 2.3891575595560403e-16 1.7162450290167959e-16
2295.446235800446 -6.866652794666209e-18 1.6580156602998797e-16
2295.8370613825723 1.6922541852372765e-16 1.688028737808606e-16
2296.227886291478 9.666017265068197e-17 1.687760861572848e-16
2296.618710527165 -1.4471705369811775e-16 1.587225392137329e-16
2297.0095340896314 1.4703240059629046e-17 1.6328028523555656e-16
2297.4003569788783 3.8978018379878095e-16 1.7710623382047165e-16
2297.791179194905 -2.0688594481700115e-17 1.6213011175707334e-16
2298.1820007377123 -1.2309037709403344e-16 1.6143675796517526e-16
2298.5728216073 1.395546883339371e-16 1.6908577915888929e-16
2298.963641803667 1.8422676099818542e-16 1.6937764072913692e-16
2299.3544613268145 -2.2104491999019226e-16 1.5720618775162803e-16
2299.7452801767427 9.70205320776563e-17 1.668506975298893e-16
2300.13609835345 1.2559364049597075e-17 1.653482363364606e-16
2300.5269158569386 -5.721201921310038e-17 1.6352422084423847e-16
2300.917732687207 2.312656547094817e-16 1.7238208165448024e-16
2301.3085488442553 1.7404943161447173e-16 1.6969590599958961e-16
2301.699364328084 8.715860385597575e-17 1.6535235225239358e-16
2302.0901791386927 -3.416833535930684e-17 1.6473622071737066e-16
2302.4809932760822 3.4469309068435793e-17 1.6565951356549485e-16
2302.871806740251 -1.335173140489414e-18 1.6436523514505953e-16
2303.2626195312005 -6.431229731514483e-17 1.6297536499983356e-16
2303.6534316489306 1.597141550996057e-16 1.6856233783827526e-16
2304.04424309344 -1.0681774232834818e-17 1.6293165810224586e-16
2304.43505386473 2.873435299136986e-16 1.7300649824117517e-16
2304.8258639628 -5.616913264766789e-17 1.603488053383132e-16
2305.21667338765 4.913667320617749e-17 1.6468811007076449e-16
2305.607482139281 2.148920536849402e-16 1.7189904120023589e-16
2305.9982902176916 -4.771224758575412e-17 1.6356788605445696e-16
2306.389097622882 2.460713572217826e-16 1.7122700609057875e-16
2306.7799043548534 1.7651919674415216e-16 1.686312286769335e-16
2307.170710413605 -1.4069259662197876e-16 1.5929613613941356e-16
2307.561515799136 1.0376547145915823e-18 1.6305129185777403e-16
2307.9523205114474 -1.649402724145736e-17 1.652303199436846e-16
2308.3431245505394 -3.2975107193158396e-17 1.6406207169932208e-16
2308.733927916411 3.084883379162056e-16 1.716113979773361e-16
2309.124730609063 1.3724708978933242e-16 1.6693912871845014e-16
2309.5155326284957 -9.126856646475247e-17 1.623962598673393e-16
2309.906333974708 2.2579502806313506e-16 1.6896195213956682e-16
2310.2971346477007 -9.869669786854415e-17 1.6040051425677328e-16
2310.687934647474 1.5251868656395476e-16 1.68190216734783e-16
2311.0787339740264 1.6751899200935785e-16 1.676078512527597e-16
2311.4695326273595 -6.912778034016896e-17 1.6070416453820427e-16
2311.8603306074733 3.2738966954411486e-16 1.7222629065265368e-16
2312.2511279143664 1.1532135459736384e-16 1.65991750803198e-16
2312.64192454804 1.22072695919175e-16 1.670603090956716e-16
2313.032720508494 1.5465747410613337e-16 1.68753768302471e-16
2313.4235157957282 5.142189577298177e-18 1.6404030940358836e-16
2313.8143104097426 1.7958826284567238e-16 1.6833701976299954e-16
2314.2051043505367 3.1956833105612233e-16 1.7381967632039947e-16
2314.5958976181114 1.5576421999781152e-16 1.6583131938847545e-16
2314.9866902124663 7.75755407689072e-18 1.6374893250748537e-16
2315.377482133601 2.644268531938739e-16 1.7121168850318501e-16
2315.7682733815163 1.591578719437313e-16 1.6505545860407742e-16
2316.159063956212 1.8324359734307398e-16 1.686222973554594e-16
2316.549853857687 2.6191604607752684e-17 1.6475566462552505e-16
2316.9406430859426 6.0616328214429174e-18 1.627796120963697e-16
2317.3314316409783 2.137678199327656e-16 1.68615617727016e-16
2317.7222195227946 2.468215403484132e-16 1.7033283013019302e-16
2318.1130067313907 1.3473235042311858e-16 1.6451721341086403e-16
2318.503793266767 -6.640662805048045e-17 1.6020973738039672e-16
2318.8945791289234 -3.625011880825111e-16 1.5188283419212782e-16
2319.28536431786 -8.675517891723899e-17 1.5639412869949598e-16
2319.6761488335774 7.691181092295776e-17 1.654524969526869e-16
2320.066932676074 4.886337268938463e-17 1.6367804594990865e-16
2320.4577158453517 -1.8024451654282473e-17 1.6187935034225369e-16
2320.8484983414087 3.1094508500124995e-16 1.7167449376801977e-16
2321.239280164247 1.0201293607830203e-16 1.6445610072373275e-16
2321.630061313864 5.098297041703488e-17 1.6527677587166996e-16
2322.0208417902622 4.411366421368751e-16 1.7511094217959239e-16
2322.41162159344 -2.0182411585353798e-16 1.545320768237474e-16
2322.802400723399 3.956709100083072e-17 1.621817479980385e-16
2323.193179180137 1.3728314545162537e-16 1.666724316932518e-16
2323.583956963656 8.876106066320985e-17 1.6553890547347998e-16
2323.9747340739546 1.4075654420974594e-16 1.6845737244872908e-16
2324.3655105110333 6.759369780413899e-18 1.627806529544366e-16
2324.7562862748932 2.92930310254663e-16 1.709848414545645e-16
2325.1470613655324 -3.474751446419082e-17 1.6024629347856715e-16
2325.537835782952 1.7884828491311678e-16 1.672589514397833e-16
2325.9286095271514 1.7703771964858843e-16 1.6871000827490853e-16
2326.3193825981316 8.056650207158406e-17 1.6482610180904176e-16
2326.7101549958916 -6.459804995273822e-17 1.6023758110180334e-16
2327.100926720432 -5.698167290912884e-17 1.600854201923839e-16
2327.491697771752 -2.1123891498720717e-16 1.5496139406972752e-16
2327.882468149853 1.0554852998373611e-16 1.6607553635664748e-16
2328.273237854734 1.8599422740952e-16 1.6837003906148494e-16
2328.664006886395 2.5310334312030603e-16 1.7124442400964458e-16
2329.0547752448356 9.786359146362401e-17 1.6505021525187838e-16
2329.4455429300574 4.8510224418324865e-17 1.6417842392105416e-16
2329.8363099420585 -1.2040773865050041e-16 1.5906471305001345e-16
2330.2270762808407 6.794558660544781e-17 1.6261918436694952e-16
2330.617841946402 4.164612148273741e-16 1.7591515412124212e-16
2331.008606938744 -2.109411375261874e-16 1.5705116710437094e-16
2331.3993712578663 -6.61220352187847e-17 1.6057812856467728e-16
2331.790134903769 2.0225717599059677e-16 1.7071144010504142e-16
2332.1808978764516 5.648276911907123e-16 1.7798043594619636e-16
2332.5716601759145 1.6046201837713832e-16 1.6818689005135427e-16
2332.962421802157 -5.1111213931708954e-17 1.6305328516768908e-16
2333.35318275518 -3.4850190734793684e-17 1.604157413925033e-16
2333.7439430349837 2.2003044281190534e-16 1.686648903502617e-16
2334.134702641567 -5.863716691296494e-17 1.614366181184534e-16
2334.525461574931 2.172538775627223e-16 1.6921765450487155e-16
2334.9162198350746 6.629467363709025e-17 1.6476054277241738e-16
2335.306977421999 -2.270561524666557e-16 1.5680584696166306e-16
2335.697734335703 2.0383505060153388e-16 1.6750495219053924e-16
2336.0884905761873 3.122366017258414e-16 1.719003436855437e-16
2336.4792461434517 1.626850217414297e-16 1.670412466862856e-16
2336.8700010374964 -7.453966453128457e-17 1.575403400349098e-16
2337.2607552583213 1.7829456849279148e-16 1.6775727066379296e-16
2337.6515088059264 1.4001632017267322e-16 1.670623104718664e-16
2338.042261680312 -1.6884264791501036e-17 1.6136598792079264e-16
2338.433013881477 2.636376321020828e-16 1.715400775121027e-16
2338.823765409423 1.5481957938738718e-16 1.6611361251010348e-16
2339.2145162641486 -3.670039135929269e-17 1.6324557598423414e-16
2339.6052664456547 -1.7036308936447715e-16 1.586647637949233e-16
2339.996015953941 -6.713006586063303e-18 1.6216747787447672e-16
2340.386764789007 1.3260297071258987e-16 1.682771173370143e-16
2340.7775129508536 6.145367533930454e-17 1.6396040407547566e-16
2341.1682604394805 3.5079955016818464e-16 1.7196691388203143e-16
2341.559007254887 1.0002548639911046e-16 1.667794975191662e-16
2341.9497533970743 3.2278811622887e-17 1.6368264731651105e-16
2342.3404988660413 5.417918850911251e-17 1.6275472121097228e-16
2342.7312436617885 -1.3139779925160004e-16 1.606163085057374e-16
2343.1219877843164 -1.6142677725832303e-17 1.6080147107288332e-16
2343.512731233624 1.223956836716327e-16 1.6557408279718217e-16
2343.9034740097118 9.603592080156074e-17 1.662229672054098e-16
2344.29421611258 -8.372097783593048e-18 1.6061270528683487e-16
2344.6849575422284 2.1058509936194968e-16 1.687539470642012e-16
2345.0756982986572 1.674153418942575e-16 1.6734793295348924e-16
2345.4664383818654 -2.0702695182833542e-16 1.5869307085270084e-16
2345.857177791854 5.0847888644797055e-18 1.6229995446035128e-16
2346.2479165286236 1.5009466541765626e-17 1.637831500843542e-16
2346.6386545921723 1.3648182641821208e-16 1.6720691019522367e-16
2347.0293919825017 -1.4197874766952514e-16 1.5801891164294434e-16
2347.4201286996113 4.215715775787502e-17 1.6459707262558987e-16
2347.810864743501 3.6735239141232973e-16 1.7036543815319485e-16
2348.2016001141706 1.5085635497796683e-16 1.691881188069019e-16
2348.592334811621 8.265347993642818e-17 1.6598337371345917e-16
2348.983068835851 2.0969861988937879e-16 1.6950540585967767e-16
2349.3738021868617 1.1643097969925232e-16 1.6585261976756637e-16
2349.7645348646524 -2.0277297167470178e-16 1.551850468565876e-16
2350.155266869223 1.9929647980276936e-16 1.679232411170071e-16
2350.5459982005736 3.9996853166932694e-16 1.7560335099868893e-16
2350.9367288587055 1.0682771487238785e-16 1.6620194619473042e-16
2351.327458843616 4.4742490122928265e-17 1.6226648423433285e-16
2351.718188155308 1.051299051326202e-17 1.6208439872821221e-16
2352.10891679378 4.055617640721608e-17 1.6199667949173551e-16
2352.4996447590315 7.247602177126227e-17 1.6443692575465543e-16
2352.8903720510634 4.404920355418586e-16 1.7524590144028554e-16
2353.2810986698755 -2.3941984274228155e-16 1.5546822948056651e-16
2353.671824615468 -1.6562239759267153e-17 1.61273113014232e-16
2354.0625498878403 2.8699641805944466e-17 1.6179242805256913e-16
2354.453274486993 1.0685843256635243e-16 1.6471302997952434e-16
2354.8439984129263 3.240099136337049e-16 1.6938695755449082e-16
2355.2347216656394 8.046742164453402e-18 1.6153378971514784e-16
2355.6254442451323 1.8680798768735569e-16 1.6852843602131643e-16
2356.016166151406 1.285649867345748e-16 1.6585548104024405e-16
2356.40688738446 2.83747872029126e-16 1.7120985698784798e-16
2356.7976079442933 2.785536010160202e-16 1.7079862400778432e-16
2357.1883278309074 2.8787146697379025e-16 1.7047197631599803e-16
2357.5790470443017 6.540800225230668e-17 1.637766107055752e-16
2357.969765584476 1.5238510583979047e-17 1.6409132139257323e-16
2358.3604834514304 4.3325918849737086e-16 1.766788737068968e-16
2358.7512006451648 1.469539982983885e-16 1.644351505495462e-16
2359.1419171656803 1.7761012490350207e-16 1.6820438496613686e-16
2359.532633012975 5.481849071623359e-16 1.7850661420561168e-16
2359.92334818705 -2.9404161809322113e-18 1.5977046764407509e-16
2360.3140626879053 1.338079574830083e-16 1.6732712179033706e-16
2360.704776515541 7.281111677128039e-17 1.6460243655768448e-16
2361.0954896699573 5.4053100648529355e-17 1.6313727458902984e-16
2361.4862021511526 1.6734749254750114e-16 1.670432437366068e-16
2361.876913959129 1.8072210960937878e-16 1.6637146666535998e-16
2362.2676250938853 2.313022250934028e-16 1.6796452446548883e-16
2362.658335555422 7.361605609775153e-17 1.6477046963598181e-16
2363.0490453437383 7.762671502615493e-18 1.626524417300784e-16
2363.439754458835 -1.1931784941077683e-17 1.6082595842897503e-16
2363.830462900712 2.733005847782707e-16 1.6925924378952403e-16
2364.2211706693693 -2.368398619160997e-16 1.5481423979525933e-16
2364.611877764807 -1.1841764729622795e-16 1.5855710934813944e-16
2365.0025841870242 7.570089376891941e-17 1.642312446472145e-16
2365.3932899360216 2.3649758325825245e-16 1.6965433558196169e-16
2365.7839950117996 8.665878534107707e-17 1.6331695978254434e-16
2366.174699414358 2.246654806878377e-16 1.693703267765077e-16
2366.565403143696 2.643944421789801e-16 1.6993846037796995e-16
2366.9561061998147 1.971808950420043e-16 1.6870675440824539e-16
2367.346808582713 4.502396807128047e-16 1.748890383692957e-16
2367.737510292392 -1.4291219594161746e-17 1.6186539895446224e-16
2368.1282113288507 2.6335767524303225e-17 1.6224937661442e-16
2368.51891169209 2.5595296946470784e-16 1.696821332338689e-16
2368.9096113821092 -1.455984884617895e-16 1.5612176490697048e-16
2369.300310398909 1.5689577574634447e-16 1.6747544642795984e-16
2369.6910087424885 -2.0669740667105471e-16 1.580753951737097e-16
2370.0817064128487 8.822378830211558e-17 1.638918994495352e-16
2370.472403409988 -2.5575122378548907e-16 1.5567247847437446e-16
2370.8630997339087 -3.6609338538861305e-17 1.6190792464444442e-16
2371.253795384609 1.513201972109484e-16 1.668582077892324e-16
2371.6444903620895 9.885617134437124e-17 1.659931406020615e-16
2372.0351846663502 1.6617144894895026e-16 1.6961810104965973e-16
2372.4258782973916 1.8383760729781925e-16 1.6702743165827518e-16
2372.8165712552122 -7.977572320832608e-17 1.5879370387653912e-16
2373.207263539814 -3.646615062729961e-19 1.6431540890642248e-16
2373.597955151195 8.757275211422478e-17 1.6465998318983778e-16
2373.9886460893567 3.098730239425719e-17 1.647544493492275e-16
2374.3793363542986 -7.157697179017428e-17 1.5968620911237177e-16
2374.7700259460203 7.584178485586068e-17 1.652792626754388e-16
2375.1607148645226 -7.472387702390733e-17 1.6006441279911463e-16
2375.551403109805 5.4744560324467656e-17 1.6338171598618296e-16
2375.9420906818677 4.3638251606349807e-17 1.664707237740997e-16
2376.3327775807106 1.8006382038944134e-16 1.6721313429691974e-16
2376.7234638063333 9.294877121474106e-17 1.6462609011491025e-16
2377.114149358736 1.5088710895342682e-17 1.6354345422096787e-16
2377.5048342379196 -1.998283397464497e-17 1.6186987930447613e-16
2377.895518443883 6.450790942777818e-17 1.6511169025401568e-16
2378.286201976626 -1.0806370645892802e-16 1.599618457590381e-16
2378.6768848361503 2.636772795450639e-16 1.7066033158227678e-16
2379.067567022454 8.980167437278403e-17 1.6480221583399305e-16
2379.4582485355386 1.6449741832940706e-16 1.6967542600091915e-16
2379.8489293754023 -5.4223519450223536e-17 1.618737246010985e-16
2380.2396095420468 2.1740874336924312e-16 1.6691880516115876e-16
2380.630289035472 -2.243518114585218e-16 1.5689740051497988e-16
2381.0209678556766 2.39156849017095e-16 1.7056005757049864e-16
2381.4116460026617 2.5091342448951804e-16 1.710699798452557e-16
2381.8023234764264 -8.568206649130684e-17 1.6223627279468676e-16
2382.1930002769723 -1.7181484670338774e-16 1.5851143688545164e-16
2382.5836764042974 2.587449669340674e-17 1.6290497659583722e-16
2382.974351858403 3.0859818255412173e-16 1.7516955038159409e-16
2383.365026639289 -9.500073171726251e-17 1.5999836221852793e-16
2383.755700746955 4.302150311818146e-17 1.633638395952258e-16
2384.1463741814014 1.3832464386886803e-16 1.6779570064444837e-16
2384.537046942628 1.3199271174154296e-17 1.6360564189907515e-16
2384.9277190306343 6.65910861459678e-17 1.6475575413994372e-16
2385.3183904454218 -2.2833611446552e-16 1.5633367170902396e-16
2385.709061186988 1.2829021657984148e-16 1.6777703397297738e-16
2386.0997312553354 7.534370072027145e-17 1.6449358369822884e-16
2386.490400650463 2.494087465060833e-16 1.694670043673661e-16
2386.88106937237 -9.03016687216791e-17 1.5967963037417197e-16
2387.271737421058 1.6419520775299594e-16 1.6985472123550214e-16
2387.662404796526 -7.5326699875559e-18 1.6247499564116282e-16
2388.053071498774 1.1089510064128645e-16 1.6822293928148248e-16
2388.443737527802 -5.3234379142438805e-17 1.6241138596226038e-16
2388.8344028836104 1.641378491598079e-16 1.6705681789560066e-16
2389.2250675661994 1.0498024435086644e-18 1.643326019193992e-16
2389.615731575568 1.1279434239157083e-16 1.6688908253485227e-16
2390.0063949117166 1.6323878950974113e-16 1.6797654065811653e-16
2390.397057574646 4.970805543858182e-17 1.6675007452685142e-16
2390.787719564355 1.6460228375268636e-17 1.6309801527372624e-16
2391.1783808808445 3.4120142286604467e-16 1.7294347116204114e-16
2391.5690415241143 -2.7863330122969736e-17 1.6303314852519925e-16
2391.959701494164 -8.116332253489037e-17 1.6047546981163582e-16
2392.350360790994 1.421679060729939e-16 1.6735039455160572e-16
2392.7410194146046 5.058858032433229e-17 1.6691386424788757e-16
2393.131677364994 -8.946758687669253e-17 1.5918996070311418e-16
2393.522334642165 1.3000440119614132e-16 1.6828639470600922e-16
2393.9129912461153 2.861045211649858e-17 1.642173310423334e-16
2394.3036471768464 -1.338212019447076e-16 1.5608328160108079e-16
2394.6943024343577 -3.869939310244399e-17 1.6378397151930606e-16
2395.0849570186488 2.8395339086087246e-16 1.711886718677036e-16
2395.47561092972 1.1994308942194873e-16 1.6733111077394653e-16
2395.866264167572 -1.4412002086925383e-16 1.6107190000193895e-16
2396.2569167322035 -1.5722801400187918e-16 1.5892874855375833e-16
2396.6475686236154 2.7439334222780628e-17 1.6342912398868383e-16
2397.0382198418074 1.5141141494259523e-16 1.6746135602973975e-16
2397.42887038678 3.4422450342099346e-17 1.6516839824340661e-16
2397.8195202585325 3.6341922932185965e-17 1.6124548492665184e-16
2398.210169457065 6.320974632508513e-18 1.641157882963895e-16
2398.600817982378 1.2890932956314962e-16 1.6875454789749676e-16
2398.991465834471 -2.5727500160794024e-16 1.5444443588731855e-16
2399.382113013344 3.417866134232177e-16 1.7437635562023245e-16
2399.7727595189976 8.618585686168309e-17 1.6601990572994727e-16
2400.1634053514313 -9.543227050245166e-17 1.5929558880595844e-16
2400.554050510645 1.5307763022516264e-16 1.688152667834866e-16
2400.9446949966386 6.730383832512475e-17 1.6521077516525284e-16
2401.335338809413 1.0839952092419695e-16 1.6772319951773554e-16
2401.7259819489673 1.4232419534300224e-17 1.637285846809264e-16
2402.1166244153014 9.494823589677554e-17 1.6666095419736566e-16
2402.5072662084162 -1.5076062628832784e-16 1.5980522829553947e-16
2402.897907328311 1.8833273353602414e-16 1.6905694671886085e-16
2403.288547774986 -3.109805460291172e-17 1.6312004343762436e-16
2403.6791875484414 1.4679995896458638e-16 1.6924214608023176e-16
2404.0698266486766 4.9087400260983235e-17 1.6414171883685906e-16
2404.4604650756924 -1.6304225949759393e-16 1.58965057250869e-16
2404.8511028294874 1.417571804982861e-17 1.6342586460652516e-16
2405.2417399100636 2.060292677603354e-16 1.6725537429046675e-16
2405.6323763174196 8.693884876108007e-17 1.6826473810480527e-16
2406.0230120515557 -1.274105372370498e-17 1.633784105640859e-16
2406.413647112472 6.003306633017987e-17 1.6629292308613901e-16
2406.804281500169 2.5284318751522965e-16 1.714617867501042e-16
2407.194915214646 -1.4158723459249152e-16 1.5858373539453221e-16
2407.5855482559027 3.34564234386126e-16 1.7202710885409866e-16
2407.9761806239394 1.690781439861333e-16 1.7047636642092412e-16
2408.3668123187567 9.37710840412957e-17 1.672980985009708e-16
2408.7574433403543 -2.771747910652324e-17 1.6100439980835223e-16
2409.148073688732 1.347169916082719e-16 1.679865804673283e-16
2409.53870336389 3.811043095074792e-16 1.7527477794532972e-16
2409.9293323658276 -9.983360371514815e-17 1.5939361213974636e-16
2410.3199606945464 2.325615892538042e-16 1.7129241334130884e-16
2410.710588350044 8.744269985729841e-17 1.6643749048569035e-16
2411.101215332323 -1.1335599571928676e-16 1.5869505611408469e-16
2411.4918416413816 -2.274959709283219e-17 1.6313771059645121e-16
2411.8824672772207 -1.2902597617935404e-16 1.5666076931091296e-16
2412.2730922398396 1.338485397868007e-16 1.6901168253079077e-16
2412.663716529239 1.5939386489037072e-16 1.6775856499415136e-16
2413.054340145418 -3.5749894925188415e-17 1.6156156904456857e-16
2413.444963088378 3.516909908212739e-17 1.6615472166833564e-16
2413.8355853581174 3.9459028543271714e-16 1.74754186288436e-16
2414.2262069546377 1.0004048346338088e-17 1.6509727117377692e-16
2414.616827877938 3.8316543969346737e-17 1.6452370428859859e-16
2415.007448128018 1.0379119833441208e-16 1.6756591464891243e-16
2415.3980677048785 3.376332523282094e-16 1.744534227603935e-16
2415.788686608519 2.1580702729410513e-16 1.7018031928127394e-16
2416.17930483894 3.016646483950731e-16 1.739211724127171e-16
2416.569922396141 1.3159033477627054e-16 1.6781510644594733e-16
2416.9605392801222 1.244321566619604e-16 1.6924164114561355e-16
2417.3511554908837 -3.805903311494261e-17 1.6170329182493452e-16
2417.7417710284253 1.2049110043610825e-17 1.6487662887088265e-16
2418.1323858927467 4.815021937330295e-16 1.7796746050188282e-16
2418.523000083849 1.5528103802452068e-16 1.6827250491438632e-16
2418.913613601731 -1.2857586621407563e-16 1.612242378716325e-16
2419.304226446393 -6.580448490590202e-17 1.617468407598833e-16
2419.6948386178356 -1.492036854509427e-16 1.6140248580671353e-16
2420.0854501160584 3.691062535839033e-16 1.7591425021732857e-16
2420.4760609410614 -3.6708768773704354e-17 1.6506386098084898e-16
2420.866671092844 3.0332029588385535e-16 1.739666822763388e-16
2421.257280571407 3.480652042497404e-16 1.7648570279394268e-16
2421.6478893767508 4.8755279013863214e-17 1.65601117733643e-16
2422.038497508874 -1.9106647989592245e-17 1.6266784114704212e-16
2422.4291049677777 1.2768665249268454e-16 1.6939885808657297e-16
2422.8197117534614 7.112873773921053e-17 1.6479102596403292e-16
2423.210317865926 -8.891149549429815e-18 1.6560267121896679e-16
2423.60092330517 -3.440875816541007e-17 1.648550200908016e-16
2423.991528071194 -3.662099793903024e-18 1.6558654335799717e-16
2424.382132163999 2.3971360110405903e-17 1.6502830422655563e-16
2424.772735583584 2.0480164969247588e-16 1.702796470362496e-16
2425.1633383299486 1.7841006826538656e-16 1.7019184395323527e-16
2425.5539404030937 -4.166240790152614e-17 1.6280517272643578e-16
2425.944541803019 3.304128098179438e-16 1.7674683126229096e-16
2426.3351425297246 2.6338488358216936e-16 1.728075127816173e-16
2426.72574258321 1.5310209142546833e-18 1.640343368972108e-16
2427.116341963476 1.5255241232114018e-16 1.6904126966502848e-16
2427.506940670522 3.765652997612943e-17 1.643471266148644e-16
2427.897538704348 4.642594264512839e-16 1.797209959958452e-16
2428.2881360649544 1.5186053238394973e-17 1.6609489389088002e-16
2428.678732752341 1.4731278246147742e-16 1.683085506908638e-16
2429.0693287665076 -5.479442968534286e-17 1.6290768892356923e-16
2429.4599241074548 3.2288767780430977e-17 1.653289615928384e-16
2429.8505187751816 1.8291356494592136e-16 1.7046234828650755e-16
2430.2411127696887 3.229193624201178e-16 1.7340428805058563e-16
2430.6317060909764 -1.2117672954441099e-16 1.6323557116659467e-16
2431.022298739044 5.648402056875925e-17 1.670326952785717e-16
2431.4128907138916 1.3654220540616268e-16 1.6942730635855055e-16
2431.80348201552 -3.1000874887237433e-16 1.5469537127937218e-16
2432.194072643928 -6.926550844158716e-17 1.621050170306601e-16
2432.584662599116 -4.7051210184956426e-17 1.6350103839852766e-16
2432.9752518810847 6.953891113831843e-17 1.6969756145860896e-16
2433.3658404898333 2.500637037408943e-16 1.7231487652941593e-16
2433.756428425362 6.322897555860612e-17 1.654061523107523e-16
2434.1470156876712 1.5673392183842983e-16 1.6838317036900047e-16
2434.5376022767605 2.388380842107548e-16 1.7218611598800036e-16
2434.92818819263 3.6459790590510797e-16 1.760585460632496e-16
2435.3187734352796 2.0604975430018294e-16 1.7259794825452732e-16
2435.7093580047094 4.258966023677855e-17 1.6648767579663599e-16
2436.099941900919 9.598341398935702e-17 1.669399661303403e-16
2436.4905251239093 6.943497266239536e-17 1.6709302056186233e-16
2436.8811076736797 6.533653971811776e-17 1.654139290826893e-16
2437.27168955023 1.8203033582864209e-16 1.7129682151936503e-16
2437.6622707535607 2.7114456123266923e-17 1.648363695189254e-16
2438.0528512836718 1.6753223851719692e-16 1.7144739126493876e-16
2438.4434311405626 8.280184554713583e-17 1.6830965831013338e-16
2438.8340103242335 9.930146640158543e-17 1.6885324688255668e-16
2439.224588834685 8.079607047370084e-17 1.6904137842421098e-16
2439.6151666719165 1.1862217973673202e-16 1.677986697439263e-16
2440.0057438359286 2.535255538822782e-16 1.7248422437689336e-16
2440.39632032672 2.404719880604051e-16 1.7429707087969166e-16
2440.7868961442923 1.1164541831008828e-16 1.6747882745116717e-16
2441.1774712886445 1.40342956381139e-16 1.709789381150954e-16
2441.568045759777 1.3426542248636809e-16 1.7010398963331267e-16
2441.95861955769 2.617869995559604e-16 1.7392426487109692e-16
2442.349192682382 2.1981053589357624e-16 1.727909310429751e-16
2442.739765133855 -3.385616237226037e-17 1.6647024120957724e-16
2443.1303369121083 2.38210429134164e-16 1.7150271488948392e-16
2443.5209080171417 -5.805228489911083e-17 1.646343299860046e-16
2443.911478448955 1.4805027705592728e-16 1.7057168286018647e-16
2444.3020482075485 -3.930650319744191e-17 1.6381052763901016e-16
2444.692617292923 -1.7973972054879877e-17 1.6692594003877727e-16
2445.083185705076 9.28359075830686e-18 1.6455868101669904e-16
2445.473753444011 -4.850048933743661e-17 1.661913703495871e-16
2445.864320509725 1.6046070572208451e-16 1.7251129852517585e-16
2446.2548869022194 6.672953760358036e-17 1.6791821105479053e-16
2446.6454526214943 -8.169345145783569e-18 1.6635051649960864e-16
2447.0360176675495 1.8778013154272244e-16 1.717384138721741e-16
2447.4265820403843 1.0069683685434436e-16 1.693147838993037e-16
2447.8171457399994 1.814662948331394e-16 1.706019197402583e-16
2448.207708766395 2.839356206871311e-16 1.7540542181370345e-16
2448.5982711195707 1.2586846273826833e-16 1.6940364310639036e-16
2448.988832799527 3.8915052520269993e-17 1.6962512745296791e-16
2449.379393806262 3.3110745577146537e-16 1.77286458017952e-16
2449.7699541397787 1.4517037916156807e-17 1.6592742090723314e-16
2450.160513800075 -1.1193067498511632e-16 1.6284103451345782e-16
2450.5510727871515 1.7975323482108122e-16 1.7270633758016924e-16
2450.941631101008 2.943161765104092e-16 1.7557273535377615e-16
2451.332188741645 -5.3806558146073824e-17 1.6428507859795367e-16
2451.7227457090617 -7.188178474378838e-17 1.6481425482039033e-16
2452.1133020032594 1.0490557818956873e-16 1.6834226552338402e-16
2452.5038576242364 4.647978537512527e-16 1.812397470771644e-16
2452.8944125719945 -9.181803328111583e-17 1.650478270437443e-16
2453.284966846532 3.231341366588004e-16 1.7724248761979565e-16
2453.67552044785 8.791611688178454e-17 1.6895849153656217e-16
2454.066073375948 9.945018390774411e-17 1.6877343273983635e-16
2454.4566256308262 9.139935872029057e-17 1.7118369996529845e-16
2454.8471772124844 -6.613034070102533e-17 1.6502226063332752e-16
2455.2377281209237 -2.447910934724121e-17 1.641467280187148e-16
2455.6282783561423 1.4768877838149468e-16 1.7436818451481652e-16
2456.018827918141 -3.378351324595539e-17 1.6466691401082203e-16
2456.40937680692 2.1456123656812175e-16 1.734565259058928e-16
2456.79992502248 -6.559715340309291e-17 1.6695039461493213e-16
2457.190472564819 1.3204794534587941e-16 1.7111088997670784e-16
2457.581019433939 1.0480644641304428e-17 1.6654228504601458e-16
2457.9715656298386 1.0079378708489649e-16 1.7217847510075154e-16
2458.362111152519 3.7394727227957e-16 1.7839859286636005e-16
2458.752656001979 1.9828160749705713e-16 1.7207092166759978e-16
2459.1432001782196 1.886873461314926e-16 1.7339166383453938e-16
2459.53374368124 -1.3122198191092922e-16 1.6500375950987486e-16
2459.924286511041 7.743011788123026e-17 1.6726050123847609e-16
2460.314828667622 4.634102428374005e-16 1.814317365230708e-16
2460.705370150983 2.3603500294190578e-17 1.6669193958463278e-16
2461.0959109611244 1.8861410560950773e-18 1.6533041193414555e-16
2461.4864510980456 1.06656367640156e-16 1.7091798726944132e-16
2461.876990561748 -7.824830889246004e-17 1.639960360737516e-16
2462.2675293522293 -4.45368036490793e-17 1.6549432055413292e-16
2462.6580674694915 -9.708424091011486e-17 1.623148399290167e-16
2463.048604913534 9.311389621459262e-17 1.6907502175756434e-16
2463.439141684356 4.146309703923221e-16 1.7977380982823992e-16
2463.8296777819587 6.98323396665656e-17 1.6808612312194824e-16
2464.220213206341 1.1647986322914531e-16 1.6981605331755835e-16
2464.610747957504 3.952341930208226e-17 1.693815506800029e-16
2465.0012820354473 1.5731010967939888e-16 1.7024085078185126e-16
2465.3918154401704 2.150264692230438e-16 1.76067807600383e-16
2465.782348171674 -4.838290369788221e-18 1.6525783777561224e-16
2466.1728802299576 2.5958473563040774e-16 1.7342991578049948e-16
2466.5634116150213 -4.031001114106279e-17 1.6670764968396892e-16
2466.9539423268657 2.0684745817445957e-16 1.7428505284246685e-16
2467.3444723654898 2.9553118806028784e-16 1.731512426160703e-16
2467.735001730894 9.602576605108101e-17 1.708827630003078e-16
2468.1255304230785 1.7260336702411154e-16 1.710249306496812e-16
2468.5160584420432 3.3450717497607163e-16 1.7601757899494485e-16
2468.906585787788 2.0233559960035641e-16 1.743441642553801e-16
2469.297112460313 2.614204210168256e-16 1.743314868457541e-16
2469.6876384596185 -1.4012203434728377e-16 1.624067872537877e-16
2470.078163785704 -8.023241656161255e-17 1.6448715462466704e-16
2470.468688438569 7.413654743017091e-17 1.7079207283007817e-16
2470.859212418215 2.842569764079909e-16 1.7553453142576303e-16
2471.249735724641 2.0779979360429084e-16 1.737668754134988e-16
2471.640258357847 4.09981108191687e-17 1.675413434982103e-16
2472.0307803178334 2.9514828399855556e-16 1.761516932364193e-16
2472.4213016045996 1.6716149232668225e-16 1.7394220343405795e-16
2472.8118222181465 2.841851595109238e-16 1.733509522589511e-16
2473.202342158473 1.0675684708769066e-17 1.6885914501435722e-16
2473.5928614255804 -3.7130859715525065e-17 1.6655435317934e-16
2473.9833800194674 8.251136445510247e-17 1.700468124285711e-16
2474.373897940135 9.803053105082764e-17 1.704406595383947e-16
2474.7644151875825 -3.396361955434112e-17 1.6590840297499074e-16
2475.15493176181 3.8800273382602967e-16 1.7596881902123034e-16
2475.545447662818 4.486305728625763e-16 1.8156617608645926e-16
2475.935962890606 -8.390712454453609e-17 1.668380611414897e-16
2476.326477445174 2.7521698770453685e-16 1.7517436338759244e-16
2476.716991326523 3.0025101842671524e-17 1.680060095569742e-16
2477.1075045346515 1.5560117234550146e-17 1.6767788979194536e-16
2477.4980170695603 2.1339864319813537e-16 1.7270366425702919e-16
2477.8885289312493 1.8187525331243964e-16 1.732065711196293e-16
2478.2790401197185 -7.380155641962061e-17 1.6620171873925202e-16
2478.6695506349674 1.4446027181747038e-16 1.7077495589513635e-16
2479.060060476997 -6.202995856142497e-17 1.662355944273922e-16
2479.450569645807 -1.2144319050895435e-16 1.6503223521466454e-16
2479.841078141397 -1.0906706671325508e-16 1.6373178093557755e-16
2480.231585963767 2.0487506980748598e-17 1.6571915428818101e-16
2480.622093112917 9.82374962404427e-17 1.7180216911699738e-16
2481.0125995888475 2.4788816529795045e-16 1.7570212919032311e-16
2481.4031053915583 -5.571306335736401e-17 1.6678137422550558e-16
2481.7936105210483 1.2937789852110217e-16 1.7050727317094433e-16
2482.1841149773195 -8.741121272990141e-17 1.657110090736833e-16
2482.5746187603704 4.938334709073545e-17 1.6775953410660765e-16
2482.965121870202 3.8855090398095064e-17 1.7219227603390295e-16
2483.3556243068138 6.352094561026745e-17 1.7115373929700534e-16
2483.746126070205 4.252001500408253e-16 1.7947944424054323e-16
2484.136627160377 9.306109662944035e-17 1.7089268650493562e-16
2484.527127577329 9.056359087339322e-17 1.7146913277026733e-16
2484.917627321061 1.6340785348316587e-16 1.7129548203820195e-16
2485.3081263915733 7.737739356966369e-17 1.718251760099656e-16
2485.698624788866 1.389495839029194e-16 1.7324033028279965e-16
2486.089122512939 1.2836759232882497e-16 1.716685126168599e-16
2486.4796195637914 1.9440721490414534e-16 1.72448093887062e-16
2486.8701159414245 1.156536846244473e-16 1.6922069092607672e-16
2487.260611645838 9.890863555879067e-17 1.707472843964063e-16
2487.651106677031 3.0303955812160176e-16 1.7586566499239938e-16
2488.0416010350045 -3.734480045218135e-17 1.6849075230953268e-16
2488.4320947197584 1.699652075161106e-16 1.7688843660272312e-16
2488.8225877312925 -2.3162483749719853e-16 1.7644356438153866e-16
2489.2130800696063 1.1597037857328196e-16 1.6632737874222633e-16
2489.603571734701 5.024557641124826e-16 2.0122037654590698e-16
