wavelength flux error
901.1506958007812 0.0 0.0
902.8939819335938 0.0 0.0
904.6372680664062 0.0 0.0
906.380615234375 0.0 0.0
908.1239624023438 0.0 0.0
909.8673706054688 0.0 0.0
911.6107788085938 0.0 0.0
913.3541870117188 0.0 0.0
915.0975952148438 0.0 0.0
916.841064453125 0.0 0.0
918.5845947265625 0.0 0.0
920.3280639648438 0.0 0.0
922.0715942382812 0.0 0.0
923.815185546875 0.0 0.0
925.5587768554688 0.0 0.0
927.3023681640625 0.0 0.0
929.0459594726562 0.0 0.0
930.7896118164062 0.0 0.0
932.5333251953125 0.0 0.0
934.2769775390625 0.0 0.0
936.0206909179688 0.0 0.0
937.764404296875 0.0 0.0
939.5081787109375 0.0 0.0
941.251953125 0.0 0.0
942.9957275390625 0.0 0.0
944.7395629882812 0.0 0.0
946.4833984375 0.0 0.0
948.227294921875 0.0 0.0
949.9711303710938 0.0 0.0
951.7150268554688 0.0 0.0
953.458984375 0.0 0.0
955.2029418945312 0.0 0.0
956.9468994140625 0.0 0.0
958.6908569335938 0.0 0.0
960.4348754882812 0.0 0.0
962.1788940429688 0.0 0.0
963.9229125976562 0.0 0.0
965.6669921875 0.0 0.0
967.4110717773438 0.0 0.0
969.1552124023438 0.0 0.0
970.8992919921875 0.0 0.0
972.6434326171875 0.0 0.0
974.3876342773438 0.0 0.0
976.1318359375 0.0 0.0
977.8760375976562 0.0 0.0
979.6202392578125 0.0 0.0
981.364501953125 0.0 0.0
983.1087646484375 0.0 0.0
984.85302734375 0.0 0.0
986.5973510742188 0.0 0.0
988.3416748046875 0.0 0.0
990.0859985351562 0.0 0.0
991.830322265625 0.0 0.0
993.57470703125 0.0 0.0
995.319091796875 0.0 0.0
997.0635375976562 0.0 0.0
998.8079833984375 0.0 0.0
1000.5524291992188 0.0 0.0
1002.296875 0.0 0.0
1004.0413818359375 0.0 0.0
1005.785888671875 0.0 0.0
1007.5303955078125 0.0 0.0
1009.2749633789062 0.0 0.0
1011.0194702148438 0.0 0.0
1012.7640991210938 0.0 0.0
1014.5086669921875 0.0 0.0
1016.2532958984375 0.0 0.0
1017.9979248046875 0.0 0.0
1019.7425537109375 0.0 0.0
1021.4872436523438 0.0 0.0
1023.23193359375 0.0 0.0
1024.9765625 0.0 0.0
1026.7213134765625 0.0 0.0
1028.466064453125 0.0 0.0
1030.2108154296875 0.0 0.0
1031.95556640625 0.0 0.0
1033.7003173828125 0.0 0.0
1035.4451904296875 0.0 0.0
1037.18994140625 0.0 0.0
1038.934814453125 0.0 0.0
1040.6796875 0.0 0.0
1042.424560546875 0.0 0.0
1044.16943359375 0.0 0.0
1045.914306640625 0.0 0.0
1047.6591796875 0.0 0.0
1049.4041748046875 0.0 0.0
1051.149169921875 0.0 0.0
1052.89404296875 0.0 0.0
1054.6390380859375 0.0 0.0
1056.384033203125 0.0 0.0
1058.1290283203125 0.0 0.0
1059.8740234375 0.0 0.0
1061.619140625 0.0 0.0
1063.3641357421875 0.0 0.0
1065.1092529296875 0.0 0.0
1066.8543701171875 0.0 0.0
1068.5994873046875 0.0 0.0
1070.3446044921875 0.0 0.0
1072.0897216796875 0.0 0.0
1073.8348388671875 0.0 0.0
1075.5799560546875 0.0 0.0
1077.3251953125 0.0 0.0
1079.0703125 0.0 0.0
1080.8155517578125 0.0 0.0
1082.560791015625 0.0 0.0
1084.3060302734375 0.0 0.0
1086.05126953125 0.0 0.0
1087.7965087890625 0.0 0.0
1089.541748046875 0.0 0.0
1091.287109375 0.0 0.0
1093.0323486328125 0.0 0.0
1094.7777099609375 0.0 0.0
1096.5230712890625 0.0 0.0
1098.2684326171875 0.0 0.0
1100.0137939453125 0.0 0.0
1101.7591552734375 0.0 0.0
1103.5045166015625 0.0 0.0
1105.2498779296875 0.0 0.0
1106.995361328125 0.0 0.0
1108.74072265625 0.0 0.0
1110.4862060546875 0.0 0.0
1112.2315673828125 0.0 0.0
1113.97705078125 0.0 0.0
1115.7225341796875 0.0 0.0
1117.468017578125 0.0 0.0
1119.2135009765625 0.0 0.0
1120.9591064453125 0.0 0.0
1122.70458984375 0.0 0.0
1124.4500732421875 0.0 0.0
1126.1956787109375 0.0 0.0
1127.9412841796875 0.0 0.0
1129.686767578125 0.0 0.0
1131.432373046875 0.0 0.0
1133.177978515625 0.0 0.0
1134.923583984375 0.0 0.0
1136.669189453125 0.0 0.0
1138.414794921875 4.687574350762443e-15 7.442187328638578e-15
1140.1605224609375 -2.7017134409794983e-15 5.788850166365753e-15
1141.9061279296875 6.022590178709998e-15 5.99966523199256e-15
1143.65185546875 1.9310989658109785e-17 4.7213612244789965e-15
1145.3974609375 -1.8427834924645376e-15 3.943588890772259e-15
1147.1431884765625 -1.6247218482157329e-15 3.4754954024717203e-15
1148.888916015625 5.794169109758036e-15 3.82491237508188e-15
1150.634521484375 9.587802503626616e-18 2.856745669557216e-15
1152.3802490234375 -3.950536255005639e-15 2.0389686050263688e-15
1154.1259765625 -1.4982666054542439e-15 2.0683782242297485e-15
1155.871826171875 -4.4045337386353274e-16 1.9442415224031314e-15
1157.6175537109375 -3.1762496736350903e-15 1.3773694870135192e-15
1159.36328125 -7.070467237373383e-16 1.5080595768739245e-15
1161.1090087890625 1.5969756958416422e-15 1.5937813228393094e-15
1162.8548583984375 -2.841847418806197e-16 1.25021247745523e-15
1164.6005859375 2.1604303238659977e-18 1.1584039527308757e-15
1166.346435546875 9.411619187376578e-16 1.1505269698378843e-15
1168.09228515625 -4.262324318329619e-16 9.07192403541853e-16
1169.838134765625 1.1744564976307655e-15 9.971319500680907e-16
1171.5838623046875 -7.17623677089262e-16 7.18513061683879e-16
1173.3297119140625 1.4918575306588442e-15 8.922490482863926e-16
1175.0755615234375 -9.200572458238697e-16 5.74066945001827e-16
1176.821533203125 5.707213236788502e-16 6.985710473693158e-16
1178.5673828125 1.729001450780749e-15 7.639375328209958e-16
1180.313232421875 3.706507333451096e-15 9.668505222037494e-16
1182.05908203125 2.1234561181084858e-15 7.963058381091348e-16
1183.8050537109375 2.818621775392484e-15 8.03643208075166e-16
1185.5509033203125 3.614356925053406e-15 8.145334577384553e-16
1187.296875 3.620353918319967e-15 7.6718320425619665e-16
1189.0428466796875 4.338040699363799e-15 7.662003813395856e-16
1190.7886962890625 3.689156710559539e-15 6.917046806615172e-16
1192.53466796875 3.0535815151807753e-15 6.231733624815399e-16
1194.2806396484375 3.4801839415930097e-15 6.328513491786307e-16
1196.026611328125 2.426288607960264e-15 5.468795167355689e-16
1197.7725830078125 3.3638954235391772e-15 5.942001770042329e-16
1199.5185546875 3.1623856501126688e-15 5.666898703663933e-16
1201.2645263671875 3.108037475117991e-15 5.490265334986218e-16
1203.010498046875 3.16789877580811e-15 5.371491198748668e-16
1204.756591796875 4.037238123970116e-15 5.727408619833412e-16
1206.5025634765625 5.4659053026978946e-15 6.288432422117826e-16
1208.24853515625 7.618237197494753e-15 7.055918387713106e-16
1209.99462890625 1.0518558477023467e-14 7.909930886452782e-16
1211.7406005859375 1.4086434892612767e-14 8.832760576992134e-16
1213.4866943359375 1.762674038576894e-14 9.53118000546389e-16
1215.2327880859375 1.7468367247489014e-14 9.258471395348264e-16
1216.978759765625 1.781713645165276e-14 9.081525153875657e-16
1218.724853515625 1.777997881032261e-14 8.814715598842065e-16
1220.470947265625 1.564977565127277e-14 8.050210659825527e-16
1222.217041015625 1.534585345353435e-14 7.771741166877387e-16
1223.963134765625 1.566209320439174e-14 7.662101222184791e-16
1225.709228515625 1.2886332354921509e-14 6.849250289516938e-16
1227.455322265625 1.234010875932447e-14 6.577500944214077e-16
1229.201416015625 9.2521476591223e-15 5.648936840621814e-16
1230.947509765625 5.4975559593214724e-15 4.3736834752073457e-16
1232.6937255859375 3.679494605730209e-15 3.6116561075615267e-16
1234.4398193359375 2.931320144299379e-15 3.2308780047770724e-16
1236.1859130859375 2.5630164545478165e-15 3.007541356970123e-16
1237.93212890625 1.5348259238862788e-15 2.4179990141428415e-16
1239.67822265625 2.270787758404478e-15 2.7578376323063314e-16
1241.4244384765625 1.7826939163951335e-15 2.460403865762556e-16
1243.1705322265625 1.478610994154971e-15 2.2527420920401395e-16
1244.916748046875 1.9038852729059107e-15 2.436243574431107e-16
1246.6629638671875 1.3416168615846256e-15 2.089819010404919e-16
1248.4090576171875 1.0249562412315656e-15 1.8650253335797943e-16
1250.1552734375 7.990377840618259e-16 1.6948159157136148e-16
1251.9014892578125 1.2861345094735744e-15 1.981232298242674e-16
1253.647705078125 6.678468859713565e-16 1.5761001453400863e-16
1255.3939208984375 9.17662471923745e-16 1.721977085958508e-16
1257.14013671875 7.235835597248208e-16 1.565706654030582e-16
1258.8863525390625 4.533032342502949e-16 1.3377915284459272e-16
1260.632568359375 4.2048348687104894e-16 1.284627505511511e-16
1262.3787841796875 4.100287180217667e-16 1.252744523632369e-16
1264.125 7.599833050905269e-17 9.409628130554939e-17
1265.8712158203125 3.5868163369877023e-16 1.1816807092889994e-16
1267.617431640625 3.1774341962722663e-16 1.139947528326678e-16
1269.36376953125 2.785258206391321e-16 1.1019128373192038e-16
1271.1099853515625 2.578848982639657e-16 1.0777112531315763e-16
1272.856201171875 3.455245650499508e-16 1.1385684528094297e-16
1274.6025390625 3.7687058098009266e-16 1.1518119452886487e-16
1276.3487548828125 3.0056786785795516e-16 1.0786388203832688e-16
1278.0950927734375 4.3811963927516953e-16 1.1780049833446098e-16
1279.84130859375 1.5553097216497295e-16 9.36036257676026e-17
1281.587646484375 2.4041021151541546e-16 1.005108618151062e-16
1283.3338623046875 4.59887591926217e-16 1.1700566379258123e-16
1285.0802001953125 2.3522361702114057e-16 9.835642689631999e-17
1286.8265380859375 2.825406773997787e-16 1.0143003814666493e-16
1288.57275390625 2.46287243740821e-16 9.750767341339158e-17
1290.319091796875 1.948898006621323e-16 9.23182731224789e-17
1292.0654296875 1.9296579179222377e-16 9.141453528987287e-17
1293.8116455078125 1.7531865442956847e-16 8.922622567064138e-17
1295.5579833984375 1.2626884257353386e-16 8.416098849839537e-17
1297.3043212890625 1.8892594755963319e-16 8.952333571178063e-17
1299.0506591796875 1.8811732226258095e-16 8.914770968689785e-17
1300.7969970703125 3.132193372466026e-16 9.936688426283517e-17
1302.5433349609375 2.0189452490790896e-16 8.966383068446154e-17
1304.2896728515625 2.7703011927295864e-16 9.522337775587944e-17
1306.0360107421875 2.4305737476404236e-16 9.15303802802997e-17
1307.7823486328125 2.4080429359412553e-16 9.068772146412457e-17
1309.5286865234375 4.045824549895992e-16 1.029925492365531e-16
1311.2750244140625 2.2320437831827966e-16 8.844673698348571e-17
1313.0213623046875 4.000963038031444e-16 1.0185827285850608e-16
1314.7677001953125 2.0574950419976129e-16 8.613834059164623e-17
1316.5140380859375 2.335639883098938e-16 8.798935904430309e-17
1318.2603759765625 3.6309001667275524e-16 9.771765817497184e-17
1320.0067138671875 1.7222788414459673e-16 8.170184009427932e-17
1321.7530517578125 2.1384172610558385e-16 8.477187130693313e-17
1323.49951171875 1.4082389939712713e-16 7.773407968898906e-17
1325.245849609375 2.519336183067774e-16 8.665668505069646e-17
1326.9921875 1.1006473171564467e-16 7.353153233863175e-17
1328.738525390625 4.0111298156786596e-17 6.589104369149175e-17
1330.4849853515625 2.6063489991506765e-17 6.372347314457819e-17
1332.2313232421875 1.336806587946948e-16 7.382991954663678e-17
1333.9776611328125 5.234331418297575e-17 6.54769438419579e-17
1335.7239990234375 1.3194424125282349e-16 7.2886424105069e-17
1337.470458984375 9.161915992108379e-17 6.885340907561565e-17
1339.216796875 1.2097083843127665e-17 6.070795644301408e-17
1340.963134765625 1.574177248200921e-16 7.475504496116099e-17
1342.7095947265625 1.699984404878642e-16 7.56381496005675e-17
1344.4559326171875 2.6119904701899616e-16 8.297190644168304e-17
1346.2022705078125 1.188136671990241e-17 5.990450598787397e-17
1347.94873046875 1.818706925045969e-16 7.625050809931806e-17
1349.695068359375 1.4250831705697091e-16 7.274870845924627e-17
1351.4415283203125 1.2942893721128244e-16 7.156610488109145e-17
1353.1878662109375 1.2901096615648184e-16 7.134273302847763e-17
1354.9342041015625 2.1934925344263952e-16 7.893318055728063e-17
1356.6806640625 -1.418163937094601e-17 5.632240365393553e-17
1358.427001953125 1.5265016017180187e-16 7.255630624876643e-17
1360.1734619140625 2.403405165857242e-16 7.941286590322258e-17
1361.9197998046875 1.3703868120941507e-16 7.000501654185688e-17
1363.6661376953125 1.3570464402215895e-16 6.933046729593214e-17
1365.41259765625 1.3468868094148662e-16 6.8818296912974e-17
1367.158935546875 1.4629161618566185e-16 6.956581010637082e-17
1368.9053955078125 1.708173757640713e-16 7.168327997794327e-17
1370.6517333984375 2.6926018016867653e-16 7.97033584994614e-17
1372.398193359375 9.705675410043177e-17 6.507018273881862e-17
1374.14453125 2.4339862316266744e-16 7.738905272932584e-17
1375.890869140625 2.416929370349137e-16 7.685097504958255e-17
1377.6373291015625 1.5589943149702857e-16 6.948174208635583e-17
1379.3836669921875 5.913532727987316e-17 6.048741685681764e-17
1381.130126953125 2.650136863667355e-16 7.847009176314894e-17
1382.87646484375 1.684104257653298e-16 7.071813225666129e-17
1384.622802734375 2.2828032913381946e-16 7.548942252643046e-17
1386.3692626953125 2.271376552181938e-16 7.511598025836482e-17
1388.1156005859375 1.6604595976284903e-16 6.974205913384872e-17
1389.862060546875 1.650798525120565e-16 6.934186915349557e-17
1391.6083984375 1.4046721911699427e-16 6.688331631942056e-17
1393.354736328125 6.894676137082594e-17 5.979629091141733e-17
1395.1011962890625 1.264410152549531e-16 6.471611634942143e-17
1396.8475341796875 3.3165528727627827e-17 5.528441109918969e-17
1398.5938720703125 9.007640190422339e-17 6.051853208273943e-17
1400.34033203125 2.4891034595979e-16 7.374346262901274e-17
1402.086669921875 1.3447792855629791e-16 6.406801703076368e-17
1403.8330078125 1.228330519463438e-16 6.290218205798654e-17
1405.579345703125 2.2404643494696884e-16 7.130825614054642e-17
1407.3258056640625 1.5604854900041473e-16 6.5601676060886e-17
1409.0721435546875 -2.3890072932023685e-17 4.756548918636741e-17
1410.8184814453125 1.6550949673966144e-16 6.58575461854058e-17
1412.5648193359375 1.198771716582223e-16 6.142073466812857e-17
1414.311279296875 8.605548356404802e-17 5.789243877867548e-17
1416.0576171875 1.2912327743133184e-16 6.156436630969228e-17
1417.803955078125 1.3994340864845629e-16 6.249636724946802e-17
1419.55029296875 8.543679878797266e-17 5.750150660373802e-17
1421.296630859375 1.067394656531815e-16 5.928737631135021e-17
1423.04296875 5.2194944450863337e-17 5.3699625689766696e-17
1424.789306640625 4.0933972289362435e-17 5.19689884860159e-17
1426.53564453125 1.0347476244644701e-16 5.749432005857616e-17
1428.281982421875 1.964434311409641e-16 6.505950880019424e-17
1430.0283203125 1.2282118025019244e-16 5.860542214458189e-17
1431.774658203125 1.0153088138950249e-16 5.64342715599772e-17
1433.52099609375 2.1367021516865466e-16 6.560989492745232e-17
1435.267333984375 2.915506595039513e-17 4.9030833024060196e-17
1437.013671875 -3.211730560306593e-17 4.2046513669634006e-17
1438.760009765625 1.310429981969449e-16 5.85852918771948e-17
1440.50634765625 1.8198721247440357e-16 6.28547614478301e-17
1442.2525634765625 1.0057186803964321e-16 5.59412586800058e-17
1443.9989013671875 2.3356642352961713e-16 6.704054681025464e-17
1445.7452392578125 5.98253878166445e-17 5.219314119712797e-17
1447.4915771484375 2.341692727600458e-16 6.722055454643598e-17
1449.23779296875 1.9338333933055073e-16 6.409409638111625e-17
1450.984130859375 1.1133735901422485e-16 5.718063331796135e-17
1452.7303466796875 2.2472676122229165e-16 6.668511060976305e-17
1454.4766845703125 2.249909560924962e-16 6.676716692652831e-17
1456.2230224609375 1.8398066481109716e-16 6.358137675023138e-17
1457.96923828125 2.245839567613405e-16 6.665369098137584e-17
1459.7154541015625 2.4442210366074665e-16 6.802206609022026e-17
1461.4617919921875 2.740857798087435e-16 7.002476961488464e-17
1463.2080078125 2.1227082409556194e-16 6.524344068120153e-17
1464.954345703125 2.8143365827727653e-16 7.00584127047584e-17
1466.7005615234375 2.993078269395756e-16 7.094892888245339e-17
1468.44677734375 2.269438434919502e-16 6.518753650668275e-17
1470.1929931640625 2.449546491565532e-16 6.618397150745392e-17
1471.9393310546875 1.059533529036805e-16 5.4488153806656346e-17
1473.685546875 2.3129431058816667e-16 6.439479969483643e-17
1475.4317626953125 3.062824285761655e-16 6.940109528535436e-17
1477.177978515625 2.658652191765221e-16 6.620312901044065e-17
1478.9241943359375 2.0739123933999733e-16 6.159214634338426e-17
1480.67041015625 1.50253003991513e-16 5.698406873463915e-17
1482.4166259765625 1.217802429324659e-16 5.457194389398552e-17
1484.162841796875 2.9261060212343185e-16 6.780625797712762e-17
1485.908935546875 1.7774038780021752e-16 5.898910821735339e-17
1487.6551513671875 2.1416963373528967e-16 6.155455263890495e-17
1489.4013671875 1.2896876009290694e-16 5.443684875634336e-17
1491.1474609375 3.0560895797375953e-16 6.780416024709419e-17
1492.8936767578125 2.4007166303430976e-16 6.308121702976752e-17
1494.639892578125 2.2155852712731555e-16 6.172251000792262e-17
1496.385986328125 1.8397162538136318e-16 5.87366725467369e-17
1498.1322021484375 2.756894778756919e-16 6.539884475724309e-17
1499.8782958984375 1.3600249521712705e-16 5.4339605403531623e-17
1501.6243896484375 2.2661720641166524e-16 6.128416384027361e-17
1503.37060546875 8.912337072455409e-17 4.978869590128128e-17
1505.11669921875 2.603648519148487e-16 6.327618680886872e-17
1506.86279296875 1.8692856446066874e-16 5.753930544900924e-17
1508.60888671875 2.6597694811622086e-16 6.311074406891321e-17
1510.35498046875 2.6461171629370414e-16 6.278946050155271e-17
1512.10107421875 2.457390546052699e-16 6.124622602865948e-17
1513.84716796875 2.278752356267951e-16 5.991137489568061e-17
1515.59326171875 1.8410046703357444e-16 5.668595945931994e-17
1517.33935546875 2.381428101947341e-16 6.093173857721172e-17
1519.08544921875 1.4082875660168404e-16 5.350278648248113e-17
1520.8314208984375 1.497724848475136e-16 5.425454476678157e-17
1522.5775146484375 1.6728677038634797e-16 5.559752212209816e-17
1524.3236083984375 1.933501726967098e-16 5.750785935084243e-17
1526.069580078125 1.6653939615929406e-16 5.535664712772272e-17
1527.815673828125 1.7549737838143913e-16 5.609547161596529e-17
1529.5616455078125 1.671155373821046e-16 5.555572634010708e-17
1531.3076171875 2.4755893136222534e-16 6.173091416294615e-17
1533.0537109375 9.612342305423104e-17 4.963380136849705e-17
1534.7996826171875 8.707197604031238e-17 4.8756420818929405e-17
1536.545654296875 1.4917152820632647e-16 5.4074004326285747e-17
1538.2916259765625 1.3986484634259845e-16 5.3184057248852195e-17
1540.03759765625 1.0383870868108054e-16 4.9874117188778406e-17
1541.7835693359375 1.0280717475255751e-16 4.9384102011346893e-17
1543.529541015625 1.3607097253695664e-16 5.175418622454813e-17
1545.275390625 1.5996518964384921e-16 5.321160236325021e-17
1547.0213623046875 9.094219530777039e-17 4.700360193987239e-17
1548.767333984375 8.182840534544483e-17 4.5868908662796646e-17
1550.51318359375 7.301553707252117e-17 4.4835465601419846e-17
1552.2591552734375 1.0555962154955016e-16 4.7491195132470346e-17
1554.0050048828125 4.737487037728824e-17 4.188577924172515e-17
1555.7509765625 1.041375260230041e-16 4.6861009237158046e-17
1557.496826171875 6.307585028195327e-17 4.29855092486695e-17
1559.24267578125 2.1681761754708422e-16 5.553973197578276e-17
1560.988525390625 1.274471580473932e-16 4.851437453680659e-17
1562.734375 4.6466149608672183e-17 4.112923985348415e-17
1564.480224609375 1.7548861688439097e-16 5.226702166071876e-17
1566.22607421875 1.1920216580859944e-16 4.778484094120422e-17
1567.971923828125 1.353323995116203e-16 4.912632937141822e-17
1569.7176513671875 1.2704558502105585e-16 4.838182380672864e-17
1571.4635009765625 9.44600091645012e-17 4.5460671869444576e-17
1573.209228515625 2.0633644509264931e-16 5.43415542410548e-17
1574.955078125 1.1746318069810676e-16 4.710894504524224e-17
1576.7008056640625 6.924076121286198e-17 4.2613850382004526e-17
1578.446533203125 1.3954644136376964e-16 4.8466748785858235e-17
1580.1923828125 1.9354844458081632e-16 5.246467481372708e-17
1581.9381103515625 1.0708497568632245e-16 4.542458032495766e-17
1583.683837890625 5.799316952494974e-18 3.568750646235095e-17
1585.4295654296875 6.82442534201969e-17 4.2032756001686024e-17
1587.1751708984375 9.967105511768317e-17 4.4935415489195853e-17
1588.9208984375 9.17176672058715e-17 4.419124410547375e-17
1590.6666259765625 1.224491607327804e-16 4.667904604600863e-17
1592.4122314453125 1.9142756672512016e-16 5.190954397847539e-17
1594.157958984375 8.26062462888203e-17 4.2837854200606336e-17
1595.903564453125 1.0508673893696585e-16 4.461198456096517e-17
1597.649169921875 8.92811769330945e-17 4.304212810723753e-17
1599.3948974609375 8.150099402410655e-17 4.228074474932942e-17
1601.1405029296875 1.9557180776845983e-16 5.154969394223522e-17
1602.8861083984375 7.407739875102284e-17 4.1700692616582737e-17
1604.6317138671875 1.8068389346637522e-16 5.050997092564792e-17
1606.377197265625 1.1953579091069922e-16 4.560390977303671e-17
1608.122802734375 2.026923902395531e-16 5.199452851460909e-17
1609.868408203125 1.716597500301157e-16 4.9534986372521466e-17
1611.6138916015625 1.1087892228385816e-16 4.4554217575706916e-17
1613.3594970703125 2.0776233241512332e-16 5.192420823637473e-17
1615.10498046875 1.7745749203072438e-16 4.9625264864575503e-17
1616.8504638671875 1.249561532635265e-16 4.5462524754016694e-17
1618.595947265625 1.3255034626614314e-16 4.611819442964053e-17
1620.3414306640625 1.7001055041203199e-16 4.9076963232461054e-17
1622.0869140625 1.0262935739063821e-16 4.3634151197809084e-17
1623.8323974609375 1.9998545822858557e-16 5.13239960577389e-17
1625.577880859375 1.5503134184010112e-16 4.792830714664542e-17
1627.3232421875 1.0255855734764857e-16 4.3617306491815054e-17
1629.0687255859375 1.6917913463474269e-16 4.8851897313952725e-17
1630.8140869140625 1.83235633159538e-16 4.9748964762099133e-17
1632.5594482421875 2.712810419621477e-16 5.57977064477809e-17
1634.3048095703125 2.718974172499528e-16 5.592662089188606e-17
1636.0501708984375 1.7609027497473754e-16 4.9277597544397016e-17
1637.7955322265625 2.506718039131645e-16 5.465696482606617e-17
1639.5408935546875 2.2058971995900364e-16 5.251747209786511e-17
1641.2862548828125 2.2767152420298043e-16 5.296215446900627e-17
1643.0316162109375 3.4558004570799594e-16 6.057438331769901e-17
1644.77685546875 1.528925307087248e-16 4.7302296859065286e-17
1646.5220947265625 3.131053583756377e-16 5.820808428298082e-17
1648.2674560546875 2.2366423779929994e-16 5.203952383120952e-17
1650.0126953125 1.5675051432056193e-16 4.6830595460395697e-17
1651.7579345703125 9.137858271172886e-17 4.136304410798349e-17
1653.503173828125 2.632650927262474e-16 5.417393436172705e-17
1655.248291015625 2.484212638420894e-16 5.3111850998821216e-17
1656.9935302734375 1.5505030743718574e-16 4.633479001867631e-17
1658.73876953125 1.4032368673710406e-16 4.5084089623773684e-17
1660.48388671875 1.8259335719239263e-16 4.821773433425527e-17
1662.22900390625 1.6079410402696615e-16 4.648558173562228e-17
1663.9742431640625 1.111429914226096e-16 4.252698980024156e-17
1665.7193603515625 1.8897205791569934e-16 4.8559115081778356e-17
1667.4644775390625 6.848362625457995e-17 3.8758252359054007e-17
1669.2095947265625 1.6004344754724163e-16 4.628027219886417e-17
1670.95458984375 8.219272877443769e-17 3.98243723633491e-17
1672.69970703125 1.8002630473173026e-16 4.7558444916270907e-17
1674.4447021484375 5.3645190588015807e-17 3.699905757183543e-17
1676.1898193359375 -2.2988062666126966e-18 3.122338144124722e-17
1677.934814453125 1.445015311656481e-16 4.476501959173238e-17
1679.6798095703125 1.4473911067246312e-16 4.484175217407525e-17
1681.4248046875 1.0956126989017549e-16 4.196036115447538e-17
1683.1697998046875 1.3010823116520079e-16 4.353218298933845e-17
1684.9146728515625 1.3651626040430618e-16 4.3909026624082905e-17
1686.65966796875 5.298928268437556e-17 3.6595118808946186e-17
1688.404541015625 7.339703277103063e-17 3.833353481917743e-17
1690.1495361328125 1.5145610841396932e-16 4.981772994078189e-17
1691.8944091796875 4.8659256875456476e-17 3.985807831894941e-17
1693.6392822265625 1.0765911844077305e-16 4.556105519986156e-17
1695.3841552734375 4.838909968739666e-17 3.9653010318930167e-17
1697.1290283203125 6.515068395603228e-17 4.1329566454232245e-17
1698.873779296875 1.2408937386068934e-16 4.693160744807822e-17
1700.61865234375 2.1603184890471805e-16 5.443361944323195e-17
1702.3634033203125 1.651484886505637e-16 5.025038510581653e-17
1704.108154296875 1.646009083199434e-16 5.008676547193109e-17
1705.8529052734375 1.8981178520378357e-16 5.2180720253049875e-17
1707.59765625 1.819301568644721e-16 5.1644746920784915e-17
1709.3424072265625 2.0716970051962093e-16 5.3674634909100244e-17
1711.087158203125 2.8958410046333303e-16 5.957522192962886e-17
1712.831787109375 1.6348760262478582e-16 4.976294742317373e-17
1714.5765380859375 2.0417981979960106e-16 5.2907613488136973e-17
1716.3211669921875 1.710465775856424e-16 5.023932073794302e-17
1718.0657958984375 1.705972001373444e-16 5.011021438793574e-17
1719.8104248046875 2.4391478386490053e-16 5.568718188305401e-17
1721.5550537109375 1.5294678052201849e-16 4.8371907565545355e-17
1723.2996826171875 2.6673305737054333e-16 5.709041107418897e-17
1725.044189453125 2.058293767597094e-16 4.6926316800880333e-17
1726.7886962890625 1.6641907777611455e-16 4.404199756191203e-17
1728.5333251953125 2.116678954557945e-16 4.723046780339363e-17
1730.27783203125 2.3116910853065065e-16 4.855889670609664e-17
1732.0223388671875 2.636303227451916e-16 5.0685392772513264e-17
1733.7667236328125 1.9872044099164088e-16 4.6344057750259357e-17
1735.51123046875 1.2727918082604083e-16 4.1027721631266745e-17
1737.2557373046875 1.4656166087715836e-16 4.2489488739990853e-17
1739.0001220703125 2.1701311010433256e-16 4.7437064433184875e-17
1740.7445068359375 2.934972868005295e-16 5.22708134566467e-17
1742.4888916015625 2.5429501381482437e-16 4.972329569333039e-17
1744.2332763671875 2.478264084851005e-16 4.929931268983776e-17
1745.9776611328125 3.1198632197319636e-16 5.331162504292012e-17
1747.721923828125 2.5399079663786207e-16 4.966952895351444e-17
1749.46630859375 1.3844692642378455e-16 4.152274952321033e-17
1751.2105712890625 2.1509550692108763e-16 4.703277825443836e-17
1752.954833984375 1.4473502109151466e-16 4.198531884791733e-17
1754.6990966796875 1.9624154613194196e-16 4.579319847569089e-17
1756.443359375 3.186167370656254e-16 5.374230820937443e-17
1758.1875 3.574438803348153e-16 5.604466949146473e-17
1759.9317626953125 2.986202214748623e-16 5.245397440532309e-17
1761.6759033203125 2.7178730296680974e-16 5.0642352910880905e-17
1763.4200439453125 2.380115730274689e-16 4.8213565343968004e-17
1765.1641845703125 3.8099613435903354e-16 5.65886697843939e-17
1766.9083251953125 3.3351480252818728e-16 6.003071389701486e-17
1768.6524658203125 4.565222770872165e-16 6.738340324799052e-17
1770.396484375 4.470267730506997e-16 6.667833434618502e-17
1772.140625 3.0578254678838746e-16 5.768152757480916e-17
1773.8846435546875 3.423849315518343e-16 5.98644241241121e-17
1775.628662109375 3.9361120780072865e-16 6.282005956677228e-17
1777.3726806640625 3.221980453061758e-16 5.800386331590883e-17
1779.1165771484375 3.865484617980651e-16 6.16958152351943e-17
1780.860595703125 2.420784693748124e-16 5.187739973987158e-17
1782.6044921875 4.2464379507060684e-16 6.33492434005694e-17
1784.348388671875 3.414844825893438e-16 5.808685269240505e-17
1786.09228515625 2.301153201349275e-16 5.03552682987658e-17
1787.836181640625 1.991749138725122e-16 4.7765749612666496e-17
1789.580078125 1.8329597102214007e-16 4.6296756254111124e-17
1791.3238525390625 3.24154373776978e-16 5.590368482786119e-17
1793.067626953125 2.09170630569052e-16 4.783776064807291e-17
1794.8114013671875 2.3616543824914855e-16 4.962018597561443e-17
1796.55517578125 1.8646546243164725e-16 4.587571801359918e-17
1798.2989501953125 9.531599551470578e-17 3.824117514070221e-17
1800.042724609375 1.6495892532394614e-16 4.41125031286036e-17
1801.786376953125 1.3106382991349145e-16 3.689782720847119e-17
1803.530029296875 2.419429705730313e-16 4.4433746991294693e-17
1805.273681640625 1.8573111133615738e-16 4.067028365369278e-17
1807.017333984375 1.7466367296821428e-16 3.9912397615414545e-17
1808.760986328125 2.1179043730046055e-16 4.7381034527212983e-17
1810.504638671875 1.222012844817003e-16 4.038687503221986e-17
1812.2481689453125 1.9157062264897753e-16 4.597147575003077e-17
1813.99169921875 1.5018835155483585e-16 4.2781850764414046e-17
1815.7352294921875 1.1518306064832679e-16 3.9765910546376304e-17
1817.478759765625 1.6298050782206631e-16 4.3606847620149933e-17
1819.22216796875 1.280697140287353e-16 4.065469295350738e-17
1820.9656982421875 2.445274533835614e-16 4.948197071270172e-17
1822.7091064453125 1.6875997243986002e-16 4.3865523541307516e-17
1824.4525146484375 9.309159435098738e-17 3.74009945576423e-17
1826.1959228515625 1.538844989341882e-16 4.246310167845041e-17
1827.9393310546875 1.9389854712071816e-16 4.543122754836014e-17
1829.6826171875 1.0573150306339378e-16 3.826899487906359e-17
1831.4259033203125 1.3938563745268933e-16 4.110238295335578e-17
1833.1693115234375 1.6613095422515008e-16 4.3195685916151875e-17
1834.9124755859375 1.5887176275317252e-16 4.253061616004699e-17
1836.65576171875 1.7173481832506612e-16 4.3434823831240956e-17
1838.3990478515625 9.786258021829113e-17 3.7262603932439726e-17
1840.1422119140625 1.7788311285182987e-16 4.381671988516689e-17
1841.8853759765625 1.6434012805130747e-16 4.2741279209729545e-17
1843.6285400390625 1.626668409337862e-16 3.80584873393362e-17
1845.3717041015625 1.9415151880437158e-16 4.0135306246885335e-17
1847.11474609375 2.0411852902493333e-16 4.0702464288243544e-17
1848.85791015625 2.4560175585847588e-16 4.321586250565327e-17
1850.6009521484375 2.286192746616192e-16 4.202862009862326e-17
1852.343994140625 1.8622670501963995e-16 3.9239294281200545e-17
1854.0870361328125 2.4926575569050196e-16 4.326124494278038e-17
1855.8299560546875 3.083508830333605e-16 4.683968121224398e-17
1857.572998046875 2.5637545908217894e-16 4.390020887875309e-17
1859.31591796875 2.402687834830036e-16 4.289185585971625e-17
1861.058837890625 2.8158022144693113e-16 4.526962954389178e-17
1862.8017578125 2.857786461291155e-16 4.540677939817552e-17
1864.5445556640625 2.3863350696899036e-16 4.260454294575208e-17
1866.287353515625 2.1249809362322211e-16 4.0977180895839755e-17
1868.0302734375 2.4981500361723717e-16 4.3368546811840757e-17
1869.7730712890625 2.652038982029533e-16 4.425146616279006e-17
1871.5157470703125 2.808605610791202e-16 4.5162268117827296e-17
1873.258544921875 2.0700906866210803e-16 4.059914612101322e-17
1875.001220703125 2.745645122426198e-16 4.4688641042691683e-17
1876.743896484375 2.5802314992282537e-16 4.361849432317468e-17
1878.486572265625 2.3075258007883835e-16 4.1815300144813184e-17
1880.229248046875 2.5105823622556967e-16 4.300872655410264e-17
1881.9718017578125 3.225815130032656e-16 4.7031309181670464e-17
1883.7144775390625 2.6060284170324754e-16 4.3495155076398123e-17
1885.45703125 2.3903852106667593e-16 4.209228653601024e-17
1887.1995849609375 2.5388894092595474e-16 4.292825842411348e-17
1888.9420166015625 2.274726567488329e-16 4.1230185666717674e-17
1890.6845703125 4.009641684669452e-16 5.083585361721421e-17
1892.427001953125 2.720064992116914e-16 4.9066067609432505e-17
1894.16943359375 2.2143085014540676e-16 4.572907874332823e-17
1895.911865234375 2.5415430046646175e-16 4.8053545600108396e-17
1897.6541748046875 1.9086229134683612e-16 4.3765659680315214e-17
1899.3966064453125 2.2353930043957993e-16 4.616987998303529e-17
1901.138916015625 1.9118510354396861e-16 4.3843662812078965e-17
1902.8812255859375 2.4930286632150354e-16 4.793102360777704e-17
1904.6234130859375 2.1054435919082087e-16 4.524721956673649e-17
1906.36572265625 1.4616224513785855e-16 4.0440426705076545e-17
1908.10791015625 1.5279696156947288e-16 4.100062981184441e-17
1909.85009765625 1.139168125666306e-16 3.780908907592901e-17
1911.59228515625 1.137839078032505e-16 3.776788886397897e-17
1913.33447265625 1.3285190323025547e-16 3.929400069819235e-17
1915.0765380859375 1.329005017456042e-16 3.931096782691704e-17
1916.818603515625 8.787006636508314e-17 3.5485257493859287e-17
1918.5606689453125 1.981123639797409e-16 4.4441092355134164e-17
1920.302734375 1.2639919300318241e-16 3.877232435563476e-17
1922.044677734375 1.2598592033426112e-16 3.8648243955029355e-17
1923.78662109375 2.0232787490465814e-16 4.441950955859143e-17
1925.528564453125 1.3154118591882845e-16 3.8924336991164854e-17
1927.2705078125 9.410568469475289e-17 3.1864410020028867e-17
1929.012451171875 1.1446146798660493e-16 3.344543672074842e-17
1930.7542724609375 7.33903094470118e-17 3.0067988796522954e-17
1932.49609375 8.31584058913117e-17 3.077154892089116e-17
1934.2379150390625 1.834492972204829e-16 3.801153987649014e-17
1935.979736328125 1.1251052611595166e-16 3.288540897627042e-17
1937.721435546875 1.7221899029865056e-16 3.7092423101935516e-17
1939.463134765625 7.697165739223159e-17 2.992780484375237e-17
1941.204833984375 1.4674729344150506e-16 3.5258887938705575e-17
1942.946533203125 8.186736886101853e-17 3.03128243316713e-17
1944.6881103515625 7.175897031271432e-17 2.94276252709538e-17
1946.4298095703125 6.138928856996175e-17 2.8383630693683276e-17
1948.17138671875 9.050660199719996e-17 3.068002634919584e-17
1949.912841796875 9.983439351016034e-17 3.130347568559951e-17
1951.6544189453125 6.551231408495067e-17 2.846620647987322e-17
1953.3958740234375 1.1871611448066328e-16 3.261458673499811e-17
1955.1373291015625 1.3266617802168017e-16 3.3525706327390567e-17
1956.8787841796875 8.879932106522522e-17 3.01154557287937e-17
1958.6202392578125 1.1748782406291594e-16 3.2284028818609667e-17
1960.361572265625 1.415021345598614e-16 3.4020638266383095e-17
1962.1029052734375 8.361186630311327e-17 2.960646171938777e-17
1963.84423828125 4.037935761481298e-17 2.5864581178328588e-17
1965.58544921875 5.4659575408079385e-17 2.7109870157663895e-17
1967.3267822265625 4.5068651124820995e-17 2.625031369593554e-17
1969.0679931640625 1.0247892963316177e-16 3.103165421014723e-17
1970.8092041015625 7.383607377039417e-17 2.876684031042194e-17
1972.55029296875 8.326882457692018e-17 2.950275974035322e-17
1974.29150390625 4.491574844295179e-17 2.6180746152058607e-17
1976.0325927734375 9.714961670471942e-17 3.0500690283671893e-17
1977.7735595703125 8.741293988880674e-17 2.967905508994542e-17
1979.5146484375 6.327938965220052e-17 2.7553280325022945e-17
1981.255615234375 4.415165855007941e-17 2.575463233130804e-17
1982.9967041015625 6.718387404935292e-17 2.762486288087206e-17
1984.737548828125 6.424301122525233e-18 2.1737752286883157e-17
1986.478515625 1.2577597527735026e-16 3.182106244720864e-17
1988.2193603515625 1.5161221393917033e-16 3.337414036939125e-17
1989.960205078125 7.044342226650998e-17 3.033651809313727e-17
1991.7010498046875 6.995466440360955e-17 3.0129441698590744e-17
1993.44189453125 6.405624459628582e-17 2.946942436166733e-17
1995.1826171875 4.1645609005231605e-17 2.7201121414118294e-17
1996.92333984375 1.939082747647218e-17 2.4783466043889132e-17
1998.6640625 7.470628762713466e-17 3.031520661183545e-17
2000.40478515625 4.1306948027562595e-17 2.6995269246878348e-17
2002.1453857421875 6.307535397358574e-17 2.9036100834697754e-17
2003.885986328125 8.167531737511842e-18 2.320412844598041e-17
2005.6265869140625 7.363299100384506e-17 2.989229563441669e-17
2007.3670654296875 5.1615282747365776e-17 2.7731671750287356e-17
2009.1075439453125 -2.7639129678487067e-18 2.1638196137078725e-17
2010.8480224609375 9.369936696042194e-17 3.1242446300005345e-17
2012.5885009765625 6.62989826998233e-17 2.8594032354292264e-17
2014.328857421875 3.4201102606262564e-17 2.5293520498840355e-17
2016.0693359375 3.411100609394329e-17 2.523247126091149e-17
2017.8096923828125 1.127749195095032e-16 3.236172423918555e-17
2019.5499267578125 3.903674421896591e-17 2.5565287380372202e-17
2021.290283203125 5.426283973396425e-17 2.6906884998427057e-17
2023.030517578125 5.88084188843473e-17 2.7112404639060757e-17
2024.770751953125 5.840559516092378e-17 2.4086986585564383e-17
2026.5108642578125 7.019816652361046e-17 2.4950768285861657e-17
2028.2509765625 5.3820192227129976e-17 2.3522184354590726e-17
2029.9912109375 3.751691233996303e-17 2.2001467392332413e-17
2031.731201171875 9.740399790413663e-17 2.6847190682341555e-17
2033.4713134765625 1.0894299539568396e-16 2.7611029112307722e-17
2035.2113037109375 5.690547334155681e-17 2.3486077920852786e-17
2036.9512939453125 4.4757115053798823e-17 2.234140057378353e-17
2038.6912841796875 6.409859624364854e-17 2.3875054640822172e-17
2040.43115234375 9.080849645100222e-17 2.5820149998905915e-17
2042.1710205078125 5.92154777725071e-17 2.318073577825741e-17
2043.910888671875 4.332928551124654e-17 2.1642553724545654e-17
2045.6507568359375 3.1519340046973795e-17 2.0392640805586176e-17
2047.3905029296875 9.86171079032824e-17 2.568553958910271e-17
2049.130126953125 5.693590697065386e-17 2.229896951708201e-17
2050.869873046875 7.484210406627097e-17 2.3586189936028854e-17
2052.609619140625 7.777442625054695e-17 2.3645746940132672e-17
2054.349365234375 3.003764781165451e-17 1.945535252733499e-17
2056.0888671875 9.096587914306901e-17 2.4373781684465093e-17
2057.828369140625 3.689812830221416e-17 1.9925065383812002e-17
2059.568115234375 5.0930615428188285e-17 2.3543160000563845e-17
2061.3076171875 5.05268123229195e-17 2.3359491162991346e-17
2063.046875 3.258534093726068e-17 2.144448201814738e-17
2064.786376953125 1.191251122801789e-16 2.879412734446884e-17
2066.52587890625 4.059958948982155e-17 2.1927191536408826e-17
2068.26513671875 4.884553794940342e-17 2.2593829626955112e-17
2070.004638671875 6.980945119271464e-17 2.439589387659986e-17
2071.743896484375 9.926414843075608e-17 2.6787079467227327e-17
2073.483154296875 7.756221141003524e-17 2.4890587587575974e-17
2075.222412109375 5.625717549955205e-17 2.293721049719935e-17
2076.96142578125 9.317284995691969e-17 2.5938691598129664e-17
2078.70068359375 1.0093556281137053e-16 2.6454420512083e-17
2080.439697265625 1.3706914792573663e-16 2.899326280513486e-17
2082.178955078125 1.2818001360033558e-16 2.825701912040346e-17
2083.91796875 1.1914754541839134e-16 2.7461701505045974e-17
2085.656982421875 1.58536258296721e-16 3.00920895308503e-17
2087.39599609375 1.7330290130356045e-16 3.091418463699735e-17
2089.134765625 1.7591444946373326e-16 3.0929249250313167e-17
2090.873779296875 1.8242937690776011e-16 3.119293457726037e-17
2092.612548828125 1.7350121289233636e-16 3.050700663482935e-17
2094.3515625 2.276582099038408e-16 3.0123856575094786e-17
2096.09033203125 2.0131439998326837e-16 2.860297252235274e-17
2097.8291015625 1.9088042314586328e-16 2.79277119011012e-17
2099.567626953125 1.9868069661756893e-16 2.823039052212415e-17
2101.306396484375 1.2795528517151717e-16 2.4030066633253384e-17
2103.045166015625 1.8416559592628442e-16 2.722208878828529e-17
2104.78369140625 2.0680527782895457e-16 2.832677029837638e-17
2106.522216796875 1.7874564385504096e-16 2.6696764579226337e-17
2108.2607421875 2.360337510956301e-16 2.9556506627834465e-17
2109.999267578125 1.9610527970655243e-16 2.7353115851674913e-17
2111.73779296875 1.3942700971820678e-16 2.400198385145721e-17
2113.476318359375 1.8131903582791793e-16 2.6273312625686966e-17
2115.214599609375 1.286281866736617e-16 2.3093880159578118e-17
2116.952880859375 1.9525556007666856e-16 2.674986626582979e-17
2118.691162109375 1.18181292583811e-16 2.2204401266371272e-17
2120.429443359375 1.836257447713078e-16 2.5855300211855743e-17
2122.167724609375 1.8738597548707586e-16 2.590493270297015e-17
2123.906005859375 1.8267506940202306e-16 2.5485573639101692e-17
2125.64404296875 1.729887050196883e-16 2.482767553890764e-17
2127.38232421875 1.6570673630236348e-16 2.425703341280936e-17
2129.120361328125 1.828627930789583e-16 2.5056859162505258e-17
2130.8583984375 1.4489601029105218e-16 2.2870256844058083e-17
2132.596435546875 2.3820292306420956e-16 2.763230585202381e-17
2134.33447265625 1.1714382280721228e-16 2.1041676492697334e-17
2136.072265625 1.802389232363809e-16 2.448321767950586e-17
2137.810302734375 1.3298148603629558e-16 2.1755935371108297e-17
2139.548095703125 1.9013564295721034e-16 2.4765698204331493e-17
2141.285888671875 1.9460045950130616e-16 2.4947266003148108e-17
2143.023681640625 1.3857965913359726e-16 2.1878581440531535e-17
2144.761474609375 1.779070547674796e-16 2.3960949075629678e-17
2146.499267578125 2.0109916097043717e-16 2.5007716362313483e-17
2148.23681640625 1.573647455562193e-16 2.2594018224134774e-17
2149.974365234375 1.926122614158635e-16 2.431630586678246e-17
2151.7119140625 1.2144876188251386e-16 2.0381617796743295e-17
2153.449462890625 1.7631369314946566e-16 2.3350464968147167e-17
2155.18701171875 1.4165207262641522e-16 2.1399650483308232e-17
2156.924560546875 1.728608427493223e-16 2.5650237174920173e-17
2158.662109375 1.2418753703834223e-16 2.251829149341677e-17
2160.3994140625 1.461552306462641e-16 2.3755748726712424e-17
2162.13671875 1.3317303459638326e-16 2.280135104467119e-17
2163.8740234375 1.265067529525939e-16 2.2275138443634357e-17
2165.611328125 1.4261311091441403e-16 2.3182153565827327e-17
2167.3486328125 1.3342562246823245e-16 2.2541204396384488e-17
2169.085693359375 1.3548044498893258e-16 2.2590158599396602e-17
2170.822998046875 1.430805275175106e-16 2.2976882079377393e-17
2172.56005859375 1.1175877114037367e-16 2.0911623848069297e-17
2174.297119140625 1.4158204682447893e-16 2.273762008719643e-17
2176.0341796875 1.4652257824757645e-16 2.2980197419272506e-17
2177.77099609375 1.7330766586388875e-16 2.4471238449874866e-17
2179.508056640625 1.560451343988461e-16 2.3409299016395614e-17
2181.244873046875 1.4461470270833515e-16 2.268295502923525e-17
2182.98193359375 1.794059457420951e-16 2.463789218224715e-17
2184.71875 1.2243183626203108e-16 2.126318057148801e-17
2186.455322265625 1.6508089806835076e-16 2.3769817414570725e-17
2188.192138671875 8.925198738363873e-17 1.8932352695797312e-17
2189.928955078125 8.335866962633323e-17 1.8431713210578168e-17
2191.66552734375 1.1248876795711906e-16 1.8201295433506622e-17
2193.402099609375 1.0767768037371874e-16 1.7858242126784955e-17
2195.138671875 8.396904950905856e-17 1.632986878077685e-17
2196.875244140625 6.685240623429068e-17 1.5134071671851818e-17
2198.61181640625 7.832215878239996e-17 1.7706250997950786e-17
2200.34814453125 7.794546734888821e-17 1.7622007615645936e-17
2202.084716796875 7.500671962561392e-17 1.7349272932797402e-17
2203.821044921875 8.757936862805241e-17 1.8223452293394467e-17
2205.557373046875 7.967557846576942e-17 2.0351920358391416e-17
2207.293701171875 7.60157145368061e-17 1.9997849005910543e-17
2209.02978515625 1.1735637348305268e-17 1.3462217231151491e-17
2210.76611328125 6.857449039050767e-17 1.9229441230240633e-17
2212.502197265625 3.157242849868745e-17 1.56134757763855e-17
2214.23828125 8.109034186336582e-17 2.014640898956384e-17
2215.974365234375 3.791284730324521e-17 1.6175784884992923e-17
2217.71044921875 6.748026278899803e-17 1.8926980984899393e-17
2219.446533203125 6.052386574332917e-17 1.823512381183759e-17
2221.182373046875 5.367906197973863e-17 1.7542101968473313e-17
2222.918212890625 7.267371295618976e-17 1.9127741028288463e-17
2224.654296875 8.497117551244411e-17 2.0042260332998515e-17
2226.39013671875 6.839735462541312e-17 1.857135784158937e-17
2228.125732421875 5.5229102494711946e-17 1.731165606726094e-17
2229.861572265625 1.0197233113880979e-16 2.1065413267555155e-17
2231.59716796875 5.4360222053118895e-17 1.704163453682158e-17
2233.332763671875 6.08113209323587e-17 1.5165823826845278e-17
2235.068359375 6.02824679708066e-17 1.5034843085569957e-17
2236.803955078125 3.478537005141082e-17 1.2869093990365243e-17
2238.53955078125 4.808372776629923e-17 1.3923079255074185e-17
2240.275146484375 7.375739235052813e-17 1.4127399483819683e-17
2242.010498046875 6.78557696998726e-17 1.3677465342969427e-17
2243.745849609375 6.91801321826843e-17 1.3703212993896365e-17
2245.481201171875 5.4664250632901535e-17 1.2673598951575073e-17
2247.216552734375 7.009294253224881e-17 1.3651547292836303e-17
2248.95166015625 7.315561514617335e-17 1.3792539401065354e-17
2250.68701171875 9.88199061197008e-17 1.5285407673640844e-17
2252.422119140625 6.229463444167859e-17 1.302983586289961e-17
2254.1572265625 5.526783770843658e-17 1.2537125731032399e-17
2255.892333984375 6.211630753650196e-17 1.2993986682332174e-17
2257.62744140625 7.06573311729162e-17 1.354023277062443e-17
2259.3623046875 9.283936382116281e-17 1.4865142019821028e-17
2261.097412109375 7.022435837052634e-17 1.345858508108177e-17
2262.832275390625 7.830787833630485e-17 1.3909176003338394e-17
2264.567138671875 1.1510314838370926e-16 1.5949825611423038e-17
2266.3017578125 7.920844641280358e-17 1.387389757739362e-17
2268.03662109375 1.1411208013075233e-16 1.5813433454580394e-17
2269.771240234375 1.1376770829813425e-16 1.5766181589268915e-17
2271.506103515625 1.2169524847016486e-16 1.6146592026814702e-17
2273.24072265625 7.995561549906558e-17 1.3816278657465014e-17
2274.975341796875 1.1612961996688347e-16 1.5810238883054714e-17
2276.709716796875 1.43636009077342e-16 1.7144398493041493e-17
2278.4443359375 1.4907722961649542e-16 1.7324857869837286e-17
2280.1787109375 1.510470444400047e-16 1.7329600923469666e-17
2281.9130859375 1.8548230864279123e-16 1.8799433043166166e-17
2283.6474609375 1.940208639722576e-16 1.909837942526528e-17
2285.3818359375 1.9465040797541456e-16 1.9070486895009993e-17
2287.115966796875 1.855316615468586e-16 1.861953945790936e-17
2288.850341796875 2.1919674780746434e-16 1.993953442708678e-17
2290.58447265625 2.0564235453193362e-16 1.9346192810618817e-17
2292.318603515625 2.2047743515393324e-16 1.9895425848103002e-17
2294.052734375 1.759210933784133e-16 1.8014132585026698e-17
2295.78662109375 2.0293281524767532e-16 1.9092185496838484e-17
2297.520751953125 2.1573406388419896e-16 1.9546641834097567e-17
2299.254638671875 2.269320379702478e-16 1.9927793425472202e-17
2300.988525390625 2.0890001677729405e-16 1.916130967190709e-17
2302.722412109375 2.152400583874925e-16 1.934718542735388e-17
2304.4560546875 2.1843198293521212e-16 1.9404389929795598e-17
2306.18994140625 2.0222354426835805e-16 1.870496901721261e-17
2307.923583984375 1.7416394999911385e-16 1.7482376219524534e-17
2309.6572265625 2.0708135763020027e-16 1.8764590541404208e-17
2311.390869140625 1.9267688738276105e-16 1.8129851844000417e-17
2313.12451171875 1.8104148695390434e-16 1.7577493718162007e-17
2314.85791015625 1.9099056389878594e-16 1.789419139620651e-17
2316.591552734375 1.865284472722095e-16 1.762886825164645e-17
2318.324951171875 1.8126486542396306e-16 1.7361232310093693e-17
2320.058349609375 2.0489830226221972e-16 1.8275567980707758e-17
2321.79150390625 1.8414578329625255e-16 1.7404513708464918e-17
2323.52490234375 2.1594402217599962e-16 1.8616239007265272e-17
2325.258056640625 1.947694558091732e-16 1.7795528601463635e-17
2326.9912109375 2.063221911163338e-16 1.8261216397079963e-17
2328.724365234375 2.2053543044104056e-16 1.880727471537317e-17
2330.45751953125 2.0120480186082754e-16 1.8018339625622143e-17
2332.1904296875 2.355738651448302e-16 1.9213857147500134e-17
2333.923583984375 2.1971662751373147e-16 1.8539794283775572e-17
2335.656494140625 2.3031553754783473e-16 1.884746411261467e-17
2337.389404296875 2.239193005955419e-16 1.8571515005905755e-17
2339.122314453125 2.1893132209250833e-16 1.8345830356299237e-17
2340.85498046875 2.0591533736896592e-16 1.7819478788919495e-17
2342.587646484375 2.0805090595234102e-16 1.7873116488559883e-17
2344.320556640625 2.0188383111694987e-16 1.760141247275459e-17
2346.052978515625 2.0335282447550524e-16 1.7598449511800425e-17
2347.78564453125 2.256386186597905e-16 1.8345370443878658e-17
2349.518310546875 2.351822447556231e-16 1.8582948296332463e-17
2351.250732421875 2.4624523620059313e-16 1.8882784724770685e-17
2352.983154296875 2.279203401312364e-16 1.8178700167894123e-17
2354.715576171875 2.4248755981855663e-16 1.864940894982865e-17
2356.447998046875 2.261031103522411e-16 1.803419171488111e-17
2358.18017578125 2.1582927568142626e-16 1.760671966356473e-17
2359.91259765625 2.3612684531048927e-16 1.826809688541518e-17
2361.644775390625 2.789527252445483e-16 1.9638750049666572e-17
2363.376953125 2.2560171978702574e-16 1.777282083928783e-17
2365.10888671875 2.463697765136191e-16 1.8417442690650403e-17
2366.841064453125 2.1647752058387182e-16 1.7322245633462844e-17
2368.572998046875 2.5252442378748726e-16 1.8522296105097625e-17
2370.304931640625 2.0289064888876981e-16 1.677464214178539e-17
2372.036865234375 2.6410357593469036e-16 1.8875009227012686e-17
2373.768798828125 2.0833415906385878e-16 1.694159035045574e-17
2375.50048828125 2.402098617536102e-16 1.8008029646467282e-17
2377.232421875 2.311461857015156e-16 1.762556614664114e-17
2378.964111328125 2.1057395240441556e-16 1.882540651440033e-17
2380.69580078125 2.0807913597228623e-16 1.8676517312863237e-17
2382.42724609375 2.0432316689103405e-16 1.8487389083247887e-17
2384.158935546875 1.5770381019802724e-16 1.647680914479077e-17
2385.890380859375 1.8353288878446506e-16 1.755421189264109e-17
2387.621826171875 1.8859203128995778e-16 1.772143472527481e-17
2389.353271484375 1.923268774870878e-16 1.7840957360705047e-17
2391.08447265625 2.1996957272760528e-16 1.893276628610359e-17
2392.81591796875 2.1159100074605156e-16 1.8555045839909825e-17
2394.547119140625 2.1029985783664e-16 1.844203642462283e-17
2396.2783203125 1.953216683512238e-16 1.7746602522592348e-17
2398.009521484375 1.9217655560872977e-16 1.7532696924908585e-17
2399.740478515625 1.9479849315739625e-16 1.755688864910331e-17
2401.471435546875 1.8773415896795658e-16 1.7198674776114772e-17
2403.20263671875 2.2149478789803466e-16 1.846559783719079e-17
2404.933349609375 2.08630805883855e-16 1.7892980403789732e-17
2406.664306640625 2.180341024431292e-16 1.8177479249309995e-17
2408.395263671875 2.420234916425797e-16 1.8973450337351397e-17
2410.1259765625 2.1238627203929475e-16 1.7830205667103083e-17
2411.856689453125 2.0212654576100763e-16 1.7399396769195665e-17
2413.58740234375 2.2651275666135695e-16 1.6358997118867293e-17
2415.31787109375 2.2400879492037523e-16 1.6262657047284467e-17
2417.048583984375 1.9718034980507535e-16 1.5352005639118714e-17
2418.779052734375 2.3155310562333247e-16 1.6511319119946483e-17
2420.509521484375 2.4505036387959293e-16 1.6927498501540288e-17
2422.239990234375 2.3254368418536677e-16 1.649925551789301e-17
2423.97021484375 2.7332257665348776e-16 1.7739968534079673e-17
2425.70068359375 2.9988264467340603e-16 1.8483140683621815e-17
2427.430908203125 3.741212973217624e-16 2.0472299952936258e-17
2429.1611328125 3.6543796553276456e-16 2.0209496400522036e-17
2430.89111328125 3.6849334572240883e-16 2.0255472753328958e-17
2432.621337890625 3.9387151161333173e-16 2.0849486040454313e-17
2434.351318359375 3.9494337886852285e-16 2.08192658239553e-17
2436.081298828125 3.697623334262938e-16 2.0144390668869212e-17
2437.811279296875 3.7675196989769746e-16 2.028660286850178e-17
2439.541015625 3.580980015283324e-16 1.9774205838055806e-17
2441.27099609375 3.5335474937260635e-16 1.960196863654879e-17
2443.000732421875 3.3832489087740763e-16 1.9154018901988048e-17
2444.73046875 2.957323949900968e-16 1.7926370376396047e-17
2446.460205078125 2.4669469305822994e-16 1.6431669898763752e-17
2448.189697265625 2.5918496148910305e-16 1.675431169669006e-17
2449.919189453125 2.1610626869006822e-16 1.5373894492488092e-17
2451.648681640625 1.9302533556143778e-16 1.4559005783837602e-17
2453.378173828125 2.3512181424879244e-16 1.5872702599831044e-17
2455.107666015625 2.0527020266562356e-16 1.4867006484921722e-17
2456.8369140625 1.763142225450577e-16 1.3856400225896286e-17
2458.566162109375 2.0313889571676433e-16 1.4751364980925584e-17
2460.29541015625 1.9616211032335727e-16 1.4512878884159195e-17
2462.024658203125 1.752537769997647e-16 1.3773559741910325e-17
2463.753662109375 1.8042181617853882e-16 1.392687766844703e-17
2465.48291015625 1.8540203903614908e-16 1.4064748824224917e-17
2467.2119140625 1.8954588303279473e-16 1.4178643322767344e-17
2468.940673828125 1.6834082347986715e-16 1.3437675609557655e-17
2470.669677734375 2.046797942316077e-16 1.467372084554768e-17
2472.3984375 1.6031947440892812e-16 1.313267674691649e-17
2474.127197265625 1.6454622175528629e-16 1.32611329329623e-17
2475.85595703125 1.7692645531235514e-16 1.3658188725974492e-17
2477.584716796875 1.6491347671237003e-16 1.3206568791035852e-17
2479.313232421875 1.6314646010527915e-16 1.3106829834316046e-17
2481.0419921875 1.6448843822641578e-16 1.3131311898905778e-17
2482.7705078125 1.8749675151470897e-16 1.5532395532743053e-17
2484.498779296875 1.555443394036718e-16 1.4258573785358343e-17
2486.227294921875 1.6858307490278188e-16 1.473708784355292e-17
2487.95556640625 1.6357065155828615e-16 1.4520237482888467e-17
2489.683837890625 2.0265463109895128e-16 1.8447391591908498e-17
2491.412109375 1.4549136857385355e-16 1.5868561733684603e-17
2493.140380859375 1.5249499432377672e-16 1.616504642628076e-17
2494.868408203125 1.3825198973190785e-16 1.5445958467453712e-17
2496.596435546875 1.7376081525578e-16 2.0935979354025308e-17
2498.324462890625 1.5993281710339634e-16 2.0158202930737622e-17
2500.052490234375 1.302909255840117e-16 1.8403058019798106e-17
2501.7802734375 1.3694814132828747e-16 1.8797915993922744e-17
2503.508056640625 1.3444721037707014e-16 2.6344695003827842e-17
2505.23583984375 1.87665880171474e-16 3.04812780090565e-17
2506.963623046875 1.7241671955227524e-16 2.917202646167492e-17
2508.69140625 1.9217119547836043e-16 3.042765685302836e-17
