wavelength flux error
1150.583251953125 -6.017910236973123e-14 2.0017421422692527e-13
1152.2596435546875 1.565713297945262e-13 1.9280620665567544e-13
1153.93603515625 9.732933046752851e-14 1.7748390918840423e-13
1155.6123046875 2.1497278783477736e-13 1.7868187127383778e-13
1157.2886962890625 3.7316457974882755e-13 1.7165891104398145e-13
1158.965087890625 2.9400556967283664e-13 1.563629461369745e-13
1160.6414794921875 1.9423400604914876e-13 1.361684067368793e-13
1162.31787109375 2.6425630889233276e-13 1.2924364811879585e-13
1163.9942626953125 2.40480134720486e-13 1.1935991203661928e-13
1165.670654296875 2.4178524308561544e-13 1.0180066831828524e-13
1167.3470458984375 1.485701888121263e-13 9.179384818447725e-14
1169.0234375 2.9711953383748657e-13 9.105698373047463e-14
1170.6998291015625 2.0301902520225568e-13 8.041467204579142e-14
1172.376220703125 1.8809900739855806e-13 7.456249430815715e-14
1174.0526123046875 2.465459748249993e-13 7.235728807569383e-14
1175.72900390625 2.445698537353186e-13 6.843883912279608e-14
1177.4053955078125 2.1280805622466564e-13 6.358105773644762e-14
1179.081787109375 2.1962425910022898e-13 6.022909764240997e-14
1180.7581787109375 2.5710290558859927e-13 5.646107157654921e-14
1182.4345703125 1.779619610313074e-13 5.056541055553469e-14
1184.1109619140625 1.7665887199272423e-13 4.802810980950728e-14
1185.787353515625 1.455686022026545e-13 4.356658398841154e-14
1187.4637451171875 1.7987739390438323e-13 4.317088746490401e-14
1189.14013671875 7.749551190648282e-14 3.7464572188918716e-14
1190.8165283203125 8.222121713943181e-14 3.39995670777405e-14
1192.492919921875 1.4004792605552124e-13 3.494382246668065e-14
1194.169189453125 2.0475018436359044e-13 3.6139246841404224e-14
1195.845703125 1.4046978912083535e-13 3.656281413700821e-14
1197.52197265625 1.6070878081000245e-13 3.643030091460796e-14
1199.1983642578125 1.31032500388234e-13 2.976744488381554e-14
1200.874755859375 1.4833071565727857e-13 2.83517140157747e-14
1202.5511474609375 1.4868573765865895e-13 2.7389686181535262e-14
1204.2275390625 1.6940764654797824e-13 2.7575296511267097e-14
1205.9039306640625 1.335910006748653e-13 2.523777526211319e-14
1207.580322265625 1.2868921423284108e-13 2.440505039540391e-14
1209.2567138671875 1.6770229139834864e-13 2.60716012716539e-14
1210.93310546875 1.9225329065276214e-13 4.5198301481738645e-14
1212.6094970703125 2.7687064880349554e-13 6.95055449827231e-14
1214.285888671875 2.485305526916254e-13 7.052726322875555e-14
1215.9622802734375 2.5830235845202e-13 6.596261622852928e-14
1217.638671875 2.7276328439830577e-13 5.760427806414045e-14
1219.3150634765625 2.6944974571875557e-13 6.003229461931311e-14
1220.991455078125 2.3743463792302855e-13 4.7643461983763735e-14
1222.6678466796875 2.0178459326624515e-13 2.2400218276943072e-14
1224.34423828125 2.0122591743929052e-13 2.21083120885944e-14
1226.0206298828125 2.0891093217324797e-13 2.2090278757147357e-14
1227.697021484375 2.356670089111168e-13 2.291538879766082e-14
1229.3734130859375 2.5631948820381556e-13 2.361461618968514e-14
1231.0498046875 2.5918660663884485e-13 2.32477052338571e-14
1232.7261962890625 2.827425522444055e-13 2.3798366435064805e-14
1234.402587890625 2.46045073421311e-13 2.2206893171127645e-14
1236.078857421875 2.9063912192726915e-13 2.3823687637990025e-14
1237.75537109375 3.6100395134179564e-13 2.655533331750136e-14
1239.431640625 4.1053198709430083e-13 2.824945172805269e-14
1241.1080322265625 4.716700662855955e-13 3.088140501780398e-14
1242.784423828125 4.3249301709402665e-13 2.8985653802290554e-14
1244.4608154296875 3.3423865888546067e-13 2.4599624027783588e-14
1246.13720703125 3.0192303735257497e-13 2.3413574613720227e-14
1247.8135986328125 3.085825865667413e-13 2.3626146002163166e-14
1249.489990234375 2.8213973583650354e-13 2.232649761141174e-14
1251.1663818359375 2.319125794181254e-13 1.9645828068732066e-14
1252.8427734375 2.1963957345591534e-13 1.908189555530678e-14
1254.5191650390625 2.3748976960349943e-13 1.9765773016260958e-14
1256.195556640625 2.303760480992789e-13 1.935443179421764e-14
1257.8719482421875 2.2910389948019305e-13 1.8975626801744257e-14
1259.54833984375 1.782309380377739e-13 1.6967133806885387e-14
1261.2247314453125 2.0265783680101929e-13 1.772236701738216e-14
1262.901123046875 2.577220121341428e-13 2.0014365327818834e-14
1264.5775146484375 2.9051297500450046e-13 2.1479439253169023e-14
1266.25390625 2.8060854421335657e-13 2.0829395676259972e-14
1267.9302978515625 3.128512260450883e-13 2.219449938504342e-14
1269.606689453125 3.0424461235946387e-13 2.166700453494312e-14
1271.2830810546875 3.161184963969277e-13 2.9730331288198644e-14
1272.95947265625 3.121795085891249e-13 2.1730836937848205e-14
1274.6358642578125 2.9864896363210325e-13 2.1366165537132706e-14
1276.312255859375 3.0561591126722354e-13 2.1546717386103538e-14
1277.988525390625 3.0903290993908317e-13 2.1344330721818384e-14
1279.6650390625 2.930084018297474e-13 2.1091599807280224e-14
1281.34130859375 2.909632983768423e-13 2.0857766197795308e-14
1283.0177001953125 3.3823394389106975e-13 2.2800742888249952e-14
1284.694091796875 3.539413499700078e-13 2.3462563611257627e-14
1286.3704833984375 3.7467593047221803e-13 2.4199756714043778e-14
1288.046875 3.1411014739766985e-13 2.1485786918075747e-14
1289.7232666015625 3.364948565013487e-13 2.2529685568864997e-14
1291.399658203125 2.9935751685687684e-13 2.070565602112738e-14
1293.0760498046875 3.17060966240415e-13 2.1474584060315362e-14
1294.75244140625 3.031876778716164e-13 2.07669168320046e-14
1296.4288330078125 3.0591425660003724e-13 2.067701275498303e-14
1298.105224609375 3.245198435062463e-13 2.1784733644281996e-14
1299.7816162109375 2.886715931398054e-13 2.0214529377650392e-14
1301.4580078125 2.0578677650817667e-13 1.64530237714176e-14
1303.1343994140625 2.064964274876499e-13 1.6361899966951983e-14
1304.810791015625 2.9863242954897284e-13 2.222138759892106e-14
1306.4871826171875 3.0112216431281424e-13 2.0711995215704632e-14
1308.16357421875 3.582025626634733e-13 2.2865207177733687e-14
1309.8399658203125 3.427854246111639e-13 2.28678871899788e-14
1311.516357421875 3.3731459465891067e-13 2.300263488529391e-14
1313.1927490234375 3.843360363037923e-13 2.401365341113664e-14
1314.869140625 3.7515075681365806e-13 2.3791603724013927e-14
1316.5455322265625 3.604261528990238e-13 2.3787236422137883e-14
1318.221923828125 3.741842989971045e-13 2.38152427195059e-14
1319.898193359375 3.4865578306397804e-13 2.257479007330629e-14
1321.57470703125 3.4786480336904124e-13 2.293180090804682e-14
1323.2509765625 3.367920905269356e-13 2.2178027982351113e-14
1324.927490234375 3.6806010171065717e-13 2.3532548861491566e-14
1326.603759765625 3.367561221198634e-13 2.2572816486539186e-14
1328.2801513671875 3.229648807504676e-13 2.1965952955215265e-14
1329.95654296875 2.7639747587036856e-13 1.9812905317577977e-14
1331.6329345703125 2.9186733325331504e-13 2.028327795978134e-14
1333.309326171875 2.3342165331695364e-13 1.7782160767194737e-14
1334.9857177734375 2.219036586426082e-13 1.702079842629163e-14
1336.662109375 2.875204685882232e-13 1.9811428092117965e-14
1338.3385009765625 3.1244717100045727e-13 2.0818014941580663e-14
1340.014892578125 3.399660923868869e-13 2.2557114189762986e-14
1341.6912841796875 3.391739471746147e-13 2.2427624874984432e-14
1343.36767578125 3.433472310718916e-13 2.2578123994986682e-14
1345.0440673828125 3.3581652541213314e-13 2.2143728230184997e-14
1346.720458984375 3.4016051694146787e-13 2.2406838686458812e-14
1348.3968505859375 3.192127551870927e-13 2.1467706152783657e-14
1350.0732421875 3.2495010913839717e-13 2.1858464474208694e-14
1351.7496337890625 3.382088175057224e-13 2.249836059640964e-14
1353.426025390625 3.6119599065159713e-13 2.349642290629117e-14
1355.1024169921875 3.7725906925321906e-13 2.4025920142278778e-14
1356.77880859375 3.186971357389129e-13 2.1233570999569518e-14
1358.4552001953125 3.1750630228276344e-13 2.149308495394929e-14
1360.131591796875 3.6839522860217244e-13 2.3613787791462726e-14
1361.807861328125 3.9032403069232113e-13 2.444603323752386e-14
1363.484375 4.008261821411563e-13 2.5109121121820628e-14
1365.16064453125 4.0362472478877587e-13 2.5202574266891195e-14
1366.837158203125 4.0887386250181013e-13 2.5501681929357423e-14
1368.513427734375 4.0880851221586356e-13 2.5505058202685178e-14
1370.1898193359375 4.1832504257474645e-13 2.5654657773697444e-14
1371.8662109375 3.735610182731969e-13 2.3869357960440082e-14
1373.5426025390625 3.8499889040699564e-13 2.4401250605602526e-14
1375.218994140625 4.431847141876666e-13 2.6406353774606484e-14
1376.8953857421875 4.811719057050412e-13 2.8361254994892574e-14
1378.57177734375 3.9213719619547727e-13 2.4821475509196646e-14
1380.2481689453125 3.948693043549778e-13 2.466705123851682e-14
1381.924560546875 4.2603228345323985e-13 2.6373590540206687e-14
1383.6009521484375 4.2145545950736385e-13 2.6201797011910465e-14
1385.27734375 4.580911388066267e-13 4.412095688799411e-14
1386.9537353515625 4.041565530594343e-13 2.518144418298899e-14
1388.630126953125 3.8938635844344704e-13 2.4465057597519192e-14
1390.3065185546875 4.199533787125481e-13 2.608956514639927e-14
1391.98291015625 3.72526282824831e-13 2.382202067714983e-14
1393.6593017578125 3.7395978783223705e-13 2.943386298039606e-14
1395.335693359375 3.8083471380796763e-13 2.3885432951713075e-14
1397.0120849609375 4.3478577942818175e-13 2.6646889108770076e-14
1398.6884765625 4.1994985505548754e-13 2.6100986538660047e-14
1400.3648681640625 4.1298247373949826e-13 2.5104220189187815e-14
1402.041259765625 4.084050805874817e-13 2.559565007045992e-14
1403.717529296875 4.266091874292194e-13 2.645812951054035e-14
1405.39404296875 4.807747624492598e-13 2.8819655673419445e-14
1407.0703125 4.706504283524815e-13 2.837742146572387e-14
1408.746826171875 4.751150102684509e-13 2.865205495821213e-14
1410.423095703125 4.392617996770709e-13 2.7387206069065702e-14
1412.0994873046875 4.743514066783694e-13 3.0356315741273884e-14
1413.77587890625 4.69882054272841e-13 2.8551684942094285e-14
1415.4522705078125 4.46140330625025e-13 2.7087302195629055e-14
1417.128662109375 4.3909868146022046e-13 2.8673481503645876e-14
1418.8050537109375 5.053514572951612e-13 2.954529524680505e-14
1420.4814453125 4.585340896041956e-13 2.786490724032871e-14
1422.1578369140625 4.644235300152455e-13 2.8710032669385793e-14
1423.834228515625 4.602230597484935e-13 2.8253700445316117e-14
1425.5106201171875 4.2191724831767974e-13 2.6675134269429218e-14
1427.18701171875 4.2064236208810835e-13 2.6609360467009027e-14
1428.8634033203125 4.558189763137488e-13 2.7992692324817388e-14
1430.539794921875 4.766406995655725e-13 2.8638183946667894e-14
1432.2161865234375 4.91137458393659e-13 2.953486996529024e-14
1433.892578125 4.655167310657626e-13 2.8617431639460164e-14
1435.5689697265625 4.731974360960844e-13 2.9027151640442436e-14
1437.245361328125 4.5123494242342577e-13 2.8168321218298778e-14
1438.9217529296875 4.379295320475207e-13 2.7697543694346627e-14
1440.59814453125 4.686284997210133e-13 2.853488319655255e-14
1442.2745361328125 4.5307795059137956e-13 2.8109211871107584e-14
1443.950927734375 4.2450767835829073e-13 2.7082992491993425e-14
1445.627197265625 4.7080574031369e-13 2.830246582615544e-14
1447.3037109375 4.524551577584496e-13 2.7881644611366455e-14
1448.97998046875 4.2641435629882374e-13 2.6946076392333346e-14
1450.656494140625 4.5381287703399886e-13 2.7788604818374148e-14
1452.332763671875 4.3888737045680304e-13 2.7231726395333597e-14
1454.0091552734375 4.4186421015168786e-13 2.7518413166661287e-14
1455.685546875 3.898817846261643e-13 2.5530482743629963e-14
1457.3619384765625 4.4372261399049095e-13 2.7551672762368175e-14
1459.038330078125 4.140455339696203e-13 2.6474372214336898e-14
1460.7147216796875 4.4535859375360864e-13 2.7171792038051777e-14
1462.39111328125 4.55924848655892e-13 2.754694801258839e-14
1464.0675048828125 4.2455668429648707e-13 2.6631393488033006e-14
1465.743896484375 4.3658195006228417e-13 2.6759280216475355e-14
1467.4202880859375 3.9070436881442905e-13 2.5009545622607307e-14
1469.0966796875 4.0980760451780895e-13 2.5943385894428017e-14
1470.7730712890625 4.0236967945896096e-13 2.574671331440504e-14
1472.449462890625 4.175507324882116e-13 2.6328015085446722e-14
1474.1258544921875 3.628613793986435e-13 2.4408347047634622e-14
1475.80224609375 3.9583952977408077e-13 2.564679561388103e-14
1477.4786376953125 4.0011882153877243e-13 2.5657037936279228e-14
1479.155029296875 3.645007472935502e-13 2.4337121741165903e-14
1480.8314208984375 4.4194861529081586e-13 2.737626409745307e-14
1482.5078125 4.0354744827893196e-13 2.5975398657636546e-14
1484.1842041015625 3.573835021322691e-13 2.4323904639056947e-14
1485.860595703125 3.5919718263145717e-13 2.3805381561933965e-14
1487.536865234375 3.696334145882052e-13 2.4464705231813134e-14
1489.21337890625 3.9413405265170676e-13 2.499559160183424e-14
1490.8896484375 4.260411197009456e-13 2.6693401381969704e-14
1492.566162109375 3.850466224076393e-13 2.5064653586155672e-14
1494.242431640625 4.123120031160332e-13 2.6199926763162927e-14
1495.9188232421875 4.3355290603279417e-13 2.6437690605523104e-14
1497.59521484375 4.740487516419201e-13 2.796522643446972e-14
1499.2716064453125 4.5327378460878476e-13 2.6883436611817996e-14
1500.947998046875 3.938262205498838e-13 2.522434978989921e-14
1502.6243896484375 3.791740413403716e-13 2.418716641631579e-14
1504.30078125 3.9971186625333e-13 2.5114742032458608e-14
1505.9771728515625 4.183084271764531e-13 2.580061679710241e-14
1507.653564453125 4.336128353078783e-13 2.630110315464656e-14
1509.3299560546875 3.9654989903749327e-13 2.494596055332282e-14
1511.00634765625 4.553060402659459e-13 2.730273824949961e-14
1512.6827392578125 4.4470232617860317e-13 2.7272575406247883e-14
1514.359130859375 3.989526265769927e-13 2.5048437987413436e-14
1516.0355224609375 4.599177484167216e-13 3.4051412270376044e-14
1517.7119140625 4.519523318959051e-13 2.708356508626577e-14
1519.3883056640625 4.1464349857280036e-13 2.580461818074524e-14
1521.064697265625 4.3182815721680423e-13 2.6660710992403372e-14
1522.7410888671875 4.1481076386296056e-13 2.6129778882603115e-14
1524.41748046875 3.530355261599505e-13 2.370945338659152e-14
1526.0938720703125 3.136210366926073e-13 2.2180569081192876e-14
1527.770263671875 3.4003984523967024e-13 2.4836034311494053e-14
1529.446533203125 3.9873963506020793e-13 2.5278929204888487e-14
1531.123046875 4.055310232585485e-13 2.5463739935518113e-14
1532.79931640625 4.231695018269005e-13 2.6044184509217173e-14
1534.475830078125 4.4129988292090916e-13 2.6548216546678528e-14
1536.152099609375 4.063695452187488e-13 2.4947739322512055e-14
1537.8284912109375 4.3672164951220893e-13 2.623339134084305e-14
1539.5048828125 4.540349216389239e-13 2.6645088316724214e-14
1541.1812744140625 3.962294901904695e-13 2.4581651682708747e-14
1542.857666015625 3.980483748600855e-13 2.468804410308157e-14
1544.5340576171875 3.403376213663434e-13 2.250634981116814e-14
1546.21044921875 3.5441376396161406e-13 2.2948114762610938e-14
1547.8868408203125 3.4599905406051956e-13 2.266197348050128e-14
1549.563232421875 3.7578021748994883e-13 2.379875098802286e-14
1551.2396240234375 3.677861238216701e-13 2.338621036732623e-14
1552.916015625 4.69870941200573e-13 2.6869480896979034e-14
1554.5924072265625 4.2329001089837226e-13 2.534911943709566e-14
1556.268798828125 3.9518608112472375e-13 2.417917042529371e-14
1557.9451904296875 3.875312072111614e-13 2.38562103150328e-14
1559.62158203125 4.182899144243579e-13 2.440382219763039e-14
1561.2979736328125 4.0220799780998906e-13 2.4296396397061916e-14
1562.974365234375 3.892944994143832e-13 2.391609893253547e-14
1564.650634765625 4.4935417691481516e-13 2.5603280143248787e-14
1566.3271484375 4.595736226471747e-13 2.550654728660645e-14
1568.00341796875 4.596388374078497e-13 2.5517401166792568e-14
1569.679931640625 4.778653601295035e-13 2.6152826649097904e-14
1571.356201171875 4.3704433518379493e-13 2.5185955480466066e-14
1573.03271484375 4.666830073427053e-13 2.6041231752363045e-14
1574.708984375 4.725002940991763e-13 2.5807081352555855e-14
1576.385498046875 4.278765655587463e-13 2.4601016549948874e-14
1578.061767578125 4.646460625111482e-13 2.837453647150552e-14
1579.73828125 4.617985681354408e-13 2.571586776259783e-14
1581.41455078125 4.518560818480427e-13 2.5114706457074823e-14
1583.091064453125 4.082723742415695e-13 2.3743204261407816e-14
1584.767333984375 4.973477684376559e-13 2.6499198750020922e-14
1586.4437255859375 4.783265797336789e-13 2.5750963725734363e-14
1588.1201171875 4.805649693288838e-13 2.5509200193797252e-14
1589.7965087890625 4.2194719940269465e-13 2.389046263335387e-14
1591.472900390625 3.8295272985697237e-13 2.248902798739679e-14
1593.1492919921875 4.693805023478492e-13 3.5424550933697146e-14
1594.82568359375 4.609284958920212e-13 2.4759657350640132e-14
1596.5020751953125 4.554507812559727e-13 2.4363976073725653e-14
1598.178466796875 4.559540136943319e-13 2.4324948183647964e-14
1599.8548583984375 4.985951972472091e-13 2.5371083001417966e-14
1601.53125 4.636637753428763e-13 2.592547961792306e-14
1603.2076416015625 4.462906281511858e-13 2.385731484599602e-14
1604.884033203125 4.1707465931427323e-13 2.311653709977709e-14
1606.560302734375 4.0589002970291277e-13 2.277616538025242e-14
1608.23681640625 4.541727237350468e-13 2.405863255470174e-14
1609.9130859375 4.3878556387280665e-13 2.3561585150923443e-14
1611.589599609375 4.327083396454823e-13 2.3129850763642032e-14
1613.265869140625 4.495159940890586e-13 2.3599872734205232e-14
1614.9423828125 4.841841446008577e-13 2.4458059411308977e-14
1616.61865234375 4.436579413309022e-13 3.338332350355869e-14
1618.295166015625 4.294518300002048e-13 2.468642457608642e-14
1619.971435546875 4.931220904703937e-13 2.447561501617377e-14
1621.64794921875 4.2933774482660503e-13 2.2627524650536447e-14
1623.32421875 4.579792491424262e-13 2.718300167207574e-14
1625.000732421875 4.347437123838893e-13 3.1939721863421394e-14
1626.677001953125 3.773298947601367e-13 2.086879117863677e-14
1628.3533935546875 3.984883169966258e-13 2.1816588859362336e-14
1630.02978515625 4.3301871962241056e-13 2.3117021602622918e-14
1631.7061767578125 4.848482726416137e-13 2.39209016093464e-14
1633.382568359375 4.5321282534163676e-13 2.5918064691502797e-14
1635.0589599609375 4.2786732273522587e-13 3.10946608088683e-14
1636.7353515625 4.379462829710856e-13 2.223228721888633e-14
1638.4117431640625 4.63906202948644e-13 2.274173179688064e-14
1640.088134765625 5.088534303122894e-13 2.672170414086926e-14
1641.7645263671875 4.022246132082824e-13 2.1947004828185186e-14
1643.44091796875 4.2823131650958357e-13 2.163490029217629e-14
1645.1173095703125 4.23533739546747e-13 2.1466198434137544e-14
1646.793701171875 4.623739542283789e-13 2.2276156749290524e-14
1648.469970703125 4.591783225350865e-13 2.2108403568152704e-14
1650.146484375 4.747022545013857e-13 2.2459495336657823e-14
1651.82275390625 4.0163895429976004e-13 2.0484841308041762e-14
1653.499267578125 4.3850459287980703e-13 2.1326243180262716e-14
1655.175537109375 4.355389204672988e-13 2.1191017758365356e-14
1656.85205078125 4.04324035190029e-13 2.0317123702287727e-14
1658.5283203125 4.097034397940874e-13 2.04318305980708e-14
1660.204833984375 4.515651090900019e-13 2.117281502032886e-14
1661.881103515625 4.087434058754058e-13 2.009937186033938e-14
1663.5576171875 4.62001693412456e-13 2.113135953382434e-14
1665.23388671875 4.673815045923291e-13 2.1504253930391785e-14
1666.910400390625 4.3219599990887425e-13 2.0710133437286567e-14
1668.586669921875 4.1700949876370685e-13 2.0186106340072327e-14
1670.2630615234375 3.121477414654711e-13 1.7245631463679023e-14
1671.939453125 3.6099633482153393e-13 1.8202294191230553e-14
1673.6158447265625 3.889823305038703e-13 1.8945499533876316e-14
1675.292236328125 4.74940995819767e-13 2.0724914162216154e-14
1676.9686279296875 4.690478691213307e-13 2.0465427312890694e-14
1678.64501953125 4.209878973204795e-13 1.9439406139486193e-14
1680.3214111328125 4.093148888405229e-13 1.931123989017125e-14
1681.997802734375 4.5138209576328636e-13 1.9916744780647776e-14
1683.6741943359375 4.44760493625157e-13 1.969625363414801e-14
1685.3505859375 4.60031969115593e-13 1.9986631775059834e-14
1687.0269775390625 4.5277640686215703e-13 1.974565259563188e-14
1688.703369140625 4.601596881315118e-13 1.9789427258345982e-14
1690.379638671875 4.358763512884306e-13 1.915794894957485e-14
1692.05615234375 4.5117528419888475e-13 1.9319805087333886e-14
1693.732421875 4.590105422488944e-13 1.9373798355523664e-14
1695.408935546875 4.799019254903003e-13 1.961270399829674e-14
1697.085205078125 4.456264459003212e-13 1.886751998668619e-14
1698.76171875 4.678887485787264e-13 1.9157579643209847e-14
1700.43798828125 5.208805392217797e-13 1.9923168678519752e-14
1702.114501953125 5.089213555783956e-13 1.9543370963432186e-14
1703.790771484375 4.4387754648093913e-13 1.8401746733386418e-14
1705.46728515625 4.630077246083053e-13 1.865308851389108e-14
1707.1435546875 5.021254137309306e-13 1.9186116183202845e-14
1708.820068359375 4.332693871646892e-13 1.7966873242002482e-14
1710.496337890625 4.444976559134922e-13 1.8135344707079573e-14
1712.1727294921875 5.141109434871061e-13 1.9112493773493396e-14
1713.84912109375 4.2913207167448453e-13 1.766767409997795e-14
1715.5255126953125 4.740413790671472e-13 1.8462665342952947e-14
1717.201904296875 5.038833391333986e-13 1.865133007349258e-14
1718.8782958984375 4.721567104307156e-13 1.808380275223915e-14
1720.5546875 4.859194643880294e-13 1.8171370712392193e-14
1722.2310791015625 5.135775160182432e-13 1.8127086135843844e-14
1723.907470703125 4.4466053018485385e-13 1.704336507807238e-14
1725.5838623046875 4.4929790682206316e-13 1.7358200448303225e-14
1727.26025390625 4.5238834379957016e-13 2.034439985725521e-14
1728.9366455078125 4.4271183941013703e-13 1.699737118903647e-14
1730.613037109375 4.587103808774418e-13 1.7218619582991083e-14
1732.289306640625 4.4935195430036157e-13 1.6954707833549167e-14
1733.9658203125 4.884000105384589e-13 1.7407524870887738e-14
1735.64208984375 5.203967682124166e-13 1.771068135084184e-14
1737.318603515625 4.854679483932978e-13 1.7132955752903467e-14
1738.994873046875 4.5338738189140693e-13 1.6599155589543807e-14
1740.67138671875 4.439819551501495e-13 1.6042949710663376e-14
1742.34765625 4.4608080792575555e-13 1.5976201820353843e-14
1744.024169921875 4.592806712201691e-13 1.605898743248669e-14
1745.700439453125 4.675786667573956e-13 1.66384596123623e-14
1747.376953125 4.722964098806404e-13 1.612419711096401e-14
1749.05322265625 4.682416563858705e-13 1.5987365714598654e-14
1750.729736328125 4.866411635641443e-13 1.6026886577851646e-14
1752.406005859375 4.5353098446915263e-13 1.551872440773948e-14
1754.0823974609375 4.588468277208491e-13 1.5482933877586195e-14
1755.7587890625 4.638506917974128e-13 1.5627784981896153e-14
1757.4351806640625 4.4581685890686396e-13 1.5315165449855325e-14
1759.111572265625 4.609554925261161e-13 1.5360039561334964e-14
1760.7879638671875 4.799184595734307e-13 1.5468569892866657e-14
1762.46435546875 5.357822475612894e-13 1.5960582532806473e-14
1764.1407470703125 5.034825095902307e-13 2.4504495451543352e-14
1765.817138671875 4.688362870673701e-13 1.5021177254522303e-14
1767.4935302734375 4.570312227628048e-13 1.4840513597202433e-14
1769.169921875 4.616883047744991e-13 1.479184647218499e-14
1770.8463134765625 4.3113597544483517e-13 1.434476045976754e-14
1772.522705078125 4.27171942566848e-13 1.4092979069163254e-14
1774.198974609375 4.2174063178378185e-13 1.3952435974423031e-14
1775.87548828125 4.266134429227464e-13 1.4096600135012766e-14
1777.5517578125 4.611322174802313e-13 1.4330633644273234e-14
1779.228271484375 4.4498814897632466e-13 1.4090001748353655e-14
1780.904541015625 4.532156171622309e-13 1.4095661622507208e-14
1782.5810546875 4.5054422432438956e-13 1.4003947436077354e-14
1784.25732421875 4.2929762934622306e-13 1.3695274230537784e-14
1785.933837890625 4.364528757936498e-13 1.3462841613547626e-14
1787.610107421875 4.0319079997429286e-13 1.3085425755107738e-14
1789.28662109375 4.2927372268831976e-13 1.3266976255923383e-14
1790.962890625 4.3666052761473506e-13 1.3415489083664321e-14
1792.639404296875 4.268504224125974e-13 1.4568441532346668e-14
1794.315673828125 4.277735663523602e-13 1.4865421448049393e-14
1795.9920654296875 4.0516957735929615e-13 1.3349127440378736e-14
1797.66845703125 3.92683552775247e-13 1.2871803198777256e-14
1799.3448486328125 4.1625622219931824e-13 1.293947350796635e-14
1801.021240234375 3.991821250718536e-13 1.452921882469111e-14
1802.6976318359375 3.7204936939420896e-13 1.2344206704723287e-14
1804.3740234375 3.59545211528825e-13 1.2173305102120523e-14
1806.0504150390625 3.5438538496974925e-13 1.2169634061327123e-14
1807.726806640625 3.4989966111141635e-13 1.2067639436016443e-14
1809.4031982421875 3.99555822455655e-13 1.2482566995558435e-14
1811.07958984375 4.1961201765854106e-13 1.2624793991797799e-14
1812.7559814453125 3.9838553463067417e-13 1.2420128808884531e-14
1814.432373046875 4.0070212230756963e-13 1.238150580055563e-14
1816.108642578125 4.1582346290217065e-13 1.2395584335171943e-14
1817.78515625 4.0503334735632335e-13 1.226268910091248e-14
1819.46142578125 4.053534309426954e-13 1.2212846294164248e-14
1821.137939453125 4.3122609975042303e-13 1.2435484669185305e-14
1822.814208984375 3.971625274750562e-13 1.2137220651534542e-14
1824.49072265625 4.113943343972415e-13 1.2211266577717619e-14
1826.1669921875 4.0912179243360325e-13 1.3363787886629813e-14
1827.843505859375 4.2053098741993977e-13 1.2352268764315253e-14
1829.519775390625 4.2032588347395983e-13 1.229990603454894e-14
1831.1962890625 4.111402245130652e-13 1.1989443895424768e-14
1832.87255859375 4.271616697512637e-13 1.2061370545173814e-14
1834.549072265625 4.063125703945847e-13 1.1893330219866875e-14
1836.225341796875 3.748421928753687e-13 1.1507903123811856e-14
1837.9017333984375 4.064595882091737e-13 1.1696266310622268e-14
1839.578125 4.209071242586293e-13 1.1763179372356516e-14
1841.2545166015625 4.202012273291783e-13 1.184694669567523e-14
1842.930908203125 4.2612094408589485e-13 1.185919055692779e-14
1844.6072998046875 4.040504638768566e-13 1.1685382784282997e-14
1846.28369140625 4.057172349816729e-13 1.1489711397203676e-14
1847.9600830078125 3.9952532926955386e-13 1.1425020102890076e-14
1849.636474609375 3.960077437411419e-13 1.1381476680170574e-14
1851.3128662109375 3.968069904776439e-13 1.1557774729680295e-14
1852.9892578125 3.937643126058349e-13 1.1511547059550944e-14
1854.6656494140625 3.936908308035947e-13 1.1492315176483536e-14
1856.342041015625 4.1827031747009025e-13 1.159790206852352e-14
1858.018310546875 4.2849949391694786e-13 1.1632113729263122e-14
1859.69482421875 4.0704362081443735e-13 1.1488376473278803e-14
1861.37109375 4.107808928080492e-13 1.1436748968110706e-14
1863.047607421875 4.0244340520668997e-13 1.1365560084058719e-14
1864.723876953125 4.0538349044792754e-13 1.1362063532052453e-14
1866.400390625 3.945157731315846e-13 1.1350997046596575e-14
1868.07666015625 3.8634305715538886e-13 1.1276581814048496e-14
1869.753173828125 4.111368905913848e-13 1.1403162417686179e-14
1871.429443359375 4.29970349689196e-13 1.1607382908302138e-14
1873.10595703125 4.4095995843478064e-13 1.164483023490025e-14
1874.7822265625 4.582542570234771e-13 1.1715295752815283e-14
1876.458740234375 4.460726221993533e-13 1.1554889735461947e-14
1878.135009765625 4.480720265306881e-13 1.1555867211483078e-14
1879.8114013671875 4.3921927184685516e-13 1.1500749930572294e-14
1881.48779296875 4.258591634713482e-13 1.1409327970509243e-14
1883.1641845703125 4.320722111258307e-13 1.1522969298844669e-14
1884.840576171875 4.226172905553993e-13 1.1377307584004188e-14
1886.5169677734375 4.2220377584681335e-13 1.1405645918287528e-14
1888.193359375 4.3299608690205993e-13 1.145699729071482e-14
1889.8697509765625 4.021616481671153e-13 1.1298826593309289e-14
1891.546142578125 3.97697337301689e-13 1.121652887215406e-14
1893.2225341796875 4.233928203693782e-13 1.1348890475656754e-14
1894.89892578125 4.3951330747603323e-13 1.1430054866728556e-14
1896.5753173828125 4.3714058523165733e-13 1.1437418124139037e-14
1898.251708984375 4.1424261481952385e-13 1.132314152109317e-14
1899.927978515625 4.04784007961706e-13 1.1288555471790883e-14
1901.6044921875 4.2001913557430937e-13 1.1382426204104446e-14
1903.28076171875 4.282563886848223e-13 1.1427692491838663e-14
1904.957275390625 4.3388185297192627e-13 1.1462320892788314e-14
1906.633544921875 4.266579494219269e-13 1.1350284691887935e-14
1908.31005859375 4.3951311774065305e-13 1.1417680562402117e-14
1909.986328125 4.582150089048331e-13 1.1885007274127155e-14
1911.662841796875 4.3142269270934896e-13 1.1499149038301983e-14
1913.339111328125 4.2482971350857324e-13 1.147365927582026e-14
1915.015625 4.2643625718270795e-13 1.1629777612394594e-14
1916.69189453125 4.262267351128751e-13 1.1623307974743466e-14
1918.368408203125 4.637300743057238e-13 1.2145867163860114e-14
1920.044677734375 4.402468515608826e-13 1.2026347426870743e-14
1921.7210693359375 4.390175018225556e-13 1.2013996839466828e-14
1923.3974609375 4.304446068244955e-13 1.4378904357871362e-14
1925.0738525390625 4.274239111517336e-13 1.9289754052431198e-14
1926.750244140625 4.2118123767288795e-13 2.345733064170949e-14
1928.4266357421875 4.159044528044553e-13 1.2062204025593912e-14
1930.10302734375 4.2623416189775665e-13 1.1798510810652387e-14
1931.7794189453125 4.3970320548654407e-13 1.1269731011571103e-14
1933.455810546875 4.1404851552559463e-13 1.109579957211601e-14
1935.1322021484375 4.239711880182906e-13 1.1212690118837104e-14
1936.80859375 4.2464683570712924e-13 1.1168087904933535e-14
1938.4849853515625 4.1576895463794894e-13 1.1072388428486849e-14
1940.161376953125 4.299454943543918e-13 1.1113559311921092e-14
1941.837646484375 4.1575109240715724e-13 1.0984551958889525e-14
1943.51416015625 4.0544889494398273e-13 1.0877320128865973e-14
1945.1904296875 3.9474058245204946e-13 1.0668983058126358e-14
1946.866943359375 4.006916055464965e-13 1.0658534906721976e-14
1948.543212890625 4.214464064192236e-13 1.0719251075414112e-14
1950.2197265625 4.1487885175939265e-13 1.0766712872547612e-14
1951.89599609375 3.836959775512655e-13 1.0532364267030764e-14
1953.572509765625 3.969853959451264e-13 1.0578885010559865e-14
1955.248779296875 3.925796591020686e-13 1.047706826216811e-14
1956.92529296875 4.027270324950122e-13 1.0511609418724192e-14
1958.6015625 4.0177962953164004e-13 1.0478811455973559e-14
1960.278076171875 3.968203803744741e-13 1.0275289767539084e-14
1961.954345703125 4.005153413783047e-13 1.0277438690126268e-14
1963.6307373046875 3.8427293573735366e-13 1.015464517079576e-14
1965.30712890625 4.019465966662028e-13 1.0364410339084446e-14
1966.9835205078125 3.998666632185066e-13 1.034371224198534e-14
1968.659912109375 3.8889353434594376e-13 1.0263792142313054e-14
1970.3363037109375 3.9646077761891496e-13 1.0213663885461598e-14
1972.0126953125 3.975164381692098e-13 1.0242701021926422e-14
1973.6890869140625 4.063693554833686e-13 1.032560945383662e-14
1975.365478515625 4.05296781379183e-13 1.0283809224922568e-14
1977.0418701171875 3.895542471498564e-13 1.0188174970012821e-14
1978.71826171875 3.7386819985371633e-13 1.0073550236425633e-14
