wavelength flux error
1150.583251953125 -1.789955106335471e-15 2.881023327891419e-14
1152.2596435546875 -3.204613207148611e-15 2.7146037154257563e-14
1153.93603515625 2.2785421332783542e-15 2.5482298427392455e-14
1155.6123046875 3.086107961520167e-14 2.5915062806737728e-14
1157.2886962890625 2.87302360992437e-14 2.4164947048043416e-14
1158.965087890625 1.1964109987005339e-14 2.1972937588898324e-14
1160.6414794921875 -4.836404392342128e-15 1.9287685597974003e-14
1162.31787109375 1.1656024622331163e-14 1.826749878751019e-14
1163.9942626953125 3.4532015376516345e-14 1.8679593868876562e-14
1165.670654296875 1.591728051447694e-14 1.4481366545368926e-14
1167.3470458984375 6.780619021449184e-15 1.3371850793254727e-14
1169.0234375 1.973657070837142e-14 1.288865491926288e-14
1170.6998291015625 3.402551042636548e-15 1.1423780893688243e-14
1172.376220703125 1.7334248050620768e-14 1.1077747605944127e-14
1174.0526123046875 9.479870772925725e-15 1.018583377094661e-14
1175.72900390625 3.80766297262752e-15 9.429690847064486e-15
1177.4053955078125 2.3938435191354565e-14 9.488449522615516e-15
1179.081787109375 3.126218698517626e-14 9.215490614263976e-15
1180.7581787109375 1.5296847515338004e-14 7.94522071425512e-15
1182.4345703125 1.4677551234414284e-14 7.513875115096498e-15
1184.1109619140625 7.308915164717586e-15 6.91432952492038e-15
1185.787353515625 1.3928699570142124e-14 6.685232947192983e-15
1187.4637451171875 1.7561417204876688e-14 6.473376031041053e-15
1189.14013671875 1.5730111644122156e-14 6.1862585434596835e-15
1190.8165283203125 8.199463582604129e-15 5.490431141685643e-15
1192.492919921875 8.429238210205803e-15 5.5563735036623374e-15
1194.169189453125 1.443335163572087e-14 6.459386434884201e-15
1195.845703125 1.3945932455454012e-14 7.190078136283702e-15
1197.52197265625 1.3343423520511925e-14 6.9185430903164966e-15
1199.1983642578125 1.3260465960690786e-14 5.45299779113116e-15
1200.874755859375 1.1422235905592451e-14 4.545317708369925e-15
1202.5511474609375 1.9680764789674517e-14 4.29985348948626e-15
1204.2275390625 2.6819124788264766e-14 4.536301466162877e-15
1205.9039306640625 5.783435254140545e-14 7.136100114686975e-15
1207.580322265625 1.2130929399022106e-13 1.5445600053403015e-14
1222.6678466796875 9.778025015106523e-14 1.436296828000172e-14
1224.34423828125 3.144585760945888e-14 3.9179004990644046e-15
1226.0206298828125 9.899919493666816e-15 2.8137026315513047e-15
1227.697021484375 1.3080403696763467e-14 2.827094222447395e-15
1229.3734130859375 9.722117113642771e-15 2.7216138448005276e-15
1231.0498046875 1.0315774554286051e-14 2.6549997856966604e-15
1232.7261962890625 5.961276428273574e-15 2.4724857849035137e-15
1234.402587890625 4.457045440321239e-15 2.404633151872524e-15
1236.078857421875 1.2396806603714831e-14 2.576819279939799e-15
1237.75537109375 1.2577212763018736e-14 2.5654779322925375e-15
1239.431640625 1.3870062867335498e-14 2.5789214039566473e-15
1241.1080322265625 1.9006828107389316e-14 2.7427337643073663e-15
1242.784423828125 1.815962067134788e-14 2.6866707711109723e-15
1244.4608154296875 1.4367017097489596e-14 2.551726352393864e-15
1246.13720703125 1.2435316109628801e-14 2.469595708487482e-15
1247.8135986328125 8.008223871904842e-15 2.3282583086009718e-15
1249.489990234375 1.0003992737830057e-14 2.376195079459645e-15
1251.1663818359375 7.827601719199388e-15 2.186354878947459e-15
1252.8427734375 8.839309729861185e-15 2.187930148471115e-15
1254.5191650390625 8.779246623571383e-15 2.1903158167670567e-15
1256.195556640625 5.881084431025221e-15 2.0870171842340794e-15
1257.8719482421875 5.691731062699469e-15 2.072478075452696e-15
1259.54833984375 5.669095377733519e-15 2.056081846934458e-15
1261.2247314453125 4.262026692127777e-15 1.972288053836142e-15
1262.901123046875 2.7334894584792697e-15 1.9178047770863774e-15
1264.5775146484375 3.950309250175775e-15 1.9433042804469945e-15
1266.25390625 5.940688021941138e-15 1.9618782306726236e-15
1267.9302978515625 4.106911242562992e-15 1.9026181116168182e-15
1269.606689453125 4.78927674970632e-15 1.9171163510584965e-15
1271.2830810546875 6.283943041618259e-15 1.9614818192533086e-15
1272.95947265625 6.011206902931847e-15 1.939645945147803e-15
1274.6358642578125 6.2154134175041766e-15 1.938192013093841e-15
1276.312255859375 7.09836183227148e-15 2.00138278854138e-15
1277.988525390625 7.520298165935527e-15 1.9979391760943177e-15
1279.6650390625 7.793826280427622e-15 2.0022569265429465e-15
1281.34130859375 4.601348937830797e-15 1.8644857471226137e-15
1283.0177001953125 8.302201902842497e-15 1.984453776299319e-15
1284.694091796875 1.010617116929029e-14 2.027314278705097e-15
1286.3704833984375 7.396925276069097e-15 1.9217907023779193e-15
1288.046875 8.134422463683313e-15 1.9424851995869996e-15
1289.7232666015625 5.411747710116349e-15 1.8629659582570027e-15
1291.399658203125 5.360432760105789e-15 1.8446738582445724e-15
1293.0760498046875 7.072921197700697e-15 1.894278860492863e-15
1294.75244140625 9.456263964685747e-15 1.945362146992349e-15
1296.4288330078125 7.67330450346165e-15 1.894343446755091e-15
1298.105224609375 5.210986078540503e-15 1.8090353705053214e-15
1299.7816162109375 2.591388246632573e-15 1.722453039065526e-15
1301.4580078125 3.879704818857393e-15 1.7873530211215058e-15
1303.1343994140625 3.533444526283413e-15 1.7763307931371224e-15
1304.810791015625 2.0148014844917827e-15 1.7375307549222447e-15
1306.4871826171875 4.7277199008140345e-15 1.845361648997743e-15
1308.16357421875 9.188352525666896e-15 1.989941067489869e-15
1309.8399658203125 6.5238668179939344e-15 1.9095025836538644e-15
1311.516357421875 5.54522062084584e-15 1.8369044485358824e-15
1313.1927490234375 6.079513757380802e-15 1.8645687563514446e-15
1314.869140625 6.877456063144032e-15 1.8843359642415182e-15
1316.5455322265625 5.9146011012316e-15 1.823424130938567e-15
1318.221923828125 4.830681837750478e-15 1.7935833719650348e-15
1319.898193359375 4.882786645984353e-15 1.804262763364017e-15
1321.57470703125 5.9931265611562305e-15 1.8718534514560684e-15
1323.2509765625 5.945809183140237e-15 1.9087970052088015e-15
1324.927490234375 5.437389515012105e-15 1.921563697548055e-15
1326.603759765625 7.265979911654213e-15 2.0436897549161274e-15
1328.2801513671875 6.561016836027561e-15 2.0421195675901548e-15
1329.95654296875 3.823961157082114e-15 1.87868307810978e-15
1331.6329345703125 6.237980069284926e-15 1.9102723248446817e-15
1333.309326171875 4.6517232577534314e-15 1.84344989563579e-15
1334.9857177734375 5.672284033263458e-15 1.8811379913491596e-15
1336.662109375 6.078459624877944e-15 1.8565380369785266e-15
1338.3385009765625 6.219614700922558e-15 1.8554819986515373e-15
1340.014892578125 8.573735254743808e-15 2.0056725869027495e-15
1341.6912841796875 7.320383143790462e-15 1.9414128558757756e-15
1343.36767578125 7.25304233041785e-15 1.9698045532347925e-15
1345.0440673828125 6.331337076115979e-15 1.908983987731908e-15
1346.720458984375 5.8643483305368966e-15 1.899181063675097e-15
1348.3968505859375 6.385897856380418e-15 1.911260177019417e-15
1350.0732421875 7.67035513473931e-15 1.985079521889103e-15
1351.7496337890625 7.136238181057377e-15 1.9535048864725412e-15
1353.426025390625 6.798644729599703e-15 1.963561285138818e-15
1355.1024169921875 7.170594684430959e-15 1.9451963402929238e-15
1356.77880859375 9.410605500696952e-15 2.0317038151960055e-15
1358.4552001953125 7.267839148973436e-15 1.965256833340984e-15
1360.131591796875 6.126192049038092e-15 1.9622670187954133e-15
1361.807861328125 5.650441594652611e-15 2.0017254133685445e-15
1363.484375 6.923089963177358e-15 1.9970934136964843e-15
1365.16064453125 5.9153384434121846e-15 1.98573830176383e-15
1366.837158203125 5.791847815966086e-15 1.9945455385911434e-15
1368.513427734375 5.371094363812879e-15 1.9770697665816295e-15
1370.1898193359375 8.665891592372129e-15 2.0686768033436557e-15
1371.8662109375 7.201275911846404e-15 2.0281617351688248e-15
1373.5426025390625 8.900375723160537e-15 2.0908906659018733e-15
1375.218994140625 9.512801719849077e-15 2.0879165214658267e-15
1376.8953857421875 7.978160131507945e-15 2.077987177741638e-15
1378.57177734375 7.0446586728661366e-15 2.0600917009067597e-15
1380.2481689453125 9.859497387357946e-15 2.151878096895367e-15
1381.924560546875 8.406845200179241e-15 2.125083480158398e-15
1383.6009521484375 7.408905710075062e-15 2.100164406124887e-15
1385.27734375 5.9420161696024324e-15 2.0354843349978382e-15
1386.9537353515625 5.933096489151371e-15 2.0466802047364088e-15
1388.630126953125 9.217674265201998e-15 2.1570820555650606e-15
1390.3065185546875 8.652509318838458e-15 2.1562028353658107e-15
1391.98291015625 3.157395567262157e-15 1.9974370973148328e-15
1393.6593017578125 5.854162759346164e-15 2.1156392745547495e-15
1395.335693359375 7.028709465985812e-15 2.1330026029405154e-15
1397.0120849609375 7.739107952034995e-15 2.1690034090229545e-15
1398.6884765625 4.170430243277592e-15 2.082405936869227e-15
1400.3648681640625 6.551334402407497e-15 2.1542967994762517e-15
1402.041259765625 3.1448793849170537e-15 2.0603087530994936e-15
1403.717529296875 1.018510278151313e-14 2.2872072803287657e-15
1405.39404296875 5.153986266904446e-15 2.1818761922388517e-15
1407.0703125 6.806654696665413e-15 2.2402501030735922e-15
1408.746826171875 7.527362420715628e-15 2.2700974265524657e-15
1410.423095703125 5.801437499478425e-15 2.236531628435146e-15
1412.0994873046875 6.7237458412387416e-15 2.2884138787621295e-15
1413.77587890625 1.0625104210359743e-14 2.4135253037527995e-15
1415.4522705078125 7.167353936374764e-15 2.228026994128239e-15
1417.128662109375 4.244609153633387e-15 2.1596098136379043e-15
1418.8050537109375 1.0506906691801036e-14 2.336996512243084e-15
1420.4814453125 1.2553269682698699e-14 2.5223446852777436e-15
1422.1578369140625 1.0073519743239532e-14 2.4664354285612762e-15
1423.834228515625 7.651223201559677e-15 2.380407797822814e-15
1425.5106201171875 8.160957464821948e-15 2.3844464509153226e-15
1427.18701171875 6.643310745534526e-15 2.3216601337000976e-15
1428.8634033203125 8.190559572262592e-15 2.409244610995613e-15
1430.539794921875 8.212339330435341e-15 2.417352622124968e-15
1432.2161865234375 1.1055131826252437e-14 2.513175130107242e-15
1433.892578125 6.0789636094815604e-15 2.3721860725202902e-15
1435.5689697265625 8.068442832256939e-15 2.470777107690665e-15
1437.245361328125 9.272871167209824e-15 2.4868129236898465e-15
1438.9217529296875 9.16747824571476e-15 2.504908300300277e-15
1440.59814453125 7.172286209226626e-15 2.4178527950803217e-15
1442.2745361328125 8.719270761675148e-15 2.4742592601368274e-15
1443.950927734375 4.3193640463933154e-15 2.3445380700889626e-15
1445.627197265625 5.300187541732327e-15 2.3908597608754585e-15
1447.3037109375 8.167921769714273e-15 2.4881827877237936e-15
1448.97998046875 9.040177664071912e-15 2.5112017550983764e-15
1450.656494140625 1.2400211676162794e-14 2.579928102614459e-15
1452.332763671875 1.2412253096540961e-14 2.585691738304051e-15
1454.0091552734375 8.069503317506901e-15 2.4500978570746353e-15
1455.685546875 9.245905873333984e-15 2.5042044159211086e-15
1457.3619384765625 1.0344158628348542e-14 2.5196619201755524e-15
1459.038330078125 9.29918085758449e-15 2.5108244019203746e-15
1460.7147216796875 1.0237963566652429e-14 2.491876274890296e-15
1462.39111328125 9.37803200167734e-15 2.586952335087802e-15
1464.0675048828125 5.309400719099612e-15 2.351752884975438e-15
1465.743896484375 6.461946591967277e-15 2.3926002018238293e-15
1467.4202880859375 9.76722839434764e-15 2.4790051857402932e-15
1469.0966796875 9.322899474173505e-15 2.4625435239268795e-15
1470.7730712890625 1.0280931854000745e-14 2.55749104687464e-15
1472.449462890625 9.112072126568962e-15 2.5384836275382534e-15
1474.1258544921875 9.182281840533924e-15 2.5241281131481875e-15
1475.80224609375 1.1005658325869208e-14 2.579557737458272e-15
1477.4786376953125 9.510911989343753e-15 2.5414050441733334e-15
1479.155029296875 1.2775954644531854e-14 2.630080076388439e-15
1480.8314208984375 1.0930689133773624e-14 2.5732373893640973e-15
1482.5078125 1.127520792660805e-14 2.5938459127290312e-15
1484.1842041015625 1.3411357256947615e-14 2.6511294804024187e-15
1485.860595703125 1.2560699855712013e-14 2.5818006807026015e-15
1487.536865234375 8.373721976776861e-15 2.4539315281939082e-15
1489.21337890625 5.716705829149262e-15 2.3867353456970405e-15
1490.8896484375 8.058685859737517e-15 2.499543617128842e-15
1492.566162109375 8.16663936183213e-15 2.5120447646391313e-15
1494.242431640625 1.1516592834817738e-14 2.5917658115688115e-15
1495.9188232421875 3.6966792101641045e-15 2.3511658911429907e-15
1497.59521484375 9.333206171075695e-15 2.5063308921351906e-15
1499.2716064453125 1.1203602302346013e-14 2.5400735083802497e-15
1500.947998046875 1.4272938842103955e-14 2.5889202043825107e-15
1502.6243896484375 1.145287901652527e-14 2.541449936919538e-15
1504.30078125 1.36366705620161e-14 2.6018829848490537e-15
1505.9771728515625 1.1274443055856679e-14 2.532654558553486e-15
1507.653564453125 1.2773667655574267e-14 2.5711344183143017e-15
1509.3299560546875 1.1338916662702835e-14 2.54247654085161e-15
1511.00634765625 1.0215562933329342e-14 2.5203782982906927e-15
1512.6827392578125 1.2977279976534098e-14 2.6015342190330217e-15
1514.359130859375 8.795878115490721e-15 2.4744773711207453e-15
1516.0355224609375 9.046692194469245e-15 2.541085289235745e-15
1517.7119140625 8.224263860266787e-15 2.52896530655172e-15
1519.3883056640625 1.1125885335369536e-14 2.5915341480577374e-15
1521.064697265625 9.070787740719788e-15 2.5812772143411983e-15
1522.7410888671875 1.0839189246679426e-14 2.6214058237338444e-15
1524.41748046875 5.425753399899199e-15 2.4840615489189278e-15
1526.0938720703125 8.233592234114899e-15 2.5300029219121065e-15
1527.770263671875 1.2875981612306062e-14 2.6345970913379093e-15
1529.446533203125 1.096816949465668e-14 2.6026963482366546e-15
1531.123046875 9.38460921251277e-15 2.5374864580010982e-15
1532.79931640625 1.0349078195706195e-14 2.558222459824594e-15
1534.475830078125 1.1402951506482312e-14 2.5672793596131106e-15
1536.152099609375 8.740366964259463e-15 2.491202460180755e-15
1537.8284912109375 8.721140163389738e-15 2.4733819457617087e-15
1539.5048828125 1.5368735201571476e-14 2.6437554233218596e-15
1541.1812744140625 1.2140085316962156e-14 2.548713879716954e-15
1542.857666015625 7.679339613210837e-15 2.563392960692871e-15
1544.5340576171875 5.3397909906976754e-15 2.3702889304766774e-15
1546.21044921875 9.925506664937474e-15 2.483345806078498e-15
1547.8868408203125 5.551343398505068e-15 2.364437415118808e-15
1549.563232421875 1.5272173445584486e-14 2.5974337325353637e-15
1551.2396240234375 9.603119148948909e-15 2.4756028661494095e-15
1552.916015625 1.0330207148674317e-14 2.4844535134152697e-15
1554.5924072265625 1.1851041252942257e-14 2.5055554334719793e-15
1556.268798828125 9.849919985823342e-15 2.4265139187242338e-15
1557.9451904296875 4.972729263005024e-15 2.3104420293466616e-15
1559.62158203125 7.253091458328791e-15 2.357049593752856e-15
1561.2979736328125 9.28671168556796e-15 2.410077456141001e-15
1562.974365234375 8.321783610517122e-15 2.383214865010015e-15
1564.650634765625 1.1233708394390272e-14 2.4330913413179002e-15
1566.3271484375 8.978256167495834e-15 2.548112909840877e-15
1568.00341796875 5.372548295866841e-15 2.2378470706022318e-15
1569.679931640625 9.633927431306442e-15 2.3193896618849824e-15
1571.356201171875 7.78997397458351e-15 2.314926010011189e-15
1573.03271484375 8.456809979671878e-15 2.3310677051287775e-15
1574.708984375 8.138693203803369e-15 2.3137892917959738e-15
1576.385498046875 8.440327565551256e-15 2.3464089541112105e-15
1578.061767578125 9.151684469380257e-15 2.3432819202281845e-15
1579.73828125 1.0890074750985728e-14 2.3832390054490116e-15
1581.41455078125 1.3038418814666913e-14 2.361733897709409e-15
1583.091064453125 5.618045972551923e-15 2.201125651239916e-15
1584.767333984375 5.829471748933701e-15 2.2022384407743715e-15
1586.4437255859375 9.32010595951346e-15 2.277022767929217e-15
1588.1201171875 9.923516137511426e-15 2.284256005782295e-15
1589.7965087890625 1.2003889195307243e-14 2.3151354389073977e-15
1591.472900390625 1.0299761396418208e-14 2.520413238399767e-15
1593.1492919921875 6.950754059234683e-15 2.1799894263488427e-15
1594.82568359375 1.0502902767059365e-14 2.251529829073941e-15
1596.5020751953125 1.3084431338427661e-14 2.9718515178584447e-15
1598.178466796875 1.233043733713272e-14 2.2448209046152133e-15
1599.8548583984375 1.1292239218078492e-14 2.2570086499350186e-15
1601.53125 7.277711317973685e-15 2.0947522891084057e-15
1603.2076416015625 5.322580551758889e-15 2.049460802144008e-15
1604.884033203125 7.654005704791408e-15 2.1961694497072944e-15
1606.560302734375 8.2067836413343e-15 2.156909049085584e-15
1608.23681640625 8.290132530377071e-15 2.1294344766502066e-15
1609.9130859375 1.2340622061290506e-14 2.1946265791938707e-15
1611.589599609375 1.0413949061004613e-14 2.1239412562290257e-15
1613.265869140625 1.0372800200427e-14 2.318519123773442e-15
1614.9423828125 1.0178123230027755e-14 2.0953490238197463e-15
1616.61865234375 1.3676079616920054e-14 2.1820650805860894e-15
1618.295166015625 1.1407489909013701e-14 2.6736154522949418e-15
1619.971435546875 1.1206869308423573e-14 2.114260728433093e-15
1621.64794921875 8.699479836862551e-15 2.0331245012067877e-15
1623.32421875 7.603206597845726e-15 2.0365973362905304e-15
1625.000732421875 1.0745972423801143e-14 2.0130288562914163e-15
1626.677001953125 8.632611667874508e-15 1.9625168935148533e-15
1628.3533935546875 4.185061466891989e-15 1.8821072087990554e-15
1630.02978515625 1.1704273736589136e-15 1.8721259843068475e-15
1631.7061767578125 6.8207713477643536e-15 1.9722378671340173e-15
1633.382568359375 4.767544425378616e-15 1.9168956989757367e-15
1635.0589599609375 9.28488209440189e-15 1.9655562594878386e-15
1636.7353515625 1.0122394391329052e-14 1.9697602957632985e-15
1638.4117431640625 7.653843074465535e-15 1.910571962749773e-15
1640.088134765625 9.913401717088263e-15 1.9157896857048594e-15
1641.7645263671875 6.847479990657176e-15 1.8520549033469464e-15
1643.44091796875 8.07958555067807e-15 1.8616759270783344e-15
1645.1173095703125 8.880096060337375e-15 1.8881042020656158e-15
1646.793701171875 1.0300813411338698e-14 1.899815914869064e-15
1648.469970703125 7.491905621543563e-15 1.8390167369480978e-15
1650.146484375 7.344434644327748e-15 1.816658878788847e-15
1651.82275390625 9.066175646321988e-15 1.9667467642952045e-15
1653.499267578125 9.163063509993671e-15 1.899577686852649e-15
1655.175537109375 8.763882292941137e-15 1.7921158873839167e-15
1656.85205078125 6.2115992281426904e-15 1.7366816043926222e-15
1658.5283203125 8.704916094318029e-15 1.850056117349663e-15
1660.204833984375 8.193442872415045e-15 1.7229736466907323e-15
1661.881103515625 7.110296950014767e-15 1.7631543486096345e-15
1663.5576171875 6.828104535505208e-15 1.6818503029806544e-15
1665.23388671875 1.247077460286676e-14 1.947296558485641e-15
1666.910400390625 1.0196115056860383e-14 1.8024933115372028e-15
1668.586669921875 1.2849915020387258e-14 1.9458441087393365e-15
1670.2630615234375 3.2114430455605593e-15 1.579618826082099e-15
1671.939453125 6.712072033159683e-15 1.6217471743840942e-15
1673.6158447265625 5.98357880577478e-15 1.5979192905448835e-15
1675.292236328125 9.306158715003971e-15 1.6246956960734864e-15
1676.9686279296875 7.963297244382474e-15 1.5919124505203112e-15
1678.64501953125 6.492890399596371e-15 1.5563811124488878e-15
1680.3214111328125 7.303528882205996e-15 1.5604354356509205e-15
1681.997802734375 9.553654118895152e-15 1.5807074751775577e-15
1683.6741943359375 1.1745915146825579e-14 1.5970720458393923e-15
1685.3505859375 6.993771898010414e-15 1.5373245652015605e-15
1687.0269775390625 6.956557081956322e-15 1.5306251698634895e-15
1688.703369140625 7.711125371589501e-15 1.5204183169699567e-15
1690.379638671875 9.04067826054374e-15 1.514388712934927e-15
1692.05615234375 7.642583465497683e-15 1.480543817461487e-15
1693.732421875 5.973858679188563e-15 1.4467371443497917e-15
1695.408935546875 6.925383728398522e-15 1.4435155604140284e-15
1697.085205078125 1.010251876322173e-14 1.4699335651268243e-15
1698.76171875 1.1199236694535864e-14 1.4688659859759287e-15
1700.43798828125 1.0769021884361827e-14 1.4511741146857465e-15
1702.114501953125 1.0503665943744842e-14 1.4354807117554925e-15
1703.790771484375 1.029272424669242e-14 1.419231231695366e-15
1705.46728515625 1.0804460895842e-14 1.4197967320667766e-15
1707.1435546875 9.650166746971202e-15 1.3933655983432982e-15
1708.820068359375 1.1027911575459473e-14 1.396736683594252e-15
1710.496337890625 1.0475974742633204e-14 1.3870855901932364e-15
1712.1727294921875 9.713549375381294e-15 1.3649512428529423e-15
1713.84912109375 1.0330748402727612e-14 1.3574219669847988e-15
1715.5255126953125 1.0343125248152892e-14 1.35284968313552e-15
1717.201904296875 1.052894140689091e-14 1.3435280855509865e-15
1718.8782958984375 9.288265143993224e-15 1.317110716112901e-15
1720.5546875 1.0671171791262063e-14 1.2886028693609919e-15
1722.2310791015625 1.375354077994646e-14 1.3054971532522157e-15
1723.907470703125 9.108806814557297e-15 1.2469532005533138e-15
1725.5838623046875 8.30590004869021e-15 1.2649023581012245e-15
1727.26025390625 1.1304288261753184e-14 1.2820640926455439e-15
1728.9366455078125 1.0963257550595552e-14 1.2668017236063239e-15
1730.613037109375 1.2443019027251132e-14 1.6880455019568723e-15
1732.289306640625 1.0805695869879096e-14 1.5160157573474841e-15
1733.9658203125 1.1651833503308149e-14 1.2420234688002938e-15
1735.64208984375 1.4940887001452068e-14 1.2589115058235316e-15
1737.318603515625 1.422131048990291e-14 1.2409205260238503e-15
1738.994873046875 1.426930337669434e-14 1.2286337837283346e-15
1740.67138671875 1.2550491414631704e-14 1.168912878749223e-15
1742.34765625 1.0641363854815237e-14 1.1473334438684988e-15
1744.024169921875 1.228896660403515e-14 1.1443545348721238e-15
1745.700439453125 1.157537607432424e-14 1.141714544933769e-15
1747.376953125 1.4332524221811506e-14 1.151745003216036e-15
1749.05322265625 1.4574143758147584e-14 1.1788873269778528e-15
1750.729736328125 1.4490538218121796e-14 1.125330916030621e-15
1752.406005859375 1.151722472139639e-14 1.0954151946412569e-15
1754.0823974609375 1.2244489751007774e-14 1.0835074995896375e-15
1755.7587890625 1.4788973336427903e-14 1.1102749053931759e-15
1757.4351806640625 1.3929707539349356e-14 1.0938155729203671e-15
1759.111572265625 1.2762934054066661e-14 1.075060992918736e-15
1760.7879638671875 1.8063684025675965e-14 1.2456051476177586e-15
1762.46435546875 2.5492618676821802e-14 1.2848792066457435e-15
1764.1407470703125 1.7506268583746855e-14 1.073004502801921e-15
1765.817138671875 1.5514672202119814e-14 1.0468923828622022e-15
1767.4935302734375 1.2927367713084191e-14 1.0210236790157007e-15
1769.169921875 1.3446347340965743e-14 1.014630486088062e-15
1770.8463134765625 1.2681269066523032e-14 9.906241959343359e-16
1772.522705078125 1.3756034444943176e-14 9.884453095566426e-16
1774.198974609375 1.3912716058427435e-14 9.807244983633012e-16
1775.87548828125 1.3289496320892033e-14 9.777594595314376e-16
1777.5517578125 1.611443929141164e-14 9.861079221386944e-16
1779.228271484375 1.6047720200222312e-14 9.779780999109476e-16
1780.904541015625 1.4830084927555838e-14 9.642078852874344e-16
1782.5810546875 1.4528365015480278e-14 9.552158893985012e-16
1784.25732421875 1.521779393037076e-14 9.516750799207414e-16
1785.933837890625 1.630058155783435e-14 9.310234637546159e-16
1787.610107421875 1.5004905751605548e-14 9.404026595795627e-16
1789.28662109375 1.460609553498391e-14 9.494154077757037e-16
1790.962890625 1.3604777230453134e-14 9.32841302338542e-16
1792.639404296875 1.371480935140031e-14 1.190392575500408e-15
1794.315673828125 1.533190282089307e-14 1.4780886924638703e-15
1795.9920654296875 1.2892722371475596e-14 1.1202815408738014e-15
1797.66845703125 1.642662006038579e-14 9.875453370501849e-16
1799.3448486328125 1.5123115975658463e-14 8.98571408083817e-16
1801.021240234375 1.4978185250251463e-14 8.870651537096371e-16
1802.6976318359375 1.459850103757883e-14 8.817131230928516e-16
1804.3740234375 1.423246930195004e-14 8.767583509283283e-16
1806.0504150390625 1.4930207610053085e-14 8.878852404212568e-16
1807.726806640625 1.4585863306005795e-14 8.841536897116872e-16
1809.4031982421875 1.4858181010416263e-14 8.834904099744279e-16
1811.07958984375 1.536417138805167e-14 9.111055898790494e-16
1812.7559814453125 1.8275323677876924e-14 8.991219794995324e-16
1814.432373046875 1.7333866885794504e-14 8.93984195278843e-16
1816.108642578125 1.7883936858005024e-14 8.898015465853013e-16
1817.78515625 1.9496646931995744e-14 8.963522876411292e-16
1819.46142578125 1.8172405786653738e-14 8.879681437709694e-16
1821.137939453125 2.1703045786848792e-14 9.108952080707751e-16
1822.814208984375 2.2671946446422252e-14 9.134496476814573e-16
1824.49072265625 2.4392539718772963e-14 9.249370026330017e-16
1826.1669921875 2.3979844938079933e-14 9.245507556090537e-16
1827.843505859375 2.142743143020761e-14 9.018834127866998e-16
1829.519775390625 1.9629329560985447e-14 8.841177966905473e-16
1831.1962890625 1.8302174622304886e-14 8.503841272309936e-16
1832.87255859375 1.5176211388924152e-14 8.278713679215136e-16
1834.549072265625 1.5575358724658796e-14 8.174451864342012e-16
1836.225341796875 1.5376214502495732e-14 7.936123792159845e-16
1837.9017333984375 1.569884426990721e-14 7.821920457463916e-16
1839.578125 1.5023598074685555e-14 7.6698028692577e-16
1841.2545166015625 1.5238644493400372e-14 7.656284752815114e-16
1842.930908203125 1.3566764085846256e-14 7.487735254827757e-16
1844.6072998046875 1.4521314313227333e-14 7.418325669360595e-16
1846.28369140625 1.4566842334142252e-14 7.199035192063561e-16
1847.9600830078125 1.3417599042735932e-14 7.081402962118028e-16
1849.636474609375 1.256497059583207e-14 6.984259400375393e-16
1851.3128662109375 1.2643090750491439e-14 7.067815494852885e-16
1852.9892578125 1.3481654215306144e-14 7.033191434947089e-16
1854.6656494140625 1.318667583845778e-14 6.982568510854436e-16
1856.342041015625 1.4013876356285069e-14 6.965167807139873e-16
1858.018310546875 1.422345178919357e-14 6.948729544611627e-16
1859.69482421875 1.4070430205074397e-14 6.928098468994472e-16
1861.37109375 1.4614183005564295e-14 6.902257611356112e-16
1863.047607421875 1.3435080108701366e-14 6.86520362568288e-16
1864.723876953125 1.2726051698444367e-14 6.851849092478232e-16
1866.400390625 1.3608818424644484e-14 6.929978352741785e-16
1868.07666015625 1.2782188807023646e-14 6.924849038850568e-16
1869.753173828125 1.2264780425259251e-14 6.932273812028844e-16
1871.429443359375 1.2317612411278343e-14 7.048812840076827e-16
1873.10595703125 1.357134992222269e-14 7.11319157923289e-16
1874.7822265625 1.4430017714040476e-14 7.140038817891707e-16
1876.458740234375 1.4155009832989528e-14 7.108576308461538e-16
1878.135009765625 1.4779825380597557e-14 7.159130940522819e-16
1879.8114013671875 1.549143470024484e-14 7.211440518971692e-16
1881.48779296875 1.4621209990894717e-14 7.220946346222254e-16
1883.1641845703125 1.5350213979146814e-14 7.267766621777327e-16
1884.840576171875 1.530675780082088e-14 7.299562650430478e-16
1886.5169677734375 1.4343315421559526e-14 7.344234638673077e-16
1888.193359375 1.4910464966118482e-14 7.375033815426428e-16
1889.8697509765625 1.6116201119941928e-14 7.410702372835306e-16
1891.546142578125 1.562005495921951e-14 7.373476333594664e-16
1893.2225341796875 1.6169299921339406e-14 7.391456725482505e-16
1894.89892578125 1.6531635205186378e-14 7.403472946630491e-16
1896.5753173828125 1.642290836201092e-14 7.414424553242897e-16
1898.251708984375 1.600087250197557e-14 7.40767634763124e-16
1899.927978515625 1.6280987991698463e-14 7.408005102293893e-16
1901.6044921875 1.7612279839293414e-14 7.427881259796808e-16
1903.28076171875 1.654658703077131e-14 7.399946113196361e-16
1904.957275390625 1.521448372561289e-14 7.372548303121828e-16
1906.633544921875 1.4487197520177825e-14 7.28759566307255e-16
1908.31005859375 1.4018595176834223e-14 7.271352747517765e-16
1909.986328125 1.5317155977281373e-14 7.269661857996809e-16
1911.662841796875 1.6336082402719672e-14 7.363350584105831e-16
1913.339111328125 1.7573331570312767e-14 7.372068670715446e-16
1915.015625 1.8870252514974033e-14 7.511992690250344e-16
1916.69189453125 1.8228518331277546e-14 7.482030487927999e-16
1918.368408203125 1.836845664449343e-14 7.498042587004657e-16
1920.044677734375 1.688007914869838e-14 7.519453462328878e-16
1921.7210693359375 1.6747960643651548e-14 7.45140336474206e-16
1923.3974609375 1.529393372199945e-14 8.20006561127139e-16
1925.0738525390625 1.5211837594685668e-14 7.546674454275671e-16
1926.750244140625 1.5457915912456092e-14 8.080560909116833e-16
1928.4266357421875 1.664938633738188e-14 7.33965960196672e-16
1930.10302734375 1.7551251115443742e-14 7.311595282841817e-16
1931.7794189453125 1.7577825927130898e-14 7.222995107163425e-16
1933.455810546875 1.5138731875074043e-14 7.175313504980112e-16
1935.1322021484375 1.4160301247811025e-14 7.2351516181433e-16
1936.80859375 1.4004476831669388e-14 7.219923024542852e-16
1938.4849853515625 1.4384188149396335e-14 7.206672252874243e-16
1940.161376953125 1.4470087454643288e-14 7.206981419899991e-16
1941.837646484375 1.4244747891553437e-14 7.188016881606559e-16
1943.51416015625 1.5209796245282785e-14 7.176723285441699e-16
1945.1904296875 1.535615337417296e-14 7.087849941637817e-16
1946.866943359375 1.4748153124633824e-14 7.074298473272933e-16
1948.543212890625 1.4634618522449752e-14 7.06689275833597e-16
1950.2197265625 1.5109128073567506e-14 7.169822613899536e-16
1951.89599609375 1.4325437944174776e-14 7.165053289010903e-16
1953.572509765625 1.6328274453011882e-14 7.181264970225758e-16
1955.248779296875 1.6225398913436058e-14 7.151463704163391e-16
1956.92529296875 1.654341912754858e-14 7.164059613484655e-16
1958.6015625 1.573328801767436e-14 7.172676056140599e-16
1960.278076171875 1.5742788339210764e-14 7.06745232947675e-16
1961.954345703125 1.4253004768723272e-14 7.085858355420586e-16
1963.6307373046875 1.348125102762325e-14 7.114442541016866e-16
1965.30712890625 1.4493308015859317e-14 7.250607851848323e-16
1966.9835205078125 1.5190268747716784e-14 7.292125171757993e-16
1968.659912109375 1.5659096401824356e-14 7.335333381188619e-16
1970.3363037109375 1.6487936775437528e-14 7.296556742258909e-16
1972.0126953125 1.817809107179571e-14 7.386240590714194e-16
1973.6890869140625 1.824512017704373e-14 7.45594028496579e-16
1975.365478515625 1.7345688077606385e-14 7.458504147818011e-16
1977.0418701171875 1.694932070400463e-14 7.516881658542777e-16
1978.71826171875 1.720952583726936e-14 7.579273576041937e-16
