wavelength flux error
1851.1864013671875 -8.447849895749232e-14 1.7642033396225026e-13
1853.84912109375 2.354552913318847e-13 1.7119296160782865e-13
1856.511962890625 1.0216370663947844e-13 2.635168016955347e-13
1859.1748046875 -1.740430987263314e-13 2.413474693534201e-13
1861.8375244140625 -3.24099267931012e-14 1.2562829465948e-13
1864.5003662109375 2.833689432732954e-14 1.1485269387021685e-13
1867.1632080078125 -2.127455384168947e-14 8.369966232688736e-14
1869.825927734375 8.053886062838606e-14 7.995534301915436e-14
1872.48876953125 -2.811169367764304e-14 6.907566559759618e-14
1875.151611328125 1.2871011858246284e-15 5.897639012352948e-14
1877.8143310546875 -5.773798729706223e-14 5.544081700344962e-14
1880.4771728515625 -3.2972807291605996e-14 5.918656949092937e-14
1883.1400146484375 9.036678740373394e-14 5.847994750127553e-14
1885.802734375 -6.61505762276568e-14 5.2294940025478936e-14
1888.465576171875 6.402797264820972e-14 4.8780075166893547e-14
1891.12841796875 4.351872662689167e-14 4.683971919637771e-14
1893.7911376953125 6.575546839204761e-15 4.372274298256734e-14
1896.4539794921875 -5.843011147079087e-15 3.931149026095704e-14
1899.11669921875 -1.765984751554532e-14 4.379725138873962e-14
1901.779541015625 3.652129935819738e-14 4.093867104581865e-14
1904.4423828125 2.1859877325164714e-14 3.9186810399252994e-14
1907.105224609375 -1.4363047901098762e-14 3.641095807022446e-14
1909.7679443359375 5.375538745687122e-14 3.686942312325532e-14
1912.4307861328125 5.512385071008172e-16 3.238793781779048e-14
1915.093505859375 1.3858885738200885e-16 3.2009290373445284e-14
1917.75634765625 3.4787880312959346e-14 3.217601695065103e-14
1920.419189453125 -1.9085530597199923e-15 2.640546608407776e-14
1923.0819091796875 -1.1783527644848406e-14 2.5023089679433903e-14
1925.7447509765625 1.8348924064729745e-14 2.883646758335655e-14
1928.4075927734375 5.3623202883254506e-14 2.874751895949948e-14
1931.0703125 5.885321289827387e-15 2.481402670145849e-14
1933.733154296875 8.132712304162806e-15 2.4049418530301507e-14
1936.39599609375 1.601404894650306e-14 2.434120443997167e-14
1939.0587158203125 2.9858849903219645e-14 2.3830180992563677e-14
1941.7215576171875 1.613457157050198e-14 2.2047112264089383e-14
1944.3843994140625 4.5965977606230585e-14 2.2535245493130775e-14
1947.047119140625 -7.71576880620635e-15 1.954828714265805e-14
1949.7099609375 1.093534463860997e-15 1.889158588678358e-14
1952.372802734375 -7.010384755204912e-15 1.9673790320386825e-14
1955.0355224609375 1.5890761606964302e-15 1.882832607815084e-14
1957.6983642578125 2.9679405549827348e-15 1.816127746779271e-14
1960.361083984375 -1.122724304484344e-16 1.753191165919203e-14
1963.02392578125 3.113755116918547e-14 2.1635112050413102e-14
1965.686767578125 8.909587206461927e-15 1.587132050675892e-14
1968.349609375 -5.687640571190589e-14 1.7372554268627396e-14
1971.0123291015625 3.340572583094767e-14 1.687747875755031e-14
1973.6751708984375 3.30993201326079e-14 1.6330929054268577e-14
1976.337890625 5.2901929764712e-15 1.3403194400434925e-14
1979.000732421875 -3.3704321885513755e-15 1.2829158478014791e-14
1981.66357421875 2.8041628806312058e-14 1.4339629134173075e-14
1984.3262939453125 2.1148803330340096e-14 1.369596625645569e-14
1986.9891357421875 1.1361824668761327e-14 1.2501997931368448e-14
1989.6519775390625 2.5633910548687397e-14 1.2472654168976718e-14
1992.314697265625 1.642531224151523e-14 1.2531825349573061e-14
1994.9775390625 1.0153135758083753e-14 1.1921165416579546e-14
1997.640380859375 -7.196066341583435e-16 1.103249995293475e-14
2000.3031005859375 1.3487993409883395e-14 1.1472623354525768e-14
2002.9659423828125 1.754551331425904e-14 1.1576522109901875e-14
2005.6287841796875 3.5160415567557154e-14 1.1725157757420165e-14
2008.29150390625 8.71135100361832e-15 1.0528533137010333e-14
2010.954345703125 4.566201623321835e-16 1.0808076032460881e-14
2013.6171875 4.963410460629217e-14 1.2869514515753775e-14
2016.2799072265625 9.178681103475146e-15 9.643875833271944e-15
2018.9427490234375 8.147786102492144e-15 9.462536243660166e-15
2021.60546875 1.350544652376157e-14 1.0347536595742193e-14
2024.268310546875 1.3035147573424617e-14 1.0048946470406737e-14
2026.93115234375 1.0745386277001643e-14 9.674628211454959e-15
2029.593994140625 3.153036439254055e-14 1.0547277976133071e-14
2032.2567138671875 -8.534288930390176e-15 9.156278776086164e-15
2034.9195556640625 3.579286118795405e-14 1.501839221019173e-14
2037.582275390625 2.4957695347774082e-14 1.0178006339481033e-14
2040.2451171875 5.740253768599405e-15 9.236631709594496e-15
2042.907958984375 7.653477156232321e-15 9.224656357786215e-15
2045.57080078125 2.1851351091517653e-14 9.883680178002056e-15
2048.2333984375 9.391175411919885e-15 9.460186574264482e-15
2050.896240234375 4.791194855815377e-15 8.778996748851943e-15
2053.55908203125 -3.674619507602287e-16 8.53568822881904e-15
2056.221923828125 2.0500059101972133e-14 9.371842731931753e-15
2058.884765625 3.1369966845516684e-14 9.833862782242242e-15
2061.547607421875 3.4140709024774434e-15 8.532249275053187e-15
2064.21044921875 1.7234003395379116e-14 8.755414504567436e-15
2066.873046875 1.1444983822423913e-14 8.349086870538917e-15
2069.535888671875 1.4078452454117842e-14 8.432255341563923e-15
2072.19873046875 1.1149802157668209e-14 8.028722916261343e-15
2074.861572265625 2.4273497708365843e-14 8.5640358804648e-15
2077.5244140625 9.989037524113335e-15 7.66785638754491e-15
2080.18701171875 3.058973938681233e-15 7.265226052331156e-15
2082.849853515625 1.8684677760625983e-14 7.949803162499765e-15
2085.5126953125 2.3709665144828335e-14 8.287533833294895e-15
2088.175537109375 5.09902060489122e-15 7.231393862351925e-15
2090.83837890625 1.4140102053117852e-14 7.517017607330811e-15
2093.501220703125 1.657348202091253e-14 7.376842124889697e-15
2096.163818359375 2.3038870954777448e-14 7.945304570516898e-15
2098.82666015625 1.727240956327352e-14 7.733647130624046e-15
2101.489501953125 2.1721529739823775e-14 7.814853026310263e-15
2104.15234375 1.720025252056282e-14 7.395093143804186e-15
2106.815185546875 9.807171927041312e-15 7.193434927853671e-15
2109.47802734375 1.586523711613174e-14 7.409513032698243e-15
2112.140625 2.6944641095004223e-15 6.612879816354994e-15
2114.803466796875 7.871667761247345e-15 8.341233181051975e-15
2117.46630859375 7.310310227981714e-15 6.809893750655714e-15
2120.129150390625 2.8379805016437443e-14 9.716503826301317e-15
2122.7919921875 8.227992499300601e-15 6.631428567350443e-15
2125.45458984375 1.4307052247021675e-14 6.8997067716354554e-15
2128.117431640625 1.684753275473308e-14 6.859904693443976e-15
2130.7802734375 4.051373833310369e-15 6.683328817127555e-15
2133.443115234375 6.505685255781121e-15 6.31031753001339e-15
2136.10595703125 1.3046598611838548e-14 6.597813641322182e-15
2138.768798828125 9.148356476930495e-15 6.353375602854115e-15
2141.431640625 1.1827644508873199e-14 6.315558546374526e-15
2144.09423828125 1.3622280319275197e-14 6.326709311608655e-15
2146.757080078125 2.8115766212053438e-14 7.002416716270091e-15
2149.419921875 1.560157608844221e-14 6.382453820416882e-15
2152.082763671875 1.5950618037214974e-14 6.524658793799617e-15
2154.74560546875 6.560033854292272e-15 5.946185265768818e-15
2157.408203125 6.793161461815652e-15 5.690670577449507e-15
2160.071044921875 3.0283369263856344e-14 6.753400464722115e-15
2162.73388671875 1.9727089021559854e-14 6.392624992047511e-15
2165.396728515625 1.0285965770806278e-14 5.775179478113542e-15
2168.0595703125 1.5597435791396032e-14 5.9760258129841135e-15
2170.72216796875 1.534150648044904e-14 5.8935214157897556e-15
2173.385009765625 2.0648425393013196e-14 6.161413796567294e-15
2176.0478515625 2.5222154280499925e-14 6.589358134926216e-15
2178.710693359375 1.659935337173699e-15 5.1829039717237076e-15
2181.37353515625 3.968400603379706e-15 5.417618918990242e-15
2184.036376953125 7.824575270478848e-15 5.599450634744376e-15
2186.69921875 1.507502313897926e-14 5.7218930589182475e-15
2189.36181640625 8.163042012905141e-15 5.286372010846136e-15
2192.024658203125 9.675565029894622e-15 5.511276622517571e-15
2194.6875 1.2300221130805318e-14 5.511374454822979e-15
2197.350341796875 3.1606651144385585e-15 5.206220247662777e-15
2200.01318359375 2.1687660280394865e-14 6.083511329375369e-15
2202.67578125 9.838682399712119e-15 5.355778314060627e-15
2205.338623046875 1.994679412148457e-14 5.75415612036269e-15
2208.00146484375 1.405383852370358e-14 5.722801078237704e-15
2210.664306640625 5.7604474575784215e-15 4.984639816792841e-15
2213.3271484375 2.2426918449506422e-14 5.892174209887148e-15
2215.989990234375 5.1724049983424905e-15 4.632854328303921e-15
2218.652587890625 1.4587797293982613e-15 4.417481801904412e-15
2221.3154296875 2.0406661861076085e-14 5.518514519051859e-15
2223.978271484375 2.2228951603140042e-14 5.611163406339008e-15
2226.64111328125 1.2800922634718069e-14 5.20531688702453e-15
2229.303955078125 1.544320803235997e-14 5.3006457865567916e-15
2231.966796875 9.45946236109458e-15 4.398102111587707e-15
2234.62939453125 1.1661020422654069e-14 4.517510463744514e-15
2237.292236328125 1.1121323215915625e-14 4.803937619473871e-15
2239.955078125 1.126160627154104e-14 5.181229387586986e-15
2242.617919921875 1.107833290571068e-14 4.644858479232409e-15
2245.28076171875 1.7085931871803697e-14 5.024895904644049e-15
2247.943359375 1.9792584997173346e-14 5.151746711791905e-15
2250.606201171875 7.040584867906317e-15 4.01668021082378e-15
2253.26904296875 7.306190259726269e-15 4.051412796825943e-15
2255.931884765625 1.5851130629428167e-14 4.55034019023067e-15
2258.5947265625 1.1885598503124338e-14 4.277638356378621e-15
2261.257568359375 9.94779040771384e-15 4.154420050025065e-15
2263.92041015625 1.3222306279384033e-14 4.310731933627847e-15
2266.5830078125 1.6439813445572223e-14 4.333428181449526e-15
2269.245849609375 2.469195570123199e-14 4.8083409202501724e-15
2271.90869140625 1.375712542337924e-14 4.213753013914334e-15
2274.571533203125 2.062881319215247e-14 4.533690063586492e-15
2277.234375 1.2999119027013156e-14 4.4760554007564676e-15
2279.89697265625 1.694299675602043e-14 3.8850085156566256e-15
2282.559814453125 2.0074040493018794e-14 4.2299194847456294e-15
2285.22265625 1.1637812566932249e-14 3.708301349233381e-15
2287.885498046875 1.929527840131319e-14 4.084094292546329e-15
2290.54833984375 1.0175041724165643e-14 3.435870354166217e-15
2293.2109375 1.4542911959316424e-14 5.026402776257214e-15
2295.873779296875 1.7503863010176653e-14 3.69445320757872e-15
2298.53662109375 1.4538429460959554e-14 3.511308167239869e-15
2301.199462890625 2.1532771835659943e-14 4.060145706512135e-15
2303.8623046875 1.8857192960993266e-14 3.837472179623767e-15
2306.525146484375 1.850650099203925e-14 3.81566235178139e-15
2309.18798828125 1.7870069234592577e-14 3.7575186221500655e-15
2311.8505859375 1.4336010609422405e-14 3.3267166063853442e-15
2314.513427734375 2.1311467537530812e-14 3.568825939523172e-15
2317.17626953125 2.5876986981692753e-14 4.0027867529064416e-15
2319.839111328125 1.7543343215848176e-14 3.4741024567899606e-15
2322.501953125 1.8568932402449577e-14 3.560478853344455e-15
2325.16455078125 1.6029881686353137e-14 3.308496080656957e-15
2327.827392578125 1.569714173368323e-14 3.1715126418775707e-15
2330.490234375 1.11705663233372e-14 2.825600903361386e-15
2333.153076171875 2.0063393288871807e-14 3.2592614435648535e-15
2335.81591796875 3.187600126886535e-14 4.856685325714712e-15
2338.478515625 1.576167886800043e-14 2.923389586572474e-15
2341.1416015625 1.3449215394525146e-14 2.7437336867016e-15
2343.80419921875 1.129192835698685e-14 2.5922530672717195e-15
2346.467041015625 1.157729460394977e-14 2.5987311752523204e-15
2349.1298828125 1.5524382587827137e-14 2.787362024474064e-15
2351.792724609375 1.3006591551673833e-14 2.9556526480169166e-15
2354.45556640625 1.705281457763195e-14 2.8745253146365574e-15
2357.1181640625 1.4574053972655175e-14 2.6171960699859905e-15
2359.781005859375 1.8355988319509846e-14 2.8098454552677454e-15
2362.44384765625 1.7960650937971952e-14 2.8172716048745607e-15
2365.106689453125 2.1566934368488604e-14 3.0127293278929372e-15
2367.76953125 1.8598426089672972e-14 2.829454691513156e-15
2370.43212890625 2.0322834398418116e-14 2.8357388289488358e-15
2373.094970703125 1.0560153723964284e-14 2.257460118495905e-15
2375.7578125 1.1426652335379435e-14 2.269756284032959e-15
2378.420654296875 1.8670506899418418e-14 2.558323468503554e-15
2381.08349609375 1.3683973116955517e-14 2.333551205730127e-15
2383.746337890625 1.724809463548964e-14 2.5242528387496707e-15
2386.4091796875 2.2519087492628952e-14 2.79921413298852e-15
2389.07177734375 1.7582086502855587e-14 2.5094659728312155e-15
2391.734619140625 1.976997429967934e-14 2.5019330970730462e-15
2394.3974609375 2.1551838547302637e-14 2.6325080963317433e-15
2397.060302734375 2.2720654229021163e-14 2.723192078939499e-15
2399.72314453125 2.262814976085152e-14 2.658741765499393e-15
2402.3857421875 1.9430415731784036e-14 2.581151429948531e-15
2405.048583984375 2.045818518119167e-14 2.5033061374805455e-15
2407.71142578125 2.290763675212755e-14 2.6066382278149393e-15
2410.374267578125 2.1747908039867168e-14 2.5076499341923023e-15
2413.037109375 1.7015983891019437e-14 2.1887579114188193e-15
2415.69970703125 2.0646865158324354e-14 2.4163639229172855e-15
2418.362548828125 2.1198915493565555e-14 2.425529878197761e-15
2421.025390625 2.1804843900515708e-14 3.570500523659894e-15
2423.688232421875 2.0838948513839106e-14 2.3580882679044264e-15
2426.35107421875 1.995954704953843e-14 2.2959581894650867e-15
2429.013916015625 2.5014819249736912e-14 2.5265840851787513e-15
2431.6767578125 2.0276378029393007e-14 2.283479064811426e-15
2434.33935546875 1.8402215989639197e-14 2.193285726038367e-15
2437.002197265625 2.031147738066133e-14 2.2833672564623883e-15
2439.6650390625 2.19507639604051e-14 2.423699016482271e-15
2442.327880859375 2.260401609811835e-14 2.3544502613959692e-15
2444.99072265625 2.5810952293124807e-14 2.4679755462176213e-15
2447.6533203125 2.2098232396522074e-14 2.277542846158831e-15
2450.316162109375 2.5879314628231807e-14 2.4535766213890087e-15
2452.97900390625 2.7674934690918515e-14 2.5516804008564754e-15
2455.641845703125 2.731419860527596e-14 3.885451937404513e-15
2458.3046875 2.116233552870543e-14 2.225178210568386e-15
2460.96728515625 2.376361267323896e-14 2.253554873092589e-15
2463.63037109375 2.1634910456571656e-14 2.717761750714652e-15
2466.29296875 2.4843467872639156e-14 2.296066821440572e-15
2468.955810546875 2.1519065148507474e-14 2.081096212174535e-15
2471.61865234375 2.0603158258246032e-14 1.992755969731832e-15
2474.281494140625 2.2028340319912333e-14 2.1031379152862233e-15
2476.9443359375 3.191233220603898e-14 2.511279470371287e-15
2479.60693359375 1.8378202605584537e-14 1.8535405991364304e-15
2482.269775390625 2.865096397977607e-14 2.5127410257217743e-15
2484.9326171875 2.546973523471878e-14 2.2144626085109087e-15
2487.595458984375 2.5502501857250365e-14 2.213746865670479e-15
2490.25830078125 2.3462626291695723e-14 2.0867467689656685e-15
2492.9208984375 2.630825380678728e-14 2.2189597181861186e-15
2495.583740234375 2.91119362503308e-14 2.3270432398381355e-15
2498.24658203125 2.717955255391452e-14 2.5114960990475473e-15
2500.909423828125 2.7507752409987145e-14 2.20575807442845e-15
2503.572265625 2.535408643829836e-14 2.1349391320161755e-15
2506.235107421875 2.5213196060049764e-14 2.328016268936294e-15
2508.89794921875 2.572325897209557e-14 2.16461027264202e-15
2511.560546875 3.120570005198976e-14 2.332045181149909e-15
2514.223388671875 3.038314635691111e-14 3.07504660061362e-15
2516.88623046875 2.5142861832241556e-14 2.34412090636244e-15
2519.549072265625 2.88014376887899e-14 2.2722275026565734e-15
2522.2119140625 3.1648478054837476e-14 2.3357894902932465e-15
2524.87451171875 3.157059506940334e-14 2.317989728181408e-15
2527.537353515625 2.7601319057472644e-14 2.1507731424156738e-15
2530.2001953125 2.7237084725757928e-14 2.1253543189432827e-15
2532.863037109375 3.157579923983127e-14 2.2535815546304277e-15
2535.52587890625 3.2951465449466977e-14 2.3417725075161773e-15
2538.1884765625 2.840777065622399e-14 2.0948945906435444e-15
2540.851318359375 3.220950524525368e-14 2.2689653670184603e-15
2543.51416015625 2.993312791643027e-14 2.133932221600127e-15
2546.177001953125 2.7283254797646865e-14 2.003351504869036e-15
2548.83984375 3.039584846298814e-14 2.099687314817346e-15
2551.502685546875 3.8052606177825174e-14 4.405676280202055e-15
2554.16552734375 3.0905487858560315e-14 2.467582734688332e-15
2556.828125 2.8665112818127003e-14 1.9982688836690365e-15
2559.490966796875 2.7330204139847276e-14 1.931225802377385e-15
2562.15380859375 3.3663833710635e-14 2.3227119368623506e-15
2564.816650390625 3.426983157428683e-14 2.2690960218505743e-15
2567.4794921875 3.2997181511696186e-14 2.1412641387915602e-15
2570.14208984375 2.8878670152920546e-14 1.9590760339248696e-15
2572.804931640625 3.336407891499707e-14 2.2752194347845124e-15
2575.4677734375 3.1842916161945595e-14 2.068658380377053e-15
2578.130615234375 3.5262598234182124e-14 2.218757065553488e-15
2580.79345703125 3.205067640324813e-14 2.0993660775721e-15
2583.4560546875 2.6749751095818744e-14 2.667402042110358e-15
2586.119140625 2.728383925038047e-14 2.008115218164394e-15
2588.78173828125 2.870970740873405e-14 1.922481881262879e-15
2591.444580078125 2.998053126829041e-14 1.970266186191046e-15
2594.107421875 2.6729949159577833e-14 1.8356457575762625e-15
2596.770263671875 2.3135476756477695e-14 1.6571935974025553e-15
2599.43310546875 2.3113872334125027e-14 1.631836924972669e-15
2602.095703125 3.1045695528253425e-14 1.940203928101807e-15
2604.758544921875 3.135418492764344e-14 1.9204964360345148e-15
2607.42138671875 2.7205409081662406e-14 1.777941002769853e-15
2610.084228515625 3.36574775753988e-14 2.2894074484092588e-15
2612.7470703125 3.300713245476053e-14 1.9786439773141016e-15
2615.40966796875 2.9303568984317616e-14 1.8194437113611822e-15
2618.072509765625 2.874641104040447e-14 1.7906520026928245e-15
2620.7353515625 3.312137348242261e-14 2.3468936687152768e-15
2623.398193359375 3.214631658738851e-14 3.3141373200856706e-15
2626.06103515625 3.339340997189459e-14 1.9385617429753177e-15
2628.723876953125 3.275798618365515e-14 1.8810482058567507e-15
2631.38671875 3.124672355169118e-14 1.8091622136891727e-15
2634.04931640625 3.042583004118915e-14 1.9743118273053695e-15
2636.712158203125 3.652682201301348e-14 2.0001893191186988e-15
2639.375 3.309234058112252e-14 1.8638472960386208e-15
2642.037841796875 3.92913579818667e-14 2.0673238799686538e-15
2644.70068359375 3.257808993818549e-14 1.8408414576747203e-15
2647.36328125 3.412654748092929e-14 1.8782862431739912e-15
2650.026123046875 3.659843356650615e-14 1.9565806748622584e-15
2652.68896484375 3.7265797273120654e-14 2.067479310514475e-15
2655.351806640625 3.637906219756265e-14 1.9350063221792177e-15
2658.0146484375 4.702228528969711e-14 2.285567848059355e-15
2660.67724609375 4.2929266234502036e-14 2.125848139151532e-15
2663.34033203125 4.375137269618454e-14 2.1225548750526072e-15
2666.0029296875 4.511430630655712e-14 2.176132885339994e-15
2668.665771484375 5.159282086297269e-14 2.3661674799135748e-15
2671.32861328125 5.306122362780559e-14 3.4179899121661523e-15
2673.991455078125 4.811652988480526e-14 2.217684721842264e-15
2676.654296875 4.940907505726101e-14 2.3137950092683678e-15
2679.31689453125 5.1685608240146716e-14 2.5995875255619945e-15
2681.979736328125 5.546714278745028e-14 2.414939001741767e-15
2684.642578125 5.3216989598673867e-14 2.339921317009953e-15
2687.305419921875 5.434469877146214e-14 2.365245061034015e-15
2689.96826171875 5.082652031998709e-14 2.2247042956343973e-15
2692.630859375 5.3522917570431386e-14 2.3325114727873724e-15
2695.293701171875 4.9901570505980763e-14 2.199720635338658e-15
2697.95654296875 5.293520884217667e-14 2.3021411064635695e-15
2700.619384765625 5.032719778571247e-14 2.1976720861557235e-15
2703.2822265625 5.0811897143185694e-14 2.2161033113297403e-15
2705.94482421875 4.990334249890642e-14 2.174758362624837e-15
2708.60791015625 5.669977223734905e-14 2.3718176131882346e-15
2711.2705078125 5.186314634589122e-14 2.2273872724948253e-15
2713.933349609375 5.047437484249559e-14 2.1999224409383414e-15
2716.59619140625 5.349145876677036e-14 2.2724604367170683e-15
2719.259033203125 5.233263976789533e-14 2.287909047125566e-15
2721.921875 5.780711873808533e-14 2.388772671693424e-15
2724.58447265625 5.5026238421481896e-14 2.305366607926714e-15
2727.247314453125 4.69231383891551e-14 2.023593051209572e-15
2729.91015625 4.754860445806662e-14 2.0177377242034398e-15
2732.572998046875 5.4918129912357935e-14 2.2283374317034078e-15
2735.23583984375 5.766381431593706e-14 2.6703207058883594e-15
2737.8984375 5.256630566485669e-14 2.1683863455208797e-15
2740.561279296875 4.9614602519714585e-14 2.1417139132865522e-15
2743.22412109375 5.3761655500680905e-14 2.1779584530995637e-15
2745.886962890625 5.12242293937773e-14 2.0905745108543107e-15
2748.5498046875 5.593855050391519e-14 2.2319712030471287e-15
2751.212646484375 5.1197558020334155e-14 2.074597987161437e-15
2753.87548828125 5.126787191935163e-14 2.0641415771858193e-15
2756.5380859375 5.0123892937712494e-14 2.041784354301279e-15
2759.200927734375 5.324887191880852e-14 2.112221920129052e-15
2761.86376953125 5.263695160078949e-14 2.0850471973570027e-15
2764.526611328125 4.8822731746117273e-14 1.976093349351682e-15
2767.189453125 4.7431303947399056e-14 2.4672231692022227e-15
2769.85205078125 4.1814099925596704e-14 1.7606397195474733e-15
2772.514892578125 4.975464755908182e-14 1.985090956833891e-15
2775.177734375 5.282865548554387e-14 2.0538806200627807e-15
2777.840576171875 4.29706149948552e-14 1.7665679972661877e-15
2780.50341796875 4.7879441974736994e-14 1.892316920428785e-15
2783.166015625 4.8194463692216236e-14 1.8970471759227267e-15
2785.8291015625 4.939360145938057e-14 1.9379887251865e-15
2788.49169921875 4.482178517228874e-14 1.931898346537505e-15
2791.154541015625 3.391169587979234e-14 1.7589661942019356e-15
2793.8173828125 2.809679945029852e-14 1.7534419511990615e-15
2796.47998046875 2.6154402130379797e-14 1.3579687267522515e-15
2799.14306640625 2.956273734925491e-14 1.4196260549279049e-15
2801.8056640625 2.7375411982308133e-14 1.3555668589511935e-15
2804.468505859375 3.330546762317886e-14 1.4912263852340213e-15
2807.13134765625 4.9065078036722096e-14 1.8746556482038225e-15
2809.794189453125 5.406408692043216e-14 2.004105575950329e-15
2812.45703125 4.9824754782060166e-14 1.8709663962020564e-15
2815.11962890625 5.003803090191522e-14 1.841443698100218e-15
2817.78271484375 5.1225723559896255e-14 1.8704132836874993e-15
2820.4453125 5.38093197386888e-14 1.9378726816727263e-15
2823.108154296875 4.9861441473071644e-14 1.828977278940766e-15
2825.77099609375 5.199432125623481e-14 1.863199527592208e-15
2828.43359375 5.426014116640364e-14 1.9173857075357233e-15
2831.0966796875 5.2633143340658634e-14 1.860909574019306e-15
2833.75927734375 5.4192591982926e-14 1.904673013546857e-15
2836.422119140625 5.119942826908169e-14 1.8178678065628156e-15
2839.0849609375 5.4552425131446786e-14 1.883736688431336e-15
2841.74755859375 5.1007219552690747e-14 1.8001300896143633e-15
2844.41064453125 5.013036088129773e-14 2.0267215674002557e-15
2847.0732421875 4.634923968607242e-14 2.269574595465773e-15
2849.736083984375 4.853577392424646e-14 1.952213796502689e-15
2852.39892578125 4.09983191059643e-14 1.7309321565048968e-15
2855.061767578125 5.2687326344228597e-14 1.8689661278971153e-15
2857.724609375 5.213723943135913e-14 1.7828811106764767e-15
2860.38720703125 5.122108859560888e-14 1.9622807830808062e-15
2863.05029296875 4.812192040248159e-14 1.7330216809066548e-15
2865.712890625 4.871879741535738e-14 1.7046382421188736e-15
2868.375732421875 5.1633041375440114e-14 1.9722514196611734e-15
2871.03857421875 5.815850866218789e-14 2.4151393250337926e-15
2873.701171875 5.2916133660204506e-14 1.765661777891744e-15
2876.3642578125 5.90348760544715e-14 1.9057790268177345e-15
2879.02685546875 5.779634447899626e-14 1.8615323549937748e-15
2881.689697265625 5.789282491982031e-14 2.7579227591175304e-15
2884.3525390625 5.525790193255595e-14 1.8128321956913888e-15
2887.015380859375 5.3371410481221904e-14 1.7585876763536313e-15
2889.67822265625 6.321338445096705e-14 1.9352949486559946e-15
2892.3408203125 6.156773495972351e-14 1.900244513540375e-15
2895.00390625 5.809433066984032e-14 1.8246411055255346e-15
2897.66650390625 6.303491122084878e-14 1.9170991986413146e-15
2900.329345703125 6.735114717456789e-14 1.9970226864453886e-15
2902.9921875 6.467505838606696e-14 1.9420877293765005e-15
2905.65478515625 6.881942796665638e-14 2.0225588239809744e-15
2908.31787109375 7.003262986887693e-14 2.129020701055473e-15
2910.98046875 6.881388498304955e-14 1.993595379382561e-15
2913.643310546875 6.753848375744623e-14 1.9661764993634655e-15
2916.30615234375 6.482429203884602e-14 1.9764402093435827e-15
2918.96875 7.161231243418831e-14 2.0299716328188704e-15
2921.6318359375 7.717855895388384e-14 2.166458498532929e-15
2924.29443359375 7.454614318414335e-14 2.1068534253093543e-15
2926.957275390625 7.924164661032504e-14 2.183582116594622e-15
2929.6201171875 7.606210176676689e-14 2.1212027987105525e-15
2932.282958984375 7.459613168055851e-14 2.0816637242491954e-15
2934.94580078125 7.172985350221289e-14 2.0490944603943203e-15
2937.6083984375 7.860990910947205e-14 2.7173251052303423e-15
2940.271484375 7.035391285390227e-14 1.998049078619224e-15
2942.93408203125 7.373150077679205e-14 2.0547054183951696e-15
2945.596923828125 7.189581774976611e-14 2.0381183957055623e-15
2948.259765625 7.885012765331337e-14 2.1711921421586596e-15
2950.92236328125 6.988999629682288e-14 2.001278391730631e-15
2953.58544921875 6.86524947134115e-14 1.965604752124069e-15
2956.248046875 7.521172812156862e-14 2.056531409671213e-15
2958.910888671875 7.298248648219402e-14 2.0263535315846737e-15
2961.57373046875 7.332527732781605e-14 2.51245621089326e-15
2964.236328125 7.648114590643254e-14 2.4026536358747906e-15
2966.8994140625 6.757688484314295e-14 2.4251434194155763e-15
2969.56201171875 7.179055527134492e-14 2.0334281625183784e-15
2972.224853515625 7.001071543246556e-14 2.001196441292984e-15
2974.8876953125 7.320028236985562e-14 2.055814608039599e-15
2977.550537109375 7.055497814678971e-14 2.0465739021015283e-15
2980.21337890625 6.805702377522815e-14 1.9984721715763775e-15
2982.8759765625 7.714512486938982e-14 2.2015354034281504e-15
2985.5390625 7.396947637738904e-14 2.0921273340048646e-15
2988.20166015625 7.30968833639184e-14 2.085611533058111e-15
2990.864501953125 7.020910410123968e-14 2.0581441604027853e-15
2993.52734375 6.689022572598999e-14 2.0227303481527934e-15
2996.18994140625 7.194591466639852e-14 2.1202376046671563e-15
2998.85302734375 7.371467531432779e-14 2.4152299575591488e-15
3001.515625 7.216713934343061e-14 2.0969274697169547e-15
3004.178466796875 6.928057980819594e-14 2.0721210510654285e-15
3006.84130859375 6.71334393783328e-14 2.062680233593569e-15
3009.504150390625 7.127036184524996e-14 2.161244798984342e-15
3012.1669921875 6.969841777294469e-14 2.136149330339565e-15
3014.82958984375 7.27066383444594e-14 2.1857301921488588e-15
3017.49267578125 7.659346247523846e-14 2.232120704362319e-15
3020.1552734375 7.648256214552035e-14 3.011854766374897e-15
3022.818115234375 7.858442358215506e-14 2.295582953869453e-15
3025.48095703125 7.28150111278629e-14 2.266814326848908e-15
3028.1435546875 8.20989326869026e-14 2.38338067170944e-15
3030.806640625 8.29298652318955e-14 2.3791213665341716e-15
3033.46923828125 8.201276571924432e-14 2.3861036708766256e-15
3036.132080078125 7.908428144125235e-14 2.595323773463753e-15
3038.794921875 7.860475914915274e-14 2.398965019147735e-15
3041.45751953125 7.923960695498805e-14 2.4261596471940447e-15
3044.12060546875 8.037339782433761e-14 2.458891117858319e-15
3046.783203125 8.174841012453804e-14 2.489058196274781e-15
3049.446044921875 8.11554328513514e-14 2.5052642658963606e-15
3052.10888671875 7.383334124210633e-14 3.3890561137208926e-15
3062.76025390625 8.27169414777465e-14 3.7100712245766686e-15
3065.4228515625 8.492840220149234e-14 2.7481515987962417e-15
3068.085693359375 9.064864608726228e-14 2.8330075712104143e-15
3070.74853515625 8.379122997661734e-14 2.8186393513261396e-15
3073.4111328125 8.731345724558026e-14 2.817122527075844e-15
3076.07421875 9.248303484794482e-14 2.9294865297268104e-15
3078.73681640625 9.155104110794912e-14 2.9455888378123515e-15
3081.399658203125 9.702204724305538e-14 3.0033270504201777e-15
3084.0625 9.550522807495743e-14 3.023461658851123e-15
3086.72509765625 9.557217755910841e-14 3.0783381706466504e-15
3089.38818359375 9.292551130706331e-14 3.0838680252428e-15
3092.05078125 8.659979471806883e-14 3.0402871213153822e-15
3094.713623046875 9.021157031021548e-14 3.115642560434914e-15
3097.37646484375 9.230392464905021e-14 3.213592391664217e-15
3100.039306640625 9.667983915610107e-14 3.283195418280708e-15
3102.7021484375 9.343833893464895e-14 3.281637936448944e-15
3105.36474609375 9.713672872785004e-14 3.3567208427176965e-15
3108.02783203125 1.0153668541807576e-13 3.4314956407518853e-15
3110.6904296875 9.536162549721172e-14 3.3584994001486937e-15
3113.353271484375 9.357824844874463e-14 3.3817028089475412e-15
3116.01611328125 9.88474642307606e-14 3.5111368548262868e-15
3118.6787109375 1.0584247914962111e-13 3.628148315500601e-15
3121.341796875 1.0497208842181333e-13 4.161056976683276e-15
3124.00439453125 9.466978931468514e-14 3.551827682337673e-15
3126.667236328125 9.703939447781515e-14 3.600339376809295e-15
3129.330078125 1.0428368780492081e-13 3.719336070953736e-15
3131.992919921875 1.0756322319383643e-13 3.7904093350084236e-15
3134.65576171875 1.074428293188455e-13 3.826268051313961e-15
3137.318359375 9.953641372500294e-14 3.786460467408324e-15
3139.9814453125 1.0220261594494351e-13 3.8542146328591955e-15
3142.64404296875 9.938130505170173e-14 3.9288221418863015e-15
3145.306884765625 1.0041855449385503e-13 3.980503433646549e-15
3147.9697265625 1.0637049916014871e-13 4.111060433455117e-15
3150.63232421875 1.0118235459558034e-13 3.984376915314343e-15
3153.29541015625 1.0036987381631043e-13 4.031968308488773e-15
3155.9580078125 1.0647163489405087e-13 4.131795800003902e-15
3158.620849609375 1.0420387697249872e-13 4.15534543351994e-15
3161.28369140625 1.055150771985848e-13 4.26864159592936e-15
3163.9462890625 9.933389153544622e-14 4.23186130777721e-15
3166.609375 9.895978079956652e-14 4.30992428771264e-15
3169.27197265625 1.0638619976285901e-13 4.455656306287742e-15
3171.934814453125 1.2061291093483362e-13 4.7649601278565434e-15
3174.59765625 1.2115165099434166e-13 4.824454028005791e-15
3177.260498046875 1.1175796751786496e-13 4.6234713208307115e-15
3179.92333984375 1.0812839068129881e-13 4.758154218125355e-15
3182.5859375 1.0648690859215576e-13 4.741745072354671e-15
3185.2490234375 1.0353063485723027e-13 4.7564648109120564e-15
3187.91162109375 1.1248792695928156e-13 4.817868346840889e-15
3190.574462890625 1.2457053346747599e-13 5.144881086237936e-15
3193.2373046875 1.2631126071298293e-13 5.24008420137753e-15
3195.89990234375 1.2135335325600544e-13 5.144075557905097e-15
3198.56298828125 1.1921841010058276e-13 5.168765297768139e-15
3201.2255859375 1.1978693861477985e-13 5.203545317615348e-15
3203.888427734375 1.2275422377801964e-13 5.3194778700730964e-15
3206.55126953125 1.3146179023842963e-13 5.891953134287914e-15
3209.2138671875 1.2103378466566533e-13 5.812696261413329e-15
3211.876953125 1.168233397389265e-13 5.5623946373678946e-15
3214.53955078125 1.2313228507556534e-13 5.717715492422389e-15
3217.202392578125 1.2365637485321768e-13 5.973033669097938e-15
3219.865234375 1.213884678538668e-13 6.0332814285702415e-15
3222.528076171875 1.1363286478221699e-13 5.756615480525043e-15
3225.19091796875 1.2818729638961607e-13 6.063174491828267e-15
3227.853515625 1.334006554309583e-13 6.2345737262875425e-15
3230.5166015625 1.2293132820289515e-13 6.031012650821021e-15
3233.17919921875 1.157514161560444e-13 5.986029272091187e-15
3235.842041015625 1.2647058422222968e-13 6.399612590345886e-15
3238.5048828125 1.3340332527880805e-13 6.589621985689286e-15
3241.16748046875 1.3751434886632996e-13 6.726111604260423e-15
3243.83056640625 1.5165253493092112e-13 7.0386942903680454e-15
3246.4931640625 1.4663079507103854e-13 6.841538478048661e-15
3249.156005859375 1.4772082483020116e-13 6.914348583161693e-15
3251.81884765625 1.520686381721939e-13 6.98231238926701e-15
3254.481689453125 1.4461466692119312e-13 6.9197471476510185e-15
3257.14453125 1.4792577969838239e-13 7.185261906945614e-15
3259.80712890625 1.4663944158336412e-13 8.111948985526762e-15
3262.47021484375 1.3736798157304442e-13 7.129954890654645e-15
3265.1328125 1.4611560930372774e-13 7.402447083852248e-15
3267.795654296875 1.5000738010691878e-13 7.536359604681363e-15
3270.45849609375 1.5058170910273866e-13 9.461471523245467e-15
3273.12109375 1.6056402626744848e-13 1.140301079878862e-14
3275.7841796875 1.8106635711178515e-13 8.32006921583188e-15
3278.44677734375 1.901041173438256e-13 8.50010945690257e-15
3281.109619140625 1.782194319422184e-13 8.165594970208166e-15
3283.7724609375 1.9149386124104467e-13 8.373001998771695e-15
3286.43505859375 1.955785929258838e-13 1.0233088045008033e-14
3289.09814453125 1.9216490107065026e-13 9.531697330836426e-15
3291.7607421875 2.0142176500922288e-13 9.046519399748005e-15
3294.423583984375 2.0171341539362148e-13 9.485179975439115e-15
3297.08642578125 2.0154844048055065e-13 8.756809567831564e-15
3299.749267578125 2.084004897904418e-13 8.956163854165547e-15
3302.412109375 2.2255314995403563e-13 9.27279832237636e-15
3305.07470703125 2.454323365635308e-13 9.777888303988836e-15
3307.73779296875 2.4036745900971046e-13 9.766748973699495e-15
3310.400390625 2.2184191332888514e-13 9.312719832213403e-15
3313.063232421875 2.2053524642313277e-13 9.645359834995534e-15
3315.72607421875 2.360256900948293e-13 1.3727813001206558e-14
3318.388671875 2.0960113527625224e-13 1.3703203305957031e-14
3321.0517578125 2.1909693026858634e-13 1.1790034551949213e-14
3323.71435546875 2.1008692561216152e-13 1.388093368818056e-14
3326.377197265625 2.08345019296792e-13 1.0652796258504328e-14
3329.0400390625 2.329151140619684e-13 1.0634904381559476e-14
3331.70263671875 2.6969171253860003e-13 1.1354168337951095e-14
3334.36572265625 2.818305755870193e-13 1.2191812772018029e-14
3337.0283203125 2.5257443705961613e-13 2.0965539281872156e-14
3339.691162109375 2.4197663187411345e-13 1.6820341303060322e-14
3342.35400390625 2.434427713669113e-13 1.0840793527081526e-14
3345.016845703125 2.644741522138394e-13 1.1088274531412604e-14
3347.6796875 2.9021704202152054e-13 1.44166837213848e-14
