wavelength flux error
1150.583251953125 1.619375884472432e-14 1.785057731241036e-14
1152.2596435546875 -1.6257264292911765e-15 1.624272920753688e-14
1153.93603515625 2.3505130404988944e-14 1.5907012781090323e-14
1155.6123046875 2.125735695527784e-15 1.5044440167385695e-14
1157.2886962890625 1.6821345884135766e-14 1.464587897845055e-14
1158.965087890625 2.8372779725172916e-14 1.3984205639175698e-14
1160.6414794921875 4.1105306143466094e-15 1.1664832070916713e-14
1162.31787109375 5.469719492059381e-15 1.0879962024628459e-14
1163.9942626953125 1.0071374208784137e-14 1.0342268897843218e-14
1165.670654296875 1.4841069250815832e-14 9.011128669145826e-15
1167.3470458984375 5.962299220557384e-15 8.02127664962203e-15
1169.0234375 2.888809678259054e-15 7.455086793392313e-15
1170.6998291015625 1.4225647298592853e-14 7.357143526668351e-15
1172.376220703125 2.3445346819571736e-14 7.16771900757503e-15
1174.0526123046875 1.0076502146246814e-14 6.3066765588896175e-15
1175.72900390625 1.2162287744575586e-14 6.0632799474302e-15
1177.4053955078125 6.756279953226306e-15 5.508452614671425e-15
1179.081787109375 2.33870828112619e-14 7.43358570905921e-15
1180.7581787109375 1.9515721690451437e-15 4.492512827405145e-15
1182.4345703125 1.3374524876269209e-14 4.723759174752673e-15
1184.1109619140625 6.668683193953055e-15 4.242887559168093e-15
1185.787353515625 7.881598375520955e-15 4.089535208683017e-15
1187.4637451171875 1.5512159902398258e-14 5.698984629343281e-15
1189.14013671875 1.2029435708996433e-14 3.904901084422893e-15
1190.8165283203125 5.6727316901760815e-15 3.287066147091423e-15
1192.492919921875 6.6977965633831325e-15 3.2697163712328134e-15
1195.845703125 9.586739225814905e-15 3.729603804340353e-15
1199.1983642578125 1.579346632044499e-14 7.001505308818845e-15
1200.874755859375 1.3801836057500058e-14 3.114080631680177e-15
1202.5511474609375 1.738960334778973e-14 2.9820425947633348e-15
1204.2275390625 1.309354456590717e-14 4.138812197422483e-15
1205.9039306640625 2.5195518482440567e-14 5.3748683191093705e-15
1207.580322265625 6.099339241137647e-14 1.1436800637120489e-14
1224.34423828125 3.150057593785151e-14 5.351743049099907e-15
1226.0206298828125 1.362564812227348e-14 3.7674462718083595e-15
1227.697021484375 1.2289741639181888e-14 2.307883778087717e-15
1229.3734130859375 9.746560790434636e-15 1.8596652826197895e-15
1231.0498046875 1.0767711524392425e-14 1.8694396193146305e-15
1232.7261962890625 1.1262126349770654e-14 1.8696600596391534e-15
1234.402587890625 1.137588202755396e-14 1.8621572535506116e-15
1236.078857421875 2.3597600991840696e-14 2.370409632671661e-15
1237.75537109375 2.984749627359465e-14 2.5772879009178674e-15
1239.431640625 2.871924161158834e-14 2.4977921647521568e-15
1241.1080322265625 3.5447932431173154e-14 2.7500716107294303e-15
1242.784423828125 1.714345896144942e-14 2.024701393821054e-15
1244.4608154296875 1.723053733655895e-14 2.011613675994791e-15
1246.13720703125 1.1414172998967537e-14 1.758985570080604e-15
1247.8135986328125 9.675703096265025e-15 1.638092263288142e-15
1249.489990234375 1.061294759350075e-14 1.6890344129227917e-15
1251.1663818359375 6.646876330725993e-15 1.445378291744159e-15
1252.8427734375 1.0525404197303176e-14 1.615539164034549e-15
1254.5191650390625 8.370171214661971e-15 1.4729122623649625e-15
1256.195556640625 6.116671398710954e-15 1.3950977807204333e-15
1257.8719482421875 7.358955330142528e-15 1.4279586356674007e-15
1259.54833984375 7.271744817893225e-15 1.4334987605380358e-15
1261.2247314453125 8.877483810728042e-15 1.4789793476079082e-15
1262.901123046875 9.67767583599918e-15 1.4924666532270385e-15
1264.5775146484375 1.2406727053593074e-14 1.6295223015651782e-15
1266.25390625 1.2526487347939465e-14 1.5773027203669506e-15
1267.9302978515625 9.419415490381344e-15 1.5602094896122404e-15
1269.606689453125 9.576067457712448e-15 1.450329622837334e-15
1271.2830810546875 8.524808937644505e-15 1.3970285923236994e-15
1272.95947265625 1.1341690695605092e-14 1.546864273770012e-15
1274.6358642578125 1.2450198478512059e-14 1.5917654903039626e-15
1276.312255859375 6.258380434303072e-15 1.3215192049660044e-15
1277.988525390625 8.880347629122709e-15 1.4389819224429681e-15
1279.6650390625 1.0966718527218033e-14 1.6742406648616402e-15
1281.34130859375 7.75083851132152e-15 1.4585782414359332e-15
1283.0177001953125 9.648451505253012e-15 1.8331093174157095e-15
1284.694091796875 1.3580192946192025e-14 1.7115341491007077e-15
1286.3704833984375 9.974944589936918e-15 1.557315813306183e-15
1288.046875 1.1312523963099338e-14 1.5041576137232791e-15
1289.7232666015625 9.444162404968325e-15 1.4189041710986074e-15
1291.399658203125 9.369757336815613e-15 1.3895650673880866e-15
1293.0760498046875 1.050261138772551e-14 1.4572282826762466e-15
1294.75244140625 1.14896885273141e-14 1.4899046961989494e-15
1296.4288330078125 8.131803437810402e-15 1.3287133734243904e-15
1298.105224609375 8.559545758811404e-15 1.333841310887068e-15
1299.7816162109375 6.616821907691516e-15 1.2482695956324654e-15
1301.4580078125 6.809681145385953e-15 1.4823911963194485e-15
1303.1343994140625 4.799346277383279e-15 1.1719585974693126e-15
1304.810791015625 4.77544851332592e-15 1.1686707332054266e-15
1306.4871826171875 1.0296081885295336e-14 1.4412743112355935e-15
1308.16357421875 1.3145472767771543e-14 1.635943128942721e-15
1309.8399658203125 9.808278999103373e-15 1.4288130801529434e-15
1311.516357421875 7.52361684102287e-15 1.3020773636067949e-15
1313.1927490234375 8.055020748174747e-15 1.3322539711439134e-15
1314.869140625 1.3936574435452747e-14 1.551718513711608e-15
1316.5455322265625 1.2314995079471328e-14 1.8069074119835818e-15
1318.221923828125 1.0905194289094217e-14 1.45025413102591e-15
1319.898193359375 7.681840054471131e-15 1.3022196651419336e-15
1321.57470703125 1.3424974158607675e-14 1.57086579936341e-15
1323.2509765625 1.1121908515682177e-14 1.487522733672152e-15
1324.927490234375 1.4047198632430053e-14 1.60128487008168e-15
1326.603759765625 1.1971637568807588e-14 2.2934391134799524e-15
1328.2801513671875 1.118759253260996e-14 1.471615666680953e-15
1329.95654296875 1.344644983195236e-14 1.5745517691125054e-15
1331.6329345703125 9.680850515485489e-15 1.395769477847606e-15
1333.309326171875 8.735405892287395e-15 1.3734251722155111e-15
1334.9857177734375 9.845303656260806e-15 1.4062532046357724e-15
1336.662109375 8.621335965280658e-15 1.3405966103996578e-15
1338.3385009765625 1.499297275144463e-14 1.6075181855405244e-15
1340.014892578125 1.271094994802777e-14 1.5887542881764735e-15
1341.6912841796875 9.424346916200258e-15 1.5228159496062784e-15
1343.36767578125 9.42999493189255e-15 1.4251439451836746e-15
1345.0440673828125 9.208361137946937e-15 1.3808547099541154e-15
1346.720458984375 9.436074934387941e-15 1.38398915537543e-15
1348.3968505859375 1.537075452811773e-14 2.2384086534462614e-15
1350.0732421875 1.451189361278797e-14 1.6711780054826054e-15
1351.7496337890625 1.443962306766234e-14 1.6068441590727468e-15
1353.426025390625 9.152043611349893e-15 1.408053467286043e-15
1355.1024169921875 1.640336222972008e-14 1.6838867819440905e-15
1356.77880859375 1.300905133535266e-14 1.712522530671035e-15
1358.4552001953125 1.084233766814437e-14 1.4907652816733598e-15
1360.131591796875 1.0926944401113813e-14 1.4940423462671683e-15
1361.807861328125 5.45678445192186e-15 1.392646361491961e-15
1363.484375 1.224564764504667e-14 1.5521473241411556e-15
1365.16064453125 1.023085272506023e-14 1.479319748973586e-15
1366.837158203125 1.0989513877894541e-14 1.502614637330737e-15
1368.513427734375 1.0641988118097363e-14 1.4905437825576528e-15
1370.1898193359375 8.287175538358206e-15 1.4361328212457599e-15
1371.8662109375 1.1095560708824885e-14 1.7310474588648418e-15
1373.5426025390625 9.188034888311675e-15 1.4336060160849819e-15
1375.218994140625 1.3138784595620023e-14 1.5930481099443424e-15
1376.8953857421875 9.014636232580406e-15 1.4517323093979871e-15
1378.57177734375 1.0616934577583476e-14 1.5818622987220205e-15
1380.2481689453125 9.834261734760399e-15 1.4772486475384309e-15
1381.924560546875 1.066376872330306e-14 1.5134158955950054e-15
1383.6009521484375 9.666391663075858e-15 1.474620621940456e-15
1385.27734375 1.1618479886944116e-14 1.5460558867009763e-15
1386.9537353515625 1.0050638842235352e-14 1.554166968324765e-15
1388.630126953125 1.0559178789041994e-14 1.564553498082234e-15
1390.3065185546875 9.534025824408428e-15 1.4929830256875084e-15
1391.98291015625 7.708233601107575e-15 1.415453782387967e-15
1393.6593017578125 7.457497449160199e-15 1.4528386403062196e-15
1395.335693359375 1.1031994274265239e-14 1.552553476439364e-15
1397.0120849609375 9.180197292450731e-15 1.5239439857337844e-15
1398.6884765625 1.428729774462581e-14 1.6996184072360894e-15
1400.3648681640625 1.0236621866463978e-14 1.520887679101854e-15
1402.041259765625 7.946924944544995e-15 1.4349529043502346e-15
1403.717529296875 1.0374374834675945e-14 2.0338438439372435e-15
1405.39404296875 1.1507981050843004e-14 1.6206636074863191e-15
1407.0703125 7.320437353899086e-15 1.4327925468182626e-15
1408.746826171875 1.1327761238787495e-14 1.5956614183448587e-15
1410.423095703125 1.3518143547640912e-14 1.857834632662536e-15
1412.0994873046875 1.3184574349715643e-14 1.686881678687345e-15
1413.77587890625 1.2985342036126064e-14 1.71422813738945e-15
1415.4522705078125 1.0341730184888764e-14 1.6805429076265674e-15
1417.128662109375 9.574606325878435e-15 1.5269187654445415e-15
1418.8050537109375 1.3868875327143447e-14 1.7010845153886682e-15
1420.4814453125 1.3576803967370061e-14 1.7513163220179268e-15
1422.1578369140625 1.4190618251059151e-14 1.7940505106354455e-15
1423.834228515625 1.3539669195929485e-14 2.028199216376741e-15
1425.5106201171875 1.2270453004907013e-14 1.6774861774781634e-15
1427.18701171875 1.1551437229168939e-14 1.672314300181347e-15
1428.8634033203125 1.7015130081808605e-14 1.8955926085940543e-15
1430.539794921875 1.2458125859865412e-14 1.7081646520365301e-15
1432.2161865234375 1.495178831548323e-14 1.8299456493577147e-15
1433.892578125 1.343419665333738e-14 1.74983877892056e-15
1435.5689697265625 1.6691617706066086e-14 1.8863237388104873e-15
1437.245361328125 1.5783386628372663e-14 2.649010627484862e-15
1438.9217529296875 1.2680134042373711e-14 1.832052432055773e-15
1440.59814453125 1.4200454844675615e-14 1.792597002097957e-15
1442.2745361328125 1.2999804276667484e-14 1.984126398065205e-15
1443.950927734375 9.707290648934032e-15 1.609009492923284e-15
1445.627197265625 1.2380430068712617e-14 1.718936370026763e-15
1447.3037109375 1.2102496535861852e-14 1.7720288186771362e-15
1448.97998046875 1.2540443909811374e-14 2.275419758076538e-15
1450.656494140625 1.5026423776597596e-14 1.8031728437191375e-15
1452.332763671875 1.0503457573639817e-14 1.6410624901968076e-15
1454.0091552734375 1.1662518823937762e-14 1.6916142635218915e-15
1455.685546875 1.1611086136347534e-14 1.6563203064339361e-15
1457.3619384765625 1.0722760332914586e-14 2.897570751790742e-15
1459.038330078125 1.3355252335620332e-14 1.7607427399296831e-15
1460.7147216796875 1.1053080312454187e-14 1.9526756412171793e-15
1462.39111328125 1.5101958786701945e-14 1.7996108584176964e-15
1464.0675048828125 1.3707256358609643e-14 1.744102671801754e-15
1465.743896484375 9.8377625219314e-15 1.7232204509157385e-15
1467.4202880859375 1.6453172849216317e-14 1.847616450703334e-15
1469.0966796875 1.518286567975778e-14 1.7905567114862584e-15
1470.7730712890625 1.483294451078577e-14 1.819165461038009e-15
1472.449462890625 1.3089079008209246e-14 1.7191711040322709e-15
1474.1258544921875 1.4047339239899297e-14 1.7740327927512215e-15
1475.80224609375 1.432876847772338e-14 1.788923843722189e-15
1477.4786376953125 1.5834327189820536e-14 1.8608320705046323e-15
1479.155029296875 1.7633782617692412e-14 1.8903299928927633e-15
1480.8314208984375 1.5752024386467625e-14 1.8198407580552077e-15
1482.5078125 1.7621195708096213e-14 2.044214915343425e-15
1484.1842041015625 1.9653102387683086e-14 2.467862255560926e-15
1485.860595703125 1.3842072663593479e-14 2.1639726685909744e-15
1487.536865234375 1.1306124629182832e-14 1.6316661419546788e-15
1489.21337890625 9.028330214238666e-15 1.5608203062463292e-15
1490.8896484375 1.2084970577150213e-14 1.6983451049581294e-15
1492.566162109375 9.332508215927158e-15 2.09193823389939e-15
1494.242431640625 1.577204993940661e-14 1.9180362288392146e-15
1495.9188232421875 1.1852852209383487e-14 1.749790603921685e-15
1497.59521484375 1.6227167518229925e-14 1.820429869470023e-15
1499.2716064453125 9.991594716581096e-15 1.6036157988734054e-15
1500.947998046875 1.789712346692788e-14 2.1337681089665965e-15
1502.6243896484375 1.2716707230970258e-14 1.6713748347637236e-15
1504.30078125 1.855678933811774e-14 1.955658891257409e-15
1505.9771728515625 1.3776399658094012e-14 1.8065226472672915e-15
1507.653564453125 1.2206026831905904e-14 1.659012600656784e-15
1509.3299560546875 1.185498588537762e-14 1.6351847168175732e-15
1511.00634765625 1.3001944728925196e-14 1.911572732176954e-15
1512.6827392578125 8.622749663269626e-15 1.5421144306391652e-15
1514.359130859375 1.0599665269854855e-14 1.5934907905384012e-15
1516.0355224609375 1.6243174746867137e-14 1.831733100634658e-15
1517.7119140625 1.1433013552813315e-14 1.6605916818287028e-15
1519.3883056640625 1.3854221657155948e-14 2.1206816616897543e-15
1521.064697265625 1.1614341283963832e-14 2.588786796693318e-15
1522.7410888671875 1.1108023951610785e-14 1.6649734891439677e-15
1524.41748046875 1.0843786941517122e-14 2.002785898618507e-15
1526.0938720703125 1.0043157847245202e-14 1.7447185706335262e-15
1527.770263671875 1.3291763828091833e-14 1.724988420434895e-15
1529.446533203125 1.299752914617116e-14 1.751029283727926e-15
1531.123046875 1.1228333123306997e-14 1.6084564862878454e-15
1532.79931640625 1.363301815594754e-14 1.6978199445308317e-15
1534.475830078125 1.2562129647326978e-14 1.6640623993300773e-15
1536.152099609375 1.1881967272879459e-14 1.627867093307125e-15
1537.8284912109375 1.450661829159247e-14 1.7119596772775846e-15
1539.5048828125 1.5106249855612736e-14 1.7251101814210628e-15
1541.1812744140625 1.0651915344239184e-14 1.5834676379153042e-15
1542.857666015625 1.4035133495129363e-14 2.200909869596603e-15
1544.5340576171875 1.0413631423649393e-14 1.5570822439709775e-15
1546.21044921875 1.5818860368203673e-14 1.725897604424654e-15
1547.8868408203125 1.2902992645961054e-14 1.6364511369528368e-15
1549.563232421875 1.3978188317118403e-14 2.868437265328167e-15
1551.2396240234375 1.547147521587574e-14 1.9709236955163523e-15
1552.916015625 1.7272516289424875e-14 1.7537382009723637e-15
1554.5924072265625 1.3198634249607117e-14 1.6221241040456223e-15
1556.268798828125 1.1386901926197738e-14 1.5575160307190901e-15
1557.9451904296875 1.2214621675221693e-14 1.5750540596502272e-15
1559.62158203125 1.4089948385277978e-14 2.181281998626353e-15
1561.2979736328125 1.1471715335206311e-14 1.5489933969620542e-15
1562.974365234375 1.4586603612801695e-14 1.6364938062375547e-15
1564.650634765625 1.4389554950150138e-14 1.6168997107060762e-15
1566.3271484375 1.3483275436367188e-14 1.5556855925200736e-15
1568.00341796875 1.0074673402113692e-14 1.4551105944289925e-15
1569.679931640625 1.2309133611476328e-14 1.5143360910130788e-15
1571.356201171875 1.3345889233421383e-14 1.5661853070551195e-15
1573.03271484375 1.4786017191441986e-14 1.5881265308834397e-15
1574.708984375 1.561938241505939e-14 1.610522505525317e-15
1576.385498046875 1.2903855772534306e-14 1.5528318326416555e-15
1578.061767578125 1.5686115058775874e-14 1.638071722739171e-15
1579.73828125 1.603233638783428e-14 1.6296439566722276e-15
1581.41455078125 1.2291930372317593e-14 1.4957555762821085e-15
1583.091064453125 1.8945848511450585e-14 1.746008178295721e-15
1584.767333984375 1.2507936479361648e-14 2.1385091641306156e-15
1586.4437255859375 1.5288492382346287e-14 1.5627439180695437e-15
1588.1201171875 1.521074153405192e-14 1.5526631672060334e-15
1589.7965087890625 1.8862949396902806e-14 1.645064403235229e-15
1591.472900390625 1.4243104647635764e-14 1.6388257938204642e-15
1593.1492919921875 1.5122594203362955e-14 1.524311915670248e-15
1594.82568359375 1.360090713691713e-14 1.4734088354302903e-15
1596.5020751953125 1.5187319378994445e-14 1.5034264125315618e-15
1598.178466796875 1.8308374903478787e-14 1.5806087958392025e-15
1599.8548583984375 1.4690307550599933e-14 1.4731847952157416e-15
1601.53125 1.289349232442465e-14 1.411312955946196e-15
1603.2076416015625 1.1185078538822509e-14 1.3645774895649663e-15
1604.884033203125 1.0820230108221033e-14 1.348302810274659e-15
1606.560302734375 1.1289239027379317e-14 1.3822709490419246e-15
1608.23681640625 1.3624879016357373e-14 1.435470441481007e-15
1609.9130859375 1.0672523655845881e-14 1.355868932076008e-15
1611.589599609375 1.365357903370919e-14 1.4034872185465135e-15
1613.265869140625 1.131192765190447e-14 1.3393391899894588e-15
1614.9423828125 1.2165571691312091e-14 1.3518181028848828e-15
1616.61865234375 1.1183494587211143e-14 1.3465936036662182e-15
1618.295166015625 1.2977655212129732e-14 1.3750992269566408e-15
1619.971435546875 1.4282584853307287e-14 1.4222224226694761e-15
1621.64794921875 1.5188137612821492e-14 1.3915878879452483e-15
1623.32421875 1.3130301560653271e-14 1.3356628552401383e-15
1625.000732421875 1.1628452852865089e-14 1.279323623423821e-15
1626.677001953125 8.75983686358505e-15 1.220042540302571e-15
1628.3533935546875 1.2168000981804816e-14 1.2769780833137554e-15
1630.02978515625 1.6191422727855793e-14 1.3994147900152332e-15
1631.7061767578125 1.606486075894295e-14 1.4820514302284812e-15
1633.382568359375 1.1982815862612503e-14 1.2911604853452262e-15
1635.0589599609375 1.4783440517216438e-14 1.3298174808711364e-15
1636.7353515625 1.6806861620737717e-14 1.3692126656105787e-15
1638.4117431640625 1.9577379336264446e-14 1.4333131544434687e-15
1640.088134765625 1.7149796461960777e-14 1.3492897095373287e-15
1641.7645263671875 1.422007043366813e-14 1.2746862239167221e-15
1643.44091796875 1.5374063038809706e-14 1.294556558068124e-15
1645.1173095703125 1.373907515127325e-14 1.2637971918632944e-15
1646.793701171875 1.4034232252073484e-14 1.2605613142465462e-15
1648.469970703125 1.5290652316361786e-14 1.2750505539631599e-15
1650.146484375 1.6447280888035216e-14 1.3793270860337423e-15
1651.82275390625 1.5016296650680223e-14 1.2503592259133418e-15
1653.499267578125 1.3197474661502326e-14 1.2062954073268706e-15
1655.175537109375 1.38171859885702e-14 1.202739563014297e-15
1656.85205078125 1.531359674483701e-14 1.229658058319802e-15
1658.5283203125 1.4922951925826905e-14 1.2128471012947642e-15
1660.204833984375 1.897161864183785e-14 1.2912063310034964e-15
1661.881103515625 1.4971451338320792e-14 1.1872515655737522e-15
1663.5576171875 1.730379552210108e-14 1.227396480350633e-15
1665.23388671875 2.0355577304027178e-14 1.7477330550136859e-15
1666.910400390625 1.6333178773776484e-14 1.6593739660879063e-15
1668.586669921875 1.2781745808792232e-14 1.1430091289145287e-15
1670.2630615234375 1.7922776706768423e-14 1.4127277127263475e-15
1671.939453125 1.8326247298665853e-14 1.2186981931361601e-15
1673.6158447265625 1.8022616480261287e-14 1.2818279822114967e-15
1675.292236328125 1.778943678021165e-14 1.1828643584234485e-15
1676.9686279296875 1.7416882890889003e-14 1.5077001172669334e-15
1678.64501953125 1.821335135932401e-14 1.1768749884534134e-15
1680.3214111328125 1.681678207061596e-14 1.137449839923462e-15
1681.997802734375 1.785164796205569e-14 1.249374126595685e-15
1683.6741943359375 1.598940028773796e-14 1.2006772495459696e-15
1685.3505859375 1.5828426758309963e-14 1.114121917281368e-15
1687.0269775390625 1.6270696541389323e-14 1.0975155187130923e-15
1688.703369140625 1.9922035348436326e-14 1.18157168026682e-15
1690.379638671875 1.8550190951458628e-14 1.1585753710235762e-15
1692.05615234375 1.3630798082592786e-14 1.0129111150842542e-15
1693.732421875 1.5789405644495852e-14 1.0476489950423371e-15
1695.408935546875 1.746679176620712e-14 1.0834567834919206e-15
1697.085205078125 1.8693309026358504e-14 1.0974065691002517e-15
1698.76171875 2.1261453630127235e-14 1.159369146774272e-15
1700.43798828125 1.8058896595458084e-14 1.1023934755772114e-15
1702.114501953125 1.9380572925035804e-14 1.6160583952312159e-15
1703.790771484375 2.2062280930108813e-14 1.6234281112679203e-15
1705.46728515625 2.170167359347424e-14 1.1468108245400429e-15
1707.1435546875 1.715462624382602e-14 1.014865749489162e-15
1708.820068359375 1.7263915516878454e-14 1.011425631053007e-15
1710.496337890625 1.7291852357544796e-14 1.0063433274903628e-15
1712.1727294921875 1.921341944322464e-14 1.0498525512546192e-15
1713.84912109375 2.001808719058907e-14 1.06264401930758e-15
1715.5255126953125 2.0590811906006853e-14 1.089832718123259e-15
1717.201904296875 1.8807943077308112e-14 1.0170037665271502e-15
1718.8782958984375 1.9710263559095595e-14 1.0287058443308236e-15
1720.5546875 1.9180815451018927e-14 9.98767888326594e-16
1722.2310791015625 2.125867875019203e-14 1.056369410992557e-15
1723.907470703125 2.0305546455964656e-14 1.041476665955695e-15
1725.5838623046875 2.4399863165634923e-14 1.162440488241016e-15
1727.26025390625 2.1224372221762336e-14 1.0440381994673105e-15
1728.9366455078125 1.9324196106132452e-14 9.809920548955152e-16
1730.613037109375 2.016782736907058e-14 9.991907695255106e-16
1732.289306640625 2.116421424778244e-14 1.0634837465956642e-15
1733.9658203125 2.157388003865609e-14 1.030996433178436e-15
1735.64208984375 2.371042239228318e-14 1.2685036245555946e-15
1737.318603515625 2.2661844731493297e-14 1.0541165151110973e-15
1738.994873046875 1.9770724770870607e-14 9.562817744835023e-16
1740.67138671875 1.9347647060310134e-14 9.271865103826723e-16
1742.34765625 2.1501250351560822e-14 9.881045905536096e-16
1744.024169921875 1.9370904890975843e-14 9.297048452139777e-16
1745.700439453125 2.2956180210334694e-14 1.0291366664636208e-15
1747.376953125 2.3273129774801886e-14 1.4568833285084773e-15
1749.05322265625 2.2524926937767323e-14 1.0978367559583385e-15
1750.729736328125 2.2779622968743113e-14 1.0140970670895286e-15
1752.406005859375 2.2148786710946e-14 9.928210817621583e-16
1754.0823974609375 2.1410868547957e-14 9.513162555884608e-16
1755.7587890625 2.1095335222577616e-14 9.417427715812375e-16
1757.4351806640625 2.059234334157549e-14 9.20335813784398e-16
1759.111572265625 2.2046643007836604e-14 9.533115475748367e-16
1760.7879638671875 2.1813117718344488e-14 9.474741141397153e-16
1762.46435546875 2.2850002936330473e-14 9.758225069393038e-16
1764.1407470703125 2.236483432260447e-14 9.555747137307818e-16
1765.817138671875 1.9567477521111043e-14 8.594000518006868e-16
1767.4935302734375 2.368782185918454e-14 1.0015257217237355e-15
1769.169921875 2.231319241787627e-14 9.440436307033354e-16
1770.8463134765625 2.1524907981777634e-14 9.055846291288459e-16
1772.522705078125 1.9543149040800005e-14 8.355091169464648e-16
1774.198974609375 2.1471590645879765e-14 8.99488850644812e-16
1775.87548828125 2.098830752749435e-14 8.773758379468767e-16
1777.5517578125 2.4016218226900928e-14 9.927778830818483e-16
1779.228271484375 2.2824325979567406e-14 9.426103450774627e-16
1780.904541015625 2.312590528417372e-14 9.439523629032687e-16
1782.5810546875 2.1580036274116733e-14 8.858476497270774e-16
1784.25732421875 2.292787067517156e-14 9.284669065615656e-16
1785.933837890625 2.1844486736513104e-14 8.903756231653029e-16
1787.610107421875 2.09332876553725e-14 8.71511246517884e-16
1789.28662109375 2.1547205277081156e-14 8.7584779051003e-16
1790.962890625 2.2423838637710206e-14 1.0072104774701144e-15
1794.315673828125 2.383086200705327e-14 1.3264037263354647e-15
1795.9920654296875 2.478071628377477e-14 1.9825875509582808e-15
1797.66845703125 2.2485982056918465e-14 1.0346424864998921e-15
1799.3448486328125 2.3644963686119368e-14 9.270604083526498e-16
1801.021240234375 2.397561654960724e-14 9.475423002919692e-16
1802.6976318359375 2.2402154594260495e-14 8.850160751311105e-16
1804.3740234375 2.1981060634862493e-14 8.734222057864489e-16
1806.0504150390625 2.36340945593402e-14 9.368957314196931e-16
1807.726806640625 2.320673425019841e-14 9.2184755583701e-16
1809.4031982421875 2.3764830706617113e-14 9.294811226367842e-16
1811.07958984375 2.50442841378401e-14 9.726601094307299e-16
1812.7559814453125 2.2869774379385283e-14 9.028227723252048e-16
1814.432373046875 2.2325919934941714e-14 8.785231440739327e-16
1816.108642578125 2.5877295301685553e-14 1.0317984675003674e-15
1817.78515625 2.4510494138875807e-14 9.763771017615185e-16
1819.46142578125 2.459154672159857e-14 9.752594417876165e-16
1821.137939453125 2.684979415721895e-14 1.0800120063745558e-15
1822.814208984375 2.4353499970234012e-14 9.503780607202582e-16
1824.49072265625 2.4924371377563204e-14 9.774515630551106e-16
1826.1669921875 2.426475632835018e-14 9.55075811324849e-16
1827.843505859375 2.4916842948728007e-14 9.606912162486714e-16
1829.519775390625 2.6715964645618664e-14 1.0528925525023149e-15
1831.1962890625 2.485829941954558e-14 9.782636558932907e-16
1832.87255859375 2.2385625593327775e-14 1.090123462182404e-15
1834.549072265625 2.342330702228418e-14 9.017790159759507e-16
1836.225341796875 2.4742084805116395e-14 9.60623983008483e-16
1837.9017333984375 2.4419075566944545e-14 9.519286604093256e-16
1839.578125 2.5292405499079303e-14 9.841134771852657e-16
1841.2545166015625 2.345348002993127e-14 9.006269452885665e-16
1842.930908203125 2.366955644070995e-14 1.1148060022653943e-15
1844.6072998046875 2.371493877195794e-14 1.0109925854587232e-15
1846.28369140625 2.5471619035993473e-14 1.0842097957820297e-15
1847.9600830078125 2.5629136670996672e-14 1.0171507267434988e-15
1849.636474609375 2.3518086620950146e-14 9.054864791860828e-16
1851.3128662109375 2.3575362988843482e-14 9.04472474869101e-16
1852.9892578125 2.2496900311608573e-14 8.58605481956603e-16
1854.6656494140625 2.172826873395213e-14 8.245567162406707e-16
1856.342041015625 2.3749772154880826e-14 9.077514452870408e-16
1858.018310546875 2.2054361172051985e-14 8.228449685333881e-16
1859.69482421875 2.234060240404942e-14 8.335954577603805e-16
1861.37109375 2.405648786727929e-14 9.1099589911238e-16
1863.047607421875 2.2709048183577885e-14 8.505713215123368e-16
1864.723876953125 2.4927303805626598e-14 9.711962247396376e-16
1866.400390625 2.5223094487071378e-14 9.990084456836142e-16
1868.07666015625 2.4966126713731052e-14 9.377164004664641e-16
1869.753173828125 2.6293076670438377e-14 1.0475165402652102e-15
1871.429443359375 2.6188803526499584e-14 1.0337161500929512e-15
1873.10595703125 2.6102448517527008e-14 9.632297739915925e-16
1874.7822265625 2.6046703585202308e-14 9.709129980978995e-16
1876.458740234375 2.5187307345049884e-14 9.214480739232612e-16
1878.135009765625 2.673526852648659e-14 9.870622106328947e-16
1879.8114013671875 2.4739807980554175e-14 8.996923503103898e-16
1881.48779296875 2.4206056945105456e-14 8.693234662942445e-16
1883.1641845703125 2.5602863403038738e-14 9.04896203100965e-16
1884.840576171875 2.404995724325596e-14 8.576073595073822e-16
1886.5169677734375 2.4958537298523653e-14 8.896603038413466e-16
1888.193359375 2.455444159631115e-14 8.608762714090734e-16
1889.8697509765625 2.610902826946128e-14 9.078928997892323e-16
1891.546142578125 2.4080104839914636e-14 8.29235090966593e-16
1893.2225341796875 2.4331160323283127e-14 8.438759495807652e-16
1894.89892578125 2.4194100228022014e-14 8.394900659194416e-16
1896.5753173828125 2.4078112618422694e-14 8.234346093437955e-16
1898.251708984375 2.559113030265337e-14 8.835988831312357e-16
1899.927978515625 2.7108647425899864e-14 9.39309563561131e-16
1901.6044921875 2.585488111583531e-14 8.852792376799106e-16
1903.28076171875 2.637361425712921e-14 9.087392974617761e-16
1904.957275390625 2.613327543460938e-14 8.854672260546418e-16
1906.633544921875 2.4395072347285253e-14 8.312615643533397e-16
1908.31005859375 2.538151844732814e-14 8.619908608885416e-16
1909.986328125 2.5600630624189775e-14 9.010010162138976e-16
1911.662841796875 2.81279634864939e-14 9.717783481326381e-16
1913.339111328125 2.754438150275821e-14 9.46467521361022e-16
1915.015625 2.5897671526264703e-14 8.843094908344228e-16
1916.69189453125 2.482202946874415e-14 8.440235450718242e-16
1918.368408203125 2.391749314876665e-14 8.124094167440967e-16
1920.044677734375 2.409022518956843e-14 8.16462839973623e-16
1921.7210693359375 2.5462467692031338e-14 8.755585287585426e-16
1923.3974609375 2.5229765718563953e-14 1.0214505836211168e-15
1925.0738525390625 2.3730857909168637e-14 9.322263564188354e-16
1926.750244140625 2.5858335316194213e-14 1.0226335710110759e-15
1928.4266357421875 2.3249777076446085e-14 7.920669676037191e-16
1930.10302734375 2.5448225680056204e-14 8.650817370526318e-16
1931.7794189453125 2.5232227196308674e-14 8.532907737290559e-16
1933.455810546875 2.2614975010389927e-14 7.552154228048814e-16
1935.1322021484375 2.4725960685932462e-14 8.220939679465288e-16
1936.80859375 2.495748020140548e-14 8.362234833583554e-16
1938.4849853515625 2.357700792682705e-14 7.858551456059112e-16
1940.161376953125 2.3556382674561407e-14 7.725635045975968e-16
1941.837646484375 2.2668859858362457e-14 7.447360900001288e-16
1943.51416015625 2.397082573125757e-14 7.811116022826096e-16
1945.1904296875 2.309803959427495e-14 7.580528243595057e-16
1946.866943359375 2.3219673525500667e-14 7.635679617581969e-16
1948.543212890625 2.4582115856763842e-14 7.988899238729709e-16
1950.2197265625 2.3281864378553972e-14 7.575148525588808e-16
1951.89599609375 2.2311498351981762e-14 7.299202661427895e-16
1953.572509765625 2.2645408904184774e-14 7.354702377714364e-16
1955.248779296875 2.36490260561344e-14 7.749424495695197e-16
1956.92529296875 2.359657269384273e-14 7.796488293222606e-16
1958.6015625 2.4682641726943982e-14 8.237216476337963e-16
1960.278076171875 2.4257692073570078e-14 8.054914869056341e-16
1961.954345703125 2.3267988284812052e-14 7.716549558825481e-16
1963.6307373046875 2.395980922074558e-14 7.955920010928362e-16
1965.30712890625 2.4050172389624563e-14 8.041206170200622e-16
1966.9835205078125 2.396087987039091e-14 7.978015394753083e-16
1968.659912109375 2.3804819132056988e-14 7.973512355847242e-16
1970.3363037109375 2.237653862386963e-14 7.372295781424428e-16
1972.0126953125 2.3083018311988342e-14 7.66745235282907e-16
1973.6890869140625 2.39533243365014e-14 8.078356505871603e-16
1975.365478515625 2.2709112558081876e-14 7.614335446102345e-16
1977.0418701171875 2.2867668655478408e-14 7.663245775454768e-16
1978.71826171875 2.2605906675656623e-14 7.594884393259834e-16
