wavelength flux error
1150.583251953125 1.3732015741521608e-12 4.3396623100599996e-13
1152.2596435546875 2.768274704519763e-13 3.7501718310600785e-13
1153.93603515625 1.717159834463411e-12 3.993449993432152e-13
1155.6123046875 1.030133769085173e-12 3.700197971374247e-13
1157.2886962890625 1.1653860385388293e-12 3.5077724145488043e-13
1158.965087890625 1.0966040358759144e-12 3.2474711938665357e-13
1160.6414794921875 1.0671738015846643e-12 3.032339733043815e-13
1162.31787109375 1.1914563302975467e-12 2.7422392156507824e-13
1163.9942626953125 1.635927504572976e-12 2.747869748583043e-13
1165.670654296875 1.035190271177211e-12 2.1835808714561894e-13
1167.3470458984375 6.816189323036181e-13 1.934674480081472e-13
1169.0234375 7.514066409017306e-13 1.8419846811029705e-13
1170.6998291015625 1.3380032758830707e-12 1.9258103141697736e-13
1172.376220703125 7.524927946381266e-13 1.5961776171635744e-13
1174.0526123046875 9.861856340234731e-13 1.8685778564644234e-13
1175.72900390625 1.2992484692275763e-12 1.6308658525206188e-13
1177.4053955078125 1.3226372037530854e-12 1.5684933278407864e-13
1179.081787109375 1.0170555803795667e-12 1.4005634217488516e-13
1180.7581787109375 9.093008464244878e-13 1.2499505282811268e-13
1182.4345703125 1.171915104021537e-12 1.2942237884693009e-13
1184.1109619140625 8.817498055486983e-13 1.1424634025272717e-13
1185.787353515625 9.78681003425963e-13 1.1168567156175091e-13
1187.4637451171875 9.465704045238943e-13 1.0560209797545392e-13
1189.14013671875 7.18300635985103e-13 9.508093910728238e-14
1190.8165283203125 4.836727806462049e-13 7.86047117153077e-14
1192.492919921875 7.278731653861947e-13 9.266196886398639e-14
1194.169189453125 8.534209038242591e-13 9.281728760145852e-14
1195.845703125 8.979715300332092e-13 1.0023851594685024e-13
1197.52197265625 6.631692807748668e-13 9.288435228209033e-14
1199.1983642578125 6.45093678995623e-13 9.039618283513545e-14
1200.874755859375 7.217531693831658e-13 7.583621502039312e-14
1202.5511474609375 7.710078235578788e-13 7.271960811294775e-14
1204.2275390625 6.522653511059628e-13 6.558557137052029e-14
1205.9039306640625 5.9835659647553e-13 6.274528016299644e-14
1207.580322265625 5.952449904506052e-13 9.298989936358179e-14
1209.2567138671875 4.1847864691753334e-13 5.293293879387803e-14
1210.93310546875 4.282852555676647e-13 9.54570488409176e-14
1212.6094970703125 1.8542428063903632e-13 8.335279894685493e-14
1214.285888671875 3.4233352914567194e-13 6.447545676611238e-14
1215.9622802734375 3.541797660277374e-13 8.272766152672695e-14
1217.638671875 6.029999633297423e-13 8.716876368939849e-14
1219.3150634765625 6.907508961519204e-13 8.867593345816133e-14
1220.991455078125 7.158645421237453e-13 6.10991021231938e-14
1222.6678466796875 9.295786796564842e-13 6.514382674786823e-14
1224.34423828125 1.1042176287917593e-12 7.136199048135214e-14
1226.0206298828125 9.254341000117239e-13 6.365653176017977e-14
1227.697021484375 9.78474679752539e-13 6.65897797514671e-14
1229.3734130859375 1.0785117373832143e-12 7.258001708324024e-14
1231.0498046875 1.0098533337679627e-12 6.512573412411488e-14
1232.7261962890625 9.056580897552624e-13 6.112810453130779e-14
1234.402587890625 7.880430249324055e-13 5.5393637268287554e-14
1236.078857421875 1.0271466836797583e-12 6.521949728324414e-14
1237.75537109375 1.2611873351220382e-12 7.456444587206762e-14
1239.431640625 1.9645038634025225e-12 1.069347382995009e-13
1241.1080322265625 1.99248213414438e-12 1.3012350528682215e-13
1242.784423828125 1.830689246029582e-12 1.281237350372541e-13
1244.4608154296875 1.6841122680438803e-12 9.005699696173694e-14
1246.13720703125 1.3164902111159615e-12 7.436446478135267e-14
1247.8135986328125 1.3372958339655239e-12 9.578909253250487e-14
1249.489990234375 1.261599006686931e-12 7.257704230352949e-14
1251.1663818359375 1.2458853393404468e-12 6.923758441579331e-14
1252.8427734375 1.289387325208169e-12 7.259803516809424e-14
1254.5191650390625 1.2410451355818197e-12 7.424828574230727e-14
1256.195556640625 1.178868309394121e-12 6.825498553939685e-14
1257.8719482421875 8.178706193198715e-13 5.225001000982478e-14
1259.54833984375 8.471255381198306e-13 5.4322143978142653e-14
1261.2247314453125 1.113934465502009e-12 6.411847642455795e-14
1262.901123046875 1.2311943999032682e-12 6.935829677517241e-14
1264.5775146484375 1.375687216052801e-12 9.108015855191151e-14
1266.25390625 1.2543809307236087e-12 7.868244901107491e-14
1267.9302978515625 1.3103884297094304e-12 7.232431477712312e-14
1269.606689453125 1.2738367218684266e-12 6.922661364506047e-14
1271.2830810546875 1.3277784904550116e-12 7.176703486046557e-14
1272.95947265625 1.2978802060858996e-12 6.983829340572248e-14
1274.6358642578125 1.2170858938731488e-12 9.058057851962092e-14
1276.312255859375 1.331131385673423e-12 7.140254641886667e-14
1277.988525390625 1.5159610762885412e-12 7.967178349346793e-14
1279.6650390625 1.4509661918141181e-12 7.659293392667937e-14
1281.34130859375 1.3048952109823153e-12 7.037227652819875e-14
1283.0177001953125 1.3502726497680029e-12 7.974713554445567e-14
1284.694091796875 1.3154812525742465e-12 7.110527851196188e-14
1286.3704833984375 1.2899626028808897e-12 7.224525610995819e-14
1288.046875 1.3860932800840997e-12 7.452985304650175e-14
1289.7232666015625 1.474459985530141e-12 7.710265802554628e-14
1291.399658203125 1.3597653818891997e-12 7.078596741963775e-14
1293.0760498046875 1.3634774732873556e-12 7.18593275703984e-14
1294.75244140625 1.4729621602288523e-12 7.609027069446078e-14
1296.4288330078125 1.431217557662512e-12 7.427076260859561e-14
1298.105224609375 1.2789158837858694e-12 6.802462645906157e-14
1299.7816162109375 9.213509946301435e-13 5.610699486393797e-14
1301.4580078125 9.049396431856649e-13 7.505670076343035e-14
1303.1343994140625 1.0099661992141185e-12 5.784108137113844e-14
1304.810791015625 1.1792917987626939e-12 6.454390380451411e-14
1306.4871826171875 1.432439019830034e-12 7.506113243981039e-14
1308.16357421875 1.4632095448469107e-12 7.604260645645289e-14
1309.8399658203125 1.4323385142886447e-12 7.586184284924524e-14
1311.516357421875 1.2503777310421405e-12 6.662545677920545e-14
1313.1927490234375 1.1974851448978696e-12 6.952639554575271e-14
1314.869140625 1.4570132210109388e-12 7.538073491146838e-14
1316.5455322265625 1.3723146967750677e-12 1.1664158679723646e-13
1318.221923828125 1.2564684535865123e-12 6.779519572683648e-14
1319.898193359375 1.3872512080043142e-12 7.329090134268468e-14
1321.57470703125 1.2741322753806461e-12 7.13892107321451e-14
1323.2509765625 1.2698135728669846e-12 8.829363021961578e-14
1324.927490234375 1.1262990323376854e-12 6.213661583962665e-14
1326.603759765625 1.3057907619767883e-12 6.976119985499518e-14
1328.2801513671875 1.2016465296763035e-12 6.564600886537278e-14
1329.95654296875 1.2257007474952841e-12 6.6773301297951e-14
1331.6329345703125 8.464100731062074e-13 5.061688982993702e-14
1333.309326171875 8.810294074151903e-13 5.99959602940077e-14
1334.9857177734375 9.376254113402371e-13 5.385079724804995e-14
1336.662109375 1.2384958510136546e-12 8.13813467027795e-14
1338.3385009765625 1.270524809492135e-12 6.835608739198112e-14
1340.014892578125 1.1728870912691702e-12 6.478328886793533e-14
1341.6912841796875 1.3066164903513533e-12 6.960659940146233e-14
1343.36767578125 1.332674639045739e-12 7.104728724826107e-14
1345.0440673828125 1.1978589778069426e-12 7.128575073983567e-14
1346.720458984375 1.2913971107753053e-12 6.833205876133341e-14
1348.3968505859375 1.2215210397001353e-12 6.62090350535445e-14
1350.0732421875 1.1633790718973414e-12 6.374272583289237e-14
1351.7496337890625 1.4643474150269342e-12 7.790499473823986e-14
1353.426025390625 1.2706845124721422e-12 6.968230381815613e-14
1355.1024169921875 1.3075789366198687e-12 6.884843037477037e-14
1356.77880859375 1.2208153325060644e-12 7.592429967064399e-14
1358.4552001953125 1.2227053137331412e-12 6.983155779972591e-14
1360.131591796875 1.3451391693217185e-12 7.072071200138128e-14
1361.807861328125 1.156611590356904e-12 6.283365619258116e-14
1363.484375 1.2854420219227114e-12 6.806143512281745e-14
1365.16064453125 1.2374928555838882e-12 6.658047594157446e-14
1366.837158203125 1.2280161696548442e-12 6.550321943925644e-14
1368.513427734375 1.3882218942093405e-12 7.246972661724416e-14
1370.1898193359375 1.3386620371230729e-12 7.870651829930408e-14
1371.8662109375 1.371897821039747e-12 1.0211491754171659e-13
1373.5426025390625 1.4492094590340399e-12 7.365704996886019e-14
1375.218994140625 1.5855787819860079e-12 7.915190177549755e-14
1376.8953857421875 1.381715163291386e-12 7.212496387892092e-14
1378.57177734375 1.4857859951047936e-12 7.528133390104219e-14
1380.2481689453125 1.614745121468475e-12 8.052895373103497e-14
1381.924560546875 1.5941362813132187e-12 7.920332683979125e-14
1383.6009521484375 1.5416226238282316e-12 1.517537316511955e-13
1385.27734375 1.641202148142118e-12 1.2716631675631362e-13
1386.9537353515625 1.3558035987307204e-12 1.2254703274285766e-13
1388.630126953125 1.2827431174547432e-12 1.1847578582253881e-13
1390.3065185546875 1.112214053494709e-12 1.0006350538742034e-13
1391.98291015625 1.3422479273883514e-12 1.1635423256394634e-13
1393.6593017578125 1.1500832838157171e-12 6.238194368620581e-14
1395.335693359375 1.334331408385514e-12 1.0482988853062827e-13
1397.0120849609375 1.420738960505874e-12 7.722712443494761e-14
1398.6884765625 1.2381206086417573e-12 8.302163616953281e-14
1400.3648681640625 1.3944889080269585e-12 7.161728621165458e-14
1402.041259765625 1.2454671625625191e-12 6.593621590562926e-14
1403.717529296875 1.4105263181421468e-12 8.28481434931444e-14
1405.39404296875 1.3810309233003304e-12 1.29665687366963e-13
1407.0703125 1.2640913706410406e-12 6.81842955577508e-14
1408.746826171875 1.4346979550564076e-12 7.526555875943253e-14
1410.423095703125 1.6164748576144583e-12 8.71544183394038e-14
1412.0994873046875 1.5621435351872992e-12 8.54236996352016e-14
1413.77587890625 1.6129032788178566e-12 7.938882705523995e-14
1415.4522705078125 1.507180122893581e-12 7.584010459568691e-14
1417.128662109375 1.4705687839330905e-12 8.478267865324671e-14
1418.8050537109375 1.2753548217503408e-12 6.748090584582367e-14
1420.4814453125 1.5251070805549771e-12 7.791793062541033e-14
1422.1578369140625 1.4760755551873617e-12 7.635825159018131e-14
1423.834228515625 1.5492396861910285e-12 7.874614588870843e-14
1425.5106201171875 1.4257073169612888e-12 1.0393424944472873e-13
1427.18701171875 1.611093636971761e-12 8.066737924340706e-14
1428.8634033203125 1.5493434443389353e-12 7.892347393028201e-14
1430.539794921875 1.5105943839549552e-12 7.627097331529623e-14
1432.2161865234375 1.5655368711467443e-12 7.902090982427057e-14
1433.892578125 1.6167417881893242e-12 1.0255497487473772e-13
1435.5689697265625 1.4852120184746798e-12 7.624684304069484e-14
1437.245361328125 1.4117284815109987e-12 7.942310817268122e-14
1438.9217529296875 1.4883399417423004e-12 8.830678294722075e-14
1440.59814453125 1.5656116810966458e-12 1.1096377587399217e-13
1442.2745361328125 1.300933427823836e-12 7.067599543802983e-14
1443.950927734375 1.3838187323464424e-12 7.208467221568593e-14
1445.627197265625 1.6395245621206311e-12 8.056421740669506e-14
1447.3037109375 1.4277034415810519e-12 7.341799016609071e-14
1448.97998046875 1.5654064416253943e-12 7.770533213191308e-14
1450.656494140625 1.2385616620855244e-12 6.604828175268279e-14
1452.332763671875 1.2917143483309745e-12 6.833163863299158e-14
1454.0091552734375 1.3694410189168948e-12 7.069172314579444e-14
1455.685546875 1.3541007507986147e-12 7.004565384747391e-14
1457.3619384765625 1.3969138346059395e-12 7.604404980059501e-14
1459.038330078125 1.1523128371632163e-12 6.277539387833722e-14
1460.7147216796875 1.251536526324093e-12 7.0268050818105e-14
1462.39111328125 1.3057274445699152e-12 9.007237908005908e-14
1464.0675048828125 1.4460651643136146e-12 7.189223310633333e-14
1465.743896484375 1.3354316567501523e-12 6.847860223747199e-14
1467.4202880859375 1.1488274524393272e-12 6.162466912630615e-14
1469.0966796875 1.3192984031629162e-12 6.747593884462097e-14
1470.7730712890625 1.4372735857373642e-12 8.224845771901551e-14
1472.449462890625 1.2372636552446248e-12 6.55079831525518e-14
1474.1258544921875 1.249658688161348e-12 6.528732090539668e-14
1475.80224609375 1.1456201655726805e-12 6.24540092493582e-14
1477.4786376953125 1.1326587454410508e-12 6.176913906578985e-14
1479.155029296875 1.2031356813602123e-12 7.714246857406723e-14
1480.8314208984375 1.2040434838392344e-12 6.577845093700546e-14
1482.5078125 1.3927108164640822e-12 7.073417643711083e-14
1484.1842041015625 1.2509147363781725e-12 6.52115487260671e-14
1485.860595703125 1.2821795491654853e-12 6.555763283578805e-14
1487.536865234375 1.3870127919465847e-12 9.555980410181492e-14
1489.21337890625 1.1937503936743088e-12 6.300215476271256e-14
1490.8896484375 1.3563942720742905e-12 6.804165520943317e-14
1492.566162109375 1.149816678501503e-12 6.180013369539578e-14
1494.242431640625 1.3269613272776093e-12 1.0958261750272646e-13
1495.9188232421875 1.1638620839651836e-12 6.240921137084382e-14
1497.59521484375 1.2311695716735183e-12 1.2371016483350011e-13
1499.2716064453125 1.2719327544333248e-12 6.506213889043502e-14
1500.947998046875 1.3793908506740116e-12 1.0335584791449845e-13
1502.6243896484375 1.184341036700176e-12 7.015633056049395e-14
1504.30078125 1.3456948229351173e-12 6.66096477562779e-14
1505.9771728515625 1.3633536573992577e-12 6.738649216539092e-14
1507.653564453125 1.3016594095985323e-12 6.893375708574498e-14
1509.3299560546875 1.3208325492369832e-12 6.623947402953703e-14
1511.00634765625 1.0632911651847765e-12 5.716488480494997e-14
1512.6827392578125 1.0874636694607753e-12 5.866799559182956e-14
1514.359130859375 1.1060247769728582e-12 6.196583366866945e-14
1516.0355224609375 1.2828951225993257e-12 9.139350653228698e-14
1517.7119140625 1.149824159496493e-12 6.099841362268779e-14
1519.3883056640625 1.2941410096334316e-12 6.624679917046489e-14
1521.064697265625 1.2183589640640813e-12 6.681739444505327e-14
1522.7410888671875 1.2973559943355029e-12 6.649367200513984e-14
1524.41748046875 1.0248876400331675e-12 5.697382805336729e-14
1526.0938720703125 1.0022016853558635e-12 6.694749870575153e-14
1527.770263671875 1.149490442067802e-12 1.0581057650069572e-13
1529.446533203125 1.132497849838654e-12 5.988285767862672e-14
1531.123046875 1.204700185095109e-12 6.204304919214115e-14
1532.79931640625 1.3068155498702216e-12 7.731306100964425e-14
1534.475830078125 1.231999094755687e-12 1.0515494589446658e-13
1536.152099609375 1.2148007209542011e-12 6.134951216745649e-14
1537.8284912109375 1.1525491932368181e-12 6.036074011494044e-14
1539.5048828125 1.166640460452395e-12 6.02841547839815e-14
1541.1812744140625 9.184789430752294e-13 5.1666790556190514e-14
1542.857666015625 8.329356085065576e-13 5.440120603343937e-14
1544.5340576171875 8.247083571610858e-13 4.866029793188821e-14
1546.21044921875 8.737897558286356e-13 7.396655580778691e-14
1547.8868408203125 8.06232522149869e-13 6.56907322049878e-14
1549.563232421875 9.62679480402684e-13 5.334964512260926e-14
1551.2396240234375 1.2068522179872754e-12 7.901046760209682e-14
1552.916015625 1.2867380771997006e-12 7.26249166057083e-14
1554.5924072265625 1.2894447879233106e-12 6.362947413971268e-14
1556.268798828125 1.4345871495943796e-12 6.846464313450124e-14
1557.9451904296875 1.079487844599103e-12 8.569773173429732e-14
1559.62158203125 1.323126937874397e-12 6.697793090548049e-14
1561.2979736328125 1.3546878462750156e-12 6.407359045461705e-14
1562.974365234375 1.2977597512245365e-12 6.912255734155617e-14
1564.650634765625 1.2675471566456209e-12 6.088326457570625e-14
1566.3271484375 1.2742733300832865e-12 6.060686078435823e-14
1568.00341796875 1.1823883885875297e-12 5.759826751834674e-14
1569.679931640625 1.2857708604416263e-12 6.057257289065338e-14
1571.356201171875 1.3538444454050391e-12 6.268976901176518e-14
1573.03271484375 1.225515782604658e-12 6.22419528569472e-14
1574.708984375 1.2742358166881185e-12 6.374378970627412e-14
1576.385498046875 1.33476107770647e-12 6.634214119900783e-14
1578.061767578125 1.3701148505670946e-12 6.27458764741913e-14
1579.73828125 1.2479284099142784e-12 6.252066057791175e-14
1581.41455078125 1.295359544455088e-12 6.043187055371907e-14
1583.091064453125 1.2870342812332236e-12 5.953002441038205e-14
1584.767333984375 1.3271791434940616e-12 8.03329570833039e-14
1586.4437255859375 1.2286424048296718e-12 5.779721861699783e-14
1588.1201171875 1.1382312193469746e-12 5.637348159353954e-14
1589.7965087890625 1.2979321393699617e-12 5.958370597044724e-14
1591.472900390625 1.3069022860440205e-12 5.928864034920531e-14
1593.1492919921875 1.2896658567462804e-12 6.145453747665244e-14
1594.82568359375 1.1530766575937323e-12 6.559890028097828e-14
1596.5020751953125 1.3005484276323864e-12 7.071645650785427e-14
1598.178466796875 1.3663742446518023e-12 9.273196089048391e-14
1599.8548583984375 1.3472206206524562e-12 8.376600872357989e-14
1601.53125 1.1729583233519025e-12 5.93196756363927e-14
1603.2076416015625 1.1746253926123162e-12 7.918757202697232e-14
1604.884033203125 1.2129700455859593e-12 5.459712475413929e-14
1606.560302734375 1.0890533266860736e-12 5.224227829308224e-14
1608.23681640625 1.0969804708702013e-12 5.6505361235295246e-14
1609.9130859375 1.1574027326821668e-12 5.856000227918642e-14
1611.589599609375 1.1818895471679691e-12 5.368998973707961e-14
1613.265869140625 1.275771480645227e-12 6.78160124085482e-14
1614.9423828125 1.3307892114677866e-12 7.477436774145155e-14
1616.61865234375 1.4667913151439338e-12 6.716758497050251e-14
1618.295166015625 1.4826417003843684e-12 6.03341907142417e-14
1619.971435546875 1.314395315678285e-12 5.651528507330528e-14
1621.64794921875 1.316449878795145e-12 8.242572477421689e-14
1623.32421875 1.414435734335695e-12 1.047796560887243e-13
1625.000732421875 1.4325712924950773e-12 5.99154108488556e-14
1626.677001953125 1.1854104937231158e-12 5.330284485820756e-14
1628.3533935546875 1.212494839773759e-12 7.45507239383221e-14
1630.02978515625 1.2077809455682265e-12 6.889386522206109e-14
1631.7061767578125 1.247703112702836e-12 6.083573586296992e-14
1633.382568359375 1.361538269281648e-12 1.0043340128735451e-13
1635.0589599609375 1.3733082596459334e-12 6.326649002862811e-14
1636.7353515625 1.373613028876619e-12 5.740412079057247e-14
1638.4117431640625 1.3340296749209113e-12 8.741156398966304e-14
1640.088134765625 1.3255867757633322e-12 5.337765480810906e-14
1641.7645263671875 1.3040070325626152e-12 5.4814988404436674e-14
1643.44091796875 1.2362311695157668e-12 5.289135964056321e-14
1645.1173095703125 1.1901699244198927e-12 6.794676041428638e-14
1646.793701171875 1.3772525871494357e-12 5.6671627026577687e-14
1648.469970703125 1.3762077415158114e-12 5.3290085153890124e-14
1650.146484375 1.2431566193127352e-12 5.0463288875281925e-14
1651.82275390625 1.229542401053052e-12 4.9748220273078056e-14
1653.499267578125 1.304164025037191e-12 5.758295993892396e-14
1655.175537109375 1.2028147575171566e-12 4.8715788754328734e-14
1656.85205078125 1.1771456205622588e-12 4.812964195482876e-14
1658.5283203125 1.1483823874475219e-12 4.7236770972600844e-14
1660.204833984375 1.3341129416477582e-12 5.008582050079931e-14
1661.881103515625 1.2884222768544396e-12 4.9348291972966044e-14
1663.5576171875 1.3593795143360121e-12 5.018982598232677e-14
1665.23388671875 1.2719821940523901e-12 5.010560041418359e-14
1666.910400390625 1.2086595830088087e-12 5.153397917819283e-14
1668.586669921875 1.0531763178570075e-12 7.675548971365284e-14
1670.2630615234375 9.094648320030763e-13 6.378325466535259e-14
1671.939453125 1.0530186748611281e-12 6.175265241650449e-14
1673.6158447265625 1.1551034651349767e-12 5.02743429298038e-14
1675.292236328125 1.298034379634827e-12 4.712557587541709e-14
1676.9686279296875 1.3078548660727662e-12 4.709888078505142e-14
1678.64501953125 1.272869830371004e-12 5.048212011176528e-14
1680.3214111328125 1.3173242878472546e-12 4.6810388139480186e-14
1681.997802734375 1.2512100730499576e-12 4.554305405566651e-14
1683.6741943359375 1.2963756587311415e-12 4.696836656040669e-14
1685.3505859375 1.299213015816536e-12 4.602690299206069e-14
1687.0269775390625 1.3602558749520322e-12 4.6714927526324626e-14
1688.703369140625 1.1781299677146584e-12 4.3478824598812416e-14
1690.379638671875 1.2218117143025786e-12 4.3845362860143663e-14
1692.05615234375 1.3303109698895033e-12 4.524006020603828e-14
1693.732421875 1.3520327435748158e-12 4.526924218513709e-14
1695.408935546875 1.294560812714618e-12 4.425862684697725e-14
1697.085205078125 1.3198760660804165e-12 4.446088815038621e-14
1698.76171875 1.369342464939416e-12 4.469912463713095e-14
1700.43798828125 1.429751499484877e-12 5.020475409098918e-14
1702.114501953125 1.4337948146467272e-12 4.505155810582452e-14
1703.790771484375 1.273688619851665e-12 4.237489672305125e-14
1705.46728515625 1.2975138541718167e-12 4.2555914440143075e-14
1707.1435546875 1.3182937814298912e-12 4.269666082279064e-14
1708.820068359375 1.3219602279165854e-12 4.233888427026579e-14
1710.496337890625 1.2314698956752967e-12 4.0981608839980865e-14
1712.1727294921875 1.2188186657852151e-12 4.5577968753752335e-14
1713.84912109375 1.2521021545974786e-12 6.207182120729349e-14
1715.5255126953125 1.3284362759130586e-12 6.399972918161648e-14
1717.201904296875 1.3641910951572855e-12 6.011481595716642e-14
1718.8782958984375 1.364094059062848e-12 4.941300529013627e-14
1720.5546875 1.2933413021110063e-12 4.3088606684407726e-14
1722.2310791015625 1.3924368385750951e-12 4.0823057824782016e-14
1723.907470703125 1.4199566002182085e-12 4.1126810615930987e-14
1725.5838623046875 1.4616070940359771e-12 4.210898258772203e-14
1727.26025390625 1.337049394811718e-12 3.993432375146849e-14
1728.9366455078125 1.1881095066113012e-12 3.773686278827487e-14
1730.613037109375 1.3261673660266982e-12 3.943562463344305e-14
1732.289306640625 1.3614737592523851e-12 3.967659534254153e-14
1733.9658203125 1.2490009027033011e-12 4.247384372381771e-14
1735.64208984375 1.2855231202452133e-12 3.8386974127819704e-14
1737.318603515625 1.2805228882459274e-12 3.7760986286612674e-14
1738.994873046875 1.2807719294849473e-12 3.754763223972647e-14
1740.67138671875 1.2634995046750808e-12 3.6317747176576806e-14
1742.34765625 1.2954919255403485e-12 4.125300158441293e-14
1744.024169921875 1.2593454924714198e-12 3.581906499921031e-14
1745.700439453125 1.2259906631562068e-12 3.5446136721324975e-14
1747.376953125 1.1597276958208447e-12 3.4445834856330904e-14
1749.05322265625 1.243649822880999e-12 3.516586707160568e-14
1750.729736328125 1.1746249589314472e-12 3.4725931711328956e-14
1752.406005859375 1.1502175080446708e-12 3.3482206129821154e-14
1754.0823974609375 1.1297943917215614e-12 3.301510472886009e-14
1755.7587890625 1.2619224241949833e-12 3.466365784904682e-14
1757.4351806640625 1.3079663220560978e-12 3.701410990317351e-14
1759.111572265625 1.2139702220900772e-12 3.668529171304939e-14
1760.7879638671875 1.2459169980438833e-12 3.3714974171858425e-14
1762.46435546875 1.2965236523276857e-12 3.4037209221916484e-14
1764.1407470703125 1.257667039088195e-12 3.527578823123677e-14
1765.817138671875 1.2541683186775843e-12 3.3075538835580787e-14
1767.4935302734375 1.2484876413948465e-12 3.27592668974714e-14
1769.169921875 1.2063057800923427e-12 3.213158499036986e-14
1770.8463134765625 1.1792533095855706e-12 3.140921835229245e-14
1772.522705078125 1.2374034089046582e-12 3.1854700084307797e-14
1774.198974609375 1.1692671570556756e-12 3.089812544818278e-14
1775.87548828125 1.2108346009870319e-12 3.135539110256033e-14
1777.5517578125 1.2202333327798742e-12 3.2181969898204335e-14
1779.228271484375 1.1934231814586527e-12 3.088003282442943e-14
1780.904541015625 1.2113661853122015e-12 3.129385924113999e-14
1782.5810546875 1.2196920990553695e-12 3.066750548169975e-14
1784.25732421875 1.2697377871351279e-12 3.222097745949129e-14
1785.933837890625 1.205329672876454e-12 4.13965533401818e-14
1787.610107421875 1.1492396661053061e-12 2.940215345498265e-14
1789.28662109375 1.1679191684946244e-12 2.9251689910364184e-14
1790.962890625 1.1118181028613172e-12 2.877470871710634e-14
1792.639404296875 1.1473902340394804e-12 3.645818185109978e-14
1795.9920654296875 1.1541906753259612e-12 3.508118410567099e-14
1797.66845703125 1.1324401702830778e-12 2.956594591005911e-14
1799.3448486328125 1.2229849294734252e-12 3.7714955128127087e-14
1801.021240234375 1.1390481656839424e-12 2.7856831628209587e-14
1802.6976318359375 1.1759340246345062e-12 2.812775342232298e-14
1804.3740234375 1.1301011125161575e-12 2.7521946988117232e-14
1806.0504150390625 1.1114320184676951e-12 2.7408663107685548e-14
1807.726806640625 1.1361291681749597e-12 2.7515812775513217e-14
1809.4031982421875 1.1597126254106471e-12 2.783507304586052e-14
1811.07958984375 1.1296288340498228e-12 2.725843503822642e-14
1812.7559814453125 1.1995219270991009e-12 2.7856154001851784e-14
1814.432373046875 1.1214981851179195e-12 2.6962639274583956e-14
1816.108642578125 1.1941309486368512e-12 2.7468465327827596e-14
1817.78515625 1.2033098042291135e-12 2.7486666371798196e-14
1819.46142578125 1.1095198110960824e-12 2.6945422482898065e-14
1821.137939453125 1.0912456918990565e-12 2.6269773099993517e-14
1822.814208984375 1.111309395201987e-12 2.7020149423570734e-14
1824.49072265625 1.1583548790300435e-12 2.6757706429259356e-14
1826.1669921875 1.185934054952209e-12 2.7909325648082725e-14
1827.843505859375 1.1418101707183492e-12 2.6642779304909998e-14
1829.519775390625 1.1864072007802817e-12 2.6946828557590508e-14
1831.1962890625 1.1970974342009888e-12 2.7756343027479126e-14
1832.87255859375 1.2194729817963101e-12 2.6779619171604825e-14
1834.549072265625 1.206002745585133e-12 2.6547655810867446e-14
1836.225341796875 1.1899513492619196e-12 2.644742809628474e-14
1837.9017333984375 1.1653217453500009e-12 2.5699254058370383e-14
1839.578125 1.0879761718277092e-12 2.4877610076677083e-14
1841.2545166015625 1.1226188164834006e-12 2.5294055519260554e-14
1842.930908203125 1.1533401187216463e-12 2.547264733399144e-14
1844.6072998046875 1.1838457731477847e-12 2.5661312064531074e-14
1846.28369140625 1.169832243227975e-12 2.5145826447556946e-14
1847.9600830078125 1.094655290891089e-12 2.437264291484196e-14
1849.636474609375 1.0879208775169125e-12 2.4230271923001562e-14
1851.3128662109375 1.0642733439328311e-12 2.4323609871591302e-14
1852.9892578125 1.0270290477440436e-12 2.402755152773519e-14
1854.6656494140625 1.0812710319121899e-12 2.4276297999289466e-14
1856.342041015625 1.0781393139369655e-12 2.415408977972551e-14
1858.018310546875 1.1223145893538011e-12 2.4385150203341116e-14
1859.69482421875 1.1129396015885362e-12 2.4240248277054323e-14
1861.37109375 1.09421391218667e-12 2.3960888340720382e-14
1863.047607421875 1.2086433199762214e-12 2.4768395342524008e-14
1864.723876953125 1.1311815199810393e-12 2.4439077402961008e-14
1866.400390625 1.1011530229310118e-12 2.398949264334916e-14
1868.07666015625 1.168084726166363e-12 2.4387969128989578e-14
1869.753173828125 1.1506531404775755e-12 2.4212485925175116e-14
1871.429443359375 1.1737453457089098e-12 2.4582053176325745e-14
1873.10595703125 1.157557231491746e-12 2.4455472572688063e-14
1874.7822265625 1.1716890478685738e-12 2.4520511150510037e-14
1876.458740234375 1.2364123396987892e-12 2.49596333591574e-14
1878.135009765625 1.1254686418937787e-12 2.40772164575645e-14
1879.8114013671875 1.1896971038524717e-12 2.4446782014649233e-14
1881.48779296875 1.1773805671730364e-12 2.4335625880981052e-14
1883.1641845703125 1.086858467808094e-12 2.382367408546287e-14
1884.840576171875 1.094383589826664e-12 2.385440952298694e-14
1886.5169677734375 1.0744528097100803e-12 2.382425345599879e-14
1888.193359375 1.1091258120266012e-12 2.3969877054356645e-14
1889.8697509765625 1.09228229759617e-12 2.3864013182542908e-14
1891.546142578125 1.097105479380689e-12 2.37461705707891e-14
1893.2225341796875 1.1524873937129865e-12 2.3993880274015937e-14
1894.89892578125 1.1033676142885307e-12 2.3704676120769007e-14
1896.5753173828125 1.09041096464646e-12 2.3631775383130618e-14
1898.251708984375 1.1347734817784838e-12 2.5234422705707957e-14
1899.927978515625 1.0729341677270798e-12 2.3489954962705936e-14
1901.6044921875 1.121545022651771e-12 2.3682145044372042e-14
1903.28076171875 1.1328087990217228e-12 2.3692760061267033e-14
1904.957275390625 1.1567017959776549e-12 2.3781281780518686e-14
1906.633544921875 1.1401484140485807e-12 2.34876832203414e-14
1908.31005859375 1.1064480495009965e-12 2.326882854149573e-14
1909.986328125 1.1543620876894312e-12 2.3487518895949633e-14
1911.662841796875 1.1594091572225684e-12 2.4821682185235776e-14
1913.339111328125 1.1452038319384461e-12 2.358948302807421e-14
1915.015625 1.1772614133542803e-12 2.4031231038858063e-14
1916.69189453125 1.1408960798667267e-12 2.3814309289198025e-14
1918.368408203125 1.1659201165289956e-12 2.4109386768901217e-14
1920.044677734375 1.1494866473601983e-12 2.4418345424544012e-14
1921.7210693359375 1.144590065088602e-12 2.3831487117368343e-14
1923.3974609375 1.1798206725824323e-12 2.4536506520685987e-14
1925.0738525390625 1.0974450515011114e-12 4.056355064666582e-14
1926.750244140625 1.1529272545343638e-12 2.590011606335048e-14
1928.4266357421875 1.1484729183289244e-12 2.3952123243782195e-14
1930.10302734375 1.122341152307027e-12 2.354588116008135e-14
1931.7794189453125 1.1529717068234357e-12 2.3188050397447875e-14
1933.455810546875 1.1626457175478722e-12 2.3213640956850322e-14
1935.1322021484375 1.1635809503418582e-12 2.333481240808684e-14
1936.80859375 1.1581137524668828e-12 2.3255098137420736e-14
1938.4849853515625 1.0951553249330392e-12 2.290935453494458e-14
1940.161376953125 1.1170095881238296e-12 2.2997257920144738e-14
1941.837646484375 1.0662323888382952e-12 2.2675390482385788e-14
1943.51416015625 1.0366142623105534e-12 2.2468600940840806e-14
1945.1904296875 1.1101446368080858e-12 2.2507227337301497e-14
1946.866943359375 1.1335892077454779e-12 2.2531972557822584e-14
1948.543212890625 1.0832566397708798e-12 2.231216242581241e-14
1950.2197265625 1.097056690282927e-12 2.2451463770251957e-14
1951.89599609375 1.1005212583251045e-12 2.2375296873568956e-14
1953.572509765625 1.1015285905635608e-12 2.229706152242876e-14
1955.248779296875 1.0621641370264778e-12 2.1971040235096474e-14
1956.92529296875 1.0154895587616286e-12 2.170088077063561e-14
1958.6015625 1.0482095877048514e-12 2.176556528868563e-14
1960.278076171875 1.0276792437868831e-12 2.1307730428167526e-14
1961.954345703125 1.0144749623686167e-12 2.119487853453894e-14
1963.6307373046875 1.0685545330513246e-12 2.136385991345028e-14
1965.30712890625 1.0745256680960713e-12 2.158592654123194e-14
1966.9835205078125 1.0631711440042824e-12 2.1518397686545038e-14
1968.659912109375 1.0351639250644196e-12 2.138880164561513e-14
1970.3363037109375 1.0436993066673117e-12 2.2537046285176637e-14
1972.0126953125 1.02205906498537e-12 2.127550421265629e-14
1973.6890869140625 9.914307872935235e-13 2.2903022116630908e-14
1975.365478515625 9.823241395659488e-13 2.1045383995612135e-14
1977.0418701171875 9.691311338502762e-13 2.1048582392020967e-14
1978.71826171875 9.451387155551272e-13 2.0993272834631156e-14
