wavelength flux error
1138.0964454774378 -2.5611191263785833e-14 7.194555336055794e-15
1138.680037155189 -1.3884866572199034e-14 2.707546447052127e-15
1139.263627287956 -9.398580286414871e-15 1.189077111758108e-15
1139.847215875751 -1.654291053886007e-15 2.6195350045100843e-15
1140.4308029185866 -4.387209606447621e-15 1.4015309204885397e-15
1141.0143884164745 -3.661985413206047e-15 1.152026405948086e-15
1141.5979723694277 -2.735467556400285e-15 1.0228069400282003e-15
1142.1815547774577 -1.2762595510661292e-15 1.2034502235701608e-15
1142.765135640577 -1.6511234439287072e-15 8.467691809702486e-16
1143.3487149587982 6.620433587236694e-17 9.707779099040104e-16
1143.9322927321334 -7.632427057566774e-16 7.084367350945643e-16
1144.5158689605946 -6.029580120842679e-16 6.382739481016646e-16
1145.0994436441945 -1.3141762140281112e-16 6.174055434803798e-16
1145.6830167829448 3.8429785726888904e-16 6.299491620427278e-16
1146.2665883768584 -3.855365598621203e-16 3.664385620053211e-16
1146.8501584259475 -4.80508828885094e-16 3.7953932400424176e-16
1147.4337269302239 -2.2070241662415227e-16 3.611037321708575e-16
1148.0172938896999 -1.6190643898693536e-16 3.273775208872914e-16
1148.6008593043885 -3.3429085944810117e-16 2.927712513959119e-16
1149.1844231743012 -1.1531415220580826e-16 2.9355830498111037e-16
1149.7679854994503 -2.361482796986333e-16 2.4539189291465215e-16
1150.3515462798487 -2.235407523707281e-17 2.5378964123223894e-16
1150.9351055155082 -1.9316517183558594e-16 2.1494256024413626e-16
1151.518663206441 -2.532319989035024e-16 1.8609463633170098e-16
1152.1022193526594 -4.2023124786573214e-16 1.2179194998664177e-16
1152.685773954176 2.7954576154366427e-16 2.433043865140673e-16
1153.2693270110028 4.4173656046470613e-17 2.0048312867082963e-16
1153.852878523152 3.8391197450447525e-16 2.402956232304339e-16
1154.436428490636 5.320986693898821e-17 1.8072562724312508e-16
1155.0199769134672 9.179791310258714e-17 1.7817892562109917e-16
1155.6035237916576 -3.70751349792918e-17 1.5380311837016923e-16
1156.1870691252195 -1.8933050398061902e-16 1.2277152020607896e-16
1156.7706129141654 -1.7738843106027394e-17 1.5345410873796623e-16
1157.3541551585072 2.413941872472822e-16 1.8720783667553902e-16
1157.9376958582573 3.440131946141025e-16 1.973857613854838e-16
1158.5212350134282 8.518998687503722e-17 1.4655667652581313e-16
1159.104772624032 -5.4716330339375024e-17 1.2239276444669562e-16
1159.688308690081 2.234478599674887e-17 1.341954980200674e-16
1160.271843211587 5.223644672146051e-17 1.4032800783921494e-16
1160.855376188563 8.932734279669282e-17 1.4202567998041858e-16
1161.4389076210211 6.911838096647473e-18 1.240761450105277e-16
1162.022437508973 7.570869751736046e-18 1.2454182344096496e-16
1162.6059658524318 1.1837814565381692e-16 1.3898284108614358e-16
1163.1894926514092 1.205402954425221e-16 1.3579100418758642e-16
1163.7730179059176 1.0738166467926841e-16 1.3431379685782503e-16
1164.3565416159695 4.301949764573487e-17 1.213352482925028e-16
1164.9400637815766 1.1490637739322405e-17 1.1246116244592047e-16
1165.5235844027516 6.054215789908255e-17 1.1788192439260122e-16
1166.1071034795066 1.8999584579991966e-16 1.3137249300707577e-16
1166.690621011854 8.68183518371327e-17 1.196208936633489e-16
1167.274136999806 2.4698152155479504e-16 1.3641197014697048e-16
1167.857651443375 -3.2268974878075086e-17 9.176389511128246e-17
1168.4411643425728 1.6499579938061073e-16 1.261728194353184e-16
1169.0246756974122 1.4559980388430276e-16 1.2140583000574495e-16
1169.6081855079049 1.4625625187956641e-16 1.1921793208068288e-16
1170.1916937740639 1.8565428407004648e-16 1.2312379173529599e-16
1170.775200495901 1.7216963703514893e-16 1.1895274086699486e-16
1171.3587056734284 2.001249055596801e-16 1.1942758151748266e-16
1171.9422093066582 1.6553894739249543e-16 1.1539843831969287e-16
1172.5257113956036 1.2695849867421415e-16 1.0858891266112507e-16
1173.1092119402756 3.3879778383038977e-16 1.3295555466437376e-16
1173.6927109406874 3.518704223527718e-16 1.3262196182599038e-16
1174.2762083968507 1.861280597136807e-16 1.1447122225940935e-16
1174.8597043087782 2.7188134913145216e-16 1.222879935622974e-16
1175.4431986764819 4.000925911209186e-16 1.3564218499320285e-16
1176.026691499974 2.213384116123612e-16 1.135977553651658e-16
1176.610182779267 3.24048283549645e-16 1.2366864458258063e-16
1177.193672514373 4.872131660060837e-16 1.3713377008033137e-16
1177.7771607053044 7.77604222203433e-16 1.6108786900079694e-16
1178.360647352073 9.825239241464136e-16 1.7457273033235245e-16
1178.9441324546917 1.157387247367705e-15 1.8534928374461363e-16
1179.5276160131723 1.462250918261147e-15 2.0527126473873666e-16
1180.1110980275273 1.6466281624499115e-15 2.135892830113085e-16
1180.694578497769 1.5888464299339657e-15 2.1065201873071123e-16
1181.2780574239096 2.2276821174414775e-15 2.400325395130461e-16
1181.861534805961 2.3857657711837573e-15 2.4855612038371407e-16
1182.4450106439358 2.5083056516664197e-15 2.507982861396594e-16
1183.0284849378463 2.5892316312504646e-15 2.5327164777486426e-16
1183.6119576877047 2.5800763252737724e-15 2.528444266675567e-16
1184.1954288935233 2.754939052980651e-15 2.5922572895322458e-16
1184.7788985553143 2.5122944884499763e-15 2.4557377937283855e-16
1185.3623666730898 2.714125480630184e-15 2.518907908482352e-16
1185.9458332468623 3.3979298622799902e-15 2.7906027778527344e-16
1186.5292982766439 3.185992276784372e-15 2.704874831813305e-16
1187.112761762447 2.7881840374629448e-15 2.523876179294573e-16
1187.6962237042837 3.541426644826909e-15 2.779469211215279e-16
1188.2796841021666 3.2781518768805066e-15 2.6803778704136413e-16
1188.8631429561074 2.6470408874272926e-15 2.403385574830868e-16
1189.4466002661188 2.0122657156806835e-15 2.1270966400897983e-16
1190.0300560322128 1.656776419436978e-15 1.937762827202996e-16
1190.6135102544017 1.5657744013141523e-15 1.8618425754478294e-16
1191.196962932698 1.4035726750313024e-15 1.7668327183721533e-16
1191.7804140671135 1.9723331427982313e-15 2.0445972712087954e-16
1192.3638636576613 1.758086224496463e-15 1.943248113929704e-16
1192.9473117043524 1.5300848776613942e-15 1.8010496617765672e-16
1193.5307582072003 1.5086058685819435e-15 1.7876571388967293e-16
1194.1142031662164 2.006112371873507e-15 2.0223036839216975e-16
1194.6976465814132 2.636357268441913e-15 2.2643557350792945e-16
1195.281088452803 3.0252263555138055e-15 2.404165976599321e-16
1195.8645287803981 3.2283815513079893e-15 2.4860491964767967e-16
1196.447967564211 3.0980117542292112e-15 2.408286365526003e-16
1197.0314048042535 3.3068915851745442e-15 2.486264524850049e-16
1197.6148405005379 3.215633871592423e-15 2.454990730763187e-16
1198.1982746530766 3.1275358818708234e-15 2.3822637747110377e-16
1198.781707261882 2.6331113214568053e-15 2.175217144430684e-16
1199.365138326966 2.0217557138926065e-15 1.921134007092982e-16
1199.948567848341 1.7931817247359984e-15 1.7949403425903089e-16
1200.5319958260197 1.794069470269878e-15 1.7951223001323773e-16
1201.1154222600135 2.2553934239589366e-15 1.9993843173256684e-16
1201.6988471503353 2.4641694428645848e-15 2.0773398817422425e-16
1202.2822704969974 2.626012918117478e-15 2.130627632595097e-16
1202.8656923000115 3.1359458060638034e-15 2.293689097581704e-16
1203.44911255939 3.0808778233639767e-15 2.258223766485676e-16
1204.0325312751454 3.234661944053773e-15 2.2876151442138464e-16
1204.61594844729 3.3491229853063917e-15 2.3188839990377164e-16
1205.1993640758362 2.6718941672133526e-15 2.0832912308193237e-16
1205.7827781607953 2.227308774814321e-15 1.9203206771505826e-16
1206.3661907021808 1.932705354621831e-15 1.7800052319868924e-16
1206.949601700004 1.6586326215415811e-15 1.6465401431631012e-16
1207.5330111542778 1.699793215307502e-15 1.6429071185068193e-16
1208.116419065014 1.684805789490454e-15 1.703239073322256e-16
1208.699825432225 1.5022759277685604e-15 1.8595105736363216e-16
1209.2832302559232 1.3185674500202815e-15 1.8955683058891296e-16
1209.8666335361204 1.0588363228450794e-15 1.890983540156696e-16
1210.4500352728298 6.460781475029436e-16 1.8743333765100283e-16
1211.0334354660624 8.11078753978756e-17 1.9962946038470222e-16
1211.6168341158316 -2.044663379917094e-15 2.2567136132278995e-16
1212.200231222149 -8.368536270095088e-15 2.6251760623008877e-16
1212.7836267850266 -1.3634007061096606e-14 3.9783471877135164e-16
1213.3670208044773 -4.1443575717219585e-15 6.668509360272654e-16
1213.9504132805132 1.492203271116648e-15 8.386735115947776e-16
1214.5338042131464 9.305740514271668e-16 8.776932389549712e-16
1215.117193602389 2.0214451573446353e-15 8.866222294903621e-16
1215.7005814482534 -8.517715865647842e-17 8.749718408644717e-16
1216.283967750752 3.075293559335241e-15 8.739141474862026e-16
1216.867352509897 7.88073643319985e-15 8.446429575133443e-16
1217.4507357257005 1.4342795430463237e-14 8.01701362806663e-16
1218.0341173981749 5.266318866122662e-15 5.848486217097192e-16
1218.617497527332 -4.858610018411388e-16 3.4086126405753215e-16
1219.200876113185 1.1836894215764701e-15 2.503974899709394e-16
1219.7842531557453 1.5127925011202308e-15 2.102257335265648e-16
1220.3676286550253 1.8481557409912037e-15 2.0115433591966973e-16
1220.9510026110374 2.167613511943088e-15 2.0426065115475542e-16
1221.534375023794 2.6365201614987877e-15 2.0788920543008685e-16
1222.1177458933073 3.1524778445593773e-15 2.1323907816194872e-16
1222.701115219589 2.9917460498041508e-15 2.0659550516671196e-16
1223.284483002652 3.479510032466185e-15 2.162821990925714e-16
1223.867849242508 3.758684572471728e-15 2.2122470200620647e-16
1224.45121393917 4.0483388495432125e-15 2.2065899028041893e-16
1225.0345770926492 4.050481138836187e-15 2.205190610554545e-16
1225.6179387029588 3.930999273385627e-15 2.1621831438799098e-16
1226.2012987701107 4.025171259563219e-15 2.1669659853838411e-16
1226.784657294117 3.583318528678008e-15 2.051171282013304e-16
1227.3680142749904 3.4475212238933558e-15 2.0032610402456886e-16
1227.9513697127425 3.2085561142695114e-15 1.9186656814398308e-16
1228.5347236073862 3.3079246808163893e-15 1.9424396237300725e-16
1229.1180759589333 2.883329376415691e-15 1.8151879156063822e-16
1229.701426767396 2.6462180651952322e-15 1.7483368926947686e-16
1230.2847760327868 2.4436477634605563e-15 1.6733780380302301e-16
1230.8681237551177 2.4867220946698407e-15 1.6824794631334508e-16
1231.4514699344013 2.6190950270537737e-15 1.7127270371647773e-16
1232.0348145706496 2.5414666590673223e-15 1.683230180083229e-16
1232.6181576638749 2.440736793935002e-15 1.6441876855180665e-16
1233.2014992140894 2.456642199529338e-15 1.647179390845566e-16
1233.7848392213054 2.400879560353346e-15 1.6240008279459285e-16
1234.368177685535 2.3370569456851394e-15 1.5977675275748777e-16
1234.9515146067906 2.515353144112178e-15 1.6491362547641372e-16
1235.5348499850845 2.203339392359105e-15 1.5494896107200586e-16
1236.1181838204288 2.3300636441210164e-15 1.5885914546090205e-16
1236.701516112836 2.438850617083593e-15 1.6188979624133578e-16
1237.2848468623179 2.165397161240317e-15 1.5339020477565738e-16
1237.8681760688871 2.0043506476151814e-15 1.4631504475707734e-16
1238.4515037325555 1.8349463185498242e-15 1.4087316278470464e-16
1239.0348298533356 1.7664705290273708e-15 1.3828033264112908e-16
1239.6181544312399 1.6990093662455973e-15 1.347832042841912e-16
1240.20147746628 1.7562603263437275e-15 1.3751575473081947e-16
1240.784798958469 1.5082467790273426e-15 1.2756747853680315e-16
1241.3681189078181 1.268319267822746e-15 1.1753393288064914e-16
1241.9514373143402 1.3054755352873186e-15 1.1840324184393194e-16
1242.5347541780477 1.2164527612701919e-15 1.1372555998222956e-16
1243.1180694989523 1.2750288999155401e-15 1.1576268853642736e-16
1243.7013832770665 1.297439753963258e-15 1.1612993732616546e-16
1244.2846955124028 1.0740390730218017e-15 1.069492306570981e-16
1244.868006204973 1.2215990723007477e-15 1.1407734353200503e-16
1245.4513153547896 1.1572977182940628e-15 1.110291550103625e-16
1246.0346229618647 1.2479037242281567e-15 1.1279843912986168e-16
1246.6179290262105 1.080446556898484e-15 1.0567698997969424e-16
1247.2012335478396 1.0291044990327132e-15 1.0334180285159279e-16
1247.784536526764 1.0619717696587708e-15 1.0464448368744411e-16
1248.3678379629957 9.88262684029239e-16 1.0277376408829641e-16
1248.9511378565473 9.225615196961951e-16 9.893871814427997e-17
1249.5344362074306 8.816604307186027e-16 9.578421165666769e-17
1250.1177330156586 8.412614703153095e-16 9.470843869130296e-17
1250.7010282812428 7.154883802287107e-16 8.798135313187508e-17
1251.284322004196 6.916909117546563e-16 8.719301938339427e-17
1251.86761418453 6.550345517123516e-16 8.471650183717164e-17
1252.4509048222571 6.417134718807924e-16 8.35779174220695e-17
1253.03419391739 5.72126234415582e-16 7.970149337849663e-17
1253.6174814699402 6.55363869319627e-16 8.418164797302435e-17
1254.2007674799206 6.450765499660112e-16 8.372486860103283e-17
1254.7840519473427 5.891976004235394e-16 8.02288356615046e-17
1255.3673348722198 5.442549165919071e-16 7.732838719406918e-17
1255.950616254563 5.473848053173483e-16 7.731373778870787e-17
1256.5338960943857 4.638638633066693e-16 7.190291430186552e-17
1257.1171743916989 3.9349797591968343e-16 6.708893175762014e-17
1257.7004511465157 4.511158596492677e-16 7.006052621344765e-17
1258.283726358848 3.4583789578334657e-16 6.372239064701545e-17
1258.8670000287086 3.247082528120692e-16 6.239532147985311e-17
1259.4502721561087 2.767309944126899e-16 5.882215546782126e-17
1260.0335427410612 2.5679312500224737e-16 5.788634736429892e-17
1260.6168117835787 2.1933205560411417e-16 5.355532081368313e-17
1261.2000792836723 2.4783876225320036e-16 5.5504620169204953e-17
1261.7833452413552 2.6194550492053313e-16 5.604085608713705e-17
1262.3666096566394 2.7554892300339463e-16 5.712404378252677e-17
1262.949872529537 2.5755821752297204e-16 5.551252139629236e-17
1263.5331338600604 3.1402914724943283e-16 6.014735509947226e-17
1264.116393648222 2.913229287981879e-16 5.785174144776429e-17
1264.6996518940334 2.9398252434292436e-16 5.856383860761065e-17
1265.2829085975072 3.9482731326363436e-16 6.602244517314939e-17
1265.8661637586558 3.5335592920891523e-16 6.242919968449718e-17
1266.4494173774913 3.1029675178833513e-16 5.971029560627734e-17
1267.032669454026 2.936009942098611e-16 5.820139754203303e-17
1267.615919988272 2.819659851974423e-16 5.69103431472559e-17
1268.1991689802417 3.0509313432055294e-16 5.817311864982827e-17
1268.782416429947 2.370895814182516e-16 5.376796129385274e-17
1269.3656623374006 2.0871514313868324e-16 5.182152352945109e-17
1269.9489067026143 2.9612785656791517e-16 5.792879541549298e-17
1270.5321495256005 3.2217581015862623e-16 6.04351639499105e-17
1271.1153908063718 3.5273944566237277e-16 6.170347423872194e-17
1271.69863054494 3.6730952413520984e-16 6.288132858021404e-17
1272.2818687413173 2.9274082043478064e-16 5.81056672746787e-17
1272.8651053955161 2.67621402374975e-16 5.592446401938037e-17
1273.4483405075484 2.4442262281826e-16 5.358288964357851e-17
1274.0315740774274 1.6741090647108308e-16 4.6779058271504704e-17
1274.614806105164 2.1938231547975839e-16 5.1291475784277386e-17
1275.198036590771 2.7989773981993583e-16 5.652225653017931e-17
1275.7812655342605 2.7399589234858383e-16 5.618540551265704e-17
1276.364492935645 1.9115958819523693e-16 4.893088034114595e-17
1276.9477187949367 2.6184503933359615e-16 5.613631438053016e-17
1277.5309431121477 2.0722218840012288e-16 5.068149908540076e-17
1278.1141658872903 2.664499692141712e-16 5.4757975374006495e-17
1278.697387120377 2.1736291519732055e-16 5.085414505085484e-17
1279.2806068114191 1.190075982158381e-16 4.181293744473655e-17
1279.86382496043 2.0435635171384082e-16 5.0446350228269515e-17
1280.447041567421 1.6224663889530733e-16 4.6733058823671296e-17
1281.030256632405 1.5771173035883728e-16 4.6220179464081145e-17
1281.6134701553938 2.909571619606926e-16 5.709033166712792e-17
1282.1966821363997 2.96851925529535e-16 5.673077879500787e-17
1282.779892575435 2.8147793654801875e-16 5.61021347563582e-17
1283.3631014725124 2.044942168479685e-16 5.0116932759144535e-17
1283.9463088276432 2.6155786882924916e-16 5.4005026517806423e-17
1284.5295146408403 3.0054539973488393e-16 5.723561036826078e-17
1285.1127189121157 2.180747683437756e-16 5.111304484642424e-17
1285.6959216414816 1.6539709276420681e-16 4.6135011931416455e-17
1286.2791228289507 2.5684506682971083e-16 5.388505144985509e-17
1286.8623224745343 2.0663747565530074e-16 4.983938154953186e-17
1287.4455205782456 1.953827899335447e-16 4.90640748342731e-17
1288.028717140096 2.400472066676073e-16 5.285566671379342e-17
1288.6119121600982 2.572942594524101e-16 5.383470003837682e-17
1289.1951056382643 3.0609104875974413e-16 5.829203533624094e-17
1289.778297574607 3.4310665382743974e-16 5.944891750871962e-17
1290.3614879691377 2.843401950386752e-16 5.5435692585321685e-17
1290.9446768218688 2.400028099397582e-16 5.310655529407786e-17
1291.5278641328132 2.6041105840077254e-16 5.403500273439448e-17
1292.1110499019826 2.4544621697244835e-16 5.2756155140197946e-17
1292.694234129389 2.689465918598745e-16 5.427250277054267e-17
1293.2774168150454 1.9551188602240488e-16 4.883029688030714e-17
1293.8605979589636 2.542956031761185e-16 5.144024949958816e-17
1294.4437775611555 2.3462009982297196e-16 5.2181444977254875e-17
1295.0269556216335 3.222385430124387e-16 5.832351476830271e-17
1295.61013214041 2.885592892464793e-16 5.669042500613157e-17
1296.1933071174976 2.908821585261762e-16 5.695086877225909e-17
1296.7764805529077 2.672448506216851e-16 5.532847029227388e-17
1297.3596524466534 1.8567525805687854e-16 5.035240788239185e-17
1297.942822798746 2.690141626616189e-16 5.886238676459757e-17
1298.5259916091984 2.0541078411954026e-16 6.526128345723707e-17
1299.1091588780223 8.867277416975843e-17 7.795858482436958e-17
1299.6923246052306 2.7197777148860926e-16 1.0627414269555184e-16
1300.2754887908352 1.7024328889571672e-16 1.284629376406306e-16
1300.8586514348478 7.225750576053194e-17 1.4133920565128281e-16
1301.4418125372813 -1.0331104933823339e-16 1.4452644360887417e-16
1302.024972098148 -2.0463476449792868e-16 1.538582583567198e-16
1302.6081301174597 -1.9135012086559614e-16 1.7705771775097524e-16
1303.1912865952288 -3.768116287182901e-17 2.0043822028169563e-16
1303.7744415314676 2.4426164416684056e-16 2.1430866934571146e-16
1304.357594926188 3.8843463522113836e-16 2.1168220640384106e-16
1304.9407467794028 1.6117260812803032e-16 1.9836184693700345e-16
1305.5238970911237 3.1994097597624485e-16 1.9831185023581015e-16
1306.1070458613628 4.992193888364322e-16 1.9617583198902233e-16
1306.6901930901333 8.427471994804237e-16 1.8596068187723035e-16
1307.2733387774463 6.483037969641377e-16 1.6121003077521394e-16
1307.8564829233146 6.853544722074565e-16 1.3063680725123752e-16
1308.4396255277502 8.440855569607675e-16 9.276217912012465e-17
1309.0227665907657 5.504966391207162e-16 7.288752093941163e-17
1309.6059061123728 4.836729973091347e-16 6.880265525348601e-17
1310.189044092584 4.653398271034591e-16 6.776516218606008e-17
1310.7721805314115 4.298602917903995e-16 6.601872114145076e-17
1311.355315428868 4.3051971327436243e-16 6.603214122638713e-17
1311.9384487849645 5.162969450594837e-16 7.124785733735052e-17
1312.5215805997145 4.621706978454689e-16 6.822229946160036e-17
1313.104710873129 4.086688293948105e-16 6.467661762447645e-17
1313.6878396052218 4.117308606777784e-16 6.471237198999643e-17
1314.270966796004 3.924887186649243e-16 6.343498380399737e-17
1314.8540924454876 3.511417427543482e-16 6.16272433493803e-17
1315.4372165536856 4.3678068566494175e-16 6.712451802962356e-17
1316.02033912061 5.272911795712244e-16 7.254722758942804e-17
1316.6034601462727 3.8079287828892066e-16 6.289850145485193e-17
1317.1865796306863 4.277429604759823e-16 6.599593376665216e-17
1317.7696975738627 4.2895839792880607e-16 6.479643523799569e-17
1318.3528139758143 3.4136412331230234e-16 6.017687289333615e-17
1318.9359288365536 3.5404113029849454e-16 6.128180596300995e-17
1319.5190421560922 4.487144034124582e-16 6.795291059260904e-17
1320.1021539344426 5.200138516028423e-16 7.255848056999722e-17
1320.6852641716173 4.2779781594377324e-16 6.599402985866804e-17
1321.268372867628 4.667828499821769e-16 6.92212374184489e-17
1321.8514800224875 3.389426007624611e-16 6.00004617273006e-17
1322.4345856362074 2.455788624309842e-16 5.345472383727724e-17
1323.0176897088006 2.711225806300133e-16 5.522664159439404e-17
1323.6007922402787 3.430553921910275e-16 6.02527198909178e-17
1324.1838932306543 3.0250843360159973e-16 5.715690248337527e-17
1324.7669926799397 2.448620449772611e-16 5.373005979871367e-17
1325.3500905881465 2.8091079281680434e-16 5.57829742595495e-17
1325.9331869552875 2.0642521408990242e-16 4.934679063315538e-17
1326.516281781375 2.682293182342978e-16 5.55154707946254e-17
1327.0993750664206 2.339934371316336e-16 5.2406839873008777e-17
1327.6824668104373 2.6465730615903466e-16 5.52918057449924e-17
1328.2655570134366 2.8191754403149057e-16 5.697753447297862e-17
1328.8486456754313 2.5051185464531356e-16 5.338777385435677e-17
1329.4317327964332 2.0308258817254264e-16 5.011592847759092e-17
1330.0148183764545 2.0632699239064262e-16 5.033914686706561e-17
1330.5979024155076 2.628647694918518e-16 5.562318950407357e-17
1331.180984913605 2.7217154759556035e-16 5.63221892837714e-17
1331.7640658707585 2.4576657047550674e-16 5.3659136202779964e-17
1332.3471452869803 2.6965851687214935e-16 5.4779683887115323e-17
1332.9302231622828 1.8920974886394898e-16 4.870806452506207e-17
1333.513299496678 1.707432071239993e-16 4.8047988367325995e-17
1334.0963742901786 1.271711074912723e-16 4.358969976284692e-17
1334.6794475427962 1.9420675126882638e-16 4.8973048579973324e-17
1335.2625192545436 1.7365668976954158e-16 4.750281308671382e-17
1335.8455894254325 2.2731735840485343e-16 5.236429063160709e-17
1336.4286580554754 2.091075606737435e-16 5.0641969733561796e-17
1337.0117251446848 3.400699373878547e-16 6.11434657116277e-17
1337.5947906930724 3.5695557863936427e-16 6.215114516291569e-17
1338.1778547006504 3.024066547671362e-16 5.827714467583559e-17
1338.7609171674312 3.4354233976506004e-16 6.077793159821538e-17
1339.3439780934273 3.4766045336085973e-16 6.161427431287738e-17
1339.9270374786502 3.9848420697964304e-16 6.549678719024375e-17
1340.5100953231129 3.716621232242034e-16 6.41241915084718e-17
1341.0931516268274 3.9648004567536313e-16 6.588130137952239e-17
1341.6762063898054 3.2294807652302664e-16 5.995163966735678e-17
1342.2592596120596 4.0347460649035057e-16 6.48943934311458e-17
1342.8423112936023 3.6759995138777905e-16 6.293341227270273e-17
1343.4253614344452 4.034417755555838e-16 6.592159180510449e-17
1344.0084100346014 3.069591737220491e-16 5.988524452318817e-17
1344.5914570940822 2.7758337056655226e-16 5.639141945086657e-17
1345.1745026129 2.989807475066293e-16 5.76576653240926e-17
1345.7575465910672 3.1858820331663714e-16 5.964769067631323e-17
1346.3405890285962 3.330372965038661e-16 6.104394500186068e-17
1346.923629925499 3.45257236855832e-16 6.191344116898445e-17
1347.506669281788 3.0363110812588674e-16 5.896218922019426e-17
1348.089707097475 3.17153336741005e-16 5.96752347687919e-17
1348.672743372572 3.0120745899798817e-16 5.828050310624211e-17
1349.2557781070923 3.1463727056540577e-16 6.038688790282083e-17
1349.8388113010471 3.785905202445111e-16 6.493333886134134e-17
1350.4218429544494 3.076410752956639e-16 5.932072356021541e-17
1351.0048730673104 2.967478856720408e-16 5.816246535203707e-17
1351.5879016396434 2.6814691512292676e-16 5.637600141552023e-17
1352.17092867146 2.707676968616559e-16 5.79752675832171e-17
1352.7539541627725 2.7682358410231995e-16 5.770952628508491e-17
1353.336978113593 3.5065227959596943e-16 6.294837576726971e-17
1353.920000523934 4.480994738014049e-16 6.99226649023645e-17
1354.5030213938076 4.915208447410319e-16 7.320983602242344e-17
1355.0860407232258 4.061608009957326e-16 6.715648131835027e-17
1355.669058512201 3.6252832233476e-16 6.392965341197417e-17
1356.2520747607452 3.4896540961210764e-16 6.296540993589773e-17
1356.8350894688713 4.295968197255671e-16 6.875026430956977e-17
1357.4181026365907 4.1213397761144606e-16 6.676290677522802e-17
1358.001114263916 4.050204479776422e-16 6.724754530476678e-17
1358.5841243508594 2.7270463186187516e-16 5.7433740407228e-17
1359.1671328974328 3.396871678281661e-16 6.216408074978345e-17
1359.750139903649 2.4444088154725933e-16 5.587765695736218e-17
1360.3331453695196 1.8495701577780176e-16 5.0079297225005266e-17
1360.916149295057 2.3004618571908163e-16 5.3960229969618244e-17
1361.4991516802736 2.7552469864916374e-16 5.685898263098185e-17
1362.0821525251815 2.930454480289952e-16 5.834349782380835e-17
1362.6651518297926 2.8468367569026537e-16 5.857644532837194e-17
1363.24814959412 2.699894633330707e-16 5.581088201448999e-17
1363.831145818175 2.403457953110633e-16 5.43909264429297e-17
1364.41414050197 2.8524923187372983e-16 5.880186992648621e-17
1364.9971336455174 3.260128390401305e-16 6.170422383240631e-17
1365.5801252488293 3.5941862352132765e-16 6.42578683622866e-17
1366.1631153119179 3.7164499349387737e-16 6.536507841603908e-17
1366.7461038347956 2.8753476467902373e-16 5.884461989279232e-17
1367.3290908174743 3.0945954071533137e-16 6.052160256738148e-17
1367.9120762599666 3.2870581947777283e-16 6.300614882004908e-17
1368.495060162284 3.2201040592624025e-16 6.206716972744414e-17
1369.0780425244398 4.1294574735987386e-16 6.853411292900568e-17
1369.661023346445 3.3364832927953995e-16 6.287819570990763e-17
1370.244002628313 3.4162536267170893e-16 6.447659944665015e-17
1370.8269803700548 4.0401870114049994e-16 6.799729228210671e-17
1371.4099565716836 4.16609090244467e-16 6.860268455031179e-17
1371.9929312332108 4.465018594139923e-16 7.157670689138943e-17
1372.5759043546495 4.548771351497624e-16 7.137191870169176e-17
1373.1588759360113 3.648308492602075e-16 6.567248909060059e-17
1373.7418459773082 4.13955425747898e-16 6.835425157566462e-17
1374.3248144785532 3.911242335846131e-16 6.79619443834398e-17
1374.9077814397576 4.0755476392976076e-16 6.86577246768476e-17
1375.4907468609342 4.1274826410565525e-16 6.85330115939092e-17
1376.073710742095 4.2501101140460648e-16 7.02433723034447e-17
1376.6566730832526 4.713481317556781e-16 7.346139690900599e-17
1377.2396338844185 6.103014369938118e-16 8.255678176795318e-17
1377.8225931456054 5.098453981837037e-16 7.61216719378765e-17
1378.405550866825 4.3902432982597175e-16 7.120083279777673e-17
1378.9885070480902 4.434972087220274e-16 7.163806469384011e-17
1379.571461689413 5.29340544857115e-16 7.795571790939568e-17
1380.1544147908055 4.810503754981852e-16 7.521644100989537e-17
1380.7373663522792 5.847971676029848e-16 8.085371494659756e-17
1381.3203163738476 5.319087274138208e-16 7.765541048652209e-17
1381.9032648555224 5.364059393286544e-16 7.613861883318065e-17
1382.4862117973155 4.115796913031334e-16 7.109411863249485e-17
1383.069157199239 4.245921219530253e-16 7.057689009028694e-17
1383.6521010613055 3.9206351578595185e-16 6.89677684122311e-17
1384.2350433835275 4.0252995316627825e-16 7.060732216337924e-17
1384.8179841659164 4.549662457563938e-16 7.38420462903012e-17
1385.400923408485 3.569185274127188e-16 6.660242502770887e-17
1385.983861111245 3.571697812940387e-16 6.568802940235656e-17
1386.5667972742092 4.520480429585893e-16 7.277081300363936e-17
1387.1497318973893 3.962348164286367e-16 6.914544755033263e-17
1387.732664980798 3.673861151632339e-16 6.675459610982181e-17
1388.315596524447 3.399973048725927e-16 6.477248569634084e-17
1388.8985265283486 4.2517140789137096e-16 7.189788290188289e-17
1389.4814549925154 4.058336334520668e-16 7.16234489511308e-17
1390.0643819169593 4.585171293228504e-16 7.562579941645589e-17
1390.6473073016923 5.091989861741034e-16 7.770711534552767e-17
1391.2302311467267 3.6928001293794896e-16 6.756145804183124e-17
1391.8131534520753 3.051425200872622e-16 6.2699956681327e-17
1392.3960742177496 3.521475911690425e-16 6.666217066790332e-17
1392.9789934437617 2.1927488317369182e-16 5.542519949027523e-17
1393.5619111301244 2.619984746588214e-16 5.948434710121423e-17
1394.1448272768496 2.83399357865115e-16 6.184228939315296e-17
1394.7277418839494 2.1294005515578458e-16 5.4119854355538697e-17
1395.3106549514362 3.2065484949815707e-16 6.438107664398645e-17
1395.893566479322 3.7030013821048565e-16 6.897593720948595e-17
1396.4764764676195 3.0166983610451996e-16 6.257284819719949e-17
1397.0593849163402 2.740213759443546e-16 6.032361686325033e-17
1397.6422918254966 3.1591126299438535e-16 6.434050918878629e-17
1398.225197195101 2.497398302726155e-16 5.849069701527777e-17
1398.8081010251653 2.457273407681634e-16 5.781307005491962e-17
1399.3910033157022 3.403088543666913e-16 6.725140278537355e-17
1399.9739040667237 3.0099577132487107e-16 6.377236300887487e-17
1400.5568032782412 4.1166426912169374e-16 7.173551622904506e-17
1401.1397009502682 3.0904700841822686e-16 6.299442464475772e-17
1401.722597082816 2.679574367635588e-16 6.054034371985518e-17
1402.3054916758974 2.0452383381718824e-16 5.4069466911774286e-17
1402.8883847295242 1.8875856125734387e-16 5.262305084653791e-17
1403.4712762437089 2.474884178098487e-16 5.904291826619189e-17
1404.0541662184633 2.467406344960532e-16 5.98973759233822e-17
1404.6370546537996 2.958347761243654e-16 6.295453126676471e-17
1405.2199415497303 2.1307934166373509e-16 5.497361085887231e-17
1405.8028269062672 1.8151927287446672e-16 5.180280255748104e-17
1406.3857107234232 2.9483950179006193e-16 6.321259131801958e-17
1406.96859300121 2.9223364298764413e-16 6.302044720288336e-17
1407.55147373964 3.07739054859965e-16 6.476604075584546e-17
1408.134352938725 1.845082443381941e-16 5.244935910261199e-17
1408.7172305984773 3.170634312618353e-16 6.579931747162235e-17
1409.3001067189095 2.3952339286457826e-16 5.838641564152301e-17
1409.8829813000336 2.5912248662273013e-16 6.054971157380172e-17
1410.4658543418616 3.4191230747026734e-16 6.82615646600554e-17
1411.048725844406 3.8994532353945146e-16 7.202238710509747e-17
1411.6315958076787 2.9546778900133266e-16 6.381462701883396e-17
1412.214464231692 3.158604743692055e-16 6.515768271099573e-17
1412.7973311164583 3.5757130901187995e-16 6.916298540456086e-17
1413.3801964619895 3.2103602012318927e-16 6.587006028407128e-17
1413.9630602682978 2.3939299552958903e-16 5.913693904104081e-17
1414.5459225353957 2.762449081213126e-16 6.21085509553199e-17
1415.1287832632952 3.327898031178881e-16 6.737101542200723e-17
1415.7116424520086 2.0059279736340835e-16 5.464375127802595e-17
1416.2945001015478 2.8956701467326164e-16 6.281026446195978e-17
1416.8773562119252 2.773951064088436e-16 6.20686020536317e-17
1417.4602107831527 2.551533456871319e-16 6.11770002249553e-17
1418.0430638152432 3.3084834068735846e-16 6.669263943503657e-17
1418.6259153082083 2.762525618287653e-16 6.325213050614554e-17
1419.2087652620603 2.4937505502267904e-16 6.02812667616443e-17
1419.7916136768117 3.168732321063818e-16 6.628567303944996e-17
1420.3744605524741 3.1705192387815607e-16 6.655436498959162e-17
1420.9573058890603 3.2260278330114593e-16 6.595229511153814e-17
1421.5401496865823 3.1767918702835536e-16 6.624391677321022e-17
1422.1229919450518 3.2967612698020937e-16 6.825739330601698e-17
1422.7058326644817 3.398945239232055e-16 6.913122449587467e-17
1423.288671844884 3.0254252447108934e-16 6.610188934727465e-17
1423.8715094862705 2.697201263813619e-16 6.346054164404358e-17
1424.4543455886537 2.640720331388845e-16 6.044216193228511e-17
1425.037180152046 2.5433244686771436e-16 6.023917289529893e-17
1425.6200131764592 3.0283772690018593e-16 6.47474528709491e-17
1426.2028446619058 1.4582763118076821e-16 4.9476414503283405e-17
1426.7856746083976 2.12289782681356e-16 5.775074455923834e-17
1427.3685030159477 2.3943072384072363e-16 5.962573967334968e-17
1427.951329884567 3.462003971688859e-16 7.087441402420294e-17
1428.5341552142684 3.4483496699997964e-16 6.94418428291396e-17
1429.116979005064 3.103126943713816e-16 6.799780113005892e-17
1429.6998012569659 2.493743145012582e-16 6.230168254896902e-17
1430.2826219699868 1.9588575576058832e-16 5.646490919177887e-17
1430.8654411441385 1.382476560383111e-16 4.9701052713229344e-17
1431.4482587794328 1.9106022910162652e-16 5.57072448299051e-17
1432.0310748758823 2.2418080823098827e-16 5.909915589409883e-17
1432.6138894334993 1.9402297276469072e-16 5.573748721798963e-17
1433.196702452296 1.9383612642633636e-16 5.689838568328433e-17
1433.7795139322839 2.1566751312126116e-16 5.873357772406081e-17
1434.3623238734758 2.407523687916565e-16 6.112979199726648e-17
1434.9451322758844 1.8321964804119606e-16 5.553052104954666e-17
1435.5279391395206 1.6863595578258155e-16 5.4212055308107804e-17
1436.1107444643976 1.4670805047023523e-16 5.0953515216901284e-17
1436.6935482505276 1.6868965725539159e-16 5.282413682468859e-17
1437.276350497922 1.8740471123820681e-16 5.64213729454251e-17
1437.8591512065937 1.839184811901113e-16 5.472204358829721e-17
1438.4419503765544 1.5597979296944312e-16 5.135969507720096e-17
1439.0247480078165 1.522116772206941e-16 5.154293154678581e-17
1439.6075441003923 1.6454088221009295e-16 5.398662613927415e-17
1440.190338654294 1.884676623790149e-16 5.545913601312203e-17
1440.7731316695333 1.7314432684652104e-16 5.2966883269090105e-17
1441.3559231461234 1.9830554458911985e-16 5.666624939406838e-17
1441.9387130840753 2.329232417809694e-16 6.074426433357944e-17
1442.521501483402 2.420461441139378e-16 6.075503353084635e-17
1443.1042883441155 2.3776253970717023e-16 6.190021524187382e-17
1443.687073666228 2.0015319910418163e-16 5.759989479481884e-17
1444.269857449751 2.3842935341086626e-16 6.042932761150428e-17
1444.852639694698 1.4156982620151607e-16 5.1241522025658565e-17
1445.4354204010801 2.2162786962424445e-16 5.997394700547293e-17
1446.01819956891 2.2430155769874703e-16 5.917895128808326e-17
1446.6009771981994 1.4856826825090652e-16 4.923737572281608e-17
1447.1837532889613 2.7594345548004146e-16 6.578273887645051e-17
1447.766527841207 1.6563119363358415e-16 5.416042457906277e-17
1448.3493008549492 1.5037853950536147e-16 5.1150275096163256e-17
1448.9320723302 2.217693879505659e-16 5.982226857626096e-17
1449.5148422669718 3.075145043188427e-16 6.485309312909915e-17
1450.0976106652763 4.225741388848057e-16 7.836513816082922e-17
1450.680377525126 3.4617115098366907e-16 7.104148332572426e-17
1451.2631428465331 2.98548228716882e-16 6.655445614059413e-17
1451.8459066295097 3.5778001173955393e-16 7.377921486156453e-17
1452.428668874068 4.597350836803579e-16 8.228413640726457e-17
1453.01142958022 4.36836827206638e-16 8.008300062029888e-17
1453.5941887479783 4.464818010707651e-16 8.159493806264385e-17
1454.1769463773546 5.295029867973567e-16 8.85191273139008e-17
1454.7597024683612 4.579614321488019e-16 8.261578264268376e-17
1455.3424570210107 4.299379669517265e-16 8.103521114492027e-17
1455.9252100353149 4.1487184613705286e-16 7.93716843712468e-17
1456.5079615112859 4.065235383296745e-16 7.883490643977927e-17
1457.0907114489364 4.456366899228132e-16 8.199598322954495e-17
1457.673459848278 4.875936118919467e-16 8.551888590208984e-17
1458.2562067093231 4.852125188110365e-16 8.489231739421725e-17
1458.838952032084 3.795185252660377e-16 7.764586945352894e-17
1459.4216958165728 3.9596799081056757e-16 7.985411076567451e-17
1460.0044380628017 4.1774177524599635e-16 8.080852762968253e-17
1460.5871787707827 3.511116634579071e-16 7.388539087308393e-17
1461.169917940528 3.7918163267416376e-16 7.620593999732231e-17
1461.75265557205 3.365928242476621e-16 7.126859860378477e-17
1462.335391665361 4.1987087506010346e-16 8.110917886498177e-17
1462.918126220473 4.1294159063034904e-16 8.09357741128758e-17
1463.5008592373977 3.137922080842031e-16 7.085910824937985e-17
1464.0835907161481 3.974889041042891e-16 7.962719238423586e-17
1464.666320656736 3.7600344440407294e-16 7.700900951869853e-17
1465.2490490591733 4.36287468759811e-16 8.275914494468577e-17
1465.8317759234728 3.619994408600523e-16 7.514499178660413e-17
1466.414501249646 3.6057704480525753e-16 7.516562541032347e-17
1466.9972250377057 4.53396452929759e-16 8.420119255451813e-17
1467.5799472876638 3.3641615270299916e-16 7.3914200547577e-17
1468.1626679995325 3.749711173639247e-16 7.813565848969545e-17
1468.745387173324 4.582493181472169e-16 8.565638352477208e-17
1469.32810480905 2.8962693880944224e-16 6.89438553665081e-17
1469.9108209067235 3.8793573177287927e-16 7.783849035713957e-17
1470.4935354663562 4.1580410903119955e-16 7.9742116460533e-17
1471.0762484879604 4.3682929774216843e-16 8.042269835323776e-17
1471.6589599715485 4.334124862736401e-16 8.233758685863751e-17
1472.2416699171322 4.3604208762579575e-16 8.319890761109113e-17
1472.824378324724 4.091755167335659e-16 8.20365211014468e-17
1473.407085194336 4.440023127511603e-16 8.426539661633845e-17
1473.9897905259802 3.7802033648813937e-16 7.91874783386594e-17
1474.5724943196692 4.036274079081064e-16 8.224498429649094e-17
1475.1551965754147 4.837843250392691e-16 8.904264409953631e-17
1475.7378972932293 3.1802155184937963e-16 7.309128106544021e-17
1476.3205964731246 3.823602249142046e-16 7.931582702175647e-17
1476.9032941151138 4.3012363163070547e-16 8.409726205078437e-17
1477.4859902192081 4.491182301798662e-16 8.521410479906773e-17
1478.06868478542 3.7319987303152363e-16 7.7992886731971e-17
1478.6513778137614 2.548624458970582e-16 6.772850456534763e-17
1479.2340693042454 4.3914269302428207e-16 8.580225777865461e-17
1479.816759256883 3.7809460871426633e-16 8.001801869105836e-17
1480.399447671687 4.158554855255795e-16 8.295544871431208e-17
1480.9821345486696 3.8556742713529683e-16 7.997658223461826e-17
1481.564819887843 3.733861639825368e-16 7.827035224215042e-17
1482.147503689219 4.51245890566694e-16 8.657508881350654e-17
1482.73018595281 5.273104972664336e-16 9.339680617471908e-17
1483.3128666786286 4.899530175753324e-16 8.992870809348477e-17
1483.8955458666862 3.932756118282914e-16 8.200373752969875e-17
1484.4782235169955 4.666734039563735e-16 8.784422061455943e-17
1485.0608996295682 4.023352903426031e-16 8.058468285443739e-17
1485.6435742044173 4.0812390300132604e-16 8.176735435820093e-17
1486.2262472415543 3.878334689245806e-16 8.296584093412579e-17
1486.8089187409914 5.173832247541058e-16 9.273350483548471e-17
1487.391588702741 4.330959052560003e-16 8.370286121660445e-17
1487.9742571268152 4.32749179444588e-16 8.44798258348291e-17
1488.556924013226 3.9216418514014457e-16 8.164717995473102e-17
1489.139589361986 3.8576110697862923e-16 8.002328490381175e-17
1489.722253173107 4.482636423314189e-16 8.717300802494795e-17
1490.3049154466012 3.5678056984754715e-16 7.886265869637361e-17
1490.887576182481 4.675797009402334e-16 8.963038487116932e-17
1491.4702353807586 4.653695183751858e-16 8.933582106133669e-17
1492.0528930414457 3.742824682052081e-16 8.184321867744655e-17
1492.6355491645547 3.365832706283079e-16 7.724980235466109e-17
1493.218203750098 3.1196692287879373e-16 7.424853714672905e-17
1493.8008567980876 4.582722182337978e-16 8.858466705176801e-17
1494.3835083085357 4.937932461947117e-16 9.250874546698404e-17
1494.9661582814547 5.581068051125546e-16 9.728728630496681e-17
1495.5488067168562 4.2181725197755953e-16 8.52004984000559e-17
1496.131453614753 4.654589618389157e-16 8.990817786791873e-17
1496.7140989751565 5.870730986221121e-16 1.0088019208231457e-16
1497.2967427980795 4.9592842239294215e-16 9.204925098652476e-17
1497.8793850835345 4.720569892665545e-16 9.1257614499032e-17
1498.4620258315329 4.0492378293194024e-16 8.440170388036308e-17
1499.044665042087 5.115481966457351e-16 9.536986929573173e-17
1499.6273027152095 4.932401720400472e-16 9.296382957189674e-17
1500.209938850912 5.125397427400466e-16 9.449198711015657e-17
1500.7925734492069 4.61835468614212e-16 9.080403256297736e-17
1501.375206510106 3.3185772099308013e-16 7.828227361618822e-17
1501.9578380336222 4.1935773620041337e-16 8.634800176492169e-17
1502.5404680197673 2.972467552546217e-16 7.548196635246271e-17
1503.1230964685535 3.772769984003269e-16 8.360376232511694e-17
1503.7057233799928 3.6337861098593823e-16 8.026162958874468e-17
1504.2883487540973 2.5792991540244335e-16 6.802397135876588e-17
1504.8709725908798 3.5457674636893038e-16 8.087965025753772e-17
1505.4535948903517 4.958676032078275e-16 9.524363654290686e-17
1506.0362156525255 2.6644261333156453e-16 7.155505200759834e-17
1506.6188348774137 3.947604339738053e-16 8.438054330302376e-17
1507.2014525650277 5.504246097856404e-16 1.0218550177058996e-16
1507.7840687153805 3.0769017324191076e-16 7.635381739701926e-17
1508.3666833284838 2.9522165048941965e-16 7.296297250489454e-17
1508.9492964043495 3.8007530608345757e-16 8.062941590990723e-17
1509.5319079429905 4.2562288028422927e-16 9.014725256056807e-17
1510.1145179444186 3.8384380079330564e-16 8.350447126496655e-17
1510.6971264086455 2.703151436818505e-16 7.327584967650791e-17
1511.2797333356843 2.9857739538289054e-16 7.667909296399417e-17
1511.8623387255466 3.9031783176343017e-16 8.570285824837035e-17
1512.4449425782445 4.119690629520883e-16 8.848165468383709e-17
1513.0275448937903 3.706113092785981e-16 8.437772055545681e-17
1513.6101456721965 5.017182360032686e-16 9.71129939252289e-17
1514.1927449134746 5.447090774057598e-16 1.0082313065341532e-16
1514.775342617637 2.910131493659826e-16 7.320574181526135e-17
1515.3579387846964 3.475964331748897e-16 8.265203574768604e-17
1515.9405334146643 3.8706084320474316e-16 8.579002736168853e-17
1516.5231265075533 4.773403533796027e-16 9.490015124415263e-17
1517.1057180633752 5.569081156179667e-16 1.0049901284274085e-16
1517.6883080821426 6.811968507451511e-16 1.1380976112854726e-16
1518.2708965638672 8.658079838891984e-16 1.2852150703626537e-16
1518.8534835085613 1.1036266686743413e-15 1.4337695943911135e-16
1519.4360689162372 1.0523795667257271e-15 1.420217246645842e-16
1520.0186527869073 1.0710093075589231e-15 1.4142028016102237e-16
1520.601235120583 1.0384675341286697e-15 1.391867268451614e-16
1521.1838159172773 1.314675261274955e-15 1.5837710091469184e-16
1521.7663951770019 1.3190515346251224e-15 1.5563234815559478e-16
1522.348972899769 1.6439164501917557e-15 1.7840107601117005e-16
1522.9315490855909 1.4377768457406294e-15 1.6728323846014717e-16
1523.5141237344797 1.6194381676326954e-15 1.777683411134967e-16
1524.0966968464477 1.2611088065342204e-15 1.562439337221224e-16
1524.6792684215065 1.211199947527356e-15 1.5268681547585715e-16
1525.2618384596692 1.0971975390842293e-15 1.4627345689338453e-16
1525.8444069609473 8.96692089291943e-16 1.345561824154834e-16
1526.4269739253527 6.782670407430558e-16 1.1721900508021418e-16
1527.0095393528986 6.888024032658731e-16 1.1689203438659834e-16
1527.5921032435963 5.816527042902355e-16 1.0647530536263084e-16
1528.174665597458 9.984180959331985e-16 1.395920358217715e-16
1528.7572264144962 1.160190017287639e-15 1.5214068194354624e-16
1529.339785694723 1.2410397437441165e-15 1.5828566251578293e-16
1529.9223434381506 1.4119349738966308e-15 1.688526668706175e-16
1530.5048996447908 1.3178612054462885e-15 1.6344879204564187e-16
1531.0874543146563 1.2398093206736727e-15 1.596334838977914e-16
1531.6700074477587 9.71370816943955e-16 1.3962694662197296e-16
1532.2525590441105 1.0303970449188772e-15 1.4460261457868287e-16
1532.835109103724 1.057798158253284e-15 1.4739359726391154e-16
1533.417657626611 1.0807087275661073e-15 1.4989549430129784e-16
1534.0002046127838 1.0180513451955998e-15 1.4391939785487217e-16
1534.582750062255 8.303934110001784e-16 1.3290353074742853e-16
1535.1652939750354 6.040106341606279e-16 1.152780453439772e-16
1535.7478363511389 6.48883795008354e-16 1.1678667258497758e-16
1536.3303771905767 6.643682212081553e-16 1.1788212916954314e-16
1536.9129164933613 7.017992345926704e-16 1.2312136398549958e-16
1537.4954542595044 5.105544068175414e-16 1.0549155007845376e-16
1538.0779904890185 6.931763672829076e-16 1.2141562322534723e-16
1538.6605251819158 6.971155326283846e-16 1.2165846021153578e-16
1539.2430583382081 6.688768784077676e-16 1.2154760205095467e-16
1539.825589957908 7.342963569156375e-16 1.2428063041210129e-16
1540.4081200410276 5.894557314160287e-16 1.1305319237911897e-16
1540.990648587579 6.945847418495113e-16 1.2369893337640007e-16
1541.5731755975742 8.524866626693051e-16 1.3675535388739783e-16
1542.1557010710253 8.764912920603532e-16 1.395193450093366e-16
1542.7382250079452 5.853355796108139e-16 1.1323482898893212e-16
1543.3207474083447 8.131532638620229e-16 1.347776415691672e-16
1543.9032682722373 7.881006650399554e-16 1.333580215263145e-16
1544.4857875996345 6.924614482600116e-16 1.2597201212599691e-16
1545.0683053905482 7.000208198798518e-16 1.2533583597289192e-16
1545.650821644991 7.490109892363048e-16 1.306778875397045e-16
1546.2333363629753 6.289763661494517e-16 1.1870349396457721e-16
1546.815849544513 5.913781752221151e-16 1.1823494318517268e-16
1547.3983611896158 5.063704221342543e-16 1.0958115431637447e-16
1547.9808712982965 5.677308421934064e-16 1.1493884539355466e-16
1548.5633798705671 5.316510161123958e-16 1.1141604585826037e-16
1549.1458869064393 5.20320016812587e-16 1.1122467052238279e-16
1549.728392405926 4.149327214187971e-16 1.0045912923583771e-16
1550.3108963690388 4.4247485226178135e-16 1.0390297632261553e-16
1550.8933987957898 6.163964010834992e-16 1.2278246514051289e-16
1551.4758996861917 4.5050444856103e-16 1.038382958826211e-16
1552.0583990402563 6.360336063627731e-16 1.2309174352971582e-16
1552.6408968579958 6.744947563803364e-16 1.245751790401535e-16
1553.2233931394223 6.122981972585451e-16 1.2190852169628717e-16
1553.8058878845482 7.795200800989644e-16 1.3831543632620892e-16
1554.3883810933853 7.966304569012899e-16 1.4092045879384516e-16
1554.9708727659456 7.973477980471151e-16 1.3977567674902497e-16
1555.553362902242 7.056339181395036e-16 1.2819877830525466e-16
1556.1358515022862 6.927828831172153e-16 1.2501265708640535e-16
1556.7183385660906 6.627396769536429e-16 1.2708363327273957e-16
1557.3008240936667 6.7881283639377e-16 1.2958507978780246e-16
1557.8833080850272 8.278631347297419e-16 1.4092350202728784e-16
1558.4657905401843 7.438550028525171e-16 1.3734010565241847e-16
1559.04827145915 6.137061453468428e-16 1.2528711256737362e-16
1559.6307508419363 6.206356679936423e-16 1.265014357533988e-16
1560.2132286885555 5.607758922219884e-16 1.1914671791580952e-16
1560.79570499902 4.169669729939474e-16 1.0030360150176489e-16
1561.3781797733418 4.987631983859885e-16 1.1122694956268413e-16
1561.9606530115327 6.051164416301946e-16 1.222779599366576e-16
1562.543124713605 5.931365156249631e-16 1.2375441026055584e-16
1563.1255948795713 6.1429854829412725e-16 1.2643340311800415e-16
1563.7080635094435 5.310551262533348e-16 1.171942029644539e-16
1564.2905306032333 5.262859217214574e-16 1.1707635166925138e-16
1564.8729961609538 4.662507329162796e-16 1.0718304972826299e-16
1565.4554601826162 5.315875311268688e-16 1.117849164564964e-16
1566.037922668233 2.913836794196957e-16 8.760667916033038e-17
1566.6203836178165 3.3355908661142743e-16 9.603784642592514e-17
1567.2028430313787 4.770431561098095e-16 1.1454100473781355e-16
1567.785300908932 4.430616212903228e-16 1.1008804791374657e-16
1568.3677572504882 3.6776525712265206e-16 9.741327521816899e-17
1568.9502120560596 5.997956993940203e-16 1.2605872231030272e-16
1569.5326653256586 5.67030590587852e-16 1.2504245940306743e-16
1570.1151170592966 4.443674280511119e-16 1.0960182237507951e-16
1570.6975672569865 4.558638976610707e-16 1.0809132648759876e-16
1571.2800159187407 2.9177892483383067e-16 8.874127436405751e-17
1571.8624630445704 3.15447101828733e-16 8.93564896243057e-17
1572.4449086344882 3.6344085264589355e-16 1.0040530845644629e-16
1573.0273526885062 4.511475122114977e-16 1.0988549127939702e-16
1573.609795206637 3.7355277990908237e-16 1.0164474548742025e-16
1574.1922361888921 4.51304109417185e-16 1.1037277690335098e-16
1574.774675635284 3.967201726826427e-16 1.0615593798762574e-16
1575.3571135458244 4.971860517686757e-16 1.2237859203064278e-16
1575.9395499205261 4.0585176626323946e-16 1.1194042483417722e-16
1576.521984759401 3.1665239373840827e-16 9.374709574106831e-17
1577.104418062461 4.950995030493188e-16 1.2026889487630945e-16
1577.686849829719 4.802916245104314e-16 1.168562125919673e-16
1578.2692800611862 3.929015763377553e-16 1.0397782071172287e-16
1578.8517087568753 3.7394060714916955e-16 1.0182429312729e-16
1579.4341359167981 3.353229269080753e-16 9.695293104565955e-17
1580.0165615409671 4.3978955173253806e-16 1.1402840833673053e-16
1580.5989856293943 3.240093648585967e-16 9.853092576366577e-17
1581.181408182092 3.3151380916906716e-16 1.0051267472077348e-16
1581.763829199072 2.823398525887013e-16 9.338890787789784e-17
1582.3462486803467 4.504103880362246e-16 1.1790734768877706e-16
1582.9286666259284 3.2770544878416797e-16 9.362599215594053e-17
1583.5110830358287 1.5910951330356222e-16 7.05031735861765e-17
1584.0934979100603 1.8300185061820552e-16 7.837601164414324e-17
1584.675911248635 2.2410820079001835e-16 7.865536397571728e-17
1585.2583230515652 2.908710248327636e-16 8.750084575844203e-17
1585.840733318863 2.771081949681167e-16 8.970432541995951e-17
1586.4231420505403 2.544312633398999e-16 9.077259869151694e-17
1587.0055492466097 3.2109437749450973e-16 1.0012925454112628e-16
1587.5879549070828 2.228213879593993e-16 8.32214896123968e-17
1588.1703590319723 3.7036382545699774e-16 1.0655642473590932e-16
1588.7527616212897 3.344939809407258e-16 1.0253889267614285e-16
1589.3351626750477 1.0492082274335764e-16 5.792200771750007e-17
1589.9175621932584 2.382457370777016e-16 9.041939795199579e-17
1590.4999601759337 2.74150731148887e-16 9.584331310915424e-17
1591.0823566230858 3.324483829927037e-16 1.0200849115701205e-16
1591.664751534727 2.5645355477288927e-16 9.191863431432654e-17
1592.247144910869 2.9622750928133587e-16 9.835239298293824e-17
1592.8295367515248 3.5979298387370012e-16 1.0842538838847529e-16
1593.411927056706 2.0384480740972796e-16 8.369954912108907e-17
1593.9943158264246 2.4347644271520487e-16 8.584546905064938e-17
1594.5767030606928 2.3792825097508846e-16 8.603955862386457e-17
1595.159088759523 2.7618205288695265e-16 9.447531219812746e-17
1595.7414729229272 3.6868183608631454e-16 1.1206507254363835e-16
1596.3238555509174 1.5738055774222882e-16 6.686574412748215e-17
1596.906236643506 3.6325752001592317e-16 1.0935099663521891e-16
1597.488616200705 2.954255136077042e-16 1.0195063858196341e-16
1598.0709942225267 3.252684439564144e-16 1.0582847499100504e-16
1598.653370708983 3.9872106281069775e-16 1.1922487686054975e-16
1599.2357456600862 4.265392450379803e-16 1.2031769620865057e-16
1599.818119075849 3.497199093268532e-16 1.1002224881753237e-16
1600.400490956282 3.2022925432292765e-16 9.590556401999111e-17
1600.9828613013988 4.489261876734788e-16 1.2034571303837016e-16
1601.5652301112111 2.1301471913343607e-16 8.54532922942641e-17
1602.1475973857307 3.9901112705430423e-16 1.215555494203864e-16
1602.7299631249705 5.254588452830958e-16 1.3591951785076884e-16
1603.3123273289416 4.862282330899018e-16 1.294069867687733e-16
1603.894689997657 2.1813292837472072e-16 8.911085137660191e-17
1604.4770511311287 1.8667706630133554e-16 8.34186333545793e-17
1605.0594107293684 2.972723045068651e-16 1.0092279740077635e-16
1605.6417687923886 5.304625123752565e-16 1.3703158588109464e-16
1606.2241253202017 4.1205818442218864e-16 1.20859019772462e-16
1606.8064803128193 2.970917409169616e-16 1.0048261281186894e-16
1607.3888337702535 4.458765685204989e-16 1.2761079545733015e-16
1607.9711856925173 4.648409052524148e-16 1.3155729394318474e-16
1608.5535360796218 3.4911167398113197e-16 1.1415078192523328e-16
1609.1358849315795 3.784854978205585e-16 1.1994848710202833e-16
1609.7182322484032 2.8612274947644377e-16 1.016552255579915e-16
1610.300578030104 5.386718280454749e-16 1.3943172231473522e-16
1610.8829222766944 5.091837409508823e-16 1.3865751533795134e-16
1611.4652649881868 5.309144029185656e-16 1.4186890986350742e-16
1612.0476061645932 4.471228115864498e-16 1.3276726911132236e-16
1612.6299458059257 7.229398546003746e-16 1.6712844528935174e-16
1613.2122839121967 7.327354117834527e-16 1.694035111760255e-16
1613.7946204834177 6.165679406703746e-16 1.5373618408494823e-16
1614.3769555196013 4.41729234244613e-16 1.3397332627187534e-16
1614.9592890207598 4.473288571528153e-16 1.336303114063122e-16
1615.5416209869052 6.311277101691472e-16 1.5794008367810264e-16
1616.1239514180493 1.800676009887009e-16 8.279747606216151e-17
1616.7062803142046 4.0486343718523346e-16 1.231239707092624e-16
1617.2886076753832 5.707475412509565e-16 1.5023824493696833e-16
1617.8709335015972 2.9432113276784693e-16 1.0580124199760311e-16
1618.4532577928585 4.738754344077952e-16 1.4036411134037058e-16
1619.0355805491797 4.401063504417244e-16 1.3018186807918105e-16
1619.6179017705726 2.670175886932152e-16 9.987217196240478e-17
1620.2002214570493 4.430131137026638e-16 1.3044708164971605e-16
1620.782539608622 6.481725548218926e-16 1.6200405511980263e-16
1621.3648562253034 5.290387103780195e-16 1.4979793027756132e-16
1621.9471713071048 5.838624057306725e-16 1.5460704032395448e-16
1622.5294848540384 3.110371679104357e-16 1.1503843049880526e-16
1623.111796866117 4.237735384035221e-16 1.24818957831172e-16
1623.6941073433525 4.2266312886935296e-16 1.3115817874628802e-16
1624.2764162857563 5.763828397942605e-16 1.475232999483094e-16
1624.8587236933415 5.726308388868908e-16 1.4815685183292107e-16
1625.4410295661196 4.928957533854646e-16 1.4029634952434793e-16
1626.0233339041033 6.934441332830932e-16 1.7003626845395347e-16
1626.6056367073045 3.8663870642638747e-16 1.214855958311769e-16
1627.1879379757347 4.6544048970086e-16 1.38708864359075e-16
1627.7702377094072 5.23386097640742e-16 1.45562870273161e-16
1628.3525359083333 4.572498790484456e-16 1.3877111383527289e-16
1628.9348325725255 1.8637018444434748e-16 8.922318693086649e-17
1629.5171277019956 1.7931853259748796e-16 9.57732747261949e-17
1630.099421296756 5.019013575583939e-16 1.483119419146383e-16
1630.6817133568186 4.550871282560648e-16 1.3619210200528735e-16
1631.2640038821962 2.034016697717084e-16 9.063305620919131e-17
1631.8462928729 1.887883377665635e-16 8.84131239812939e-17
1632.4285803289426 3.267836498953254e-16 1.197067140501433e-16
1633.0108662503364 3.6355476933124365e-16 1.300495545677693e-16
1633.5931506370932 3.236648553094734e-16 1.2391675589357052e-16
1634.175433489225 4.501354787176138e-16 1.4016783196865743e-16
1634.7577148067444 4.878091471109106e-16 1.4392790276517072e-16
1635.3399945896626 5.71921301222717e-16 1.570452390898287e-16
1635.922272837993 4.816383877729261e-16 1.4598885051058366e-16
1636.5045495517468 5.388547969710658e-16 1.551123848795856e-16
1637.0868247309365 6.198711945762422e-16 1.689582656954053e-16
1637.6690983755745 5.58200053981489e-16 1.6250709270790795e-16
1638.2513704856724 5.730396195895694e-16 1.5936287962771318e-16
1638.8336410612426 5.441667791062968e-16 1.5973184634484198e-16
1639.4159101022967 7.380493559364615e-16 1.8147939624796205e-16
1639.998177608848 7.015398549652718e-16 1.7087686083752278e-16
1640.5804435809077 5.288391490375605e-16 1.4843718828050587e-16
1641.162708018488 6.353492761469349e-16 1.6892655767351528e-16
1641.7449709216012 6.224763748510187e-16 1.6842017590494056e-16
1642.3272322902599 5.369726400128547e-16 1.5272932782764548e-16
1642.9094921244753 7.473397780731644e-16 1.8376912113045729e-16
1643.4917504242599 6.074405528742305e-16 1.6774282154638653e-16
1644.0740071896264 8.450442985815209e-16 1.9583413217757814e-16
1644.656262420586 8.5486295052787e-16 1.9865074514061988e-16
1645.2385161171514 6.166887604143683e-16 1.6707198727361936e-16
1645.8207682793347 4.2514781762379063e-16 1.3352083575365355e-16
1646.403018907148 4.809734404988595e-16 1.468193579147061e-16
1646.9852680006034 7.107169767894617e-16 1.8121407850256016e-16
1647.5675155597125 5.535674254818561e-16 1.608785266042352e-16
1648.1497615844885 7.921303269426574e-16 1.948512238825338e-16
1648.732006074943 9.318213914209363e-16 2.1096602451552246e-16
1649.314249031088 7.68251145285319e-16 1.9062739947819898e-16
1649.8964904529355 7.08580624433638e-16 1.807145204053238e-16
1650.478730340498 4.878210816033271e-16 1.534990302313493e-16
1651.0609686937876 5.231376472165912e-16 1.591898105592674e-16
1651.6432055128164 4.064414407748277e-16 1.4116884696424336e-16
1652.2254407975963 5.312275470762912e-16 1.613414589053466e-16
1652.8076745481396 4.446631768512929e-16 1.4209871336147236e-16
1653.3899067644581 4.057265999710479e-16 1.4086454231041102e-16
1653.9721374465648 4.515127155688656e-16 1.4782320208255628e-16
1654.5543665944706 4.47162711550929e-16 1.430076647112604e-16
1655.1365942081889 4.5329022676745575e-16 1.465628454395849e-16
1655.718820287731 6.265163025511954e-16 1.7405359612172674e-16
1656.301044833109 3.1672513058914786e-16 1.2557154617922242e-16
1656.8832678443357 5.599596142040518e-16 1.670923577298883e-16
1657.4654893214224 4.945559200893617e-16 1.4968554249523564e-16
1658.0477092643816 2.5349165207287403e-16 1.2214982286283862e-16
1658.629927673226 3.384561819736629e-16 1.3785418128294724e-16
1659.2121445479668 2.0620052090357763e-16 1.0953233594149072e-16
1659.7943598886166 4.790850116613198e-16 1.547135225235683e-16
1660.376573695187 1.64402514359902e-16 9.485707259796237e-17
1660.9587859676908 2.3805126485668297e-16 1.1267812950808705e-16
1661.5409967061403 2.709112023564284e-16 1.1951547372604786e-16
1662.1232059105469 2.869162735995514e-16 1.297705337615743e-16
1662.705413580923 2.742115908486382e-16 1.2752853974326878e-16
1663.2876197172807 3.1671795283524273e-16 1.3389840244917572e-16
1663.8698243196322 2.8203773756785146e-16 1.2955194998268988e-16
1664.4520273879898 4.56462773067299e-16 1.5661572847300468e-16
1665.0342289223656 2.866645022355918e-16 1.232861968504668e-16
1665.616428922771 6.596805127511696e-17 8.417272700737855e-17
1666.1986273892192 1.348398632122963e-16 9.459899675677071e-17
1666.7808243217214 3.216245453111267e-16 1.2964853678870006e-16
1667.3630197202904 1.8675930195963625e-16 1.116138763475251e-16
1667.9452135849378 4.18637819863905e-16 1.5451976781277022e-16
1668.5274059156766 1.3141764245417838e-16 8.883059566650225e-17
1669.1095967125177 1.534366724018554e-16 9.913131649717793e-17
1669.691785975474 2.1559674845140908e-16 1.1513846622910733e-16
1670.2739737045574 1.336761439877526e-16 1.05655312832068e-16
1670.85615989978 9.11691092251168e-17 9.461010177555086e-17
1671.4383445611545 9.511945573909735e-17 9.198602609071017e-17
1672.020527688692 1.0301333410375756e-16 8.864979059826285e-17
1672.6027092824056 3.7357336647723805e-16 1.4623753347393989e-16
1673.1848893423069 5.725393042751672e-17 8.407289454854241e-17
1673.7670678684076 1.7530263049461128e-16 1.1203406367447648e-16
1674.3492448607208 2.0526334298872815e-16 1.184954832875984e-16
1674.9314203192578 2.13719295983151e-16 1.230170860149501e-16
1675.513594244031 1.8449819407960445e-16 1.1915917535160585e-16
1676.0957666350532 9.309592828459291e-17 9.593550707017913e-17
1676.6779374923356 2.0148931475086892e-16 1.2596217862911218e-16
1677.2601068158906 2.517671359305763e-16 1.2645873738710532e-16
1677.8422746057304 2.1340425718537678e-16 1.2245248427992096e-16
1678.4244408618667 2.590357513022239e-16 1.355044646793334e-16
1679.0066055843126 2.673988882523259e-16 1.400334309327182e-16
1679.5887687730792 4.429994568920256e-16 1.6812998089597837e-16
1680.170930428179 2.7718925190276717e-16 1.3688458441328416e-16
1680.7530905496244 1.6203594592041737e-16 1.1976860556149623e-16
1681.3352491374274 2.4420559192126263e-16 1.3843878120605348e-16
1681.9174061915996 3.8149195527470174e-16 1.5370358123587607e-16
1682.4995617121538 4.3626702805779983e-16 1.629390261205879e-16
1683.081715699102 4.0755664410559007e-16 1.5792776692207514e-16
1683.6638681524557 2.3116165367100795e-16 1.3430474716545562e-16
1684.2460190722277 2.190768812228286e-16 1.3020249887286183e-16
1684.82816845843 3.494632077256028e-16 1.5668240217049278e-16
1685.4103163110742 1.8235457438436468e-16 1.196973862921275e-16
1685.9924626301736 5.4724277355221836e-17 9.491053943910706e-17
1686.5746074157391 -5.3948134966388144e-17 6.33154740458322e-17
1687.1567506677832 1.5997344133203602e-16 1.2179691300888492e-16
1687.7388923863184 1.876835510192505e-16 1.2349987657068345e-16
1688.321032571356 1.5991961302700416e-16 1.2373227135263744e-16
1688.9031712229091 1.8309397666717943e-16 1.3001853228245204e-16
1689.4853083409891 1.8049156594585023e-16 1.2908056806956294e-16
1690.0674439256088 2.2572206011452685e-16 1.4120059921485278e-16
1690.6495779767795 1.1544109926943094e-16 1.1825973312581753e-16
1691.2317104945137 5.697058180868792e-17 1.0768490441222881e-16
1691.8138414788236 2.9162036894337976e-16 1.5537749855560372e-16
1692.3959709297212 3.0059296292671683e-16 1.510015650568939e-16
1692.978098847219 1.65734698090934e-16 1.26544292423654e-16
1693.5602252313283 3.298258723315535e-17 1.0090679253348302e-16
1694.142350082062 1.5210143279781527e-16 1.227319649541773e-16
1694.7244733994316 9.049961595136148e-17 1.1019815716515465e-16
1695.3065951834499 2.350192853000507e-16 1.3940110910097983e-16
1695.8887154341282 1.8500809379857253e-16 1.3010322425301202e-16
1696.4708341514797 3.278743024231144e-16 1.6153396226555055e-16
1697.0529513355154 1.1818282581902366e-16 1.2903462682768775e-16
1697.6350669862481 8.684104221690236e-17 1.2202927474774106e-16
1698.2171811036897 1.5817901230427608e-16 1.311435039584305e-16
1698.799293687852 1.55053784214508e-16 1.283736613635701e-16
1699.381404738748 7.432639805964302e-17 1.1414821509981528e-16
1699.9635142563889 -4.570855491839168e-17 8.64731269467709e-17
1700.5456222407872 1.0331123423936815e-16 1.3182084711624013e-16
1701.1277286919553 4.0120642496610444e-17 1.1334885826635617e-16
1701.7098336099045 -3.6521590503816923e-19 1.0978177859510289e-16
1702.2919369946476 1.4322313880528851e-16 1.5315215774094424e-16
1702.8740388461965 9.2567464532311e-17 1.3161150800374227e-16
1703.4561391645634 1.0709175491758189e-16 1.2103404451641816e-16
1704.0382379497607 -1.127791161023769e-16 6.246893219078297e-17
1704.6203352017997 9.69584313078864e-17 1.3243063984383966e-16
1705.2024309206934 2.0309558770484821e-16 1.5569150313788113e-16
1705.7845251064534 3.009246889234694e-17 1.124766549719381e-16
1706.3666177590917 4.933826104420582e-16 2.0115546475954655e-16
1706.948708878621 2.596150146346039e-16 1.6342749937213e-16
1707.5307984650524 1.3556953160988102e-16 1.4224496659260048e-16
1708.1128865183994 -3.073595765062204e-18 1.1228077015397434e-16
1708.694973038673 2.8292293331996484e-16 1.7481753780883263e-16
1709.2770580258857 2.0652428214111736e-16 1.588094368339313e-16
1709.8591414800496 -4.733269633829735e-17 1.061905943455578e-16
1710.441223401177 1.735393326898326e-16 1.337782873476673e-16
1711.0233037892795 3.008401898291246e-16 1.2962659108771102e-16
1711.60538264437 1.4669731934796306e-16 1.2331877985391805e-16
