wavelength flux error
1851.1864013671875 2.649391556835967e-12 2.74463549345143e-12
1853.84912109375 5.883056194977421e-12 2.6286399950297286e-12
1856.511962890625 1.3312944496801649e-12 3.992654003996127e-12
1859.1748046875 3.4771866375821192e-12 4.641051022939676e-12
1861.8375244140625 4.652850587455459e-12 2.055566593278385e-12
1864.5003662109375 3.3769974663866442e-12 1.794531098220243e-12
1867.1632080078125 6.412561996162192e-13 1.2811446145476945e-12
1869.825927734375 2.8405290272703887e-12 1.2581669083636138e-12
1872.48876953125 1.4106305099709227e-12 1.0715722723257044e-12
1875.151611328125 2.226553360087924e-12 1.0864186056979809e-12
1877.8143310546875 -1.7388710913876504e-13 8.724159481160682e-13
1880.4771728515625 -1.4096948434960677e-12 9.063849082054734e-13
1883.1400146484375 7.14557970085683e-13 8.479623637316847e-13
1885.802734375 6.261772784316166e-13 7.604190985971848e-13
1888.465576171875 2.351375821482704e-12 7.660597358223648e-13
1891.12841796875 1.6933277696695725e-12 7.230924765233982e-13
1893.7911376953125 1.1170916622282867e-12 6.821374141246559e-13
1896.4539794921875 -2.4786338888478643e-13 6.12227889260043e-13
1899.11669921875 2.601665898775002e-13 6.198445939109639e-13
1901.779541015625 1.392712442767341e-12 6.280373862683565e-13
1904.4423828125 1.055656864007437e-12 5.957410378508036e-13
1907.105224609375 1.291943548670238e-12 5.784977491019661e-13
1909.7679443359375 1.3304771780825453e-12 5.798970038815711e-13
1912.4307861328125 -2.1873778829895052e-17 4.814472361154236e-13
1915.093505859375 1.3704284018353774e-12 5.163883494709784e-13
1917.75634765625 5.150267690622046e-13 7.414417246944664e-13
1920.419189453125 5.928060234534904e-13 4.762217963955353e-13
1923.0819091796875 4.971920227955784e-13 3.7993154824700997e-13
1925.7447509765625 9.264883782042488e-13 4.378785019337341e-13
1928.4075927734375 7.472966473062725e-13 4.142648279996392e-13
1931.0703125 6.418982641427651e-13 3.7417940254552836e-13
1933.733154296875 5.424472177863182e-13 3.58765694789164e-13
1936.39599609375 5.905852521435884e-13 3.865830424276085e-13
1939.0587158203125 1.012429289709571e-12 3.603985797651673e-13
1941.7215576171875 8.796250403411698e-13 3.376141200959408e-13
1944.3843994140625 1.2702742503700737e-12 3.388014414428041e-13
1947.047119140625 2.1814402497918883e-13 2.8720531818429683e-13
1949.7099609375 7.369739584220381e-13 2.9277157502640856e-13
1952.372802734375 8.216278677385114e-13 3.2207533800296576e-13
1955.0355224609375 5.711209500117165e-13 3.6112300671784894e-13
1957.6983642578125 1.205148611113649e-12 2.965934267356323e-13
1960.361083984375 1.186872757193147e-12 3.121255834981046e-13
1963.02392578125 1.1129339637372393e-12 4.543865036437813e-13
1965.686767578125 8.168591671131598e-13 2.4803526190689304e-13
1968.349609375 -1.9665614080753568e-13 2.1924059445731126e-13
1971.0123291015625 7.177318635254171e-13 2.4127136791986556e-13
1973.6751708984375 8.926301538203507e-13 2.412833025722768e-13
1976.337890625 1.2380456902716386e-12 2.661717143779761e-13
1979.000732421875 5.206017908432337e-13 1.9493997299635602e-13
1981.66357421875 1.1257607259590463e-12 2.2412618480930033e-13
1984.3262939453125 7.395108830854369e-13 2.0319636749707142e-13
1986.9891357421875 6.474622270616348e-13 1.8840147446125233e-13
1989.6519775390625 9.212256608590041e-13 1.9716541792966646e-13
1992.314697265625 7.362648902012325e-13 1.8939457787028278e-13
1994.9775390625 4.590452367184139e-13 1.7472190240428746e-13
1997.640380859375 7.562056449778032e-13 1.769263668251167e-13
2000.3031005859375 1.1647244583731786e-12 1.922546763140208e-13
2002.9659423828125 1.0327986296049252e-12 1.857221180937788e-13
2005.6287841796875 9.605696229750271e-13 1.7875073950499118e-13
2008.29150390625 4.859507436207056e-13 1.5565543894536742e-13
2010.954345703125 1.1050456339908865e-12 1.857972861599992e-13
2013.6171875 1.4816507395987166e-12 2.0159437018352336e-13
2016.2799072265625 5.131819990657205e-13 1.4387123069399041e-13
2018.9427490234375 5.847992446197936e-13 1.4479683178635086e-13
2021.60546875 9.339219935594611e-13 1.674627306696158e-13
2024.268310546875 4.784599366008946e-13 1.4567950177315497e-13
2026.93115234375 9.239937374255769e-13 1.656659772615135e-13
2029.593994140625 9.950815128487167e-13 1.583963691903385e-13
2032.2567138671875 4.774222467016087e-13 1.4091819447148803e-13
2034.9195556640625 9.274141784393342e-13 1.5673604058493837e-13
2037.582275390625 8.644424152187691e-13 1.5404915135816852e-13
2040.2451171875 9.31578165302982e-13 1.5385352578998271e-13
2042.907958984375 8.810773291512142e-13 1.5272340681054843e-13
2045.57080078125 9.056855742803349e-13 1.5586336287807382e-13
2048.2333984375 8.431750306639452e-13 1.5038485587554556e-13
2050.896240234375 7.318146739640485e-13 1.4222663897304077e-13
2053.55908203125 1.1611214377135748e-12 1.5503504735715252e-13
2056.221923828125 1.194105144625146e-12 1.5381297706535296e-13
2058.884765625 7.961300347268663e-13 1.3764636893860836e-13
2061.547607421875 5.265517839456169e-13 1.3127103539336702e-13
2064.21044921875 7.933818532701586e-13 1.4162686112319604e-13
2066.873046875 7.217379363426424e-13 1.2944439454986716e-13
2069.535888671875 7.475032962403483e-13 1.299671756137323e-13
2072.19873046875 7.127029001685603e-13 1.2530672964910406e-13
2074.861572265625 9.59884298781799e-13 1.3612777506333748e-13
2077.5244140625 6.20434964255373e-13 1.1847905900427627e-13
2080.18701171875 5.712717625339092e-13 1.151556510803972e-13
2082.849853515625 1.080033089871646e-12 1.3486084899258293e-13
2085.5126953125 9.098234318716258e-13 1.2786340545243294e-13
2088.175537109375 7.198346736389527e-13 1.1906046505275888e-13
2090.83837890625 5.898998737402517e-13 1.355451936115762e-13
2093.501220703125 9.795143212157353e-13 1.2434774447712173e-13
2096.163818359375 7.537066673904413e-13 1.166241036499987e-13
2098.82666015625 6.197037241001402e-13 2.0156365128152104e-13
2101.489501953125 8.740745757393475e-13 1.236764139168115e-13
2104.15234375 9.625903589841056e-13 1.2756989296354912e-13
2106.815185546875 7.540439626863016e-13 1.143894930266431e-13
2109.47802734375 6.733711353269778e-13 1.0959341170310234e-13
2112.140625 5.271408309859282e-13 1.0250028343791987e-13
2114.803466796875 7.768957460858872e-13 1.1382626416491067e-13
2117.46630859375 7.045596202813476e-13 1.0832880051017915e-13
2120.129150390625 8.987012523054005e-13 1.1725975956746607e-13
2122.7919921875 5.470492223276502e-13 1.1472073625310155e-13
2125.45458984375 9.352059057721185e-13 1.2751484490254678e-13
2128.117431640625 7.638478608310018e-13 1.158200883660515e-13
2130.7802734375 6.203196593543292e-13 1.1027315999634329e-13
2133.443115234375 7.632014594957659e-13 1.044458461539696e-13
2136.10595703125 7.905511098180162e-13 1.3504242565883569e-13
2138.768798828125 4.700581287056527e-13 9.012437765659132e-14
2141.431640625 7.447184687502106e-13 9.976914915269473e-14
2144.09423828125 6.041232509905459e-13 1.2708146311240177e-13
2146.757080078125 9.36706658419273e-13 1.6031446187070317e-13
2149.419921875 6.953675916326896e-13 9.694276791910597e-14
2152.082763671875 6.590586908682139e-13 1.1295402317251252e-13
2154.74560546875 5.091537001039592e-13 8.924313373719875e-14
2157.408203125 7.852463796385878e-13 9.806691497334598e-14
2160.071044921875 1.0696361331385962e-12 1.1272330885672902e-13
2162.73388671875 7.955145331535463e-13 9.822814894736742e-14
2165.396728515625 6.974956636568441e-13 9.219900988522133e-14
2168.0595703125 7.520612821734773e-13 9.373004807565107e-14
2170.72216796875 7.108497818153481e-13 9.55594690581279e-14
2173.385009765625 7.971923360154676e-13 9.439307531256571e-14
2176.0478515625 7.71277735688719e-13 1.0469616627806735e-13
2178.710693359375 4.511316721664965e-13 8.145779761463878e-14
2181.37353515625 6.841616032385311e-13 8.751193760251873e-14
2184.036376953125 7.183516476973184e-13 1.1004972048808148e-13
2186.69921875 5.039469818009235e-13 8.608444039392955e-14
2189.36181640625 4.002864391946387e-13 8.561560175987154e-14
2192.024658203125 7.394334710503214e-13 9.963741796077264e-14
2194.6875 7.198550566397954e-13 1.095785353867176e-13
2197.350341796875 5.234976406358338e-13 1.0848846355068463e-13
2200.01318359375 7.652147145098542e-13 9.180831994950384e-14
2202.67578125 7.768443549029114e-13 8.862166915896021e-14
2205.338623046875 7.208579436493445e-13 8.876113128587645e-14
2208.00146484375 6.51783423240293e-13 1.434196059847058e-13
2210.664306640625 6.146256463848698e-13 7.819829155376784e-14
2213.3271484375 8.453474465569544e-13 1.4104282636780987e-13
2215.989990234375 2.831512422533239e-13 6.621082507805708e-14
2218.652587890625 5.255403317389051e-13 1.0390560406669056e-13
2221.3154296875 8.281396401965679e-13 8.573251501573753e-14
2223.978271484375 9.033350239703863e-13 9.920644046427078e-14
2226.64111328125 6.717410915707545e-13 1.513485690191073e-13
2229.303955078125 6.159119438423066e-13 7.652699991152308e-14
2231.966796875 4.208224209639039e-13 7.998970878371302e-14
2234.62939453125 5.365860750519702e-13 6.701628698902108e-14
2237.292236328125 5.214740314909982e-13 7.909753111221749e-14
2239.955078125 7.042049235406189e-13 1.1540669304812808e-13
2242.617919921875 6.244694431695175e-13 7.04403218026921e-14
2245.28076171875 7.33769761531583e-13 9.03746277081485e-14
2247.943359375 7.358332693163661e-13 7.817609261017491e-14
2250.606201171875 6.284601745260021e-13 9.172060079164031e-14
2253.26904296875 6.200728949398715e-13 6.745292480736079e-14
2255.931884765625 8.071795185374264e-13 1.1580174768521848e-13
2258.5947265625 5.839766604315288e-13 7.124300255082327e-14
2261.257568359375 6.289280077634296e-13 6.738870482349967e-14
2263.92041015625 6.617605768921564e-13 7.62876575945697e-14
2266.5830078125 5.335234749652418e-13 6.018643621907802e-14
2269.245849609375 6.058040354084415e-13 6.211834682684699e-14
2271.90869140625 5.829591909027598e-13 9.167078921212319e-14
2274.571533203125 9.956959302198642e-13 1.0302028320362546e-13
2277.234375 5.807901360364853e-13 8.482247973883498e-14
2279.89697265625 6.912396002811683e-13 7.8062114732497e-14
2282.559814453125 7.268386196732091e-13 8.52996953938872e-14
2285.22265625 6.975221723999614e-13 6.325658701439134e-14
2287.885498046875 6.131504809089861e-13 6.036567017927235e-14
2290.54833984375 5.599616365210836e-13 5.373579062921687e-14
2293.2109375 7.861491405775078e-13 7.281729992188364e-14
2295.873779296875 6.452688860666966e-13 5.589647774901801e-14
2298.53662109375 6.377772658952563e-13 6.198510735859735e-14
2301.199462890625 8.068082877135674e-13 6.406841379553688e-14
2303.8623046875 7.421316707868775e-13 6.95430155878212e-14
2306.525146484375 6.051984000748911e-13 9.104086883076499e-14
2309.18798828125 7.692674080204964e-13 9.142759627786844e-14
2311.8505859375 5.364057180205772e-13 5.3911238902887043e-14
2314.513427734375 5.737222220740523e-13 4.910127698248713e-14
2317.17626953125 5.852372622974777e-13 7.72357662322759e-14
2319.839111328125 6.921750499155888e-13 6.61394198318179e-14
2322.501953125 8.338550119488253e-13 7.41540759833686e-14
2325.16455078125 5.951180303762071e-13 6.743262076568319e-14
2327.827392578125 5.334338656556858e-13 4.731856622164379e-14
2330.490234375 6.082542781081501e-13 6.764095327391943e-14
2333.153076171875 7.184628868402154e-13 7.616588186314617e-14
2335.81591796875 9.069534403008395e-13 1.0305201960667613e-13
2338.478515625 6.272580111571502e-13 4.705389524621919e-14
2341.1416015625 7.613453053764707e-13 5.413550659898733e-14
2343.80419921875 5.311976444648259e-13 5.538887009840271e-14
2346.467041015625 4.635763344376653e-13 4.026977665924454e-14
2349.1298828125 6.98815571381628e-13 7.843732792470028e-14
2351.792724609375 7.110912336391606e-13 6.015131350552966e-14
2354.45556640625 7.409250079790097e-13 4.979609671144342e-14
2357.1181640625 6.606961071992101e-13 4.795756047042876e-14
2359.781005859375 7.390174626767387e-13 5.2824540359628307e-14
2362.44384765625 6.508905827512512e-13 5.4825897514544016e-14
2365.106689453125 7.270476538520643e-13 4.842465143190318e-14
2367.76953125 7.541349272485731e-13 4.917502198814754e-14
2370.43212890625 9.212749920578522e-13 6.144759024455908e-14
2373.094970703125 6.302854288833815e-13 6.573304328256531e-14
2375.7578125 6.107499488788859e-13 5.4882493300996575e-14
2378.420654296875 6.391973539007778e-13 4.946371350543319e-14
2381.08349609375 5.187951305531124e-13 5.021506170991561e-14
2383.746337890625 5.267807674444458e-13 6.73828643329227e-14
2386.4091796875 5.853290942214873e-13 6.296606471309836e-14
2389.07177734375 6.730784549505153e-13 4.281430250220977e-14
2391.734619140625 8.035915682880201e-13 6.721823238946153e-14
2394.3974609375 7.16464648026216e-13 6.922935614168622e-14
2397.060302734375 7.291008075061001e-13 4.3603644666366513e-14
2399.72314453125 6.588171848342927e-13 5.310694217540552e-14
2402.3857421875 7.407314778912211e-13 7.344346127710308e-14
2405.048583984375 7.969192796983271e-13 6.190147471102522e-14
2407.71142578125 8.373901615524315e-13 6.15197685874526e-14
2410.374267578125 7.242638563539905e-13 5.321978413332991e-14
2413.037109375 7.863103072304478e-13 6.841518402755113e-14
2415.69970703125 8.803500463339109e-13 4.900658447596252e-14
2418.362548828125 8.180134087459878e-13 5.667959200189552e-14
2421.025390625 6.685644876255892e-13 4.0516850928226885e-14
2423.688232421875 8.316466005436896e-13 7.354061589752476e-14
2426.35107421875 7.463724733744459e-13 4.6477841986390576e-14
2429.013916015625 7.165506794686027e-13 6.107727327455541e-14
2431.6767578125 7.803101155674785e-13 4.164198490679169e-14
2434.33935546875 7.176678955972404e-13 5.263264791158805e-14
2437.002197265625 8.7943904545848e-13 6.829100253699371e-14
2439.6650390625 7.859096403176058e-13 4.4915110344752034e-14
2442.327880859375 7.655672428462379e-13 4.114109794515505e-14
2444.99072265625 8.162316851058338e-13 4.40324312265655e-14
2447.6533203125 8.53490889074493e-13 4.315412670190936e-14
2450.316162109375 8.287416976629491e-13 6.977509131145241e-14
2452.97900390625 7.451572995795241e-13 3.920157414942753e-14
2455.641845703125 7.45889407096495e-13 4.02859116013144e-14
2458.3046875 7.520680584370554e-13 4.475519571805962e-14
2460.96728515625 7.133321711094709e-13 3.7783981292425254e-14
2463.63037109375 8.637919481253864e-13 4.7245595282277617e-14
2466.29296875 9.158609200893286e-13 5.316596136292756e-14
2468.955810546875 8.126570163330404e-13 4.1222143019817006e-14
2471.61865234375 7.17435659491894e-13 3.541639046536211e-14
2474.281494140625 7.394654008043011e-13 4.0707689629571874e-14
2476.9443359375 9.423587127646571e-13 7.138608450255157e-14
2479.60693359375 7.29649522225595e-13 3.5695417046055675e-14
2482.269775390625 9.102872535610151e-13 6.764351421979881e-14
2484.9326171875 8.387144602960139e-13 5.1863628871260206e-14
2487.595458984375 8.550364734814797e-13 4.9534296353619094e-14
2490.25830078125 7.600290839390733e-13 5.18351041570767e-14
2492.9208984375 7.679928741566311e-13 3.569899955879447e-14
2495.583740234375 8.467171733715639e-13 6.460149332889175e-14
2498.24658203125 9.593147673805924e-13 7.243198332142322e-14
2500.909423828125 8.663919733552239e-13 3.901615536141711e-14
2503.572265625 8.008209980564507e-13 4.0749286391596485e-14
2506.235107421875 8.737975620842775e-13 5.162630193391218e-14
2508.89794921875 9.004147254187966e-13 4.2937502525038763e-14
2511.560546875 8.873200026300598e-13 5.42033380307976e-14
2514.223388671875 9.97130546534497e-13 6.334021911162598e-14
2516.88623046875 9.573334963305924e-13 5.875356892267028e-14
2519.549072265625 9.31845529558717e-13 4.039116639263996e-14
2522.2119140625 8.418996836484505e-13 3.7368642567762607e-14
2524.87451171875 8.466712031994506e-13 4.173763685829896e-14
2527.537353515625 9.6184898153856e-13 4.133960392485404e-14
2530.2001953125 1.0105748703137518e-12 4.287640618029088e-14
2532.863037109375 9.374197381881166e-13 4.332005093006421e-14
2535.52587890625 9.71699934057546e-13 5.0668924430446344e-14
2538.1884765625 8.594195233940782e-13 5.236490305276103e-14
2540.851318359375 9.230322669390167e-13 5.0458917592737254e-14
2543.51416015625 8.092316421993984e-13 3.6471828310516346e-14
2546.177001953125 8.748137847805482e-13 4.0861026659085865e-14
2548.83984375 8.992400465750172e-13 3.847501190195015e-14
2551.502685546875 9.417075409398623e-13 6.029835992558806e-14
2554.16552734375 9.131541009455013e-13 5.313049724535776e-14
2556.828125 8.406167472177484e-13 5.782204307720201e-14
2559.490966796875 8.740759852021718e-13 3.567741005742352e-14
2562.15380859375 1.0712492091308201e-12 5.194458442850489e-14
2564.816650390625 9.323162901420101e-13 3.939317054685823e-14
2567.4794921875 9.282034776209036e-13 4.966956498337494e-14
2570.14208984375 8.375175553076986e-13 3.414349123246312e-14
2572.804931640625 9.805835613982405e-13 4.191120997975639e-14
2575.4677734375 9.10365316117434e-13 3.849049532949973e-14
2578.130615234375 8.902380785671959e-13 5.3971326452192777e-14
2580.79345703125 9.505285013949871e-13 5.3223664142622955e-14
2583.4560546875 8.494311482497297e-13 3.827974371026248e-14
2586.119140625 6.651533707505153e-13 3.959496649483991e-14
2588.78173828125 7.396768744380444e-13 4.201156426747032e-14
2591.444580078125 9.189292122374626e-13 3.982287215634412e-14
2594.107421875 8.786644914264563e-13 3.6337818589354746e-14
2596.770263671875 8.648054603162258e-13 5.115202208320688e-14
2599.43310546875 6.290386505951318e-13 4.200016893209405e-14
2602.095703125 6.65771365988832e-13 2.9065121474540727e-14
2604.758544921875 8.395616016634855e-13 3.5381354536643973e-14
2607.42138671875 7.873484850207113e-13 3.0491438729410995e-14
2610.084228515625 9.855185244267428e-13 3.784564227334299e-14
2612.7470703125 9.927969904510725e-13 5.0114135088257065e-14
2615.40966796875 8.910838646819519e-13 3.300537996020638e-14
2618.072509765625 7.694146968856286e-13 2.985304861358316e-14
2620.7353515625 8.828985719605553e-13 4.188579510563435e-14
2623.398193359375 9.591151657606378e-13 4.708295379948558e-14
2626.06103515625 9.419114793685068e-13 3.407390462393553e-14
2628.723876953125 8.103050565602676e-13 3.082161827852088e-14
2631.38671875 7.977561753552687e-13 4.3729115511723784e-14
2634.04931640625 9.21083847214843e-13 3.25866493339121e-14
2636.712158203125 9.59362580696399e-13 3.755359104456448e-14
2639.375 9.099160227371561e-13 4.1878477599629346e-14
2642.037841796875 1.05005023773308e-12 3.8490477000097804e-14
2644.70068359375 8.79629919250946e-13 3.5207865805406217e-14
2647.36328125 9.18317830632398e-13 4.560687846286725e-14
2650.026123046875 9.139757093518108e-13 3.213079717219551e-14
2652.68896484375 9.336630860806716e-13 3.21082358293853e-14
2655.351806640625 8.884763584571242e-13 3.47813051576235e-14
2658.0146484375 9.89249914623569e-13 3.9119355215083163e-14
2660.67724609375 8.020561211713462e-13 3.092848210939748e-14
2663.34033203125 7.660823472983858e-13 3.4053364028620256e-14
2666.0029296875 8.519903532677731e-13 2.9298953998275725e-14
2668.665771484375 9.494619717179131e-13 3.315301709206535e-14
2671.32861328125 9.628611926867925e-13 3.3641548626696285e-14
2673.991455078125 9.333876987288603e-13 3.1296860830804785e-14
2676.654296875 8.576731447447472e-13 2.911315775510638e-14
2679.31689453125 9.198735523296975e-13 3.073783564593161e-14
2681.979736328125 9.546496622728218e-13 3.3883992157950575e-14
2684.642578125 8.863847156259652e-13 2.956190386337801e-14
2687.305419921875 8.641582458293606e-13 2.8848510119571606e-14
2689.96826171875 8.326421149784657e-13 3.512257015432519e-14
2692.630859375 9.250414019848496e-13 3.0236598179253456e-14
2695.293701171875 9.355772450161948e-13 3.0629239125902626e-14
2697.95654296875 8.345425045463983e-13 2.7585978648660128e-14
2700.619384765625 8.679361482993864e-13 2.7932298118940358e-14
2703.2822265625 9.05341882191657e-13 2.9457671499111024e-14
2705.94482421875 8.531359212832212e-13 2.7752165007853265e-14
2708.60791015625 9.31039425243474e-13 2.975049915214382e-14
2711.2705078125 9.563432944864614e-13 3.075524586114346e-14
2713.933349609375 9.108252346790024e-13 2.914564492607957e-14
2716.59619140625 9.220027085560245e-13 3.605870207047023e-14
2719.259033203125 9.412714748260886e-13 2.973661205046362e-14
2721.921875 1.000874947157393e-12 4.623227798858376e-14
2724.58447265625 9.660096073754731e-13 3.060889568103436e-14
2727.247314453125 8.904010341537205e-13 2.8063666961102627e-14
2729.91015625 9.723723562449216e-13 2.9996174552838606e-14
2732.572998046875 9.706825187388857e-13 2.9873564127575607e-14
2735.23583984375 8.341638469376578e-13 2.8378244692102526e-14
2737.8984375 8.813483796943355e-13 2.9420292048698214e-14
2740.561279296875 8.737571213432438e-13 2.8945347531337424e-14
2743.22412109375 9.534564977820015e-13 3.104466802983371e-14
2745.886962890625 9.426207644297468e-13 2.8399559277113086e-14
2748.5498046875 9.649130452982213e-13 2.9407373533162375e-14
2751.212646484375 7.995928138354591e-13 3.8111973023032333e-14
2753.87548828125 9.542523021766058e-13 2.8785474735415355e-14
2756.5380859375 9.29056853150867e-13 2.8186490850715917e-14
2759.200927734375 8.89765691680644e-13 2.9627873941093446e-14
2761.86376953125 9.074905540570888e-13 2.7188529852938737e-14
2764.526611328125 9.035090926291789e-13 2.7037619761554425e-14
2767.189453125 8.503186219380177e-13 3.870634620651604e-14
2769.85205078125 8.287602375200986e-13 2.577509189072373e-14
2772.514892578125 8.442215568109368e-13 3.864933750103404e-14
2775.177734375 9.157140106949568e-13 4.027990641768467e-14
2777.840576171875 9.021334569127293e-13 2.742787315493985e-14
2780.50341796875 8.886212078673683e-13 2.8287502081407177e-14
2783.166015625 8.787868436416213e-13 3.56294472417569e-14
2785.8291015625 9.070052651646843e-13 2.8315628404183163e-14
2788.49169921875 8.35680212096096e-13 3.804878775329895e-14
2791.154541015625 7.997965354236691e-13 3.111910688857933e-14
2793.8173828125 6.870769144601274e-13 2.650256679356397e-14
2796.47998046875 5.134902919534667e-13 1.7886288323702606e-14
2799.14306640625 5.538949290548323e-13 1.879215856410671e-14
2801.8056640625 5.310989820671297e-13 1.847497465721066e-14
2804.468505859375 5.589127251293124e-13 1.8800204993364683e-14
2807.13134765625 7.6079209121796e-13 2.314287948257447e-14
2809.794189453125 9.177162068468858e-13 2.671572369894783e-14
2812.45703125 9.297265648328112e-13 2.865455977822741e-14
2815.11962890625 9.290639004649881e-13 2.8359325021786467e-14
2817.78271484375 9.272196725695903e-13 3.9227664492364964e-14
2820.4453125 9.013354299036713e-13 3.875165908106236e-14
2823.108154296875 9.901752811777853e-13 3.070071875909372e-14
2825.77099609375 9.660773700112535e-13 4.191656719529195e-14
2828.43359375 9.425015021907734e-13 3.909475147041361e-14
2831.0966796875 9.369547238763376e-13 3.074124246096087e-14
2833.75927734375 9.278891674111e-13 2.7922641286626978e-14
2836.422119140625 8.958057819835608e-13 2.697802789873231e-14
2839.0849609375 9.425669880019916e-13 4.113851322313025e-14
2841.74755859375 1.020484803430921e-12 4.053529701567721e-14
2844.41064453125 9.520116899669473e-13 2.686982362341195e-14
2847.0732421875 8.368620466742138e-13 2.5515785505048504e-14
2849.736083984375 9.651021301571028e-13 2.9550808228591295e-14
2852.39892578125 8.165060424655812e-13 3.079851697186925e-14
2855.061767578125 8.614903495435255e-13 2.4081887679143304e-14
2857.724609375 9.0510612242925e-13 2.52199854882866e-14
2860.38720703125 1.007585616503992e-12 2.882506868067508e-14
2863.05029296875 9.412915325662796e-13 3.805192855146737e-14
2865.712890625 9.961432720362318e-13 2.81621392756391e-14
2868.375732421875 9.765491366942047e-13 2.7526953606509014e-14
2871.03857421875 9.510279933358512e-13 3.7653084453527844e-14
2873.701171875 9.01135069342196e-13 2.4151345011041636e-14
2876.3642578125 9.543148606419583e-13 2.984835810138753e-14
2879.02685546875 9.555233123834106e-13 2.7058469717828677e-14
2881.689697265625 1.0072522243359527e-12 2.9714048962008387e-14
2884.3525390625 9.223939971200745e-13 2.6322409088402663e-14
2887.015380859375 9.420858190778425e-13 2.6275480192449038e-14
2889.67822265625 1.0041353599304914e-12 2.719705711421026e-14
2892.3408203125 9.3501118306194e-13 2.4357450030190854e-14
2895.00390625 8.965810949571051e-13 2.3480486970723566e-14
2897.66650390625 9.410556101735468e-13 3.4080341979179664e-14
2900.329345703125 9.033596353597018e-13 2.3748833354008944e-14
2902.9921875 9.089826330868633e-13 2.3722044876038075e-14
2905.65478515625 9.331099261322695e-13 2.565546404284624e-14
2908.31787109375 9.273903259915395e-13 2.386057951118189e-14
2910.98046875 9.80182406594421e-13 2.6090711679586303e-14
2913.643310546875 8.777099598338001e-13 2.4527383338022696e-14
2916.30615234375 8.443957881000552e-13 2.2173705411020416e-14
2918.96875 8.771546856911616e-13 3.555393578658435e-14
2921.6318359375 9.510005630208873e-13 2.4337604721757484e-14
2924.29443359375 9.533693279273336e-13 2.6551899948744763e-14
2926.957275390625 9.392433662422373e-13 2.7980069352843707e-14
2929.6201171875 9.250142969305375e-13 2.5373236384573157e-14
2932.282958984375 1.053602734571446e-12 2.5902249180668422e-14
2934.94580078125 1.0121174731647642e-12 2.497517853800016e-14
2937.6083984375 9.16247112903168e-13 2.3363259370417386e-14
2940.271484375 8.592390037323594e-13 2.2488866368737177e-14
2942.93408203125 8.962681942101258e-13 2.3071454255172348e-14
2945.596923828125 8.708988933660289e-13 2.295184489809352e-14
2948.259765625 9.209030022924725e-13 2.5261031273780837e-14
2950.92236328125 8.510770213576713e-13 2.2960097159821398e-14
2953.58544921875 9.290871023914793e-13 2.3563196351350176e-14
2956.248046875 9.756232280389021e-13 2.4341428865911773e-14
2958.910888671875 8.719304575230402e-13 2.5075641371608244e-14
2961.57373046875 8.688724652955448e-13 2.2847821431699618e-14
2964.236328125 8.914862121081613e-13 2.3294046020946133e-14
2966.8994140625 8.280699259968771e-13 2.244992054729313e-14
2969.56201171875 9.575838386122193e-13 2.4223782181356564e-14
2972.224853515625 8.851877564275412e-13 2.3184101422896718e-14
2974.8876953125 9.305096840619975e-13 2.3897297468755556e-14
2977.550537109375 8.792649767996874e-13 2.3465565488169756e-14
2980.21337890625 8.467578309530321e-13 2.282085019819565e-14
2982.8759765625 8.834209405672588e-13 2.339852262294524e-14
2985.5390625 8.862477808915803e-13 2.3592154284491693e-14
2988.20166015625 9.665172308326309e-13 2.4726734153197984e-14
2990.864501953125 9.781779336179297e-13 2.498075423841783e-14
2993.52734375 8.346515752849504e-13 2.2977979581468548e-14
2996.18994140625 9.232926923008478e-13 2.4618155347004685e-14
2998.85302734375 9.885185118380102e-13 2.558057776804811e-14
3001.515625 9.526539713339277e-13 2.4748149134445413e-14
3004.178466796875 9.173095226119865e-13 2.430070293485514e-14
3006.84130859375 8.912345687839274e-13 2.4061586980895608e-14
3009.504150390625 8.930119014052829e-13 2.4158949111286887e-14
3012.1669921875 8.731058410982317e-13 2.4324180829550246e-14
3014.82958984375 8.862458293276698e-13 2.4482890451634074e-14
3017.49267578125 8.718878483776615e-13 2.4331049063328005e-14
3020.1552734375 8.939100544849699e-13 2.4962314560022875e-14
3022.818115234375 8.628097151672232e-13 2.450273688441812e-14
3025.48095703125 8.670872179983302e-13 2.4978669074459045e-14
3028.1435546875 8.934595684823021e-13 2.561101840488907e-14
3030.806640625 8.542454937865429e-13 2.5055251829416007e-14
3033.46923828125 9.130088178543883e-13 2.570011812389753e-14
3036.132080078125 8.738944897584977e-13 2.5402587271489638e-14
3038.794921875 9.257546985941278e-13 2.642166838139407e-14
3041.45751953125 9.664551060481474e-13 2.7138653208354764e-14
3044.12060546875 8.525121797733903e-13 2.5707003577199974e-14
3046.783203125 8.395037052674748e-13 2.5644005337271106e-14
3049.446044921875 8.338530603849148e-13 2.5707092505936722e-14
3052.10888671875 5.704951485177578e-13 4.3542661760496645e-14
3065.4228515625 9.136714822222114e-13 2.9074266902134854e-14
3068.085693359375 9.791846153350825e-13 3.119810093077383e-14
3070.74853515625 9.28095924765393e-13 2.906934556566752e-14
3073.4111328125 9.052188252450799e-13 2.875592174068191e-14
3076.07421875 8.842588662162643e-13 2.8804340639506516e-14
3078.73681640625 8.759289951351668e-13 2.913492706310469e-14
3081.399658203125 8.784506867580422e-13 2.935665497545712e-14
3084.0625 9.424423047521557e-13 3.098009263333943e-14
3086.72509765625 9.139015499232128e-13 3.0910288982507283e-14
3089.38818359375 9.180260718277822e-13 3.0697674274517474e-14
3092.05078125 8.922724755236477e-13 3.0539604006918036e-14
3094.713623046875 9.06361520124771e-13 3.085799808920799e-14
3097.37646484375 9.826733610857064e-13 3.2855857583692496e-14
3100.039306640625 1.036722682527802e-12 3.414900482951663e-14
3102.7021484375 1.040291333978538e-12 3.4405799032311775e-14
3105.36474609375 1.0037398429779687e-12 3.506660414864335e-14
3108.02783203125 9.994348014116805e-13 3.3833200041550355e-14
3110.6904296875 9.871971946504021e-13 3.3465489223492643e-14
3113.353271484375 9.439293964519369e-13 3.312721842921212e-14
3116.01611328125 9.14180406721976e-13 3.2857078714051314e-14
3118.6787109375 9.036860886338371e-13 3.299447744472115e-14
3121.341796875 8.646078102601817e-13 3.242038502943254e-14
3124.00439453125 8.766180056157813e-13 3.296045124997459e-14
3126.667236328125 9.044570647986916e-13 3.343592283366064e-14
3129.330078125 8.553353338103253e-13 3.2797785417209263e-14
3131.992919921875 8.467202091376469e-13 3.295824585267926e-14
3134.65576171875 8.011927167712873e-13 3.2173504865714414e-14
3137.318359375 7.677964167229767e-13 3.195135602400699e-14
3139.9814453125 8.824525311867948e-13 3.448117082090549e-14
3142.64404296875 9.389371875487273e-13 3.6258527613780095e-14
3145.306884765625 9.265821616921688e-13 3.628672461298133e-14
3147.9697265625 9.713471346706193e-13 3.7433869762878246e-14
3150.63232421875 8.324800267536792e-13 3.387349766681563e-14
3153.29541015625 7.996532581065752e-13 3.35084229392623e-14
3155.9580078125 8.613584563492427e-13 3.4726795713544414e-14
3158.620849609375 8.288476784253096e-13 3.4741653293878756e-14
3161.28369140625 8.821658681323896e-13 3.703515570142443e-14
3163.9462890625 8.596714919789639e-13 3.6729256877826044e-14
3166.609375 9.336217779779e-13 3.858696839892573e-14
3169.27197265625 9.1040369687434e-13 3.776439503042643e-14
3171.934814453125 8.948133033148675e-13 3.7878905553092923e-14
3174.59765625 8.914301588558438e-13 3.822390972504422e-14
3177.260498046875 8.494966882710564e-13 3.689869940367274e-14
3179.92333984375 7.72368226233805e-13 3.5637087888767716e-14
3182.5859375 8.589831320196528e-13 3.790688447708988e-14
3185.2490234375 8.387118040006913e-13 3.6959311331471355e-14
3187.91162109375 8.356962040781402e-13 3.694153855109505e-14
3190.574462890625 8.882065005363926e-13 3.8806157335110326e-14
3193.2373046875 8.92817829216408e-13 3.9421761815278427e-14
3195.89990234375 7.972300120409614e-13 3.7277146731810626e-14
3198.56298828125 8.213654366026613e-13 3.83069665946271e-14
3201.2255859375 8.248206805061553e-13 3.814869522660073e-14
3203.888427734375 8.750588144715299e-13 3.9167035726997994e-14
3206.55126953125 9.219838434382233e-13 4.232038536308849e-14
3209.2138671875 9.869656090663592e-13 4.409545634035521e-14
3211.876953125 9.18232720761858e-13 4.112915830434814e-14
3214.53955078125 8.223065240883787e-13 3.919958995419237e-14
3217.202392578125 8.576618148320447e-13 4.1109312303089074e-14
3219.865234375 8.47711983074928e-13 4.122142367343682e-14
3222.528076171875 8.427326761775711e-13 4.1892457136660185e-14
3225.19091796875 8.833286749623803e-13 4.0670440980131946e-14
3227.853515625 7.761160420935442e-13 3.816703596634652e-14
3230.5166015625 7.723854108382389e-13 3.7803503711442065e-14
3233.17919921875 8.504261747935282e-13 3.987462612270362e-14
3235.842041015625 8.931945894713467e-13 4.585420738355377e-14
3238.5048828125 8.780605366062733e-13 4.1135619335509525e-14
3241.16748046875 8.031537674507705e-13 3.9325326480151604e-14
3243.83056640625 8.840448989175242e-13 4.123493765530725e-14
3246.4931640625 7.517140122176302e-13 3.714411444716765e-14
3249.156005859375 6.971589104620701e-13 3.778040161198089e-14
3251.81884765625 8.164450018832703e-13 4.104831281017504e-14
3254.481689453125 8.043670438918904e-13 3.762432882642464e-14
3257.14453125 8.682570721424421e-13 3.965993221332329e-14
3259.80712890625 8.763522676633051e-13 3.9751816454586993e-14
3262.47021484375 8.667626078678881e-13 3.825180418012595e-14
3265.1328125 8.684658894808628e-13 3.824469021623934e-14
3267.795654296875 9.285885862325705e-13 3.8900279940182233e-14
3270.45849609375 7.472740416909762e-13 3.5315765714627807e-14
3273.12109375 7.107343142839784e-13 3.4552439428024073e-14
3275.7841796875 8.115441912232013e-13 3.7861712913386963e-14
3278.44677734375 8.450085249578354e-13 3.896139727995775e-14
3281.109619140625 7.980307495554506e-13 3.9271460339903657e-14
3283.7724609375 9.051286196243291e-13 3.805796079846753e-14
3286.43505859375 9.088872232956846e-13 4.423214305493596e-14
3289.09814453125 8.22699926846665e-13 4.0485671385674636e-14
3291.7607421875 9.000669675719719e-13 4.3347612421978675e-14
3294.423583984375 8.487265794679399e-13 4.6074481696755513e-14
3297.08642578125 7.59984252179241e-13 4.1242194490688616e-14
3299.749267578125 6.88850777634531e-13 4.155730260750164e-14
3302.412109375 8.003960992250536e-13 4.2803297086132804e-14
3305.07470703125 7.439135028472488e-13 4.4091289669744675e-14
3307.73779296875 6.837609905357978e-13 4.552842642766206e-14
3310.400390625 7.325148517270397e-13 4.5963331718777064e-14
3313.063232421875 7.924881996294875e-13 4.7317758705999505e-14
3315.72607421875 8.129689412980645e-13 5.6382490250151543e-14
3318.388671875 1.0645589227850638e-12 5.831314987425842e-14
3321.0517578125 1.1232852755588274e-12 6.38137040883226e-14
3323.71435546875 8.836165306391752e-13 6.944835558578241e-14
3326.377197265625 8.08978914672992e-13 6.607410730438511e-14
3329.0400390625 8.466546691163201e-13 6.879536000537487e-14
3331.70263671875 1.1202484252736955e-12 7.00186332103434e-14
3334.36572265625 1.0488112114903636e-12 7.289742562954999e-14
3337.0283203125 7.866900490413609e-13 6.688758064601579e-14
3339.691162109375 9.010876354971498e-13 7.352664249920572e-14
3342.35400390625 1.0227642300783546e-12 7.946402354485463e-14
3345.016845703125 9.758728113790083e-13 8.486808995982488e-14
3347.6796875 1.0057982008024324e-12 9.085374881387921e-14
