wavelength flux error
1851.1864013671875 8.977131104453973e-13 6.486513257943083e-13
1853.84912109375 5.450745649109023e-13 6.067158494355018e-13
1856.511962890625 -2.3064341235501384e-13 1.0361659447122307e-12
1859.1748046875 8.476063817833279e-13 1.0954232312898604e-12
1861.8375244140625 2.9151027837286125e-13 4.537397204924104e-13
1864.5003662109375 2.025437516274195e-13 4.1308005193502195e-13
1867.1632080078125 5.029630683293929e-13 3.758284373815701e-13
1869.825927734375 2.864967377919081e-13 2.8467907284973615e-13
1872.48876953125 3.7490870867865067e-13 2.559611322807548e-13
1875.151611328125 -1.6914773618217915e-13 2.1037773573987645e-13
1877.8143310546875 -9.031609417590666e-14 1.9779162574277975e-13
1880.4771728515625 -7.802616788354227e-14 2.1025997783141737e-13
1883.1400146484375 -1.301355805885182e-13 1.9880963737263502e-13
1885.802734375 7.538898162424285e-14 1.7862832523904415e-13
1888.465576171875 3.3123433466550334e-13 2.1687426160488243e-13
1891.12841796875 1.3288194600658693e-13 1.6492817040466429e-13
1893.7911376953125 1.127573240940899e-13 1.58641762920686e-13
1896.4539794921875 -3.4114109649131807e-13 1.4022925886886944e-13
1899.11669921875 -3.50149156360096e-14 1.4635700691743164e-13
1901.779541015625 1.143377384958677e-13 1.4510501090622685e-13
1904.4423828125 -1.33956905355552e-13 1.372967223852578e-13
1907.105224609375 1.2745543281813404e-13 1.3354408182585098e-13
1909.7679443359375 9.942297907270664e-14 1.303038352131608e-13
1912.4307861328125 -1.4872119106969922e-13 1.14559457840141e-13
1915.093505859375 7.703936094746386e-14 1.1485467253918163e-13
1917.75634765625 8.252793793402796e-14 1.1210311650321214e-13
1920.419189453125 -1.62881399990919e-13 9.23754684399071e-14
1923.0819091796875 3.3043375300507646e-14 8.940537112728242e-14
1925.7447509765625 3.8705034999513693e-14 1.0299289768473177e-13
1928.4075927734375 5.62665690949371e-15 9.667083350180586e-14
1931.0703125 8.416145791346683e-14 9.128858964330827e-14
1933.733154296875 -1.5640864525854475e-13 8.45584046576045e-14
1936.39599609375 9.127894702023673e-14 8.761538722182674e-14
1939.0587158203125 2.7834873146084967e-14 8.152036852634645e-14
1941.7215576171875 2.675742114856272e-13 8.64429987551367e-14
1944.3843994140625 -1.262870830045365e-13 7.370410434314606e-14
1947.047119140625 2.2503818876721746e-14 6.911122065259012e-14
1949.7099609375 -2.071946435223352e-14 8.999457402165609e-14
1952.372802734375 1.1431347439006066e-14 7.19630721657781e-14
1955.0355224609375 5.465235130230027e-14 6.791106305775729e-14
1957.6983642578125 5.6352233772057666e-15 6.838733951960302e-14
1960.361083984375 2.1822517751179937e-13 1.0047521760989456e-13
1963.02392578125 4.55160946910213e-14 6.745192376650042e-14
1965.686767578125 3.092329587924339e-14 5.554172234439013e-14
1968.349609375 -1.2627683221180883e-14 5.287553367697671e-14
1971.0123291015625 1.5780252606467822e-14 5.494047802963829e-14
1973.6751708984375 1.8642971552369075e-14 5.307957374957491e-14
1976.337890625 2.0946128674852876e-13 7.652919639146438e-14
1979.000732421875 7.83724146235891e-14 6.147100379714707e-14
1981.66357421875 4.2228922453053236e-14 4.745570188441177e-14
1984.3262939453125 1.9284748087712925e-14 4.5250800583809467e-14
1986.9891357421875 8.529673447860587e-15 4.341823802616121e-14
1989.6519775390625 6.464796688428198e-14 4.322070994286151e-14
1992.314697265625 1.1726225188340295e-13 4.512651713352474e-14
1994.9775390625 -3.410028268330083e-14 4.0075591906411565e-14
1997.640380859375 1.0649107599425625e-13 4.1996469507272344e-14
2000.3031005859375 4.412526320349795e-14 5.0836583071400473e-14
2002.9659423828125 1.6081043831620012e-13 4.37152281062593e-14
2005.6287841796875 9.572677123637768e-14 4.652584605557494e-14
2008.29150390625 -3.571360262101357e-15 3.511930058829743e-14
2010.954345703125 1.3831545229905234e-13 5.4042619717416945e-14
2013.6171875 5.703802637450558e-14 3.848145557088824e-14
2016.2799072265625 2.6155330478489988e-14 3.26463269124163e-14
2018.9427490234375 7.165566696856057e-14 3.4043135064415475e-14
2021.60546875 7.183363197891049e-14 3.6463995885249734e-14
2024.268310546875 6.232767936747291e-14 4.299861112782785e-14
2026.93115234375 8.056400056626056e-14 3.589611111609256e-14
2029.593994140625 1.0515058536885412e-14 3.129958179573164e-14
2032.2567138671875 4.469992423623316e-14 3.291346416332136e-14
2034.9195556640625 6.959312141320562e-14 3.371547222723141e-14
2037.582275390625 4.0783382801532625e-14 3.181610926323089e-14
2040.2451171875 -8.991712132895915e-15 3.0382136693637984e-14
2042.907958984375 6.287821690187032e-14 3.2134085431630155e-14
2045.57080078125 1.0182830192115647e-14 3.109031383578299e-14
2048.2333984375 3.3224857191654564e-14 3.1628728634639294e-14
2050.896240234375 6.680302199000426e-14 3.1871979556431784e-14
2053.55908203125 7.807131812776272e-14 3.1399684149438153e-14
2056.221923828125 7.208466543942235e-14 3.43274975773359e-14
2058.884765625 6.297155993265774e-14 2.982819408679262e-14
2061.547607421875 6.306054582596449e-14 2.989079659785829e-14
2064.21044921875 1.7452936001255935e-14 2.7571237529383855e-14
2066.873046875 1.6520705092035008e-14 2.6699283178755438e-14
2069.535888671875 2.2574569844740003e-14 2.6748868487487705e-14
2072.19873046875 7.393942364842046e-14 2.8287037968054152e-14
2074.861572265625 4.8001550244413174e-14 2.6231541420886247e-14
2077.5244140625 -1.48530174975698e-14 2.3782618398509453e-14
2080.18701171875 3.070761418581813e-14 2.562868096727105e-14
2082.849853515625 8.097645817772836e-14 2.733286890549934e-14
2085.5126953125 -1.1475972522799211e-14 2.5916992347791573e-14
2088.175537109375 7.193434080820724e-14 3.479372822842719e-14
2090.83837890625 1.0190506343496844e-13 5.2655342380140274e-14
2093.501220703125 4.53869899292008e-14 2.4650493438463893e-14
2096.163818359375 2.0575744883941094e-14 2.831937768598032e-14
2098.82666015625 1.3293490928271284e-13 3.6971043360003314e-14
2101.489501953125 8.435831408788112e-16 2.23256776835188e-14
2104.15234375 5.6519882768142973e-14 2.4136703581450168e-14
2106.815185546875 4.98027183729044e-14 2.903642156901719e-14
2109.47802734375 3.2706737302214475e-14 2.2672290341798837e-14
2112.140625 2.884386726318376e-14 2.257985533033087e-14
2114.803466796875 3.635306845047731e-14 2.2623980664685135e-14
2117.46630859375 2.5026055988815188e-14 2.190805317107275e-14
2120.129150390625 3.429597778730267e-14 2.1604163160586325e-14
2122.7919921875 2.869752707495253e-14 2.477643707332524e-14
2125.45458984375 8.660645578516604e-14 2.64295472307682e-14
2128.117431640625 3.593457657629327e-14 3.3380982304492476e-14
2130.7802734375 6.882984308377582e-14 2.2714535263010198e-14
2133.443115234375 8.12856794135848e-14 2.8476949531092144e-14
2136.10595703125 -1.2518455569775363e-15 1.9498878016778812e-14
2138.768798828125 1.0315038482654887e-13 3.891220231775315e-14
2141.431640625 2.3746821092092592e-14 1.9150401886014815e-14
2144.09423828125 2.1587063259447155e-14 2.45644213384957e-14
2146.757080078125 5.6211810108963006e-14 2.232605715427917e-14
2149.419921875 -3.8371172728188675e-15 1.708912688008074e-14
2152.082763671875 3.987237176170631e-14 3.5405763742927046e-14
2154.74560546875 1.6976913649294385e-14 2.213432108227279e-14
2157.408203125 1.1169577497074576e-13 2.271056437255347e-14
2160.071044921875 3.959810249338537e-14 1.9754085655654743e-14
2162.73388671875 7.466085177399231e-14 2.120848696586953e-14
2165.396728515625 6.004177461205878e-14 1.942525899520115e-14
2168.0595703125 5.033692172394695e-14 2.1232330943334737e-14
2170.72216796875 5.144031088675366e-14 1.8380681023988203e-14
2173.385009765625 6.50531671174577e-14 1.875899134922039e-14
2176.0478515625 -6.038928173713112e-15 2.396800002934553e-14
2178.710693359375 3.069690768936484e-14 1.7068176367163353e-14
2181.37353515625 5.339262357435294e-14 1.8511195248632935e-14
2184.036376953125 4.098044671077723e-14 1.7759431485088115e-14
2186.69921875 -2.1741360475184893e-14 1.4652543433679548e-14
2189.36181640625 7.81564669618184e-15 1.558362237809221e-14
2192.024658203125 7.142687320511182e-14 1.9112697061400737e-14
2194.6875 1.5379206646381908e-15 1.8413107139274992e-14
2197.350341796875 1.6283717131854517e-14 1.516184232200693e-14
2200.01318359375 7.968155486554745e-14 2.0631323797808132e-14
2202.67578125 4.4702668622982264e-14 1.690189532928786e-14
2205.338623046875 4.295770282460726e-14 1.7855073363294387e-14
2208.00146484375 3.903923015478698e-14 2.2383897646115376e-14
2210.664306640625 7.373854809091321e-14 2.7299035021454213e-14
2213.3271484375 3.115334663958587e-14 1.746407109638054e-14
2215.989990234375 3.3754201961711666e-14 2.9428452133929e-14
2218.652587890625 8.865358534088097e-14 1.828178823333037e-14
2221.3154296875 4.660204852764173e-14 1.537176927358854e-14
2223.978271484375 4.5589691689742334e-14 1.8511876263122527e-14
2226.64111328125 2.6169235371352115e-14 2.403358917858322e-14
2229.303955078125 3.4685287682387905e-14 1.5179057419626926e-14
2231.966796875 5.0410440795636835e-14 1.4373652753598386e-14
2234.62939453125 2.958944938027952e-14 1.3846274794044808e-14
2237.292236328125 1.8114904107996432e-14 2.0446945053981605e-14
2239.955078125 7.036595427428044e-14 1.8077324644258548e-14
2242.617919921875 8.53294892426762e-15 1.3471417822138575e-14
2245.28076171875 1.0498914935943692e-14 2.1065750055795918e-14
2247.943359375 4.482577977966799e-14 2.2441980389374498e-14
2250.606201171875 3.928141974429656e-15 2.198792498986704e-14
2253.26904296875 5.5792538964467495e-14 1.5430128149588468e-14
2255.931884765625 4.115113401404434e-14 2.4327365615679428e-14
2258.5947265625 6.213822181409465e-14 1.439162171054144e-14
2261.257568359375 4.2306910470572834e-14 1.553936490659817e-14
2263.92041015625 3.495978395553871e-14 2.1479620518219736e-14
2266.5830078125 3.597522399336611e-14 1.6018788942875894e-14
2269.245849609375 1.7368912026954203e-14 1.4446944820458406e-14
2271.90869140625 9.001286993331678e-14 1.4708384927760235e-14
2274.571533203125 4.651562067383569e-14 1.979134663500446e-14
2277.234375 5.935421425184995e-14 2.2939722360169543e-14
2279.89697265625 5.583740460561766e-14 1.7894165627876067e-14
2282.559814453125 2.5326913621350443e-14 1.2071465483839191e-14
2285.22265625 4.3806985491369466e-14 1.0895088339000526e-14
2287.885498046875 4.289647250691614e-14 1.2950330776284255e-14
2290.54833984375 9.361203489894471e-14 1.5129306092436998e-14
2293.2109375 1.1148542619675642e-13 3.133282275671369e-14
2295.873779296875 5.038547026435178e-14 1.0759583396230572e-14
2298.53662109375 6.402666482933916e-14 1.4227629355689428e-14
2301.199462890625 4.3490750822709756e-14 1.232076337384213e-14
2303.8623046875 5.75445995108087e-14 1.758752106624517e-14
2306.525146484375 4.1005735726450457e-14 2.0853456494159678e-14
2309.18798828125 1.1105669877643776e-13 1.805163921716601e-14
2311.8505859375 4.909449379691434e-14 1.1012328710328836e-14
2314.513427734375 4.2179045764987114e-14 1.2535967340685135e-14
2317.17626953125 3.064922989882979e-14 1.322833800100143e-14
2319.839111328125 6.136730663561241e-14 2.22802055667784e-14
2322.501953125 5.720880176919921e-14 1.434639862148753e-14
2325.16455078125 4.960345895426051e-14 1.504955624638711e-14
2327.827392578125 5.1647030971596966e-14 9.066860895976317e-15
2330.490234375 4.3163453903758905e-14 1.3840182933088155e-14
2333.153076171875 5.991162291751548e-14 1.8030126274371644e-14
2335.81591796875 5.418495513387356e-14 9.521697259861142e-15
2338.478515625 4.6343506967085404e-14 1.6075252159139866e-14
2341.1416015625 3.328058857145211e-14 1.3898299557665167e-14
2343.80419921875 2.0103449476947463e-14 7.614920216473305e-15
2346.467041015625 3.270003218940401e-14 1.0009225707378194e-14
2349.1298828125 2.7796460201926984e-14 1.1256327562213751e-14
2351.792724609375 6.921838726107674e-14 1.2581791823131593e-14
2354.45556640625 4.5490432980851286e-14 7.71775848659945e-15
2357.1181640625 5.2346897026463515e-14 9.728223374159527e-15
2359.781005859375 7.002451190511044e-14 1.2622314726361186e-14
2362.44384765625 5.432460376182148e-14 9.807418413628963e-15
2365.106689453125 5.1784209651470695e-14 7.777819898823358e-15
2367.76953125 6.294783623387104e-14 8.305282561671661e-15
2370.43212890625 4.045791886187963e-14 1.0445001288850956e-14
2373.094970703125 4.839860879689989e-14 8.892244206866896e-15
2375.7578125 5.371870754212332e-14 1.8193607021323513e-14
2378.420654296875 4.1784348740357344e-14 7.654249650280217e-15
2381.08349609375 4.156193482906731e-14 1.0629468971136945e-14
2383.746337890625 4.8621087082693915e-14 1.4804457098703712e-14
2386.4091796875 3.0476452118248856e-14 6.313516349938696e-15
2389.07177734375 6.665769824130974e-14 8.314680392221448e-15
2391.734619140625 6.004197789996613e-14 9.116913766895468e-15
2394.3974609375 4.529336907160668e-14 1.2522533398141682e-14
2397.060302734375 7.037876141244293e-14 1.413325717987109e-14
2399.72314453125 6.020563144163923e-14 1.426559506645126e-14
2402.3857421875 7.433210134650398e-14 1.1022133963726252e-14
2405.048583984375 7.679029260338963e-14 1.0407589537636628e-14
2407.71142578125 7.479561132776869e-14 9.368435118384949e-15
2410.374267578125 5.694122067302979e-14 6.5655493093283186e-15
2413.037109375 7.081698915429799e-14 9.281943737107865e-15
2415.69970703125 6.754359983644764e-14 7.145128638871758e-15
2418.362548828125 3.001396535278443e-14 1.2183928589344986e-14
2421.025390625 5.111687982617408e-14 6.011293300292467e-15
2423.688232421875 6.522469467740849e-14 8.40285991016241e-15
2426.35107421875 6.331907383399366e-14 7.245403787299511e-15
2429.013916015625 6.746100395969498e-14 1.3109875361130233e-14
2431.6767578125 5.2357407011273047e-14 6.100653158645428e-15
2434.33935546875 5.0576228860337025e-14 1.0027177723662302e-14
2437.002197265625 6.511050108359145e-14 7.200546616478818e-15
2439.6650390625 6.387959958090508e-14 8.278307103400454e-15
2442.327880859375 6.906718171559648e-14 1.0487878096640969e-14
2444.99072265625 6.09958183137374e-14 7.365185257469584e-15
2447.6533203125 5.383886763602082e-14 5.764017277934625e-15
2450.316162109375 6.028473076638563e-14 1.0452985421411775e-14
2452.97900390625 6.405598572184132e-14 6.6712679149916014e-15
2455.641845703125 6.46859071840554e-14 1.1127033912046013e-14
2458.3046875 5.868265942621242e-14 1.0078942448167854e-14
2460.96728515625 6.055811912044143e-14 6.0446663984142866e-15
2463.63037109375 6.944113659741388e-14 8.749766488875144e-15
2466.29296875 6.097025824752106e-14 8.757913251761836e-15
2468.955810546875 6.242414625576981e-14 5.913259401043149e-15
2471.61865234375 5.936395174261158e-14 9.259204290605876e-15
2474.281494140625 6.077161208073098e-14 9.473582400325309e-15
2476.9443359375 5.862499342316335e-14 9.73941183235981e-15
2479.60693359375 6.506713299669203e-14 9.250089369060473e-15
2482.269775390625 9.136701134169686e-14 9.751525250538493e-15
2484.9326171875 7.196839830895044e-14 9.335126394767121e-15
2487.595458984375 5.997098976272264e-14 6.230718032311641e-15
2490.25830078125 8.768153710687551e-14 1.3351598235485877e-14
2492.9208984375 5.6156166820591977e-14 5.0841564472163276e-15
2495.583740234375 1.0118253077843337e-13 1.5232566184970875e-14
2498.24658203125 6.087661028487262e-14 5.901142594732676e-15
2500.909423828125 6.319548833885746e-14 7.067137233220371e-15
2503.572265625 5.424218067979006e-14 9.45288515025915e-15
2506.235107421875 5.918667113488305e-14 8.394594562663102e-15
2508.89794921875 8.019628662319853e-14 7.307935147597613e-15
2511.560546875 6.658223777010475e-14 7.272105653928756e-15
2514.223388671875 6.898508728234859e-14 5.634494505354654e-15
2516.88623046875 6.299154313394936e-14 8.218082213817725e-15
2519.549072265625 8.327283903663413e-14 6.381217575830364e-15
2522.2119140625 7.611271367943123e-14 8.99115563224957e-15
2524.87451171875 7.728261525738814e-14 6.133768335234808e-15
2527.537353515625 7.148841523092753e-14 6.295922628591277e-15
2530.2001953125 8.576948558932512e-14 8.642251749847209e-15
2532.863037109375 7.56025355709046e-14 6.568441079810245e-15
2535.52587890625 7.48236786115089e-14 1.1451057048655726e-14
2538.1884765625 8.121490811677581e-14 1.2916620559049428e-14
2540.851318359375 6.312518460423536e-14 5.149047217789006e-15
2543.51416015625 7.868972671815772e-14 5.8282384689624985e-15
2546.177001953125 7.822580338481475e-14 6.919978387645619e-15
2548.83984375 6.978341244700398e-14 7.464162751422143e-15
2551.502685546875 7.357408139761074e-14 6.12318635262476e-15
2554.16552734375 6.540323567016254e-14 5.092149473623093e-15
2556.828125 7.53276970964431e-14 6.887433687746214e-15
2559.490966796875 7.822871040188972e-14 5.543200023750165e-15
2562.15380859375 8.511376011540589e-14 5.982393806681571e-15
2564.816650390625 6.985757865186557e-14 5.268097275009124e-15
2567.4794921875 7.463104976677612e-14 5.266673836141263e-15
2570.14208984375 7.814824904816414e-14 5.437620331490232e-15
2572.804931640625 7.497958688391232e-14 5.203009569276209e-15
2575.4677734375 6.908961114803977e-14 1.0246404249971818e-14
2578.130615234375 8.085340123115126e-14 6.728071638500369e-15
2580.79345703125 6.416563244279749e-14 7.660393180246652e-15
2583.4560546875 7.049286691483345e-14 5.0949044482840374e-15
2586.119140625 6.235554336330579e-14 5.488290689427931e-15
2588.78173828125 4.8539104457795065e-14 5.605683103170273e-15
2591.444580078125 7.306468255939558e-14 5.097134686034158e-15
2594.107421875 7.710028633329397e-14 5.295417899206338e-15
2596.770263671875 8.340961791695675e-14 6.8820605342453066e-15
2599.43310546875 4.305580279242646e-14 4.004078054634531e-15
2602.095703125 5.468175689809715e-14 4.103680658902164e-15
2604.758544921875 7.772901517311831e-14 5.105732493965263e-15
2607.42138671875 7.956559266693655e-14 5.161826827380705e-15
2610.084228515625 7.87773438062217e-14 5.162667507580855e-15
2612.7470703125 8.245432738277977e-14 5.804845113025229e-15
2615.40966796875 7.237040692198091e-14 4.817728162888118e-15
2618.072509765625 7.856761844848154e-14 5.022265020309877e-15
2620.7353515625 7.308095236824644e-14 9.495544270581718e-15
2623.398193359375 7.579143747066946e-14 8.994848695899598e-15
2626.06103515625 8.283906329994983e-14 6.398474178064776e-15
2628.723876953125 7.401590733542573e-14 4.806554951280887e-15
2631.38671875 8.440513912799652e-14 5.972419146694705e-15
2634.04931640625 8.386646683112425e-14 5.435828433290315e-15
2636.712158203125 8.781559870550334e-14 5.2745614069460954e-15
2639.375 9.5378322210668e-14 5.505501551883191e-15
2642.037841796875 7.862362426695399e-14 4.892937065307775e-15
2644.70068359375 8.104478324338568e-14 4.949793728375746e-15
2647.36328125 7.997346274796202e-14 4.8435715616253205e-15
2650.026123046875 8.323488518433356e-14 5.035590119119608e-15
2652.68896484375 7.666503337114966e-14 4.731315979191603e-15
2655.351806640625 9.74210471950572e-14 8.164764877919856e-15
2658.0146484375 9.06901642542049e-14 5.263938766754579e-15
2660.67724609375 8.394046362939639e-14 4.9260395364029465e-15
2663.34033203125 8.06793054673044e-14 5.795883504443279e-15
2666.0029296875 8.928298503079954e-14 5.110975627908767e-15
2668.665771484375 1.0502668477746155e-13 5.601115901518678e-15
2671.32861328125 1.0022012516749945e-13 5.449796006590539e-15
2673.991455078125 8.779749930548642e-14 5.015657316288346e-15
2676.654296875 9.402338797944929e-14 5.2052753824101145e-15
2679.31689453125 9.852239331439513e-14 5.335286893000651e-15
2681.979736328125 9.656419544187833e-14 5.202176935889058e-15
2684.642578125 9.984065440712953e-14 5.321483220575721e-15
2687.305419921875 8.75003940289075e-14 4.883343146630699e-15
2689.96826171875 8.983665319897e-14 4.940126964865206e-15
2692.630859375 9.278074321198218e-14 4.9827068876072064e-15
2695.293701171875 8.42037282456666e-14 4.759117294586383e-15
2697.95654296875 1.0462629569142623e-13 5.378920524729035e-15
2700.619384765625 9.550959876496526e-14 5.095833643427175e-15
2703.2822265625 9.691803159713255e-14 5.1490294300971136e-15
2705.94482421875 9.894450032519805e-14 5.154314068655033e-15
2708.60791015625 9.969063470777542e-14 5.183623949728874e-15
2711.2705078125 9.892198957759182e-14 5.166093332336025e-15
2713.933349609375 1.1467564365544997e-13 5.706047190057488e-15
2716.59619140625 8.901823641280573e-14 4.97526485613263e-15
2719.259033203125 9.726272657282001e-14 5.10953397783254e-15
2721.921875 1.1333975750114911e-13 5.5795978765266294e-15
2724.58447265625 9.602293461231926e-14 5.042697572580019e-15
2727.247314453125 9.239686788028653e-14 4.82886283449625e-15
2729.91015625 9.144373219792737e-14 4.784521083223961e-15
2732.572998046875 9.942264025952774e-14 5.015460381128109e-15
2735.23583984375 1.0664550704119966e-13 5.25317678964324e-15
2737.8984375 1.0662883743279769e-13 5.23615396850227e-15
2740.561279296875 1.1162251000894005e-13 5.358595122126721e-15
2743.22412109375 1.2018530159800533e-13 5.5766116618710844e-15
2745.886962890625 1.1015831530378911e-13 5.259833198059238e-15
2748.5498046875 9.942518813463308e-14 4.919663919408963e-15
2751.212646484375 9.515101244894283e-14 4.823425306491351e-15
2753.87548828125 9.640109755381862e-14 4.843727415687615e-15
2756.5380859375 9.656210157643272e-14 4.843379285146294e-15
2759.200927734375 9.39100414185795e-14 4.792096945904203e-15
2761.86376953125 9.931141466915788e-14 4.871896343381504e-15
2764.526611328125 1.0407241745908485e-13 5.004493845560008e-15
2767.189453125 9.089489550568805e-14 4.554356396950076e-15
2769.85205078125 9.108189327538749e-14 4.586566518835315e-15
2772.514892578125 1.1051076232500984e-13 5.153157021649084e-15
2775.177734375 9.927770275785716e-14 6.336208786112112e-15
2777.840576171875 9.677156943615692e-14 4.709617536181789e-15
2780.50341796875 1.0776348211135808e-13 4.982749662771043e-15
2783.166015625 1.0125063222739261e-13 4.813816141221224e-15
2785.8291015625 1.0440134406942622e-13 4.92750066823696e-15
2788.49169921875 1.1174967337124544e-13 5.132607155315747e-15
2791.154541015625 9.72830282584998e-14 4.6477849780651725e-15
2793.8173828125 7.247394822945327e-14 4.0088502382593615e-15
2796.47998046875 5.400733571296612e-14 3.447030225004529e-15
2799.14306640625 6.58527255620843e-14 3.78587855577356e-15
2801.8056640625 6.705384538634521e-14 3.830723021100045e-15
2804.468505859375 5.835650430767447e-14 3.552719184514658e-15
2807.13134765625 9.194176724212216e-14 4.606147379476993e-15
2809.794189453125 1.186897937788603e-13 5.247211983628675e-15
2812.45703125 9.042874278162791e-14 4.4471537895632036e-15
2815.11962890625 1.1001868361650013e-13 4.9163719258594595e-15
2817.78271484375 1.1138330112837186e-13 4.954557018154631e-15
2820.4453125 1.1200580258196799e-13 4.9751361071246475e-15
2823.108154296875 1.124230374592583e-13 4.95561835043754e-15
2825.77099609375 1.0022101963429175e-13 4.788548724888155e-15
2828.43359375 9.663812447751469e-14 4.910235172156602e-15
2831.0966796875 1.117198239301842e-13 4.861252103849833e-15
2833.75927734375 1.1058717147311575e-13 4.839896285667184e-15
2836.422119140625 1.0268391361810056e-13 4.639253662220427e-15
2839.0849609375 1.1097510578669464e-13 5.209484712641495e-15
2841.74755859375 1.0826836118176669e-13 4.790590497807511e-15
2844.41064453125 1.0320986686823685e-13 4.664484232620291e-15
2847.0732421875 1.0371789012494567e-13 4.642799342137634e-15
2849.736083984375 1.0547759768473469e-13 4.6695122201951926e-15
2852.39892578125 9.859231080199329e-14 4.5377990204136225e-15
2855.061767578125 1.0022036911298826e-13 4.5330124372286885e-15
2857.724609375 1.0551093012527504e-13 4.648393147721301e-15
2860.38720703125 1.0878516647607264e-13 4.739657559656163e-15
2863.05029296875 1.1700303269648882e-13 4.921322409919687e-15
2865.712890625 1.143728124361476e-13 4.82799886089005e-15
2868.375732421875 1.1201275502839905e-13 4.793239593350049e-15
2871.03857421875 1.0677964995499042e-13 4.629665672773982e-15
2873.701171875 1.0374950817080078e-13 4.562365093466365e-15
2876.3642578125 1.0816069990603888e-13 4.71398568509078e-15
2879.02685546875 1.043450197665656e-13 4.644524748251191e-15
2881.689697265625 1.2241719953270253e-13 4.992422779028687e-15
2884.3525390625 1.2195169732994587e-13 4.9908523799444774e-15
2887.015380859375 1.2418564169624363e-13 4.975726912605357e-15
2889.67822265625 1.1887574800396872e-13 4.877090772930541e-15
2892.3408203125 1.1797237720132664e-13 4.849126827209888e-15
2895.00390625 1.1822683945120899e-13 4.812366020815525e-15
2897.66650390625 1.1568853243004024e-13 4.772114168129053e-15
2900.329345703125 1.1893993277257986e-13 4.889368939017466e-15
2902.9921875 1.170902161036838e-13 4.823815365163561e-15
2905.65478515625 1.2232341604478253e-13 4.9155973142291955e-15
2908.31787109375 1.3867543452537184e-13 5.2191832398875565e-15
2910.98046875 1.3584535514706009e-13 5.122992907847937e-15
2913.643310546875 1.304993575224414e-13 5.019832765201836e-15
2916.30615234375 1.238360000481442e-13 4.898784133742671e-15
2918.96875 1.2143232383174385e-13 4.860260651785072e-15
2921.6318359375 1.3505204441745244e-13 5.196788959311574e-15
2924.29443359375 1.2159541494353998e-13 4.968012560038239e-15
2926.957275390625 1.2386440614506333e-13 4.981593886314514e-15
2929.6201171875 1.2961584117208297e-13 5.089811662688671e-15
2932.282958984375 1.324674284109914e-13 5.1598896630303346e-15
2934.94580078125 1.414696945744101e-13 5.328295483054014e-15
2937.6083984375 1.2575549867936686e-13 5.023165416332808e-15
2940.271484375 1.2491628554028161e-13 5.026503996694411e-15
2942.93408203125 1.292812970392354e-13 5.118891150800858e-15
2945.596923828125 1.2075057750568496e-13 5.0242212429015606e-15
2948.259765625 1.1878559659332655e-13 5.01844024303655e-15
2950.92236328125 1.2550102287695736e-13 5.056529197092208e-15
2953.58544921875 1.2707462035757566e-13 5.555767028072103e-15
2956.248046875 1.2282096997426328e-13 5.039617337267328e-15
2958.910888671875 1.3192882387675492e-13 5.182646897224216e-15
2961.57373046875 1.2782559299234775e-13 6.3428342778255355e-15
2964.236328125 1.2921331756302057e-13 5.238750548002078e-15
2966.8994140625 1.3864961696113953e-13 5.3945749641437155e-15
2969.56201171875 1.1521855789332208e-13 5.037306631387219e-15
2972.224853515625 1.1850160338677113e-13 5.0737891874584086e-15
2974.8876953125 1.2394188594281458e-13 5.209035361662976e-15
2977.550537109375 1.149441192184117e-13 5.147773703752809e-15
2980.21337890625 1.161117371955428e-13 5.14067345007245e-15
2982.8759765625 1.2273617181184776e-13 5.272458224138063e-15
2985.5390625 1.1725647850683446e-13 5.2170931860902065e-15
2988.20166015625 1.1326066495266629e-13 5.163771615027601e-15
2990.864501953125 1.0895384122905707e-13 5.118844140472286e-15
2993.52734375 1.1979192594477328e-13 5.3366832268141994e-15
2996.18994140625 1.3320209735559474e-13 5.658573534462726e-15
2998.85302734375 1.2048666914437484e-13 5.454569884281264e-15
3001.515625 1.0764105535729374e-13 5.145648921604622e-15
3004.178466796875 1.1113527632888864e-13 5.234121936461807e-15
3006.84130859375 1.1686158497056093e-13 5.3786689559437006e-15
3009.504150390625 1.2860552737765235e-13 5.5949198555095125e-15
3012.1669921875 1.3163373115045868e-13 5.7400445514614335e-15
3014.82958984375 1.451437711338932e-13 5.981049988910752e-15
3017.49267578125 1.3729973104628646e-13 5.890671149922245e-15
3020.1552734375 1.250472165051364e-13 5.745019175960658e-15
3022.818115234375 1.2102607327771353e-13 5.716896411562394e-15
3025.48095703125 1.2546970298669968e-13 5.861469265549179e-15
3028.1435546875 1.3726437250293627e-13 6.120883693557649e-15
3030.806640625 1.2535606504649605e-13 5.880599928179391e-15
3033.46923828125 1.1942814901085008e-13 5.805116587084824e-15
3036.132080078125 1.230478934889645e-13 5.933989261877777e-15
3038.794921875 1.4084966645701996e-13 6.28543297257248e-15
3041.45751953125 1.3825222975986928e-13 6.3091744590510705e-15
3044.12060546875 1.275193329836749e-13 6.169469503412156e-15
3046.783203125 1.2939288854783848e-13 6.239313299143904e-15
3049.446044921875 1.3144071605870195e-13 6.315225662426255e-15
3052.10888671875 8.80662323664641e-14 6.682154405946187e-15
3062.76025390625 1.254623846220354e-13 6.8605480149674155e-15
3065.4228515625 1.4070526428017205e-13 6.939216623460132e-15
3068.085693359375 1.5292612011788553e-13 7.323254585481654e-15
3070.74853515625 1.3897762877589787e-13 6.93624353781527e-15
3073.4111328125 1.430286417731727e-13 7.078695844818603e-15
3076.07421875 1.4787414456991776e-13 7.281600893267477e-15
3078.73681640625 1.4740952328142626e-13 7.355103024298416e-15
3081.399658203125 1.437565073491437e-13 7.310052729965748e-15
3084.0625 1.372846335310346e-13 7.252687423612951e-15
3086.72509765625 1.3891242756775002e-13 7.4003023964298e-15
3089.38818359375 1.4143021606280448e-13 7.503226216883617e-15
3092.05078125 1.4225990177529901e-13 7.565992205308108e-15
3094.713623046875 1.2994871834409033e-13 7.390483590505228e-15
3097.37646484375 1.3427640618325631e-13 7.642051528806808e-15
3100.039306640625 1.3743223410429134e-13 7.747790886777298e-15
3102.7021484375 1.3036273449618108e-13 7.647659733950578e-15
3105.36474609375 1.3836909320153606e-13 7.984195241257132e-15
3108.02783203125 1.3696019958344546e-13 7.887611462413513e-15
3110.6904296875 1.4009960184156733e-13 7.961180509047285e-15
3113.353271484375 1.377740559442217e-13 8.007479329944205e-15
3116.01611328125 1.3809096823923922e-13 8.126573856394054e-15
3118.6787109375 1.36686709585436e-13 8.168578220248395e-15
3121.341796875 1.3358869674524876e-13 8.087738242795392e-15
3124.00439453125 1.4349207043927448e-13 8.399766545839037e-15
3126.667236328125 1.555303466311414e-13 8.708682849834469e-15
3129.330078125 1.4063096932630248e-13 8.46110951891214e-15
3131.992919921875 1.3647375872623269e-13 8.390465277045237e-15
3134.65576171875 1.2680161825054381e-13 8.2008916801532e-15
3137.318359375 1.4740850684188955e-13 8.79546815154425e-15
3139.9814453125 1.456906698147492e-13 8.810226006584262e-15
3142.64404296875 1.393935287292633e-13 8.901702176755937e-15
3145.306884765625 1.4206329526384592e-13 8.994775004033187e-15
3147.9697265625 1.5929485920433695e-13 9.534340920664807e-15
3150.63232421875 1.6718213185357156e-13 9.59445654299734e-15
3153.29541015625 1.573057954512222e-13 9.444236096834736e-15
3155.9580078125 1.607641699884893e-13 9.544206313401478e-15
3158.620849609375 1.479059116935716e-13 9.27522337770435e-15
3161.28369140625 1.4152829570183295e-13 9.313924313064399e-15
3163.9462890625 1.3416888043280006e-13 9.194688332112358e-15
3166.609375 1.4148090251436818e-13 9.503692727534305e-15
3169.27197265625 1.4761029041871626e-13 9.730226607079784e-15
3171.934814453125 1.5143211662925482e-13 1.0051133509476548e-14
3174.59765625 1.608263625356085e-13 1.0375752957281128e-14
3177.260498046875 1.6143816426901492e-13 1.0168658483875135e-14
3179.92333984375 1.5631636610113908e-13 1.0146422174943815e-14
3182.5859375 1.4760988384290158e-13 9.994353502890303e-15
3185.2490234375 1.4523212005842362e-13 9.937996165744738e-15
3187.91162109375 1.4014467754688842e-13 9.841435256790695e-15
3190.574462890625 1.643441242468735e-13 1.06961330051847e-14
3193.2373046875 1.5339702977897746e-13 1.0551910399321605e-14
3195.89990234375 1.4509511756140292e-13 1.0240429279561886e-14
3198.56298828125 1.5604082967152905e-13 1.0617814644815673e-14
3201.2255859375 1.4956815625431774e-13 1.035776705967913e-14
3203.888427734375 1.572430472504896e-13 1.0637822410062767e-14
3206.55126953125 1.8682405340635089e-13 1.2344323595270008e-14
3209.2138671875 1.7572929060256232e-13 1.214782126886943e-14
3211.876953125 1.4325969880865652e-13 1.0789545492673799e-14
3214.53955078125 1.685098458339973e-13 1.1592718226886324e-14
3217.202392578125 1.4969172819692678e-13 1.1434590728161102e-14
3219.865234375 1.4021867434516055e-13 1.1233843072628886e-14
3222.528076171875 1.4241923883707291e-13 1.0978191588488593e-14
3225.19091796875 1.4383672475738046e-13 1.1096637287700845e-14
3227.853515625 1.3674741135456803e-13 1.0956222941968605e-14
3230.5166015625 1.355727054057343e-13 1.0794846224857716e-14
3233.17919921875 1.3921794218742928e-13 1.0888327322015542e-14
3235.842041015625 1.5821592896491515e-13 1.186999446217002e-14
3238.5048828125 1.912601343577111e-13 1.648537534780503e-14
3241.16748046875 2.0436826059580526e-13 1.3119179171022875e-14
3243.83056640625 1.986024598900002e-13 1.2945345140356716e-14
3246.4931640625 1.534385682747108e-13 1.1434190081577051e-14
3249.156005859375 1.6237087629294988e-13 1.1696896503135025e-14
3251.81884765625 1.825725036647477e-13 1.2147748424035966e-14
3254.481689453125 1.6909005662660292e-13 1.3517335478209231e-14
3257.14453125 1.9720279554290288e-13 1.2861528689127062e-14
3259.80712890625 1.8132145633044383e-13 1.2425038211846817e-14
3262.47021484375 1.4714000417387352e-13 1.1858618809688394e-14
3265.1328125 1.3436131276588908e-13 1.2770435377847545e-14
3267.795654296875 1.481341633559341e-13 1.2362741479675105e-14
3270.45849609375 1.3881072940397088e-13 1.0700858601997432e-14
3273.12109375 1.4990813495055488e-13 1.55995127161827e-14
3275.7841796875 1.6752763998088838e-13 1.348887432414854e-14
3278.44677734375 1.8072136398050026e-13 1.2031820106742953e-14
3281.109619140625 1.47844640718299e-13 1.4998227743849395e-14
3283.7724609375 1.8349829034730591e-13 1.2724183143762724e-14
3286.43505859375 2.0938981072030766e-13 1.391366473532836e-14
3289.09814453125 2.070515932100711e-13 1.2297359853509493e-14
3291.7607421875 1.9354845146295901e-13 1.2139662647521476e-14
3294.423583984375 1.6976322420297202e-13 1.1556999694533557e-14
3297.08642578125 1.4150601534718837e-13 1.0586895401142049e-14
3299.749267578125 1.6816408020866452e-13 1.8794507440698764e-14
3302.412109375 1.9488744114597861e-13 1.977345052289487e-14
3305.07470703125 1.8368047696986495e-13 1.1921727846456523e-14
3307.73779296875 2.036847795462704e-13 1.193655515819821e-14
3310.400390625 1.8311692223313414e-13 1.4927205725288016e-14
3313.063232421875 1.6869345547190773e-13 1.2670006069423392e-14
3315.72607421875 2.2196098583247836e-13 1.4821833132583687e-14
3318.388671875 2.1572718925891993e-13 1.507236684365667e-14
3321.0517578125 2.324498829097549e-13 1.658923344559967e-14
3323.71435546875 2.4031942885346935e-13 1.729066989955043e-14
3326.377197265625 1.9389667009570705e-13 1.7488352142846532e-14
3329.0400390625 1.8320918783801265e-13 1.8786042193423905e-14
3331.70263671875 2.0785529872800745e-13 1.8289372566340084e-14
3334.36572265625 1.7568332043044893e-13 2.1518172375781068e-14
3337.0283203125 1.4644924541725585e-13 1.9365736295931697e-14
3339.691162109375 1.623196341877728e-13 2.0871852355708147e-14
3342.35400390625 2.2674898525650022e-13 2.0966125428671656e-14
3345.016845703125 2.1942950928499627e-13 2.2283825785594964e-14
3347.6796875 2.983916011414095e-13 2.31550025599778e-14
