wavelength flux error
1138.184277253514 -1.5672254161905672e-14 6.4562176122027815e-15
1138.768391195265 -7.101724835716402e-15 2.7188567505318906e-15
1139.3525046056857 -5.925270086156978e-15 1.5837337287070228e-15
1139.936617484778 -2.9277679372073e-15 1.6006196483770881e-15
1140.5207298325433 2.0627675264757839e-16 2.1232123355301567e-15
1141.1048416489834 -1.2745159704795844e-15 1.4221090296114303e-15
1141.688952934099 -2.74667732581938e-16 1.4094141465878541e-15
1142.273063687892 -6.551214899034408e-16 1.0579707455888679e-15
1142.857173910364 -6.684580186158339e-16 8.62091680777089e-16
1143.4412836015163 -6.758389804840256e-16 6.162369531785607e-16
1144.02539276135 -1.2429077082421045e-15 3.5532650079770166e-16
1144.6095013898673 -3.4011026490667763e-16 5.194441650093528e-16
1145.193609487069 -4.2550593226465294e-16 4.609350187730536e-16
1145.7777170529564 -8.618724233092133e-16 2.211587407950459e-16
1146.3618240875317 -7.198712320598041e-16 2.414012215849236e-16
1146.9459305907958 -1.3118792012302483e-16 3.413524881097022e-16
1147.5300365627502 8.43627430284323e-17 3.5376424755286687e-16
1148.1141420033964 -2.394431119298103e-16 2.3031761498313455e-16
1148.6982469127363 -2.74471214363241e-16 2.0955796193326457e-16
1149.2823512907707 5.297808849859936e-17 2.7856700509649327e-16
1149.8664551375014 -1.9520095406882494e-16 1.9733864951573692e-16
1150.4505584529295 2.178355470183503e-17 2.204254171356606e-16
1151.034661237057 1.7635916656007188e-16 2.382337315376517e-16
1151.6187634898847 3.0413771477777514e-16 2.343734013308283e-16
1152.2028652114147 4.396465662908973e-16 2.528371854204375e-16
1152.786966401648 -1.1371290145332298e-16 1.3326006179645086e-16
1153.3710670605863 -9.463269425208512e-17 1.389629563156589e-16
1153.955167188231 8.342958493362005e-17 1.500473923072441e-16
1154.539266784583 -8.746940368439446e-17 1.2798321537089134e-16
1155.1233658496449 6.424864515554319e-17 1.4605908984002723e-16
1155.7074643834171 3.4630558074697353e-16 1.9517417015851747e-16
1156.2915623859014 1.4910743049256326e-16 1.4752842904743538e-16
1156.8756598570997 -1.4228200980034374e-16 9.139140200539754e-17
1157.4597567970127 9.976409335601677e-17 1.3226482195089527e-16
1158.043853205642 1.1972290422202342e-16 1.4500319654695698e-16
1158.6279490829897 2.3627809298769463e-16 1.538125871999751e-16
1159.2120444290567 4.0020258913357356e-16 1.8150095352828898e-16
1159.7961392438444 1.8868493259151937e-16 1.350645786167297e-16
1160.3802335273547 9.640368226569318e-17 1.1958688572604628e-16
1160.9643272795884 3.2403159699542817e-16 1.5622636233190783e-16
1161.5484205005475 2.7379036124715782e-16 1.509572258096799e-16
1162.132513190233 2.667769249333174e-16 1.434230012984217e-16
1162.7166053486467 -3.1943271161135556e-17 9.751675814141724e-17
1163.30069697579 2.416985523140083e-16 1.410494962725176e-16
1163.8847880716644 3.4802758305811376e-16 1.5026985520383367e-16
1164.468878636271 2.7021041636550504e-16 1.2903991163579633e-16
1165.0529686696116 1.5777390322038717e-16 1.0749709062965696e-16
1165.6370581716876 2.026746422482961e-16 1.2503660230728653e-16
1166.2211471425003 3.808477222043081e-16 1.4528403845617646e-16
1166.8052355820512 4.322561487092049e-16 1.5086476478951979e-16
1167.389323490342 3.625301955743818e-16 1.418572137294238e-16
1167.9734108673738 2.904289043989002e-16 1.3311471692089984e-16
1168.557497713148 2.9755920939917715e-16 1.19633774907996e-16
1169.1415840276663 4.103141015718545e-16 1.3140666724991868e-16
1169.7256698109304 3.951448706333828e-16 1.3678180843131456e-16
1170.3097550629413 4.449603062884637e-16 1.3554190759097053e-16
1170.8938397837005 4.358620196441032e-16 1.428218320435935e-16
1171.4779239732095 3.3878645183815317e-16 1.2672590046449564e-16
1172.06200763147 3.4914778770067494e-16 1.2575436873279396e-16
1172.646090758483 4.721186627169367e-16 1.293185273559581e-16
1173.2301733542502 5.94255297680688e-16 1.4144700656940705e-16
1173.8142554187732 3.2451317950202075e-16 1.201647943574855e-16
1174.3983369520531 1.7487702246674723e-16 1.0166626472789736e-16
1174.9824179540917 4.488723952231605e-16 1.284327096570058e-16
1175.5664984248904 4.78489166409715e-16 1.326466290110161e-16
1176.1505783644502 4.218912788661005e-16 1.2810137344150773e-16
1176.734657772773 4.67849101967838e-16 1.3367004175239825e-16
1177.3187366498603 7.465136669287958e-16 1.554755242081771e-16
1177.9028149957132 9.830556048510953e-16 1.7319667473411913e-16
1178.4868928103333 1.4646932952685426e-15 2.0115050332428912e-16
1179.070970093722 1.7576275346198844e-15 2.196759955062876e-16
1179.6550468458813 2.151851271036049e-15 2.366358070455226e-16
1180.2391230668115 2.6920165175779254e-15 2.61717357270283e-16
1180.8231987565155 3.2757255445175706e-15 2.824464682431257e-16
1181.4072739149935 4.096489457793213e-15 3.169399955396096e-16
1181.9913485422474 4.822392260850618e-15 3.371569735870868e-16
1182.5754226382787 5.4357683105635085e-15 3.5890745547922197e-16
1183.159496203089 5.968110639316871e-15 3.64851172824455e-16
1183.7435692366796 6.451534877747583e-15 3.81058941601635e-16
1184.3276417390518 7.205935655254796e-15 3.9382417122740076e-16
1184.9117137102069 8.288571539501418e-15 4.1496360527809944e-16
1185.4957851501472 9.1669327598627e-15 4.449152341529904e-16
1186.079856058873 9.221070550861642e-15 4.482123832427236e-16
1186.6639264363869 8.496291561605755e-15 4.1879387196311866e-16
1187.2479962826892 8.026328741717279e-15 4.0679917209553043e-16
1187.8320655977823 8.613434915341419e-15 4.22363246858893e-16
1188.4161343816672 8.730908265652009e-15 4.285433781650428e-16
1189.0002026343454 7.845572585237415e-15 4.008800160356776e-16
1189.5842703558183 6.795266873072255e-15 3.696630542076281e-16
1190.1683375460875 6.835157363668397e-15 3.6493880703834537e-16
1190.7524042051546 5.8161638555601594e-15 3.348384711180181e-16
1191.3364703330203 4.493010771148243e-15 2.9678084540262446e-16
1191.9205359296868 3.939658367728202e-15 2.802859979701902e-16
1192.5046009951554 3.848399018995684e-15 2.7057843189508375e-16
1193.0886655294275 4.64866474825069e-15 2.948661901406102e-16
1193.6727295325045 4.747346647846863e-15 2.9592085577652985e-16
1194.2567930043876 4.2473528419335984e-15 2.808196101990227e-16
1194.8408559450788 3.3696348349919566e-15 2.468567739950065e-16
1195.4249183545792 4.322606430818155e-15 2.802255292897759e-16
1196.0089802328903 5.275769360191636e-15 3.090526719479017e-16
1196.5930415800137 6.242464276319087e-15 3.324756195673014e-16
1197.1771023959502 6.7221407644022366e-15 3.388520514604704e-16
1197.7611626807022 6.730825192241691e-15 3.427588645592406e-16
1198.3452224342707 6.692597916918331e-15 3.3621260029281503e-16
1198.9292816566572 6.766879601759076e-15 3.390281511684085e-16
1199.5133403478628 6.10251693388603e-15 3.2535138342640023e-16
1200.0973985078897 5.5580124315082114e-15 3.036036071677331e-16
1200.6814561367387 4.406070905384045e-15 2.718091542755628e-16
1201.2655132344112 3.401791651647647e-15 2.40030695512328e-16
1201.8495698009094 3.521720720803154e-15 2.3935277030392984e-16
1202.433625836234 4.9413127216866344e-15 2.7819758745230045e-16
1203.0176813403866 5.8598314857767804e-15 3.0754753280325893e-16
1203.6017363133687 7.165528236457705e-15 3.3436848597915296e-16
1204.1857907551819 7.805568924013383e-15 3.513521661780241e-16
1204.7698446658278 7.944694875943407e-15 3.4707052101633525e-16
1205.3538980453075 7.733134661301577e-15 3.4287967103723926e-16
1205.9379508936222 7.191955534270934e-15 3.292506913782307e-16
1206.522003210774 5.784220882013192e-15 2.92024371788124e-16
1207.106054996764 4.700598674798657e-15 2.659610295056214e-16
1207.6901062515938 3.326314070003753e-15 2.3553893295821165e-16
1208.2741569752645 2.217283847557028e-15 2.066829245475079e-16
1208.8582071677781 2.6201063355907173e-15 2.229527587941797e-16
1209.4422568291357 3.7219806074106655e-15 2.4828989123361443e-16
1210.0263059593385 3.789593597652763e-15 2.641023979286992e-16
1210.6103545583885 3.4793512225850903e-15 2.734003587473928e-16
1211.194402626287 2.7270031413399325e-15 2.711987732049291e-16
1211.778450163035 1.4091927071338642e-15 2.786736437365591e-16
1212.3624971686343 -3.0801637881672032e-15 3.1627313302103473e-16
1212.9465436430867 -9.726907843557633e-15 4.4092137287384564e-16
1213.530589586393 -2.6543360210502543e-15 6.9689955093432915e-16
1214.114634998555 1.863347182433917e-15 8.384717005689824e-16
1214.698679879574 -1.1325503237686445e-15 8.632031167250864e-16
1215.282724229452 -8.903545754477438e-16 8.568001333690784e-16
1215.8667680481892 1.1836353255835667e-15 8.642418659419777e-16
1216.4508113357886 1.0102004728091243e-15 8.551978801865989e-16
1217.0348540922505 3.0605267353636683e-15 8.187759407893286e-16
1217.6188963175769 9.119071846434337e-15 7.67401683501763e-16
1218.2029380117688 1.018803362578771e-15 5.035978531799026e-16
1218.786979174828 4.257298476909015e-16 3.134786893064415e-16
1219.371019806756 9.834268159263247e-16 2.2777785566503303e-16
1219.955059907554 1.4047217299595042e-15 2.015435750747803e-16
1220.539099477224 1.9237150641473953e-15 1.9887843645070665e-16
1221.1231385157664 2.7954135474883185e-15 2.1364363339912928e-16
1221.7071770231837 3.5418453344537535e-15 2.2057339161165585e-16
1222.291214999477 4.160899706995411e-15 2.36453428357773e-16
1222.8752524446475 5.322832333946237e-15 2.6266781538258973e-16
1223.4592893586967 6.660356782042899e-15 2.858678455705628e-16
1224.0433257416264 7.315218789351365e-15 2.93541905730831e-16
1224.6273615934376 7.355276366241521e-15 2.9182525695903574e-16
1225.2113969141321 7.349347598484835e-15 2.859918230257931e-16
1225.795431703711 7.372759253377347e-15 2.9076839183620804e-16
1226.3794659621763 7.0847243515020555e-15 2.8086643193030656e-16
1226.963499689529 7.041677586265549e-15 2.8592193310223946e-16
1227.5475328857708 6.547385241481784e-15 2.699679726527632e-16
1228.131565550903 6.378508594356509e-15 2.663585841570189e-16
1228.7155976849267 6.087240622080435e-15 2.620571083402256e-16
1229.299629287844 6.04240403853231e-15 2.622138056024699e-16
1229.8836603596558 5.348684727422721e-15 2.417027684460163e-16
1230.467690900364 4.773382945472577e-15 2.2935368856022506e-16
1231.0517209099698 4.708473951004586e-15 2.2576332448415033e-16
1231.6357503884751 4.7076627862006975e-15 2.273128921913292e-16
1232.2197793358807 4.798189735168339e-15 2.295283999473417e-16
1232.803807752188 4.891613423038105e-15 2.298902460893894e-16
1233.3878356373991 4.700461694571522e-15 2.248557478370003e-16
1233.971862991515 5.007143798947198e-15 2.319369971768628e-16
1234.5558898145373 5.567127895192968e-15 2.4220462332261003e-16
1235.1399161064676 5.452848830507985e-15 2.437772747112463e-16
1235.7239418673066 5.5016680390927954e-15 2.427256600824028e-16
1236.3079670970567 5.410754945441707e-15 2.376759020872048e-16
1236.891991795719 5.185542367301915e-15 2.3246858205837433e-16
1237.4760159632947 5.266835819300495e-15 2.334746227507478e-16
1238.0600395997851 5.200227377448738e-15 2.3111418494696415e-16
1238.644062705193 5.090292337726227e-15 2.291002120067914e-16
1239.228085279518 5.205826213014129e-15 2.3536461295710585e-16
1239.8121073227628 4.6542907739695055e-15 2.1563212970064435e-16
1240.3961288349283 4.307048775829154e-15 2.1058242895520143e-16
1240.9801498160161 4.180098573547606e-15 2.0795998785703954e-16
1241.5641702660275 3.830652663218597e-15 1.989469165459445e-16
1242.148190184964 3.5417674226823243e-15 1.9311683754690214e-16
1242.7322095728273 3.3759558166631808e-15 1.8860637117674316e-16
1243.3162284296188 2.9518138237068505e-15 1.7330185461825422e-16
1243.9002467553398 2.7257716478862237e-15 1.670086025682865e-16
1244.4842645499916 2.5146416758016076e-15 1.5809422658206343e-16
1245.068281813576 2.3511487897553582e-15 1.5339143028572259e-16
1245.6522985460942 2.445182134733274e-15 1.5616474342630524e-16
1246.2363147475478 2.47423069696245e-15 1.5695897975999435e-16
1246.8203304179383 2.451278450690124e-15 1.5745608605675448e-16
1247.404345557267 2.3907699591314227e-15 1.5700691358254532e-16
1247.9883601655351 2.3278492252929706e-15 1.5259958519013232e-16
1248.5723742427447 2.0626244132926813e-15 1.4514879851738592e-16
1249.1563877888966 2.329045745659994e-15 1.500774352985028e-16
1249.7404008039925 2.0675353170111635e-15 1.4273078503373967e-16
1250.3244132880338 1.9509241561396636e-15 1.4042557487407347e-16
1250.9084252410223 1.8051296779302198e-15 1.3393817212460466e-16
1251.492436662959 1.5459968172626736e-15 1.2132651281218626e-16
1252.0764475538458 1.3715170339656963e-15 1.147841050451554e-16
1252.6604579136836 1.3602304912818754e-15 1.1537792628527886e-16
1253.244467742474 1.6225456943150677e-15 1.2573793219502026e-16
1253.8284770402186 1.3513864678348428e-15 1.1613771176964927e-16
1254.412485806919 1.2799604132634733e-15 1.1311730639126075e-16
1254.9964940425764 1.2854140478366034e-15 1.1192497875036506e-16
1255.5805017471923 1.0801235627336752e-15 1.0334158409633293e-16
1256.164508920768 1.106309954406184e-15 1.0550722262826718e-16
1256.7485155633053 1.2207992261695583e-15 1.0863397403591264e-16
1257.3325216748053 1.0215995491052366e-15 1.0026370928640848e-16
1257.9165272552698 9.060542380394134e-16 9.478460768602123e-17
1258.5005323047 8.822335115236634e-16 9.542122116485795e-17
1259.0845368230973 7.517634363583934e-16 8.619343572026287e-17
1259.6685408104634 5.965698508983982e-16 7.922944590992109e-17
1260.2525442667993 6.304145914889456e-16 7.98760409553331e-17
1260.8365471921068 4.5880875626702e-16 7.081284480501695e-17
1261.4205495863878 3.7356614667660264e-16 6.385100591492359e-17
1262.0045514496426 4.472614271002617e-16 6.990975239090958e-17
1262.5885527818737 5.17891589827341e-16 7.235150509424761e-17
1263.172553583082 6.665904097084204e-16 8.233719046086671e-17
1263.7565538532692 7.726067456894228e-16 8.756470350265982e-17
1264.3405535924364 7.374144685983977e-16 8.476679054010625e-17
1264.9245528005854 7.758040909483961e-16 8.542132872674585e-17
1265.5085514777177 7.695933952098625e-16 8.668482804176203e-17
1266.0925496238344 7.955198602646191e-16 8.621726187243183e-17
1266.676547238937 6.33036407962291e-16 7.929494623675018e-17
1267.2605443230273 6.735323661752001e-16 8.049713129038408e-17
1267.8445408761063 6.578898429013347e-16 7.971755127141181e-17
1268.4285368981762 6.873199572540496e-16 8.236975812705293e-17
1269.0125323892375 6.943813481078152e-16 8.384548248252743e-17
1269.596527349292 6.643878354842756e-16 8.12401625153787e-17
1270.1805217783415 6.416124741840338e-16 7.869702195605494e-17
1270.7645156763872 5.658164520474956e-16 7.383377106102583e-17
1271.34850904343 5.047155029554425e-16 7.134801960196052e-17
1271.9325018794723 5.54460796836147e-16 7.383693224020842e-17
1272.5164941845153 5.657216291821036e-16 7.604043150041529e-17
1273.1004859585598 6.086582650355053e-16 7.836662151257492e-17
1273.6844772016077 5.7290694771284565e-16 7.755853341054373e-17
1274.268467913661 5.527230483869261e-16 7.632747441824491e-17
1274.8524580947203 5.864908263132209e-16 7.630991309594413e-17
1275.4364477447873 5.595244253341627e-16 7.340230079902207e-17
1276.0204368638636 6.185805058226179e-16 7.713903289185261e-17
1276.6044254519506 5.254956019897018e-16 7.050557374806674e-17
1277.1884135090495 4.26790916296217e-16 6.456300955745006e-17
1277.7724010351624 3.7205171045196473e-16 6.141597595759392e-17
1278.3563880302897 3.7740908236833085e-16 6.14845499335164e-17
1278.9403744944336 4.293377050777294e-16 6.722379752237196e-17
1279.5243604275956 4.460517206427481e-16 6.752396861787544e-17
1280.1083458297767 4.51654846688104e-16 6.594350203601785e-17
1280.692330700979 4.530740896310794e-16 6.71204156690772e-17
1281.2763150412031 4.604951515309678e-16 6.696196560385747e-17
1281.8602988504513 3.3988127251027726e-16 5.888098326335286e-17
1282.4442821287244 3.1035190536265376e-16 5.668602431872506e-17
1283.028264876024 4.3628291880180344e-16 6.476674414940246e-17
1283.6122470923517 4.744151032434888e-16 6.927687519621789e-17
1284.1962287777092 3.6755612906591356e-16 5.946650463248634e-17
1284.7802099320973 3.958451391581255e-16 6.169650636747704e-17
1285.3641905555176 3.544300067947888e-16 5.840946314847084e-17
1285.9481706479721 3.3887034472086907e-16 5.669046909962517e-17
1286.5321502094616 4.374820804254075e-16 6.486259012223741e-17
1287.1161292399881 3.5008558697224923e-16 6.125208185367123e-17
1287.7001077395525 3.713508530635214e-16 6.134841744573986e-17
1288.2840857081567 4.1719838107683867e-16 6.488910902030517e-17
1288.8680631458024 3.4566728389442406e-16 6.006293882612452e-17
1289.4520400524898 3.348033744706919e-16 5.875342897233001e-17
1290.0360164282217 3.3112276679614743e-16 5.87899436804778e-17
1290.6199922729986 3.3800960811060883e-16 5.876751827053211e-17
1291.2039675868227 3.6375988422498985e-16 6.030012673356959e-17
1291.787942369695 3.5345509715465516e-16 5.855413716121803e-17
1292.3719166216172 3.9306235895056226e-16 6.025157919911847e-17
1292.9558903425905 3.394583312499541e-16 5.849990847543221e-17
1293.5398635326164 2.880868805018428e-16 5.411092236811038e-17
1294.1238361916962 3.102541812234761e-16 5.527380781172586e-17
1294.7078083198319 3.0717871637645256e-16 5.5132727909790416e-17
1295.2917799170248 3.305676802073848e-16 5.630170457714229e-17
1295.8757509832756 3.2679170852393886e-16 5.797355674031796e-17
1296.4597215185868 3.6812898518461476e-16 6.104609982237077e-17
1297.0436915229586 3.0748372566884567e-16 5.957343100876374e-17
1297.6276609963938 3.07919552576805e-16 5.898229902651308e-17
1298.211629938893 3.6757542951960765e-16 6.524595400580938e-17
1298.7955983504582 3.908783531773945e-16 6.978420741923746e-17
1299.3795662310906 2.245386574832414e-16 7.464619144861681e-17
1299.9635335807911 2.395795682561086e-16 9.35935895808644e-17
1300.5475003995618 3.441280430644414e-16 1.1086991368353597e-16
1301.131466687404 2.4078254626708567e-16 1.1063254165530868e-16
1301.715432444319 1.088452712414009e-16 1.1700059043017753e-16
1302.299397670309 -1.4824339878196765e-16 1.2051900714694823e-16
1302.883362365374 1.9094977011236896e-16 1.3583810193621341e-16
1303.4673265295169 2.5057179215349257e-16 1.4729609596225555e-16
1304.0512901627385 3.397622610958625e-17 1.4473719817999635e-16
1304.6352532650399 2.0298691289402353e-16 1.409247908059593e-16
1305.219215836423 3.675722647852147e-16 1.3715532192952422e-16
1305.803177876889 4.636631071661019e-16 1.3487177206351516e-16
1306.38713938644 4.783421024120701e-16 1.312723807667144e-16
1306.9711003650766 4.06513944226121e-16 1.207350836362955e-16
1307.5550608128008 8.349595854164475e-16 1.0114197458853309e-16
1308.139020729614 7.438164196257263e-16 8.369095778542325e-17
1308.7229801155172 4.3714309592682324e-16 6.437492288676655e-17
1309.306938970512 4.541139333391762e-16 6.532242959538135e-17
1309.8908972946003 4.547504849244692e-16 6.735252605130255e-17
1310.4748550877835 5.277772476460896e-16 7.057704451443666e-17
1311.0588123500625 4.504191146234828e-16 6.734055634323713e-17
1311.642769081439 4.937100150328311e-16 7.014472833783574e-17
1312.2267252819145 5.128301857925895e-16 7.050420581894572e-17
1312.8106809514904 5.104375162347472e-16 6.954353205930068e-17
1313.3946360901682 4.847839606956218e-16 6.865625720289355e-17
1313.9785906979494 5.05792873823863e-16 6.97366373068867e-17
1314.5625447748355 4.75165931403005e-16 6.852195325067937e-17
1315.146498320828 4.791037567502762e-16 6.802706212697905e-17
1315.7304513359277 4.267753711014238e-16 6.45936302610688e-17
1316.3144038201367 4.021653315003763e-16 6.307910056475399e-17
1316.8983557734562 4.481411750711135e-16 6.556067153315497e-17
1317.4823071958879 3.6165686141986494e-16 6.009087736909245e-17
1318.0662580874332 4.467557204443187e-16 6.78298824403872e-17
1318.6502084480933 3.8119788851892543e-16 6.274728239694446e-17
1319.2341582778697 4.837124029369572e-16 6.78401945104844e-17
1319.8181075767639 4.563168242188291e-16 6.594446127399958e-17
1320.4020563447773 4.158696235729308e-16 6.440259121636069e-17
1320.9860045819114 4.656508812011987e-16 6.815747722249524e-17
1321.569952288168 4.670026303307275e-16 6.760480442641804e-17
1322.153899463548 4.2480073098748355e-16 6.538197091486453e-17
1322.737846108053 4.4242865237438427e-16 6.388360458413506e-17
1323.3217922216845 4.511656710039106e-16 6.628050854075965e-17
1323.9057378044442 3.9489238583095123e-16 6.191140406788406e-17
1324.489682856333 4.2006882327551836e-16 6.43394891040957e-17
1325.073627377353 3.302505678767531e-16 5.794843918927941e-17
1325.6575713675047 3.5681589606627765e-16 5.832763614633659e-17
1326.2415148267905 3.108108161807804e-16 5.646475281105551e-17
1326.8254577552118 3.1751786310465e-16 5.884781367539567e-17
1327.4094001527692 2.908429345458864e-16 5.637234985076528e-17
1327.9933420194652 2.8206917705593966e-16 5.610850156076421e-17
1328.5772833553 3.5908591198705673e-16 6.02173976708276e-17
1329.1612241602768 3.1488357827795436e-16 5.592499878505036e-17
1329.745164434395 3.2771199424781135e-16 5.808931607969864e-17
1330.3291041776577 2.788055450062174e-16 5.4630060893513246e-17
1330.913043390066 2.4801403520682343e-16 5.0369541116447034e-17
1331.4969820716203 2.1448198697185385e-16 4.837204681477192e-17
1332.0809202223234 2.3178919565103124e-16 5.066049610091412e-17
1332.6648578421757 2.9106849332318734e-16 5.61402246811611e-17
1333.2487949311794 3.0178880420521415e-16 5.743616935780863e-17
1333.8327314893356 2.571833129171194e-16 5.294047873475542e-17
1334.416667516646 2.2611155400457257e-16 4.888483626562964e-17
1335.0006030131117 2.234250165873616e-16 4.9356843172058614e-17
1335.5845379787345 1.3892127860825655e-16 4.2617206367062195e-17
1336.1684724135152 1.390210161255563e-16 4.1833101511482463e-17
1336.7524063174562 2.1547165874493275e-16 5.075528238075825e-17
1337.336339690558 3.0670741531942406e-16 5.730526850346719e-17
1337.9202725328228 3.0399038293352153e-16 5.660028966666704e-17
1338.504204844252 3.570617220907735e-16 6.007626358305142e-17
1339.0881366248464 3.7135359693932185e-16 6.35157999247316e-17
1339.6720678746078 4.543671852645114e-16 6.668660393406082e-17
1340.255998593538 3.399413211710413e-16 5.873419676041501e-17
1340.8399287816378 4.1981984975123426e-16 6.404150673614246e-17
1341.4238584389093 3.9252272996670353e-16 6.51266276460291e-17
1342.0077875653535 3.8362198487801607e-16 6.259462434706805e-17
1342.591716160972 3.256203466012785e-16 6.009760998426065e-17
1343.175644225766 3.3710512726212827e-16 6.164213040072127e-17
1343.7595717597376 3.706636262784942e-16 6.291240695538137e-17
1344.3434987628875 3.657969496975094e-16 6.290860407447405e-17
1344.9274252352175 3.2600253543302834e-16 6.046305407541125e-17
1345.511351176729 3.337779780982046e-16 5.991405310250321e-17
1346.0952765874238 3.685816643349436e-16 6.289911581006987e-17
1346.6792014673026 3.524263167448734e-16 6.084071618695904e-17
1347.2631258163674 3.4831247450443963e-16 6.176069892042509e-17
1347.8470496346197 4.593795655065215e-16 6.923636397346653e-17
1348.4309729220606 4.0550168214171153e-16 6.447573891885467e-17
1349.0148956786918 3.465268964208391e-16 6.080791829338876e-17
1349.5988179045146 4.535224670385291e-16 6.683741071343106e-17
1350.1827395995301 3.6865778922420476e-16 6.093349107853238e-17
1350.7666607637407 3.1179884872472846e-16 5.65584408991346e-17
1351.3505813971472 4.746570787101184e-16 6.834680614832082e-17
1351.934501499751 3.6973347222973784e-16 6.246422759516444e-17
1352.5184210715538 3.3493118965659266e-16 6.122650293863748e-17
1353.102340112557 3.3271456974279767e-16 5.920131957867711e-17
1353.686258622762 4.553030004866157e-16 6.792020193747172e-17
1354.2701766021698 4.493838702282328e-16 7.004100385309799e-17
1354.8540940507826 3.2524001932429476e-16 6.053241875527568e-17
1355.4380109686017 4.0254160360274662e-16 6.494753447618482e-17
1356.021927355628 3.3032630689443675e-16 6.071685061925983e-17
1356.6058432118634 3.3847274203876467e-16 6.32277946638742e-17
1357.1897585373094 3.498780860771986e-16 6.103337809890548e-17
1357.7736733319675 3.4539458112060757e-16 6.101431206243821e-17
1358.357587595839 3.3326651853186465e-16 6.035673302810318e-17
1358.941501328925 4.233215771947712e-16 6.374345746420466e-17
1359.5254145312272 3.5782481745090493e-16 6.066739629907468e-17
1360.1093272027472 3.7022857147521167e-16 6.334827089841139e-17
1360.6932393434865 3.4584761501236813e-16 6.220048351699336e-17
1361.2771509534464 4.1039307587340297e-16 6.565151153995584e-17
1361.8610620326283 3.4854264362297324e-16 6.243642655084216e-17
1362.4449725810337 4.166058147215395e-16 6.883395095892527e-17
1363.0288825986638 4.711261720499028e-16 7.310000452570088e-17
1363.6127920855206 5.319091219130516e-16 7.531011548761033e-17
1364.1967010416051 5.064868141051556e-16 7.407657059373504e-17
1364.780609466919 4.772570612552256e-16 7.151256143789047e-17
1365.3645173614636 4.932984547279564e-16 7.144071836769106e-17
1365.9484247252406 5.191108734184393e-16 7.372569653831136e-17
1366.5323315582507 5.622554849204869e-16 7.731997367120514e-17
1367.1162378604963 5.690061488515528e-16 7.623834529413445e-17
1367.700143631978 4.881015248683547e-16 7.10512996937077e-17
1368.2840488726981 4.4346289335691064e-16 6.807430053329434e-17
1368.8679535826575 5.476656409909749e-16 7.546857114291528e-17
1369.4518577618578 5.215648964446252e-16 7.385739312566344e-17
1370.0357614103004 5.874527950064685e-16 7.81186579578899e-17
1370.6196645279867 5.555725697960389e-16 7.486068246374982e-17
1371.2035671149183 5.363991756191611e-16 7.35167985022727e-17
1371.7874691710965 5.144135034830209e-16 7.362640689180103e-17
1372.3713706965227 4.936529257583936e-16 7.396642824369674e-17
1372.9552716911987 4.792406161533607e-16 7.284756501853744e-17
1373.5391721551255 5.188613844131773e-16 7.425730605997468e-17
1374.1230720883048 5.712783413348161e-16 7.793474859721136e-17
1374.706971490738 5.133098624936419e-16 7.349100376698623e-17
1375.2908703624264 6.216649510143631e-16 8.180541331391277e-17
1375.8747687033715 5.532135444202088e-16 7.655863844753767e-17
1376.4586665135753 5.599163917080645e-16 7.817906543439947e-17
1377.0425637930387 6.193227239296598e-16 8.090068913145706e-17
1377.6264605417628 5.392366789822268e-16 7.704405911512318e-17
1378.2103567597499 6.373013705252121e-16 8.268122640927695e-17
1378.7942524470009 6.529901493518e-16 8.538110645497795e-17
1379.3781476035174 6.014943452062083e-16 8.116351990886558e-17
1379.9620422293008 6.881492419041541e-16 8.556183610324776e-17
1380.5459363243524 6.241612120651829e-16 8.200553845740818e-17
1381.1298298886738 6.439208514062092e-16 8.433890623659073e-17
1381.7137229222667 7.304748740488058e-16 8.862503234623366e-17
1382.297615425132 5.239560237969047e-16 7.726534671026321e-17
1382.881507397272 5.273772231782172e-16 7.656270498637796e-17
1383.4653988386872 6.088541399681443e-16 7.962715877534816e-17
1384.0492897493793 6.356642042401212e-16 8.055727857795303e-17
1384.6331801293504 6.604883270548756e-16 8.39391398197485e-17
1385.2170699786009 6.239260117455961e-16 8.017413762281558e-17
1385.8009592971332 4.862383939058347e-16 7.280456732826573e-17
1386.384848084948 5.743377299479148e-16 7.995741549039817e-17
1386.9687363420474 6.080952061445822e-16 8.314888649012132e-17
1387.5526240684321 5.808031375500478e-16 8.165192355534202e-17
1388.1365112641047 6.087304792522015e-16 8.265258419501607e-17
1388.7203979290655 6.259503056503299e-16 8.357104474349408e-17
1389.3042840633163 5.760569374211659e-16 8.016026577488004e-17
1389.8881696668589 5.03507116612852e-16 7.486977911404145e-17
1390.472054739694 4.996848616787544e-16 7.488394965000856e-17
1391.0559392818236 5.737032697618717e-16 7.99605662443504e-17
1391.6398232932493 4.463209797786393e-16 7.276034297385268e-17
1392.2237067739723 3.8847955717377173e-16 6.787592855713905e-17
1392.8075897239942 4.148368900668048e-16 7.025030921934912e-17
1393.391472143316 5.011016299121215e-16 7.504133148907157e-17
1393.9753540319396 4.890713151308282e-16 7.540378418937761e-17
1394.5592353898662 3.7021406138959536e-16 6.542790064723228e-17
1395.1431162170973 3.8221543726574574e-16 6.827135570118811e-17
1395.7269965136345 4.459214211980146e-16 7.405726345574414e-17
1396.310876279479 4.125783950887562e-16 7.061959830185167e-17
1396.8947555146326 5.165393007149203e-16 7.52056430911824e-17
1397.4786342190966 5.543539955882454e-16 7.938393053347176e-17
1398.0625123928721 4.1663329083875495e-16 7.054075680469486e-17
1398.6463900359608 5.454065181700728e-16 7.804580456450283e-17
1399.2302671483644 5.661970540626226e-16 8.097464186189415e-17
1399.8141437300842 4.902110490192611e-16 7.555641361610392e-17
1400.3980197811213 4.3615384008346306e-16 7.1032421670178e-17
1400.9818953014776 5.135976749919145e-16 7.480636941644249e-17
1401.5657702911542 3.8579416523193747e-16 6.652757454401457e-17
1402.149644750153 3.432464676234002e-16 6.35534493945057e-17
1402.7335186784746 3.6305835795767306e-16 6.842408799482054e-17
1403.3173920761217 5.666245426983286e-16 8.057439421939751e-17
1403.9012649430945 4.762119052509081e-16 7.63226304311368e-17
1404.4851372793953 4.0256768806311004e-16 7.218470853112442e-17
1405.069009085025 4.582280012387935e-16 7.35472041392361e-17
1405.6528803599858 3.7376739092090526e-16 6.683355722144018e-17
1406.236751104278 4.662567874715196e-16 7.503544749220974e-17
1406.8206213179042 3.859155977892226e-16 6.818471538178835e-17
1407.404491000865 4.082173389481841e-16 7.034859189558741e-17
1407.9883601531624 3.48738814773755e-16 6.423221036327789e-17
1408.5722287747974 4.443407570983121e-16 7.097602642823725e-17
1409.1560968657718 4.625686282943071e-16 7.373986279634657e-17
1409.739964426087 4.481085333492511e-16 7.445293338494375e-17
1410.323831455744 5.16996049253044e-16 7.975883817805504e-17
1410.907697954745 4.0422566330066143e-16 7.185989397380127e-17
1411.491563923091 5.144081319807477e-16 7.724352644811618e-17
1412.0754293607831 4.253626084829555e-16 7.114633125762486e-17
1412.6592942678237 5.626859645707563e-16 8.083758427653066e-17
1413.2431586442135 5.241985785659123e-16 7.902636399655093e-17
1413.827022489954 4.578795992417279e-16 7.55868513944274e-17
1414.4108858050472 4.604832797423619e-16 7.408616521977454e-17
1414.9947485894938 4.3880935394359134e-16 7.337869783879685e-17
1415.5786108432956 3.669696152396432e-16 6.719426378189864e-17
1416.1624725664542 4.231665798387223e-16 7.225038838025747e-17
1416.7463337589706 4.342401110105951e-16 7.28508317560801e-17
1417.3301944208465 3.862086449869455e-16 6.899868610317091e-17
1417.9140545520838 4.73659833585685e-16 7.495479977777147e-17
1418.4979141526835 3.912994775877897e-16 7.123543319227022e-17
1419.081773222647 4.74291685564676e-16 7.654437257820143e-17
1419.6656317619752 4.808840488601865e-16 7.876283795151253e-17
1420.249489770671 4.566729521950334e-16 7.530319442518673e-17
1420.8333472487345 3.980110361262976e-16 6.912453181966742e-17
1421.4172041961679 4.455213977032194e-16 7.052959770906513e-17
1422.0010606129724 4.745573255849747e-16 7.695272885380004e-17
1422.5849164991491 4.328155907732496e-16 7.434458293803562e-17
1423.1687718547 4.3641467353512333e-16 7.458226897833923e-17
1423.7526266796265 5.414268637377292e-16 8.369930207907443e-17
1424.3364809739296 4.513577240431192e-16 7.352249977878291e-17
1424.9203347376115 3.784223761719724e-16 6.85876968429898e-17
1425.5041879706728 4.655420637117906e-16 7.702076252332812e-17
1426.0880406731153 3.7266177787296466e-16 7.142520124760248e-17
1426.6718928449407 3.793419833915366e-16 6.922270326291873e-17
1427.2557444861504 4.539854918290338e-16 7.687950976007093e-17
1427.8395955967453 4.3687122594006716e-16 7.650431390848085e-17
1428.4234461767273 4.0947528954531434e-16 7.34211466345984e-17
1429.0072962260977 3.0877076321120075e-16 6.523929500779198e-17
1429.591145744858 3.5542270821788745e-16 6.862310905878304e-17
1430.1749947330097 3.1632340789108224e-16 6.461766326752354e-17
1430.7588431905547 2.6535850852341465e-16 5.868146814656819e-17
1431.3426911174931 3.620160390669667e-16 6.907316206539592e-17
1431.9265385138276 2.4910641841317796e-16 5.935936596196882e-17
1432.5103853795592 3.3544379655590186e-16 6.618731013817149e-17
1433.0942317146896 4.2556314589234554e-16 7.203303791065925e-17
1433.6780775192199 3.953243668206541e-16 7.157243208618562e-17
1434.2619227931518 3.8665675593419447e-16 7.338627616636181e-17
1434.8457675364862 4.372249913150603e-16 7.723172009639616e-17
1435.4296117492254 3.376401979784714e-16 6.713361132730366e-17
1436.0134554313702 2.5565286921987035e-16 5.982377094864555e-17
1436.5972985829223 2.8520106823489723e-16 6.182601422956335e-17
1437.181141203883 2.369469376237936e-16 5.838143089293323e-17
1437.7649832942543 2.859490679604545e-16 6.226704750936733e-17
1438.348824854037 3.5797836445836485e-16 6.774040100895347e-17
1438.9326658832326 3.52867619436648e-16 7.00576645953656e-17
1439.5165063818426 3.164671505638559e-16 6.600225496690529e-17
1440.1003463498691 2.936659247799095e-16 6.299236068984366e-17
1440.6841857873128 2.6477304118598503e-16 6.227496424475223e-17
1441.2680246941748 2.55208692189165e-16 5.893799948105612e-17
1441.8518630704575 3.120767061826673e-16 6.349509932453303e-17
1442.4357009161622 3.254118723677957e-16 6.722456440513774e-17
1443.0195382312895 3.742244507302919e-16 7.088658432535557e-17
1443.6033750158415 4.2438239717725124e-16 7.730928974262727e-17
1444.1872112698202 3.628068363057612e-16 7.177157012704392e-17
1444.771046993226 2.3022009339731716e-16 5.874979107193338e-17
1445.3548821860606 3.943140657369818e-16 7.425621685513693e-17
1445.9387168483258 3.688271582198023e-16 7.163624824716374e-17
1446.522550980023 4.2488764774340335e-16 7.400047320888273e-17
1447.1063845811532 5.256840315278395e-16 8.471109757902852e-17
1447.6902176517183 4.726978934170547e-16 8.137141131258768e-17
1448.2740501917197 5.753132945188291e-16 8.62260507610362e-17
1448.8578822011586 5.77852983939068e-16 8.560032862094479e-17
1449.4417136800366 5.118155495456266e-16 8.216454961451769e-17
1450.0255446283552 5.097635673158459e-16 8.62049403716884e-17
1450.6093750461157 6.010940099220153e-16 9.19487796464535e-17
1451.19320493332 6.241850690603939e-16 9.174428821596612e-17
1451.7770342899687 6.786951323307799e-16 9.516144105204447e-17
1452.360863116064 5.766598263067125e-16 8.883098525926752e-17
1452.944691411607 5.950267745034385e-16 9.025946243931881e-17
1453.5285191765993 5.587946609795706e-16 8.504076756189529e-17
1454.112346411042 7.603129676576183e-16 9.818627099674938e-17
1454.696173114937 6.832491786632881e-16 9.682416335934976e-17
1455.2799992882854 6.525438153210465e-16 9.408373980084674e-17
1455.8638249310893 6.168029920079536e-16 9.491177723195614e-17
1456.447650043349 6.503556394031047e-16 9.558353223566553e-17
1457.031474625067 6.797625792377964e-16 9.696187980002717e-17
1457.6152986762443 7.658339788462358e-16 1.0206204384413277e-16
1458.1991221968824 8.448496618189671e-16 1.0778441320671915e-16
1458.7829451869825 7.015894242486213e-16 9.862792640124578e-17
1459.3667676465464 6.68587240690685e-16 9.829904192342074e-17
1459.9505895755756 7.875786086140007e-16 1.0016804900249546e-16
1460.5344109740713 6.981737590851868e-16 9.609146836227101e-17
1461.1182318420347 6.136815724085583e-16 8.975574572517915e-17
1461.702052179468 6.926581392040841e-16 9.649257768375387e-17
1462.2858719863718 7.884095834957472e-16 1.0425094478345139e-16
1462.8696912627486 6.721052334742544e-16 9.539263498263896e-17
1463.4535100085986 5.75689415845234e-16 9.208894502647285e-17
1464.037328223924 6.395800074340109e-16 9.56441039326029e-17
1464.621145908726 5.911669284954823e-16 9.23487264923802e-17
1465.2049630630065 6.221888739793923e-16 9.207461617219859e-17
1465.7887796867665 7.562833766488635e-16 1.0211392149707777e-16
1466.3725957800073 7.521834440147877e-16 1.051052285765051e-16
1466.9564113427307 7.589496330639614e-16 1.0575104217386279e-16
1467.540226374938 7.494373705733634e-16 1.0587160733456799e-16
1468.124040876631 7.099616639792271e-16 1.015159222529524e-16
1468.7078548478105 7.4601584138855415e-16 1.0410971543389577e-16
1469.2916682884781 6.7956458379256625e-16 9.928648441581636e-17
1469.8754811986355 6.195131513450189e-16 9.481851477063984e-17
1470.4592935782844 6.969342955910996e-16 9.925453093182711e-17
1471.0431054274256 5.554501006616462e-16 9.02718047902624e-17
1471.626916746061 6.482553126326749e-16 9.6474295328246e-17
1472.2107275341918 5.8454764584727875e-16 9.33975805556148e-17
1472.7945377918197 7.046804912658488e-16 1.0049165720887261e-16
1473.3783475189457 7.759355461848026e-16 1.0516901579960625e-16
1473.9621567155718 7.764622586679421e-16 1.0601268896587908e-16
1474.545965381699 6.976785272386943e-16 9.991497640522994e-17
1475.129773517329 6.187113908224521e-16 9.468736631151966e-17
1475.7135811224634 6.568626754382104e-16 9.873033373648906e-17
1476.2973881971034 7.574821327768984e-16 1.0499055174078775e-16
1476.88119474125 6.088157930196287e-16 9.497224485919912e-17
1477.4650007549058 7.607782140588761e-16 1.0688525962643318e-16
1478.0488062380712 7.827249555239345e-16 1.0653275061947211e-16
1478.6326111907476 6.701634887065056e-16 9.728264132097042e-17
1479.2164156129375 7.228779009928723e-16 1.0291627989118912e-16
1479.8002195046413 7.438217031790962e-16 1.0511701293666607e-16
1480.3840228658612 6.706868114849879e-16 1.0145945591993934e-16
1480.9678256965979 7.286802654271449e-16 1.0608821499250765e-16
1481.5516279968535 6.075476603647593e-16 9.746347734812017e-17
1482.135429766629 6.709586300332378e-16 1.0349600122765003e-16
1482.719231005926 5.728370103943005e-16 9.518476936654694e-17
1483.3030317147463 5.60574855819159e-16 8.938715291214115e-17
1483.8868318930909 6.389254016330209e-16 9.343437787925755e-17
1484.4706315409612 5.842626207915402e-16 9.13201482967978e-17
1485.054430658359 6.30413569329142e-16 9.686233221216641e-17
1485.6382292452854 7.766005023998931e-16 1.0762430823667005e-16
1486.222027301742 6.240141760773384e-16 9.698287139069535e-17
1486.8058248277305 7.081721450703921e-16 1.0223951910691403e-16
1487.389621823252 6.830475043005021e-16 9.993105891420914e-17
1487.9734182883076 6.558563652295132e-16 9.790644845037355e-17
1488.5572142228996 6.558939627920345e-16 9.980397326005586e-17
1489.141009627029 5.726169915508789e-16 9.246840414730895e-17
1489.7248045006975 5.012254676480162e-16 8.731167810503687e-17
1490.308598843906 6.17677884159685e-16 9.48825585971114e-17
1490.8923926566563 6.993392906061363e-16 1.0287539642568085e-16
1491.47618593895 5.780640009612583e-16 9.676920475777381e-17
1492.0599786907883 6.066213308384243e-16 9.837406763779204e-17
1492.6437709121726 5.69783078976236e-16 9.423528992709179e-17
1493.2275626031044 6.052967568817071e-16 9.419716794216823e-17
1493.8113537635854 6.40257145536471e-16 9.833691677042394e-17
1494.3951443936169 6.825498292198047e-16 1.0511795494440574e-16
1494.9789344932003 7.288536100343721e-16 1.0743502111294121e-16
1495.5627240623369 9.330811388706921e-16 1.2424912785702672e-16
1496.1465131010284 6.865950000532882e-16 1.0474901827775204e-16
1496.7303016092758 7.300847516969587e-16 1.0690225676379997e-16
1497.3140895870813 8.035461759662723e-16 1.1077190802540945e-16
1497.8978770344459 6.782139621392045e-16 1.0118599209771144e-16
1498.4816639513708 4.936361865091808e-16 8.792473453778652e-17
1499.0654503378578 8.355085611511839e-16 1.1476601525316212e-16
1499.6492361939086 8.234584208881397e-16 1.1631877725388125e-16
1500.2330215195236 8.209498104024203e-16 1.167802257816573e-16
1500.8168063147057 8.772024991198442e-16 1.215662299353634e-16
1501.4005905794552 8.381742504408567e-16 1.1802747791381131e-16
1501.984374313774 5.551568059971009e-16 9.710481312597987e-17
1502.5681575176634 8.096099434326765e-16 1.1210532419263026e-16
1503.151940191125 5.718140083745293e-16 9.468516498338468e-17
1503.7357223341603 6.737624787755744e-16 1.054823820219962e-16
1504.3195039467705 7.154188995988988e-16 1.0941276474835457e-16
1504.9032850289573 6.703447233211201e-16 1.0727273943897519e-16
1505.4870655807222 7.395614828508499e-16 1.0957170008821955e-16
1506.0708456020664 6.755914838657989e-16 1.0724889800005834e-16
1506.6546250929912 6.2168531721674165e-16 1.0455699118799278e-16
1507.2384040534982 6.768734155580184e-16 1.0648509314845191e-16
1507.8221824835891 7.307928211269547e-16 1.0917416953176108e-16
1508.405960383265 4.896734591970716e-16 8.792623695922097e-17
1508.9897377525276 6.147424724232529e-16 9.874092269618386e-17
1509.573514591378 6.558823466494624e-16 1.0750025165041676e-16
1510.1572908998182 5.835313785400948e-16 1.0016382638667487e-16
1510.7410666778492 6.114039345558951e-16 1.013397276495323e-16
1511.3248419254728 5.225841686722597e-16 9.675003680506853e-17
1511.9086166426898 5.404702518046185e-16 9.661170830414694e-17
1512.4923908295023 4.363878668095257e-16 8.453581742988685e-17
1513.0761644859117 5.36720517902869e-16 9.531210845657865e-17
1513.659937611919 4.601537897692977e-16 9.063392610598846e-17
1514.243710207526 4.22236869611014e-16 8.407476301634427e-17
1514.827482272734 4.66636683359701e-16 8.685066467379697e-17
1515.4112538075447 5.588043054528207e-16 9.72047013584082e-17
1515.9950248119594 5.589757774310166e-16 9.630474428646379e-17
1516.578795285979 4.082857508912061e-16 8.27964867399389e-17
1517.1625652296057 4.719018568080619e-16 9.213587317488958e-17
1517.7463346428408 5.764013078017248e-16 1.0149676219788819e-16
1518.3301035256854 5.677396146142212e-16 9.92538169093598e-17
1518.9138718781414 4.469702258596898e-16 8.917227926606003e-17
1519.49763970021 6.457490268437116e-16 1.0463731349644045e-16
1520.0814069918924 5.706391802989844e-16 9.997745757373257e-17
1520.6651737531906 5.065809370025581e-16 9.536382830486527e-17
1521.2489399841056 6.998202969394949e-16 1.1121184164076876e-16
1521.8327056846392 7.50074253105177e-16 1.1915480135871072e-16
1522.4164708547926 7.894687117122201e-16 1.2007056147103184e-16
1523.0002354945673 9.23076047957861e-16 1.279620687856759e-16
1523.5839996039645 7.966897411560212e-16 1.215262830229303e-16
1524.1677631829862 8.051458307976337e-16 1.2127992516095142e-16
1524.7515262316333 7.148833669352628e-16 1.153157366823149e-16
1525.3352887499075 8.251851329785084e-16 1.218732924207006e-16
1525.91905073781 8.361084581464846e-16 1.23213147668896e-16
1526.502812195343 7.558715391949571e-16 1.1099159902328672e-16
1527.0865731225072 8.033916535539316e-16 1.1483443917492757e-16
1527.6703335193042 4.753229241923603e-16 9.19984866389708e-17
1528.2540933857354 3.9904976076872e-16 8.678716348676993e-17
1528.8378527218024 5.842644730971495e-16 1.0463454088917921e-16
1529.421611527507 8.565479385750991e-16 1.2516888769769069e-16
1530.0053698028494 8.698631129567725e-16 1.284871412495343e-16
1530.5891275478327 9.001654397284755e-16 1.3057152642566847e-16
1531.172884762457 8.278591027582448e-16 1.2978085429126666e-16
1531.7566414467246 7.915703539612726e-16 1.2362955991845397e-16
1532.3403976006366 8.762122217590445e-16 1.3005796178413556e-16
1532.9241532241945 9.282556646079097e-16 1.3711764718914488e-16
1533.5079083173994 1.029065860490757e-15 1.4106511963639683e-16
1534.0916628802534 1.0899641997359463e-15 1.460284245789885e-16
1534.6754169127576 9.240409384056969e-16 1.322441391091631e-16
1535.2591704149131 1.097223763941894e-15 1.4567769414943662e-16
1535.842923386722 1.081448878492886e-15 1.4677843724198236e-16
1536.4266758281851 8.256498932361709e-16 1.2733843338436657e-16
1537.0104277393043 7.131472773348783e-16 1.1877812262855625e-16
1537.5941791200812 8.377100972045281e-16 1.3004047171626036e-16
1538.1779299705167 8.04264654222262e-16 1.2746065461812356e-16
1538.7616802906127 8.144877656252449e-16 1.2336750135976302e-16
1539.3454300803705 6.505285372645713e-16 1.121067473513344e-16
1539.9291793397915 7.509306312802406e-16 1.1922226501832448e-16
1540.512928068877 7.076582280664757e-16 1.1718156219970558e-16
1541.0966762676287 7.4200323109943055e-16 1.2180986211677904e-16
1541.680423936048 9.29514558830045e-16 1.3682305915584127e-16
1542.2641710741364 8.829875618272066e-16 1.3061461830162075e-16
1542.847917681895 7.024103634987235e-16 1.1499422431599813e-16
1543.4316637593258 5.94123089183001e-16 1.0935296876189183e-16
1544.0154093064295 6.970410001840807e-16 1.1816786711295444e-16
1544.5991543232083 6.528816592194473e-16 1.1766453190465897e-16
1545.1828988096634 5.991694904457162e-16 1.1053997156718369e-16
1545.7666427657957 6.094102427839869e-16 1.1212907189409645e-16
1546.3503861916074 5.135968495666034e-16 1.0415535870615459e-16
1546.9341290871 5.605516539393356e-16 1.0905172907127474e-16
1547.5178714522742 4.3298081089272996e-16 9.462334205897388e-17
1548.1016132871318 4.479570518847393e-16 9.691698296385912e-17
1548.6853545916745 4.642738783562482e-16 9.93221249726105e-17
1549.2690953659032 3.9498218172839746e-16 9.240909441832404e-17
1549.8528356098202 3.62883167599665e-16 8.690446220090775e-17
1550.436575323426 3.939164550836338e-16 9.023474806224791e-17
1551.0203145067226 3.5407252436238344e-16 8.82335051248937e-17
1551.6040531597114 3.102583141615639e-16 8.34497145267246e-17
1552.1877912823936 5.554504392168395e-16 1.1049933396539468e-16
1552.7715288747713 5.196229114318381e-16 1.0799571223779377e-16
1553.355265936845 5.023920129125935e-16 1.0632516922627699e-16
1553.9390024686165 5.231971351743058e-16 1.0821285261716912e-16
1554.5227384700875 5.789890440487928e-16 1.1232476191937942e-16
1555.1064739412595 7.584108904504994e-16 1.2898255504392482e-16
1555.6902088821337 6.866505959673573e-16 1.236924132881295e-16
1556.2739432927112 5.729288322975092e-16 1.1490370829576383e-16
1556.8576771729943 5.635804345886237e-16 1.1707069622838634e-16
1557.4414105229837 7.521883329046868e-16 1.3397721669963777e-16
1558.0251433426813 8.636163664520678e-16 1.4250985893721853e-16
1558.608875632088 6.297688795059283e-16 1.197826683588164e-16
1559.1926073912061 5.626974940975664e-16 1.1488560823467563e-16
1559.776338620036 6.393399589619183e-16 1.224565260619927e-16
1560.3600693185804 5.761375841283909e-16 1.1663515503448317e-16
1560.9437994868395 5.240450497725614e-16 1.117701216274055e-16
1561.5275291248154 5.427439188275372e-16 1.143753462127478e-16
1562.1112582325095 6.016740831418519e-16 1.1731650034908305e-16
1562.6949868099232 4.323673468331553e-16 1.0230620676858984e-16
1563.2787148570578 4.1509378317861475e-16 1.0736681549970893e-16
1563.8624423739152 4.492003618292386e-16 1.0600046573045332e-16
1564.446169360496 3.432383620954955e-16 8.695113916097251e-17
1565.0298958168028 5.598559896526303e-16 1.116833637399229e-16
1565.6136217428357 6.872720101933931e-16 1.299212528262327e-16
1566.1973471385975 5.829537338718691e-16 1.185159818487723e-16
1566.7810720040884 5.493951300758405e-16 1.1268586236793376e-16
1567.364796339311 7.360016792163824e-16 1.3220817133282339e-16
1567.9485201442658 6.405029754340028e-16 1.226342071316766e-16
1568.5322434189547 7.467657181021052e-16 1.3343617095106146e-16
1569.1159661633794 7.663757786900896e-16 1.3686203877451299e-16
1569.6996883775407 6.050149921349059e-16 1.2538473323386477e-16
1570.2834100614402 6.966641300573981e-16 1.3109350721981885e-16
1570.8671312150798 7.057430535381064e-16 1.3015348732645917e-16
1571.4508518384607 5.248837244014178e-16 1.1152762408304647e-16
1572.0345719315842 6.250587061252383e-16 1.2704026572372283e-16
1572.6182914944518 4.796406020984908e-16 1.083078597657902e-16
1573.202010527065 6.778881104215487e-16 1.2896012623620643e-16
1573.7857290294255 4.996888083673426e-16 1.1178633465547223e-16
1574.3694470015341 5.022064264127307e-16 1.126258687860942e-16
1574.9531644433928 5.418331845152805e-16 1.1804347651716503e-16
1575.536881355003 4.2806370124095583e-16 1.0716002798555676e-16
1576.1205977363659 4.332857823900113e-16 1.0790890660319463e-16
1576.704313587483 3.5846755746092686e-16 9.094835745681745e-17
1577.2880289083557 2.809477949100269e-16 8.226520579584866e-17
1577.871743698986 2.0514802799879066e-16 7.021572170609179e-17
1578.4554579593746 3.7404663096364024e-16 9.624525395410375e-17
1579.039171689523 3.8543469392199813e-16 1.0144145566258662e-16
1579.6228848894332 4.602629458470979e-16 1.094383291849881e-16
1580.2065975591065 4.821730397802201e-16 1.1236259181209898e-16
1580.7903096985438 4.4994583838636e-16 1.0152474475631332e-16
1581.3740213077472 3.080423808227115e-16 8.485675615939991e-17
1581.9577323867177 3.751996234089289e-16 1.040665179210796e-16
1582.5414429354569 4.757803549877779e-16 1.1209877913225565e-16
1583.1251529539663 4.953212725315334e-16 1.1344541637133214e-16
1583.7088624422474 2.6460673466067397e-16 7.640980823224552e-17
1584.2925714003015 3.3499355601256006e-16 9.177504139490828e-17
1584.87627982813 3.9368167366873985e-16 1.0367972975645388e-16
1585.4599877257347 3.208720522188578e-16 9.821136531021027e-17
1586.0436950931164 3.0130749204807856e-16 8.399178782127088e-17
1586.6274019302768 2.512601873520508e-16 7.945092781224497e-17
1587.211108237218 2.3415218544374103e-16 7.75836802728629e-17
1587.7948140139408 4.2685026174591314e-16 1.0944310450116941e-16
1588.3785192604464 2.458450719476073e-16 7.850843695903092e-17
1588.962223976737 1.933854680021125e-16 7.187629311806352e-17
1589.5459281628134 3.1720561481194023e-16 9.092496389470549e-17
1590.1296318186776 3.645070910661666e-16 9.901831413967244e-17
1590.7133349443304 3.3230249988588524e-16 9.249217136373006e-17
1591.297037539774 2.754505020301838e-16 8.680488659066137e-17
1591.880739605009 3.330899069265197e-16 9.743979015767417e-17
1592.4644411400375 2.5933003403898954e-16 8.917135245577228e-17
1593.0481421448605 3.4684982344725544e-16 1.0643555712928252e-16
1593.6318426194803 2.88235991541917e-16 8.657782344038493e-17
1594.215542563897 2.7642844836404193e-16 8.653640438020858e-17
1594.799241978113 5.25790208749723e-16 1.1967172908645535e-16
1595.3829408621295 3.5041123601190386e-16 1.02824117821529e-16
1595.9666392159484 5.04500858269489e-16 1.1928037791690532e-16
1596.5503370395702 6.188532715513008e-16 1.4190189342741096e-16
1597.1340343329966 5.651296859158787e-16 1.3626956816179782e-16
1597.7177310962297 5.6543324573717445e-16 1.2995104259190686e-16
1598.3014273292702 5.627141257516149e-16 1.318963151820179e-16
1598.8851230321202 5.439311098314235e-16 1.3114867800836037e-16
1599.4688182047807 4.591424303572113e-16 1.2167523052872037e-16
1600.0525128472532 6.414416650950861e-16 1.4357073255254662e-16
1600.6362069595393 3.755132116300237e-16 1.0970790018596226e-16
1601.2199005416403 6.46902423697698e-16 1.428471927810336e-16
1601.8035935935575 5.188550678177516e-16 1.2799821312760663e-16
1602.387286115293 5.9984832105089425e-16 1.403375307686245e-16
1602.9709781068473 5.340203080652297e-16 1.3738353925820143e-16
1603.5546695682224 5.282578224330804e-16 1.37549112347214e-16
1604.1383604994198 5.482173331548068e-16 1.2467255303440743e-16
1604.7220509004408 5.10936481731484e-16 1.26202592159832e-16
1605.3057407712868 6.266824685564964e-16 1.4186334997955205e-16
1605.8894301119597 3.843439762693195e-16 1.1146320033640967e-16
1606.47311892246 4.242043445932582e-16 1.1710150450950435e-16
1607.05680720279 5.5864540395250055e-16 1.377107846313001e-16
1607.6404949529508 5.929774464543563e-16 1.4249710293643335e-16
1608.2241821729438 5.12569902271852e-16 1.2776986040926972e-16
1608.8078688627706 3.403082092239473e-16 1.0601469506601347e-16
1609.3915550224328 3.0570978242005785e-16 1.0344662815762948e-16
1609.975240651931 3.925370216051902e-16 1.1422512719778204e-16
1610.558925751268 4.227698645525507e-16 1.2115451439209346e-16
1611.1426103204442 8.097453428814026e-16 1.6749046112993697e-16
1611.726294359461 7.358512397277253e-16 1.598832137380819e-16
1612.3099778683206 5.998710500076855e-16 1.4478918779314205e-16
1612.893660847024 6.640320747011729e-16 1.5954216934587464e-16
1613.4773432955724 5.960665864830491e-16 1.3720202670800465e-16
1614.0610252139677 4.542393555213681e-16 1.2212559225749467e-16
1614.6447066022113 6.607374144486277e-16 1.5561066156399648e-16
1615.2283874603047 6.659598344765346e-16 1.5135289434182572e-16
1615.812067788249 5.441511378704996e-16 1.3499974370175536e-16
1616.3957475860454 5.83628501227508e-16 1.3718958824749638e-16
1616.9794268536962 6.86184369314755e-16 1.5171408317052843e-16
1617.5631055912022 5.742235482699843e-16 1.4469800924656546e-16
1618.1467837985651 5.997567934889927e-16 1.5347073473401772e-16
1618.7304614757863 5.934806277240503e-16 1.539859160409343e-16
1619.3141386228674 5.406212981002488e-16 1.4222007766503146e-16
1619.8978152398095 7.297045493653849e-16 1.619410718153436e-16
1620.4814913266139 6.836857885231387e-16 1.6111220328983216e-16
1621.0651668832832 3.649925955165456e-16 1.188101641714089e-16
1621.6488419098173 8.468906844608184e-16 1.71362582398172e-16
1622.2325164062188 7.705381823037348e-16 1.6582739173719532e-16
1622.8161903724883 6.052772084869663e-16 1.488074726435608e-16
1623.3998638086277 7.655158379439626e-16 1.6958856780358863e-16
1623.9835367146386 6.271550323799779e-16 1.5937314483181938e-16
1624.5672090905223 8.210013835462418e-16 1.7692156252238702e-16
1625.1508809362797 7.430859633733143e-16 1.695215656431841e-16
1625.7345522519133 8.865578114263743e-16 1.934328802983331e-16
1626.3182230374236 7.031919654642641e-16 1.645494250244875e-16
1626.9018932928125 7.840591828533143e-16 1.7299870663363683e-16
1627.4855630180814 7.695872239967369e-16 1.7829431464487173e-16
1628.0692322132318 5.906394290698814e-16 1.5617199578045517e-16
1628.652900878265 7.039745811929484e-16 1.6458679139267002e-16
1629.2365690131821 5.707767332204823e-16 1.3881563050819842e-16
1629.8202366179855 3.8219273239673353e-16 1.1482296871881065e-16
1630.4039036926756 6.780219034528885e-16 1.546376172108616e-16
1630.9875702372547 5.473372857509107e-16 1.470780551145138e-16
1631.5712362517236 6.270321413460626e-16 1.5302233697333365e-16
1632.1549017360842 6.658484449937502e-16 1.6024908372196678e-16
1632.7385666903376 8.425950597034033e-16 1.8044046412553203e-16
1633.3222311144855 9.122630149043905e-16 1.8379411418194047e-16
1633.9058950085293 7.490309147739382e-16 1.6904423770182364e-16
1634.4895583724704 7.789206667765222e-16 1.8166029736837547e-16
1635.0732212063099 6.63170173448184e-16 1.6354985199630905e-16
1635.6568835100497 5.635548133757215e-16 1.4516762773781036e-16
1636.2405452836913 7.184839201163735e-16 1.6463435716186067e-16
1636.824206527236 7.106741754808751e-16 1.7399462495986921e-16
1637.4078672406852 5.179992722254917e-16 1.4705512157861286e-16
1637.9915274240402 6.460158987442554e-16 1.6496786505563068e-16
1638.5751870773026 7.137460189728562e-16 1.6990725023791432e-16
1639.158846200474 7.752642380808762e-16 1.7478042622770208e-16
1639.7425047935556 9.05981948781685e-16 1.9081961088314892e-16
1640.3261628565488 7.559944514931757e-16 1.7708051176688468e-16
1640.9098203894553 9.164861070400047e-16 1.9339081453481905e-16
1641.4934773922764 1.040895427785935e-15 2.0199133357289189e-16
1642.0771338650136 7.329768930005876e-16 1.7185839333408587e-16
1642.6607898076684 6.488711956272994e-16 1.682650649323636e-16
1643.244445220242 8.002043011496477e-16 1.8591688593617502e-16
1643.8281001027358 8.9019392149071e-16 1.9395129854215415e-16
1644.411754455152 8.505282529114964e-16 1.939179277520814e-16
1644.995408277491 7.524646041815758e-16 1.875418106895534e-16
1645.579061569755 7.628186485841835e-16 1.8450244471753397e-16
1646.162714331945 7.684407091654e-16 1.7787211681675634e-16
1646.7463665640628 5.639825023601897e-16 1.5928091720039574e-16
1647.3300182661096 6.309566941482155e-16 1.7223642625593866e-16
1647.9136694380868 9.841917028892011e-16 2.079401591640326e-16
1648.497320079996 1.1453115956357548e-15 2.2785002737584117e-16
1649.0809701918388 1.086345794829748e-15 2.2843330209152244e-16
1649.664619773616 1.0103568346759477e-15 2.074520027516102e-16
1650.2482688253297 9.170198435015276e-16 2.012452186330748e-16
1650.8319173469813 9.988668938430717e-16 2.1206413216973296e-16
1651.415565338572 6.558271413984849e-16 1.5661266670496718e-16
1651.9992128001031 4.396714448925425e-16 1.2883927069834395e-16
1652.5828597315765 8.963134463469393e-16 1.8732200932673627e-16
1653.1665061329932 8.300884173533678e-16 1.874511139684586e-16
1653.7501520043552 4.222384986970956e-16 1.4749475131500553e-16
1654.3337973456632 8.638241434940842e-16 1.9921149167144003e-16
1654.9174421569192 9.028393134060058e-16 2.030357619571692e-16
1655.5010864381243 8.270836826919658e-16 1.9887510496315352e-16
1656.0847301892804 6.744680286677098e-16 1.8236385789949052e-16
1656.6683734103885 5.300234014085518e-16 1.45742083313449e-16
1657.2520161014504 4.146274720269457e-16 1.2933792958849818e-16
1657.8356582624672 5.727482448027801e-16 1.594766645004941e-16
1658.4192998934404 4.088541011320895e-16 1.33122311028144e-16
1659.002940994372 4.626829987829078e-16 1.4229580295811197e-16
1659.5865815652623 5.416797547379482e-16 1.6153319152353742e-16
1660.170221606114 3.6212125260869954e-16 1.4010459657672998e-16
1660.753861116928 4.793598532551518e-16 1.4411146435188615e-16
1661.3375000977053 5.598783572970276e-16 1.5453870340148732e-16
1661.9211385484482 6.409845134680336e-16 1.7268069010173392e-16
1662.5047764691572 8.418795071281893e-16 1.9552465308438608e-16
1663.0884138598346 4.967433817743464e-16 1.5993273423491674e-16
1663.6720507204816 7.736786058685037e-16 2.0251094845891736e-16
1664.2556870510994 6.407640614084565e-16 1.8689808911202418e-16
1664.8393228516895 5.757768054401361e-16 1.6702028940920577e-16
1665.4229581222535 4.488723607621623e-16 1.4168488576520632e-16
1666.0065928627928 2.835012664822875e-16 1.1753213154741103e-16
1666.5902270733088 3.6395428557785855e-16 1.3161958472938776e-16
1667.173860753803 4.747611144350513e-16 1.418537886453959e-16
1667.7574939042768 3.798839559244168e-16 1.325692478149901e-16
1668.3411265247316 9.220182904602888e-17 7.382997686605126e-17
1668.924758615169 1.6298663573279242e-16 9.316702196802744e-17
1669.5083901755902 2.7936125127409086e-16 1.2013690240429326e-16
1670.0920212059966 2.810908669641004e-16 1.1966631382652686e-16
1670.6756517063902 1.8522622966112275e-16 1.0045576735543726e-16
1671.2592816767722 2.2580247227223016e-16 1.1123198628617738e-16
1671.8429111171436 1.9340335477305005e-16 1.0438381387720001e-16
1672.426540027506 1.7819032172944423e-16 9.828732799107895e-17
1673.010168407861 1.87926285008149e-16 1.0293577213472358e-16
1673.5937962582107 3.6214351148678307e-16 1.3149796855121574e-16
1674.1774235785551 3.8183447689074943e-16 1.3698593072041749e-16
1674.7610503688968 4.451971229621999e-16 1.4692395588379354e-16
1675.344676629237 3.8893304118477263e-16 1.3720068086753562e-16
1675.9283023595767 3.1376519380624484e-16 1.262623647263578e-16
1676.5119275599181 2.6111139003914536e-16 1.2479873189513595e-16
1677.095552230262 2.698505926261487e-16 1.1913464150230824e-16
1677.6791763706099 4.6920604448433215e-17 6.449055640207727e-17
1678.2627999809633 4.876544474895872e-16 1.4553865928942133e-16
1678.846423061324 4.58469194492672e-16 1.5610833146665812e-16
1679.4300456116932 2.8465317056068404e-16 1.2058212602470028e-16
1680.0136676320724 2.5638571646740823e-16 1.1951647559642483e-16
1680.5972891224628 4.514717693970976e-16 1.554831750857374e-16
1681.1809100828661 3.64853286612203e-16 1.4026600803257554e-16
1681.7645305132835 1.2453045717243257e-16 1.0831815687294487e-16
1682.3481504137167 1.5370649047423897e-16 1.049395248326967e-16
1682.931769784167 2.729612016908352e-16 1.155897723495027e-16
1683.5153886246362 2.38548865106057e-16 1.2397286613470714e-16
1684.0990069351249 3.778833503753295e-16 1.4008916426692939e-16
1684.6826247156355 5.685148035576986e-16 1.791651180519597e-16
1685.2662419661688 2.3146719731735464e-16 1.2593769049670889e-16
1685.8498586867265 2.977281916638877e-16 1.457981421792353e-16
1686.4334748773103 2.948052318783836e-16 1.4577476116024472e-16
1687.0170905379211 3.292683695669192e-16 1.351785482896899e-16
1687.6007056685605 1.9660044289002957e-16 1.223513996768878e-16
1688.18432026923 1.900924745899334e-16 1.1184342851774365e-16
1688.7679343399318 1.6058840772418712e-16 1.0595622975551725e-16
1689.3515478806657 2.0304802440643133e-16 1.1982590205897796e-16
1689.9351608914346 2.840076339297131e-16 1.3368677497501707e-16
1690.5187733722394 3.207165938014328e-16 1.3300125533043245e-16
1691.1023853230813 2.2575975797990865e-16 1.2623258543761069e-16
1691.685996743962 3.018342020310392e-16 1.3934927282222396e-16
1692.2696076348832 1.794963793633291e-16 1.0830383707402658e-16
1692.853217995846 1.3148394543734217e-16 1.1074479326416297e-16
1693.436827826852 1.4443534738361426e-16 1.182910283068463e-16
1694.0204371279024 1.7236024515334629e-16 1.1202979118493885e-16
1694.6040458989992 3.515651269542614e-16 1.5010653763444795e-16
1695.187654140143 1.2961341461118614e-16 1.0680082584138455e-16
1695.771261851336 2.0140579998511673e-16 1.32284322130019e-16
1696.3548690325792 1.0072053634293764e-16 1.1237173795459095e-16
1696.9384756838742 6.975896262990521e-17 1.0157888953074183e-16
1697.5220818052226 2.7569903086724715e-16 1.5491263079091774e-16
1698.1056873966256 2.5487329555615545e-16 1.5037071571735713e-16
1698.6892924580848 1.8232740996314338e-16 1.3121693556131228e-16
1699.2728969896013 2.4791173765234305e-16 1.4577067159238272e-16
1699.8565009911772 2.105639490985351e-16 1.4848075939210712e-16
1700.4401044628135 1.5810199754462298e-16 1.2389574252623808e-16
1701.0237074045112 2.0451489405760798e-16 1.419375679070982e-16
1701.6073098162728 3.7454587548829144e-16 1.923768802458478e-16
1702.190911698099 3.9650515272507956e-16 1.852922895789094e-16
1702.7745130499914 3.455136857899922e-16 1.7014286489109705e-16
1703.3581138719517 2.4299664886003536e-16 1.621707315067938e-16
1703.9417141639808 1.60791751429883e-16 1.2740443746900666e-16
1704.5253139260803 2.0635737311258838e-16 1.3846383625339968e-16
1705.1089131582523 1.9161945690502335e-16 1.4174392264221616e-16
1705.6925118604977 4.2496824506975084e-16 1.7281101091329312e-16
1706.2761100328175 5.547779132158449e-16 2.1305372665841503e-16
1706.8597076752142 7.107813934660453e-16 2.1812060981114162e-16
1707.4433047876887 3.178768831807389e-16 1.7077635783720153e-16
1708.0269013702423 1.0563540419032121e-16 1.2349974279209301e-16
1708.6104974228763 2.025244217026461e-16 1.462441865583875e-16
1709.1940929455927 4.500351871454185e-16 1.8134383785682607e-16
1709.7776879383925 5.809725318824136e-16 2.1648217943982674e-16
1710.3612824012773 5.483104183972759e-16 2.1208295240066478e-16
1710.9448763342486 4.0094958706785407e-16 1.955536958336426e-16
1711.528469737308 2.519569999540042e-16 1.5048437680707748e-16
1712.1120626104564 4.79497201367218e-16 1.8766887645718392e-16
1712.6956549536958 2.788215021314107e-16 1.6870460771144134e-16
1713.2792467670272 5.757867210536904e-16 1.8990031544026944e-16
1713.8628380504526 6.06728293477095e-16 2.1684879858805298e-16
