wavelength flux error
2424.07958984375 1.3871947515643138e-14 4.1447844679148957e-16
2422.33740234375 1.4878314983572498e-14 3.686897250172738e-16
2420.595703125 1.5492173312974845e-14 3.2422811858294834e-16
2418.854248046875 1.4792266600526828e-14 3.0466994254238933e-16
2417.113037109375 1.5291558641615348e-14 3.0999611218450397e-16
2415.372314453125 1.522107364194253e-14 3.0965078743982024e-16
2413.6318359375 1.5454808995605564e-14 3.126637101029834e-16
2411.8916015625 1.5184759645427842e-14 3.10392788301615e-16
2410.15185546875 1.4970307843841998e-14 3.084022608755674e-16
2408.412353515625 1.4856493720785333e-14 2.787548901118052e-16
2406.673095703125 1.429127371728022e-14 2.5034222868734377e-16
2404.934326171875 1.4695909826513073e-14 2.4971473609210594e-16
2403.19580078125 1.4270711145452676e-14 2.462511919010035e-16
2401.45751953125 1.381223169286171e-14 2.2588698460179323e-16
2399.7197265625 1.4100295739761636e-14 2.1542983347234686e-16
2397.982177734375 1.3833742094557233e-14 2.113917627149896e-16
2396.244873046875 1.3435649314841921e-14 2.086231561175501e-16
2394.5078125 1.2326097987343937e-14 1.9978338793110622e-16
2392.771240234375 1.186420668604143e-14 1.958803792241666e-16
2391.034912109375 1.2161137473833215e-14 1.984963213677533e-16
2389.299072265625 1.2703954302916397e-14 2.0338534259974593e-16
2387.563232421875 1.290787748496787e-14 2.2362548604196305e-16
2385.827880859375 1.3005326084450635e-14 2.3659779562916266e-16
2384.093017578125 1.341907711522889e-14 2.432436955426587e-16
2382.358154296875 1.3399283649317452e-14 2.432047055573054e-16
2380.623779296875 1.3396189437961132e-14 2.2663586760628444e-16
2378.8896484375 1.3377012612035295e-14 2.130077692294528e-16
2377.15576171875 1.3431517488125214e-14 2.105479326110671e-16
2375.422119140625 1.3568579277452222e-14 2.1150451074120302e-16
2373.68896484375 1.3356834593165803e-14 2.0984179830063263e-16
2371.9560546875 1.3271192785934815e-14 2.092205128687114e-16
2370.223388671875 1.312050731868417e-14 2.0829956306191936e-16
2368.490966796875 1.2395201476279784e-14 2.0299364280120002e-16
2366.7587890625 1.2317010170852846e-14 2.030792857731013e-16
2365.027099609375 1.2420557407555842e-14 2.0464752757027324e-16
2363.295654296875 1.2600050465342606e-14 2.065700541325241e-16
2361.564453125 1.2676174163345297e-14 2.0726173594329603e-16
2359.83349609375 1.2230171506067387e-14 2.0320005414253405e-16
2358.102783203125 1.1888740148325704e-14 1.998580856491422e-16
2356.37255859375 1.1077374064414388e-14 1.9258225792068498e-16
2354.642333984375 1.0960965479440282e-14 1.9186773269011677e-16
2352.91259765625 1.054118526814347e-14 1.788617535432638e-16
2351.18310546875 1.1120328799235548e-14 1.7654179647518328e-16
2349.453857421875 1.1426155974072344e-14 1.7858334440141316e-16
2347.724853515625 1.1707666527059363e-14 1.81416656375089e-16
2345.996337890625 1.1830655711000688e-14 1.8242663728557134e-16
2344.267822265625 1.1599118407835778e-14 1.8014601430997894e-16
2342.53955078125 1.1424004510386318e-14 1.7828847105665025e-16
2340.811767578125 1.129828957442073e-14 1.7723537087519674e-16
2339.084228515625 1.1390803359952791e-14 1.7862061385109235e-16
2337.35693359375 1.1487336316819575e-14 1.8064592256753658e-16
2335.629638671875 1.1370144226369259e-14 1.8107874316869373e-16
2333.90283203125 1.1289053527163868e-14 1.8159241571164426e-16
2332.17626953125 1.1344497762792293e-14 1.8274447316413871e-16
2330.4501953125 1.1643716386574611e-14 1.8548253363591784e-16
2328.72412109375 1.1600887012629645e-14 1.8501162302191385e-16
2326.998291015625 1.1678586191914229e-14 1.8517070639732005e-16
2325.272705078125 1.1573178023826115e-14 1.8368416357488875e-16
2323.54736328125 1.134735226382454e-14 1.8143022213713486e-16
2321.822509765625 1.113795555486791e-14 1.7953378154268149e-16
2320.09765625 1.0987522503435546e-14 1.7843512687053346e-16
2318.373046875 1.0706108512204514e-14 1.764671649315963e-16
2316.64892578125 1.0844919424567601e-14 1.782955781924733e-16
2314.9248046875 1.068497758126936e-14 1.779163588950096e-16
2313.201171875 1.0725042239674489e-14 1.7928067751013006e-16
2311.4775390625 1.08982892765082e-14 1.814933128568155e-16
2309.754150390625 1.0797876908742992e-14 1.809283551158867e-16
2308.03125 1.0765232258955811e-14 1.8043207321813447e-16
2306.308349609375 1.0645563444167724e-14 1.789802058069814e-16
2304.585693359375 1.0650957349975839e-14 1.7871762559333257e-16
2302.863525390625 1.0246466930409915e-14 1.752428449807892e-16
2301.141357421875 1.0537468487570919e-14 1.7799486826130823e-16
2299.41943359375 1.0497691820367857e-14 1.7798437299369616e-16
2297.69775390625 1.054161132571594e-14 1.7883180298764449e-16
2295.976318359375 1.0162062638314866e-14 1.7594811902338662e-16
2294.255126953125 1.0323720570364243e-14 1.7771123133798625e-16
2292.5341796875 1.0072068775800885e-14 1.7565830140652764e-16
2290.8134765625 9.89461198521932e-15 1.7410598118178613e-16
2289.093017578125 9.901424671214087e-15 1.740104649820934e-16
2287.37255859375 1.0068527331048415e-14 1.7543643171390622e-16
2285.652587890625 1.0247027666220997e-14 1.7704793836583713e-16
2283.9326171875 1.0364708494681879e-14 1.7846952434912586e-16
2282.213134765625 1.0043126507026153e-14 1.762286854522748e-16
2280.49365234375 9.990137819911819e-15 1.7636092847116489e-16
2278.7744140625 1.001463824791115e-14 1.7695893373192642e-16
2277.055419921875 9.792063400361137e-15 1.7514417887732388e-16
2275.336669921875 9.920097512536308e-15 1.7628185000460482e-16
2273.6181640625 9.785597150841797e-15 1.7502849270557467e-16
2271.899658203125 9.505480814085959e-15 1.7246317401547621e-16
2270.181640625 9.324420745346774e-15 1.708453410862205e-16
2268.463623046875 9.45098186722667e-15 1.720416295404294e-16
2266.745849609375 9.378236136617629e-15 1.7148620092015718e-16
2265.0283203125 9.356104859771768e-15 1.7151215453905665e-16
2263.310791015625 9.249720909728417e-15 1.7094623065117237e-16
2261.59375 9.358747602567202e-15 1.72578423435862e-16
2259.876708984375 9.487860834717175e-15 1.7445579255411235e-16
2258.159912109375 9.205918294927055e-15 1.7247950586949046e-16
2256.443359375 9.542699441788313e-15 1.7582106408129848e-16
2254.72705078125 9.36339696641468e-15 1.7391031657097039e-16
2253.0107421875 9.095330520366481e-15 1.7100885814970998e-16
2251.294921875 9.085186453790164e-15 1.706673053486195e-16
2249.5791015625 9.337355785484294e-15 1.7315796602535136e-16
2247.863525390625 9.020857689577989e-15 1.7048463739958818e-16
2246.14794921875 9.066167175992516e-15 1.7127971016948435e-16
2244.4326171875 9.305674212158142e-15 1.7389102010164075e-16
2242.717529296875 8.770619593003598e-15 1.6907921121674628e-16
2241.002685546875 9.332414195270013e-15 1.7448207704525684e-16
2239.2880859375 8.970212742628707e-15 1.7087531811161942e-16
2237.573486328125 9.153262491760992e-15 1.7234162478754522e-16
2235.859130859375 8.747449006731457e-15 1.6822647403198781e-16
2234.14501953125 8.882720168407968e-15 1.6933149468613005e-16
2232.430908203125 8.472217508982433e-15 1.6524123875828804e-16
2230.717041015625 8.758770449104458e-15 1.6810255575878247e-16
2229.00341796875 8.839269072279717e-15 1.806476960427699e-16
2227.289794921875 8.604254698866328e-15 1.862866193657684e-16
2225.576416015625 8.881951909524809e-15 1.9121350561748123e-16
2223.86328125 8.300059756518891e-15 1.8551878399908236e-16
2222.150390625 8.538397887217306e-15 1.8892085212705986e-16
2220.4375 8.227602864144864e-15 1.8619226783637814e-16
2218.724853515625 8.31016316551374e-15 1.8786822840163918e-16
2217.01220703125 8.531750372647254e-15 1.9103152588271957e-16
2215.2998046875 8.62339594940838e-15 1.924094367296655e-16
2213.587646484375 8.201778523648975e-15 1.8758745021451418e-16
2211.87548828125 8.291560627926142e-15 1.8812175595066423e-16
2210.16357421875 7.915399225281138e-15 1.8320668845554354e-16
2208.451904296875 8.255576974260884e-15 1.866816543565441e-16
2206.740234375 7.969797375219703e-15 1.834367240751721e-16
2205.02880859375 8.355501451048474e-15 1.884599073850759e-16
2203.3173828125 8.131979620663431e-15 1.868233735565316e-16
2201.606201171875 8.033013138139186e-15 1.8637849597076588e-16
2199.895263671875 7.948779099666535e-15 1.8552590436979522e-16
2198.184326171875 8.065333374307568e-15 1.864769503159944e-16
2196.4736328125 8.469030124001915e-15 1.9053632924593102e-16
2194.762939453125 8.129619786872381e-15 1.7614235426610387e-16
2193.052490234375 7.960791720924495e-15 1.6637234538022775e-16
2191.34228515625 8.211956471543182e-15 1.6773679634424622e-16
2189.632080078125 8.249711271101148e-15 1.683324457946232e-16
2187.921875 8.259705412845802e-15 1.6853631603711548e-16
2186.2119140625 7.964092608319946e-15 1.6563735901002744e-16
2184.502197265625 8.047552458678806e-15 1.6683280043128907e-16
2182.79248046875 8.19865805427129e-15 1.6891594561616301e-16
2181.0830078125 8.016697589509174e-15 1.6764023458825923e-16
2179.37353515625 8.069387273993128e-15 1.6863142195522437e-16
2177.664306640625 8.146347840547706e-15 1.6975845223110542e-16
2175.955078125 7.827226483603754e-15 1.6661835551184592e-16
2174.245849609375 7.683298645206303e-15 1.6540102358285368e-16
2172.537109375 7.837951614781888e-15 1.6741641936683708e-16
2170.828125 7.912703966442974e-15 1.6874391851853159e-16
2169.119384765625 7.7171105063948e-15 1.6733513067368027e-16
2167.410888671875 8.004735790228049e-15 1.7133095566279323e-16
2165.702392578125 8.008897263097909e-15 1.7213113710015253e-16
2163.994140625 8.429260233062431e-15 1.7712103466220721e-16
2162.28564453125 8.264368329220437e-15 1.754470460955265e-16
2160.57763671875 8.082925401589093e-15 1.7348178407410871e-16
2158.86962890625 8.172099336210131e-15 1.7431501303130073e-16
2157.16162109375 7.882397974623163e-15 1.7144361104477805e-16
2155.453857421875 7.546164011045832e-15 1.6828142529444094e-16
2153.74609375 7.57417877874332e-15 1.6945481738929436e-16
2152.038330078125 7.747565576013329e-15 1.7234465557730962e-16
2150.330810546875 7.741887914167883e-15 1.731634452697289e-16
2148.62353515625 7.665486389358492e-15 1.7293158323530784e-16
2146.916015625 7.825039444533943e-15 1.7497937802952372e-16
2145.208740234375 7.702134963887344e-15 1.735376220741785e-16
2143.501708984375 7.626512709389428e-15 1.7249166873321744e-16
2141.794677734375 7.501120492976743e-15 1.7097258131676586e-16
2140.087646484375 7.58082375221453e-15 1.7203117397748672e-16
2138.380615234375 7.539589341309244e-15 1.7202814318772233e-16
2136.673828125 7.567597332743155e-15 1.7280217248283515e-16
2134.96728515625 7.699580312518425e-15 1.7477095498493996e-16
2133.260498046875 7.64904463281934e-15 1.74434616730431e-16
2131.553955078125 7.513078904126079e-15 1.7309827667234953e-16
2129.84765625 7.421939006034464e-15 1.7209816898965862e-16
2128.14111328125 7.347553419639538e-15 1.7120368896246827e-16
2126.434814453125 7.533590653976789e-15 1.7329494713479014e-16
2124.728515625 7.551801862342757e-15 1.7357610913371936e-16
2123.0224609375 7.131553241826113e-15 1.6899250945366092e-16
2121.31640625 7.052406906751145e-15 1.6873550112861825e-16
2119.6103515625 7.131881890609648e-15 1.7063693127652654e-16
2117.904296875 7.22831659165455e-15 1.7299365486847382e-16
2116.198486328125 7.526804226003388e-15 1.777604783629352e-16
2114.49267578125 7.568053883501725e-15 1.7943658451198406e-16
2112.786865234375 7.433330752142087e-15 1.7887606045913852e-16
2111.081298828125 7.89906673599218e-15 1.8516299045656616e-16
2109.375732421875 7.561302183879161e-15 1.8158777026532416e-16
2107.670166015625 7.839596552765456e-15 1.8494120017328354e-16
2105.964599609375 7.669811339587173e-15 1.827240914338454e-16
2104.25927734375 7.662913950297681e-15 1.8250795244850775e-16
2102.5537109375 7.078800876904063e-15 1.7566351595310918e-16
2100.848388671875 7.719228935795883e-15 1.8432016620426853e-16
2099.14306640625 7.595549420002547e-15 1.8406276083253182e-16
2097.43798828125 7.664887537064784e-15 1.8612585515935748e-16
2095.732666015625 7.596105920648893e-15 1.8599742378873005e-16
2094.027587890625 7.69592621238397e-15 1.8743289317141987e-16
2092.322509765625 7.655080589601473e-15 1.866596314999155e-16
2090.617431640625 7.474500788543382e-15 1.842387848668831e-16
2088.91259765625 7.420608317274327e-15 1.8363698119274873e-16
2087.20751953125 7.449783520109554e-15 1.8464174755664954e-16
2085.502685546875 7.202932708291233e-15 1.8260743911514073e-16
2083.7978515625 7.706492948400968e-15 1.9036210515659265e-16
2082.093017578125 7.768694812882587e-15 1.9284216468659404e-16
2080.38818359375 7.863906398351654e-15 1.9562783105698682e-16
2078.683349609375 7.882706294615963e-15 1.970735442443825e-16
2076.978759765625 7.958913001847485e-15 1.9873044656833032e-16
2075.27392578125 7.525567557900396e-15 1.9367082760680476e-16
2073.5693359375 7.936140521060554e-15 1.991574967575343e-16
2071.86474609375 7.735788429914705e-15 1.9694026890408796e-16
2070.16015625 7.549276857126992e-15 1.9499227841386028e-16
2068.45556640625 7.521481470962842e-15 1.9512235091082302e-16
2066.7509765625 7.791147962248404e-15 1.991902928144608e-16
2065.04638671875 7.78705255794843e-15 1.998051063852694e-16
2063.341796875 7.544237858123776e-15 1.976506119094791e-16
2061.637451171875 7.41383290072924e-15 1.971655134936086e-16
2059.932861328125 8.057184917354982e-15 2.0700889660854062e-16
2058.228515625 7.9738860032561e-15 2.073470877476217e-16
2056.52392578125 7.641412865964578e-15 2.0430413511950043e-16
2054.819580078125 8.051688520560249e-15 2.110173476825236e-16
2053.114990234375 7.599556732876007e-15 2.0645761050877608e-16
2051.41064453125 8.001886371393485e-15 2.1340838934372447e-16
2049.706298828125 8.084270489909333e-15 2.162215313453438e-16
2048.001953125 7.637473315726898e-15 2.119128997357878e-16
2046.2974853515625 7.88477136094137e-15 2.169449901265276e-16
2044.5931396484375 7.72626354442283e-15 2.1596155840498575e-16
2042.888671875 7.794846955129064e-15 2.1770856385869774e-16
2041.184326171875 7.439868999461943e-15 2.1309613858865305e-16
2039.47998046875 7.381937028067432e-15 2.126615445122626e-16
2037.775634765625 7.766545890295403e-15 2.1837048040230757e-16
2036.0711669921875 7.608897812218327e-15 2.1643323664259818e-16
2034.3668212890625 7.436345342401365e-15 2.1396241506567779e-16
2032.662353515625 7.531966044783955e-15 2.1520453594326702e-16
2030.9580078125 7.632956936052138e-15 2.16418029754217e-16
2029.2535400390625 7.931741031932515e-15 2.2058683475302706e-16
2027.549072265625 7.326876498364113e-15 2.1231153461658935e-16
2025.8447265625 7.624231649662472e-15 2.1704454296760957e-16
2024.1402587890625 7.548704262854648e-15 2.163899982576188e-16
2022.435791015625 7.347285757228206e-15 2.1353126206063555e-16
2020.7313232421875 7.720025146766302e-15 2.1853496361275252e-16
2019.0267333984375 7.044616321218774e-15 2.0855694196387646e-16
2017.322265625 7.027443998762614e-15 2.0887391757460678e-16
2015.61767578125 6.845216718622113e-15 2.0781762778471127e-16
2013.9130859375 6.783945319833052e-15 2.0936191443134366e-16
2012.20849609375 7.131117866891225e-15 2.1729980428719854e-16
2010.50390625 7.017837798107803e-15 2.1761873866161938e-16
2008.7991943359375 6.917136592107581e-15 2.17550578979145e-16
2007.094482421875 6.321622031727446e-15 2.089910992889035e-16
2005.3897705078125 6.818050254421299e-15 2.1802182046539402e-16
2003.68505859375 6.582276092454223e-15 2.151530125172723e-16
2001.9803466796875 6.7481471663832435e-15 2.188281296567311e-16
2000.2755126953125 7.107732134250481e-15 2.253346661806242e-16
1998.5706787109375 7.068877462410505e-15 2.252374691499268e-16
1996.86572265625 6.700205525085124e-15 2.1935903402620235e-16
1995.1607666015625 6.892061452253538e-15 2.223286256601575e-16
1993.455810546875 6.310801185826272e-15 2.1262019871652474e-16
1991.7508544921875 6.402377729402197e-15 2.142511738913527e-16
1990.0457763671875 6.556010024276341e-15 2.1721401573150944e-16
1988.340576171875 6.671352618286327e-15 2.1995157327747613e-16
1986.635498046875 7.158104336590747e-15 2.2901158326509594e-16
1984.9302978515625 7.041856264360146e-15 2.2811153134929944e-16
1983.2249755859375 7.038766711685036e-15 2.283711204778533e-16
1981.5196533203125 6.834628806781434e-15 2.246030944119925e-16
1979.8143310546875 6.695260546739053e-15 2.2182695716225636e-16
1978.10888671875 6.959274787167588e-15 2.2602963024406677e-16
1976.4034423828125 7.0463205515086495e-15 2.2801645190097014e-16
1974.6978759765625 6.996666633107655e-15 2.2833025113814826e-16
1972.9923095703125 6.615558558050686e-15 2.23394087228685e-16
1971.28662109375 7.077612913195539e-15 2.3221151492114507e-16
1969.5809326171875 6.794433705302428e-15 2.2826582369459773e-16
1967.8751220703125 6.808113287400585e-15 2.285962988929249e-16
1966.1693115234375 7.604481382431343e-15 2.414447299115886e-16
1964.46337890625 6.88575995064244e-15 2.29654878318756e-16
1962.75732421875 7.60360300926504e-15 2.412950962475002e-16
1961.05126953125 6.9964946854193626e-15 2.3167889001599973e-16
1959.34521484375 7.13469149889569e-15 2.3446213440155895e-16
1957.6390380859375 6.864732357726852e-15 2.307568946529134e-16
1955.9327392578125 7.317519325395795e-15 2.3930991571693213e-16
1954.226318359375 7.59237389348329e-15 2.4466229044085245e-16
1952.5198974609375 7.359045962667884e-15 2.417040543423464e-16
1950.8133544921875 7.79683155332448e-15 2.490617795688913e-16
1949.1068115234375 7.691802855996736e-15 2.4748073963328193e-16
1947.400146484375 7.884413913037628e-15 2.502053269872438e-16
1945.693359375 7.584174614553869e-15 2.4541892909076695e-16
1943.9864501953125 8.188404720444777e-15 2.552660047399534e-16
1942.279541015625 8.040297621485573e-15 2.5375023928084185e-16
1940.572509765625 7.95467614304532e-15 2.530724541043608e-16
1938.8653564453125 8.546218542419305e-15 2.6286780780420554e-16
1937.158203125 8.123350048996805e-15 2.5675485043321006e-16
1935.450927734375 8.3420276979565e-15 2.608159763686004e-16
1933.7435302734375 9.07556585357525e-15 2.728955661689532e-16
1932.0360107421875 8.827397905523948e-15 2.7011404231906807e-16
1930.328369140625 9.05720387334467e-15 2.7433478102545665e-16
1928.6207275390625 8.737874993328641e-15 2.6965643276931394e-16
1926.912841796875 9.03212661590826e-15 2.7382640243842646e-16
1925.2049560546875 8.598369513948805e-15 2.663675891235827e-16
1923.4969482421875 8.54024441904232e-15 2.6482117165969237e-16
1921.788818359375 8.25208635148525e-15 2.6004446170254975e-16
1920.0806884765625 8.548708819284233e-15 2.6546661076550014e-16
1918.372314453125 8.420789056556941e-15 2.6509735734005647e-16
1916.663818359375 8.59575811137242e-15 2.6993754182868396e-16
1914.955322265625 8.261871276091931e-15 2.663719036976578e-16
1913.2467041015625 8.998612910317196e-15 2.7863225562291055e-16
1911.537841796875 8.392843745561127e-15 2.68646690086848e-16
1909.8289794921875 8.389729205414073e-15 2.670462742725702e-16
1908.1199951171875 8.075109828584778e-15 2.606210793813931e-16
1906.4107666015625 8.094157905502632e-15 2.6042321777887043e-16
1904.7015380859375 8.300046203991735e-15 2.6486302038124265e-16
1902.9921875 8.156190363394801e-15 2.648983045974517e-16
1901.28271484375 7.586579341091124e-15 2.5809766235240414e-16
1899.572998046875 7.903060496338484e-15 2.6520622754355825e-16
1897.86328125 8.460514901783168e-15 2.749268570555874e-16
1896.1534423828125 7.650803920250786e-15 2.6103848133593227e-16
1894.443359375 7.69629043655129e-15 2.61075115510901e-16
1892.7332763671875 7.58857664478075e-15 2.5861429951067006e-16
1891.02294921875 7.216337004681533e-15 2.5230909213042746e-16
1889.3125 7.17271989009562e-15 2.524872337471469e-16
1887.6019287109375 7.761742366451524e-15 2.648229980744849e-16
1885.8912353515625 7.694375295057548e-15 2.664298195754263e-16
1884.180419921875 7.914043125532583e-15 2.7256927319580307e-16
1882.469482421875 7.633618468783944e-15 2.687107998930433e-16
1880.7584228515625 8.029072740868559e-15 2.7506640573364755e-16
1879.047119140625 7.686721505346158e-15 2.679368764770489e-16
1877.335693359375 8.288512156348973e-15 2.7674053988411607e-16
1875.6241455078125 8.48693385940803e-15 2.7904380775615773e-16
1873.9124755859375 7.932442375212841e-15 2.6939454076993475e-16
1872.2005615234375 8.506762053670305e-15 2.7849387161515287e-16
1870.488525390625 7.515941028454851e-15 2.6103358442670596e-16
1868.7763671875 8.019608841748887e-15 2.6791093609303924e-16
1867.0640869140625 7.765972448990112e-15 2.619341657380945e-16
1865.3516845703125 7.744057165545801e-15 2.600143920329222e-16
1863.6390380859375 8.179905591852027e-15 2.6651034064497465e-16
1861.92626953125 7.694087303855481e-15 2.5862814320540175e-16
1860.2132568359375 7.910260276390146e-15 2.630854158623111e-16
1858.5001220703125 8.30256527997687e-15 2.7079407742681527e-16
1856.786865234375 7.987074306244849e-15 2.668231869700871e-16
1855.073486328125 8.442233389682578e-15 2.752028574474943e-16
1853.35986328125 8.019896832950953e-15 2.6897203014793246e-16
1851.64599609375 8.650948237116669e-15 2.7993181592223546e-16
1849.93212890625 8.99891106591463e-15 2.8628710412548447e-16
1848.218017578125 9.18619174461845e-15 2.90341374387958e-16
1846.503662109375 9.807661512084825e-15 3.0094998559628526e-16
1844.7891845703125 9.314393569317177e-15 2.9366063181045156e-16
1843.0745849609375 8.932641749220295e-15 2.8665521935040527e-16
1841.3597412109375 8.081364319867303e-15 2.7118519489020994e-16
1839.644775390625 9.170956162996187e-15 2.871471866740824e-16
1837.9295654296875 8.301341317368087e-15 2.7235079163497066e-16
1836.2142333984375 8.807461291044424e-15 2.8033751823419066e-16
1834.4986572265625 8.67105849335038e-15 2.782602493403883e-16
1832.7828369140625 8.678305707247088e-15 2.783492936789684e-16
1831.0670166015625 8.125250790930443e-15 2.6919363514275787e-16
1829.350830078125 7.734923609275558e-15 2.625320121801784e-16
1827.634521484375 7.990479378692811e-15 2.6678612927864473e-16
1825.9180908203125 7.704163607796018e-15 2.6209229620143503e-16
1824.201416015625 7.592567864028212e-15 2.6041395335600983e-16
1822.4844970703125 7.698205578045032e-15 2.624976544062554e-16
1820.7674560546875 8.021142818416364e-15 2.681084535884271e-16
1819.0501708984375 8.084335711446271e-15 2.6917005056913276e-16
1817.3326416015625 7.938670608474002e-15 2.663953294526053e-16
1815.614990234375 7.647047329129714e-15 2.609044648418089e-16
1813.8970947265625 7.89143158100563e-15 2.6421543722328713e-16
1812.178955078125 7.364140865845619e-15 2.5468438427276533e-16
1810.460693359375 6.8763379796536565e-15 2.4588691479412496e-16
1808.7421875 7.306041181927552e-15 2.5373930726186635e-16
1807.0235595703125 7.56537133015777e-15 2.5917540589866683e-16
1805.3045654296875 7.07949290282197e-15 2.523457263053962e-16
1803.58544921875 7.961661623761326e-15 2.6945108021916397e-16
1801.8660888671875 7.413115463822915e-15 2.6159188501806495e-16
1800.1466064453125 7.651403619577442e-15 2.6653805450421763e-16
1798.4267578125 7.293657560238694e-15 2.60475945579837e-16
1796.706787109375 7.15395726328099e-15 2.5779858031268457e-16
1794.986572265625 7.051127463484318e-15 2.559273521833018e-16
1793.2662353515625 6.789728860796904e-15 2.5145851223270653e-16
1791.5455322265625 6.6308970541760406e-15 2.4919092562356796e-16
1789.82470703125 7.530950452280197e-15 2.6624691339837856e-16
1788.103515625 7.22195537422067e-15 2.6109742953510525e-16
1786.3822021484375 7.483360753171662e-15 2.6572919097914898e-16
1784.66064453125 7.249711796869247e-15 2.6124841315795333e-16
1782.9388427734375 7.235633262252933e-15 2.6108025064814375e-16
1781.216796875 6.913819611086133e-15 2.555281879069082e-16
1779.49462890625 6.923203889108763e-15 2.5640079066125776e-16
1777.7720947265625 6.9928338090213295e-15 2.582719129115221e-16
1776.0494384765625 7.314484406345783e-15 2.6478813737474945e-16
1774.326416015625 7.293894729463925e-15 2.64911910064167e-16
1772.603271484375 7.859472180872778e-15 2.756301061600453e-16
1770.8797607421875 7.437470202155318e-15 2.6888775036968066e-16
1769.1561279296875 7.61293815937673e-15 2.727473089334041e-16
1767.43212890625 7.341902015815457e-15 2.686109823541653e-16
1765.7080078125 6.997194334633795e-15 2.6314052594344182e-16
1763.983642578125 7.829037440044984e-15 2.7959342625980736e-16
1762.2589111328125 7.661148733635603e-15 2.7806630526524666e-16
1760.5340576171875 7.942916784638588e-15 2.845687654430811e-16
1758.808837890625 7.69150554743225e-15 2.812128738456188e-16
1757.0833740234375 8.088098231797975e-15 2.8939881200612115e-16
1755.3577880859375 8.067927836225008e-15 2.8997924133322716e-16
1753.6318359375 7.722617914617848e-15 2.8483571317036423e-16
1751.9056396484375 8.002531810499293e-15 2.9103197093776625e-16
1750.17919921875 8.065083499588128e-15 2.9311299854027206e-16
1748.4525146484375 8.00452572605713e-15 2.9246125962691908e-16
1746.7254638671875 8.09400459253918e-15 2.943583487309727e-16
1744.998291015625 7.861707500820582e-15 2.909563467774442e-16
1743.270751953125 8.459838969491259e-15 3.0328207905831316e-16
1741.54296875 8.229949992441705e-15 3.0109927515323883e-16
1739.81494140625 8.82832286550235e-15 3.1328720576150135e-16
1738.086669921875 8.001271425473779e-15 2.9900157158958395e-16
1736.3580322265625 8.265285665902313e-15 3.03613374819808e-16
1734.6292724609375 7.605745155588647e-15 2.9057986710216927e-16
1732.900146484375 7.114255982010233e-15 2.8053686214437104e-16
1731.170654296875 6.747043482452971e-15 2.733810219268483e-16
1729.4410400390625 7.445982883275224e-15 2.880721466524841e-16
1727.7110595703125 7.791566396524348e-15 2.96169596339778e-16
1725.9808349609375 7.225798362702363e-15 2.864983064969264e-16
1724.250244140625 7.365349581861351e-15 2.902122548030609e-16
1722.51953125 7.254672868841315e-15 2.887801603172703e-16
1720.7884521484375 7.28826958366121e-15 2.9057819950605436e-16
1719.0570068359375 7.507434276565576e-15 2.962706050187381e-16
1717.3253173828125 7.949837890850603e-15 3.0642017730921273e-16
1715.5933837890625 7.502959401505232e-15 2.9913730861938145e-16
1713.8612060546875 7.447382181704088e-15 2.993096004148089e-16
1712.128662109375 8.009520679347088e-15 3.117452352205841e-16
1710.395751953125 8.04678928199333e-15 3.141488500270958e-16
1708.6627197265625 7.559795312265995e-15 3.0631091005901693e-16
1706.92919921875 7.490120076090751e-15 3.0652195361178126e-16
1705.195556640625 7.05632019896746e-15 2.992241824360342e-16
1703.4615478515625 6.837619256601715e-15 2.964162682158862e-16
1701.7271728515625 6.454711236531831e-15 2.900830293390454e-16
1699.9925537109375 6.759134877775026e-15 2.9897219013422607e-16
1698.257568359375 6.822078319601967e-15 3.0294376880522387e-16
1696.5223388671875 7.0445532172642034e-15 3.106861528689406e-16
1694.786865234375 7.181556984834324e-15 3.1642085708942784e-16
1693.0509033203125 7.932211982251188e-15 3.3456565277837464e-16
1691.3148193359375 6.5603447153839145e-15 3.0616932320792745e-16
1689.5782470703125 6.850492463334086e-15 3.146126005657175e-16
1687.841552734375 7.128567450687042e-15 3.2331766404376837e-16
1686.1043701171875 6.961322065801101e-15 3.224339704517657e-16
1684.366943359375 7.488923218536281e-15 3.379280030020598e-16
1682.6292724609375 6.7871377870112534e-15 3.2537031604254116e-16
1680.89111328125 6.5756146018405414e-15 3.2351351394304133e-16
1679.1527099609375 6.9297408658791984e-15 3.341313631044496e-16
1677.4140625 6.515019982376337e-15 3.2529056259660125e-16
1675.675048828125 6.362252084624867e-15 3.221093980142897e-16
1673.9356689453125 6.096523449511089e-15 3.3761560666320056e-16
1672.1959228515625 6.191019292139726e-15 3.563067915426856e-16
1670.4559326171875 6.383043778864644e-15 3.667508136614495e-16
1668.715576171875 6.498608719023285e-15 3.7277589136416737e-16
1666.974853515625 6.950315296168005e-15 3.8859002295918476e-16
1665.23388671875 6.730961291399927e-15 3.8610374303097697e-16
1663.492431640625 6.312485087325414e-15 3.786558087955495e-16
1661.7508544921875 6.371375900016216e-15 3.8567252385148573e-16
1660.0087890625 6.159682037706633e-15 3.8504106078930764e-16
1658.266357421875 5.976164726387463e-15 3.8502081140791235e-16
1656.523681640625 7.074312449316562e-15 4.243532098301394e-16
1654.7806396484375 6.449955146532998e-15 4.1046602525056635e-16
1653.0372314453125 7.530533712070148e-15 4.477105403973708e-16
1651.29345703125 7.798094479448837e-15 4.603750593873618e-16
1649.54931640625 8.126031755307812e-15 4.756095822184409e-16
1647.804931640625 7.857527393225882e-15 4.747618610569169e-16
1646.06005859375 7.18966563123839e-15 4.622419729426695e-16
1644.31494140625 7.353214987858986e-15 4.767133720278316e-16
1642.5694580078125 7.40468918006363e-15 4.893937728855837e-16
1640.8236083984375 8.610564247290425e-15 5.403578394977437e-16
1639.077392578125 8.926135689152435e-15 5.292514905537861e-16
1637.330810546875 9.678339909829827e-15 5.434714267327321e-16
1635.5838623046875 1.10338416531232e-14 5.888192413881224e-16
1633.8365478515625 9.827195785914403e-15 5.710419785889451e-16
1632.0888671875 1.211431857470668e-14 6.520720090594885e-16
1630.3409423828125 1.1026306448024426e-14 6.428939306199553e-16
1628.592529296875 1.2871360200545842e-14 7.182374583386661e-16
1626.84375 1.1578434710296775e-14 7.057330285757061e-16
1625.0946044921875 1.3388088414853592e-14 7.819273479503746e-16
1623.3450927734375 1.39337970144187e-14 8.208277066299428e-16
1621.59521484375 1.3686735291396513e-14 8.373539017660254e-16
1619.844970703125 1.8519267472620268e-14 1.0026518520271101e-15
1618.0943603515625 1.7176030766403137e-14 9.963866669536253e-16
1616.3433837890625 1.757152569606922e-14 1.0387313262945255e-15
1614.592041015625 2.024706391315443e-14 1.1496639491437506e-15
1612.8402099609375 2.1641561359273497e-14 1.2308313048308675e-15
1611.088134765625 2.1631092032045433e-14 1.2809488678913652e-15
1609.3355712890625 2.0940113046861476e-14 1.318654433659272e-15
1607.5826416015625 2.4228303418432143e-14 1.4878602763016328e-15
1605.829345703125 2.8925595778198435e-14 1.7129129069806009e-15
1604.07568359375 3.118691624935145e-14 1.8834986721731574e-15
1602.3216552734375 3.2781584521565654e-14 2.0562048784700466e-15
1600.567138671875 3.7149133731229425e-14 2.330156085919295e-15
1598.812255859375 4.606072332357866e-14 2.7567652885951074e-15
1597.0570068359375 4.561112501143966e-14 2.912947364398723e-15
1595.3013916015625 5.382865241867693e-14 3.3566198340387364e-15
1593.54541015625 5.767115300939207e-14 3.690690263710543e-15
1591.7889404296875 6.455546411017823e-14 4.156859928429631e-15
1590.0321044921875 7.842217950330618e-14 4.8807300499884194e-15
1588.27490234375 7.688076927468354e-14 5.1811353669298406e-15
1586.5172119140625 9.202176780992444e-14 6.052227861534426e-15
1584.7591552734375 1.1354604729325521e-13 7.164482494683572e-15
1583.000732421875 1.3843321020751143e-13 8.37578026683869e-15
1581.2418212890625 1.2474594382645698e-13 8.445278473127957e-15
1579.4825439453125 1.300359695139211e-13 9.167647652304212e-15
1577.722900390625 1.7162349829052265e-13 1.1215077904715414e-14
1575.9627685546875 2.108145201375894e-13 1.332842934327963e-14
1574.2022705078125 2.2000908310882555e-13 1.47268434697468e-14
1572.44140625 2.752320940602182e-13 1.8062847157124078e-14
1570.6800537109375 3.319224777843799e-13 2.207024981607658e-14
1568.9183349609375 0.0 0.0
1567.1561279296875 0.0 0.0
1565.3935546875 0.0 0.0
1563.6304931640625 0.0 0.0
1561.8670654296875 0.0 0.0
1560.1031494140625 0.0 0.0
1558.3388671875 0.0 0.0
1556.5740966796875 0.0 0.0
1554.8089599609375 0.0 0.0
1553.04345703125 0.0 0.0
1551.27734375 0.0 0.0
1549.5108642578125 0.0 0.0
1547.7440185546875 0.0 0.0
1545.9766845703125 0.0 0.0
1544.2088623046875 0.0 0.0
1542.440673828125 0.0 0.0
1540.6719970703125 0.0 0.0
1538.9029541015625 0.0 0.0
1537.1334228515625 0.0 0.0
1535.3634033203125 0.0 0.0
1533.593017578125 0.0 0.0
1531.822021484375 0.0 0.0
1530.0506591796875 0.0 0.0
1528.2789306640625 0.0 0.0
1526.5067138671875 0.0 0.0
1524.7340087890625 0.0 0.0
1522.9608154296875 0.0 0.0
1521.1871337890625 0.0 0.0
1519.4130859375 0.0 0.0
1517.6385498046875 0.0 0.0
1515.863525390625 0.0 0.0
1514.0880126953125 0.0 0.0
1512.31201171875 0.0 0.0
1510.53564453125 0.0 0.0
1508.7587890625 0.0 0.0
1506.9813232421875 0.0 0.0
1505.2034912109375 0.0 0.0
1503.4251708984375 0.0 0.0
1501.646484375 0.0 0.0
1499.8671875 0.0 0.0
1498.08740234375 0.0 0.0
1496.3072509765625 0.0 0.0
1494.5264892578125 0.0 0.0
1492.745361328125 0.0 0.0
1490.963623046875 0.0 0.0
1489.1815185546875 0.0 0.0
1487.3988037109375 0.0 0.0
1485.61572265625 0.0 0.0
1483.83203125 0.0 0.0
1482.0478515625 0.0 0.0
1480.2633056640625 0.0 0.0
1478.4781494140625 0.0 0.0
1476.6925048828125 0.0 0.0
1474.9063720703125 0.0 0.0
1473.1197509765625 0.0 0.0
1471.3326416015625 0.0 0.0
1469.5450439453125 0.0 0.0
1467.7569580078125 0.0 0.0
1465.96826171875 0.0 0.0
1464.1790771484375 0.0 0.0
1462.3895263671875 0.0 0.0
1460.599365234375 0.0 0.0
1458.80859375 0.0 0.0
1457.0174560546875 0.0 0.0
1455.2257080078125 0.0 0.0
1453.4334716796875 0.0 0.0
1451.6407470703125 0.0 0.0
1449.847412109375 0.0 0.0
1448.0537109375 0.0 0.0
1446.2593994140625 0.0 0.0
1444.4644775390625 0.0 0.0
1442.669189453125 0.0 0.0
1440.873291015625 0.0 0.0
1439.0767822265625 0.0 0.0
1437.2799072265625 0.0 0.0
1435.482421875 0.0 0.0
1433.684326171875 0.0 0.0
1431.8857421875 0.0 0.0
1430.086669921875 0.0 0.0
1428.2869873046875 0.0 0.0
1426.48681640625 0.0 0.0
1424.6861572265625 0.0 0.0
1422.8848876953125 0.0 0.0
1421.0830078125 0.0 0.0
1419.2806396484375 0.0 0.0
1417.477783203125 0.0 0.0
1415.67431640625 0.0 0.0
1413.870361328125 0.0 0.0
1412.0657958984375 0.0 0.0
1410.2606201171875 0.0 0.0
1408.4549560546875 0.0 0.0
1406.648681640625 0.0 0.0
1404.8419189453125 0.0 0.0
1403.0345458984375 0.0 0.0
1401.2266845703125 0.0 0.0
1399.418212890625 0.0 0.0
1397.609130859375 0.0 0.0
1395.799560546875 0.0 0.0
1393.9893798828125 0.0 0.0
1392.1785888671875 0.0 0.0
1390.3673095703125 0.0 0.0
1388.555419921875 0.0 0.0
1386.742919921875 0.0 0.0
1384.929931640625 0.0 0.0
1383.1162109375 0.0 0.0
1381.3021240234375 0.0 0.0
1379.4873046875 0.0 0.0
1377.671875 0.0 0.0
1375.85595703125 0.0 0.0
1374.0394287109375 0.0 0.0
1372.2222900390625 0.0 0.0
1370.4046630859375 0.0 0.0
1368.5863037109375 0.0 0.0
1366.7674560546875 0.0 0.0
1364.947998046875 0.0 0.0
1363.1279296875 0.0 0.0
1361.3072509765625 0.0 0.0
1359.4859619140625 0.0 0.0
1357.6640625 0.0 0.0
1355.8416748046875 0.0 0.0
1354.0185546875 0.0 0.0
1352.1949462890625 0.0 0.0
1350.37060546875 0.0 0.0
1348.5457763671875 0.0 0.0
1346.72021484375 0.0 0.0
1344.8941650390625 0.0 0.0
1343.0673828125 0.0 0.0
1341.2401123046875 0.0 0.0
1339.412109375 0.0 0.0
1337.5836181640625 0.0 0.0
1335.75439453125 0.0 0.0
1333.9246826171875 0.0 0.0
1332.09423828125 0.0 0.0
1330.26318359375 0.0 0.0
1328.4315185546875 0.0 0.0
1326.5992431640625 0.0 0.0
1324.766357421875 0.0 0.0
1322.932861328125 0.0 0.0
1321.0986328125 0.0 0.0
1319.263916015625 0.0 0.0
1317.428466796875 0.0 0.0
1315.5924072265625 0.0 0.0
1313.755615234375 0.0 0.0
1311.9183349609375 0.0 0.0
1310.080322265625 0.0 0.0
1308.24169921875 0.0 0.0
1306.4024658203125 0.0 0.0
1304.5626220703125 0.0 0.0
1302.7220458984375 0.0 0.0
1300.880859375 0.0 0.0
1299.0390625 0.0 0.0
1297.196533203125 0.0 0.0
1295.3533935546875 0.0 0.0
1293.5096435546875 0.0 0.0
1291.6651611328125 0.0 0.0
1289.820068359375 0.0 0.0
1287.9742431640625 0.0 0.0
1286.1278076171875 0.0 0.0
1284.28076171875 0.0 0.0
1282.4329833984375 0.0 0.0
1280.5845947265625 0.0 0.0
1278.735595703125 0.0 0.0
1276.8858642578125 0.0 0.0
1275.035400390625 0.0 0.0
1273.184326171875 0.0 0.0
1271.3326416015625 0.0 0.0
1269.480224609375 0.0 0.0
1267.6270751953125 0.0 0.0
1265.7733154296875 0.0 0.0
1263.9189453125 0.0 0.0
1262.0638427734375 0.0 0.0
1260.2080078125 0.0 0.0
1258.3515625 0.0 0.0
1256.494384765625 0.0 0.0
1254.636474609375 0.0 0.0
1252.7779541015625 0.0 0.0
1250.918701171875 0.0 0.0
1249.058837890625 0.0 0.0
1247.1982421875 0.0 0.0
1245.3369140625 0.0 0.0
1243.4749755859375 0.0 0.0
1241.6123046875 0.0 0.0
1239.7489013671875 0.0 0.0
1237.884765625 0.0 0.0
1236.02001953125 0.0 0.0
1234.154541015625 0.0 0.0
1232.288330078125 0.0 0.0
1230.4215087890625 0.0 0.0
1228.5538330078125 0.0 0.0
1226.685546875 0.0 0.0
1224.8165283203125 0.0 0.0
1222.94677734375 0.0 0.0
1221.076416015625 0.0 0.0
1219.2052001953125 0.0 0.0
1217.3333740234375 0.0 0.0
1215.4608154296875 0.0 0.0
1213.5875244140625 0.0 0.0
1211.7135009765625 0.0 0.0
1209.8387451171875 0.0 0.0
1207.9632568359375 0.0 0.0
1206.0870361328125 0.0 0.0
1204.210205078125 0.0 0.0
1202.33251953125 0.0 0.0
1200.4542236328125 0.0 0.0
1198.5750732421875 0.0 0.0
1196.6951904296875 0.0 0.0
1194.814697265625 0.0 0.0
1192.933349609375 0.0 0.0
1191.05126953125 0.0 0.0
1189.1685791015625 0.0 0.0
1187.2850341796875 0.0 0.0
1185.4007568359375 0.0 0.0
1183.5157470703125 0.0 0.0
1181.6300048828125 0.0 0.0
1179.7435302734375 0.0 0.0
1177.8563232421875 0.0 0.0
1175.96826171875 0.0 0.0
1174.07958984375 0.0 0.0
1172.1900634765625 0.0 0.0
1170.2998046875 0.0 0.0
1168.4088134765625 0.0 0.0
1166.51708984375 0.0 0.0
1164.6246337890625 0.0 0.0
1162.7313232421875 0.0 0.0
1160.8372802734375 0.0 0.0
1158.9425048828125 0.0 0.0
1157.046875 0.0 0.0
1155.150634765625 0.0 0.0
1153.2535400390625 0.0 0.0
1151.3555908203125 0.0 0.0
1149.45703125 0.0 0.0
1147.5576171875 0.0 0.0
1145.657470703125 0.0 0.0
1143.7564697265625 0.0 0.0
1141.854736328125 0.0 0.0
1139.9522705078125 0.0 0.0
1138.0489501953125 0.0 0.0
1136.1448974609375 0.0 0.0
1134.239990234375 0.0 0.0
1132.3343505859375 0.0 0.0
1130.427978515625 0.0 0.0
1128.520751953125 0.0 0.0
1126.61279296875 0.0 0.0
1124.7039794921875 0.0 0.0
1122.79443359375 0.0 0.0
1120.884033203125 0.0 0.0
1118.972900390625 0.0 0.0
1117.0609130859375 0.0 0.0
1115.1480712890625 0.0 0.0
1113.234619140625 0.0 0.0
1111.3201904296875 0.0 0.0
1109.405029296875 0.0 0.0
1107.489013671875 0.0 0.0
1105.572265625 0.0 0.0
1103.6546630859375 0.0 0.0
1101.736328125 0.0 0.0
1099.817138671875 0.0 0.0
1097.8970947265625 0.0 0.0
1095.976318359375 0.0 0.0
1094.0546875 0.0 0.0
1092.1322021484375 0.0 0.0
1090.2088623046875 0.0 0.0
1088.2847900390625 0.0 0.0
1086.35986328125 0.0 0.0
1084.4342041015625 0.0 0.0
1082.507568359375 0.0 0.0
1080.5802001953125 0.0 0.0
1078.6519775390625 0.0 0.0
1076.7230224609375 0.0 0.0
1074.7930908203125 0.0 0.0
1072.8624267578125 0.0 0.0
1070.930908203125 0.0 0.0
1068.99853515625 0.0 0.0
1067.0653076171875 0.0 0.0
1065.1312255859375 0.0 0.0
1063.1964111328125 0.0 0.0
1061.2606201171875 0.0 0.0
1059.3240966796875 0.0 0.0
1057.38671875 0.0 0.0
1055.4483642578125 0.0 0.0
1053.50927734375 0.0 0.0
1051.5693359375 0.0 0.0
1049.6285400390625 0.0 0.0
1047.6868896484375 0.0 0.0
1045.744384765625 0.0 0.0
1043.801025390625 0.0 0.0
1041.8568115234375 0.0 0.0
1039.9117431640625 0.0 0.0
1037.9658203125 0.0 0.0
1036.01904296875 0.0 0.0
1034.0714111328125 0.0 0.0
1032.122802734375 0.0 0.0
1030.1734619140625 0.0 0.0
1028.22314453125 0.0 0.0
1026.2720947265625 0.0 0.0
1024.320068359375 0.0 0.0
1022.3672485351562 0.0 0.0
1020.4135131835938 0.0 0.0
1018.4588623046875 0.0 0.0
1016.50341796875 0.0 0.0
1014.5470581054688 0.0 0.0
1012.5897827148438 0.0 0.0
1010.6316528320312 0.0 0.0
1008.6726684570312 0.0 0.0
1006.7127685546875 0.0 0.0
1004.7520141601562 0.0 0.0
1002.7903442382812 0.0 0.0
1000.8278198242188 0.0 0.0
998.8643798828125 0.0 0.0
996.9000244140625 0.0 0.0
994.934814453125 0.0 0.0
992.9686889648438 0.0 0.0
991.0016479492188 0.0 0.0
989.0337524414062 0.0 0.0
987.06494140625 0.0 0.0
985.09521484375 0.0 0.0
983.1246337890625 0.0 0.0
981.1531372070312 0.0 0.0
979.1807250976562 0.0 0.0
977.2073974609375 0.0 0.0
975.233154296875 0.0 0.0
973.2579956054688 0.0 0.0
971.2819213867188 0.0 0.0
969.3049926757812 0.0 0.0
967.3270874023438 0.0 0.0
965.3482666015625 0.0 0.0
963.3685913085938 0.0 0.0
961.387939453125 0.0 0.0
959.4063720703125 0.0 0.0
957.4238891601562 0.0 0.0
955.4404907226562 0.0 0.0
953.4561767578125 0.0 0.0
951.470947265625 0.0 0.0
949.4847412109375 0.0 0.0
947.4976196289062 0.0 0.0
945.5095825195312 0.0 0.0
943.5206298828125 0.0 0.0
941.5307006835938 0.0 0.0
939.5398559570312 0.0 0.0
937.548095703125 0.0 0.0
935.5553588867188 0.0 0.0
933.5617065429688 0.0 0.0
931.567138671875 0.0 0.0
929.5715942382812 0.0 0.0
927.5750732421875 0.0 0.0
925.57763671875 0.0 0.0
923.5792846679688 0.0 0.0
921.5799560546875 0.0 0.0
919.5796508789062 0.0 0.0
917.5784301757812 0.0 0.0
915.5762329101562 0.0 0.0
913.5730590820312 0.0 0.0
911.5689697265625 0.0 0.0
909.5639038085938 0.0 0.0
907.557861328125 0.0 0.0
905.5509033203125 0.0 0.0
903.54296875 0.0 0.0
901.5340576171875 0.0 0.0
