wavelength flux error
1150.583251953125 -1.7004211827118497e-15 1.2796948356129552e-14
1152.2596435546875 -2.0666117370182497e-15 1.2066285030333784e-14
1153.93603515625 -8.158789907509924e-15 1.1334816176205176e-14
1155.6123046875 -1.1231722949161908e-14 1.1373822043426237e-14
1157.2886962890625 -1.329210952341343e-16 1.0587418020470505e-14
1158.965087890625 4.785484583201462e-15 1.0041763631014021e-14
1160.6414794921875 -3.72351660206491e-15 8.584631486577288e-15
1162.31787109375 -1.4663838618031184e-15 8.012980808936622e-15
1163.9942626953125 -1.0552062018219163e-14 7.477950753737549e-15
1165.670654296875 3.3051801584266932e-15 6.4213207742345926e-15
1167.3470458984375 7.875591217859027e-15 6.195367112257983e-15
1169.0234375 5.359175763212064e-15 5.729995776091682e-15
1170.6998291015625 2.6166380870319868e-15 5.129832275380542e-15
1172.376220703125 2.849421375662308e-15 4.823220748034589e-15
1174.0526123046875 -4.357470364624392e-15 4.39110604295986e-15
1175.72900390625 6.816726765441214e-15 4.448138041847913e-15
1177.4053955078125 5.467939028804252e-15 4.122446673848583e-15
1179.081787109375 8.652895565862406e-15 4.0616042972473065e-15
1180.7581787109375 1.2961515846352748e-14 3.897341738885122e-15
1182.4345703125 1.0446974875618058e-14 3.77123759128027e-15
1184.1109619140625 1.2979201894291418e-14 3.5466152533385068e-15
1185.787353515625 1.0897681106852072e-14 3.285268107902639e-15
1187.4637451171875 9.299179163518596e-15 3.0630657430911817e-15
1189.14013671875 8.780406211676174e-15 2.9253972664157035e-15
1190.8165283203125 7.998748114323908e-15 2.6570409233413065e-15
1192.492919921875 7.022799293596345e-15 2.7497815019449957e-15
1194.169189453125 7.775173767896135e-15 5.0218529387810375e-15
1200.874755859375 8.81327447816143e-15 2.818490273527423e-15
1202.5511474609375 1.0416369881167866e-14 2.447136841649271e-15
1204.2275390625 1.3748054547547094e-14 5.040424136149588e-15
1205.9039306640625 3.847231100318968e-14 8.485371930653293e-15
1222.6678466796875 3.5322134485978735e-14 7.575630593214915e-15
1224.34423828125 8.21245367988322e-15 2.6978295831581005e-15
1226.0206298828125 2.377178696469644e-15 1.2865051922671166e-15
1227.697021484375 2.3725159918532458e-15 1.2005220307583853e-15
1229.3734130859375 7.27482346501914e-16 1.0915844881372993e-15
1231.0498046875 2.0851191951575193e-15 1.1268226469298543e-15
1232.7261962890625 2.369940588177119e-15 1.1305518153592597e-15
1234.402587890625 1.4682752863743372e-15 1.063730444941552e-15
1236.078857421875 3.489737626205091e-15 1.140377503426528e-15
1237.75537109375 2.0297774505157124e-15 1.0461186182648854e-15
1239.431640625 1.6638425942802648e-15 1.0357141949364056e-15
1241.1080322265625 1.4786442401981507e-15 1.0030532397649903e-15
1242.784423828125 9.88933200534261e-16 9.757657557318378e-16
1244.4608154296875 4.3481769308853545e-16 9.371618056442494e-16
1246.13720703125 1.0107178291464576e-15 9.662321881522538e-16
1247.8135986328125 2.5498296338667247e-15 1.0371674917156572e-15
1249.489990234375 3.1360073500692753e-15 1.0613631996122131e-15
1251.1663818359375 2.157358611822339e-15 9.658455176118322e-16
1252.8427734375 1.4671095572806785e-15 9.154846443372357e-16
1254.5191650390625 1.9817485648240254e-15 9.267947576445672e-16
1256.195556640625 -6.145664754160317e-17 8.272387931285922e-16
1257.8719482421875 9.246732577490504e-16 8.691596712980692e-16
1259.54833984375 7.92924323765018e-16 8.532606511198692e-16
1261.2247314453125 6.950631133578213e-16 8.418694344078381e-16
1262.901123046875 6.375242181903959e-16 8.341345942313079e-16
1264.5775146484375 1.0036409747512663e-15 8.423279439300987e-16
1266.25390625 2.5722140676846957e-16 7.809671831651027e-16
1267.9302978515625 8.035489756597839e-16 8.084059155188993e-16
1269.606689453125 1.6313592513299768e-16 7.715009547048254e-16
1271.2830810546875 -7.096292742539575e-16 7.72898029672203e-16
1272.95947265625 6.922197825725662e-16 8.031248768510055e-16
1274.6358642578125 8.431025555603628e-16 8.116339051413262e-16
1276.312255859375 1.4034967476671701e-15 8.471603198337437e-16
1277.988525390625 2.2381221445518526e-15 8.911029068296391e-16
1279.6650390625 2.0819520595583967e-16 7.7879824942453965e-16
1281.34130859375 7.598530340702171e-16 7.925274888292294e-16
1283.0177001953125 1.5986379980006287e-15 9.34224930657882e-16
1284.694091796875 2.119045194035659e-15 9.766978096111727e-16
1286.3704833984375 9.501703258899441e-16 7.878806660805923e-16
1288.046875 7.085527483175565e-16 7.774448495935049e-16
1289.7232666015625 1.3432229419317382e-15 8.135810221288271e-16
1291.399658203125 1.887021270442551e-15 8.256578061325421e-16
1293.0760498046875 1.5846749775024968e-15 8.074349510635498e-16
1294.75244140625 1.0931464168920362e-15 7.801644076893424e-16
1296.4288330078125 8.429884708102795e-16 7.583296982541395e-16
1298.105224609375 9.751037994835585e-16 7.633638797574678e-16
1299.7816162109375 1.206559681606414e-15 7.758777857015252e-16
1301.4580078125 1.7283499765651921e-15 8.190316262048493e-16
1303.1343994140625 8.283250599438866e-16 7.6826110662113695e-16
1304.810791015625 1.9449208428268293e-15 8.296192204081728e-16
1306.4871826171875 1.3391038207092405e-15 8.101221630887141e-16
1308.16357421875 8.695705352170467e-16 7.801570490906132e-16
1309.8399658203125 5.624767284867504e-16 7.677604042701913e-16
1311.516357421875 2.0186969625464256e-16 7.429652617447753e-16
1313.1927490234375 2.806344297519829e-16 7.472365841999827e-16
1314.869140625 -5.240871108220419e-17 7.357393295508673e-16
1316.5455322265625 1.4561270604354772e-17 7.253390355080054e-16
1318.221923828125 -3.5421102027294164e-16 7.260643074690919e-16
1319.898193359375 7.301347242971224e-16 7.60375653398673e-16
1321.57470703125 7.06268671035726e-16 7.773675578370679e-16
1323.2509765625 3.069717810463325e-16 7.5761326719944e-16
1324.927490234375 6.144949408366581e-17 7.497607423828006e-16
1326.603759765625 6.110507857591139e-16 7.762046874796062e-16
1328.2801513671875 -4.828499139724522e-16 7.47396196970981e-16
1329.95654296875 4.940011622800592e-17 7.487468439449372e-16
1331.6329345703125 8.848734030190574e-16 7.945883729294583e-16
1333.309326171875 3.516371730198555e-15 9.208028465756903e-16
1334.9857177734375 5.714464156454354e-15 1.2373034835808376e-15
1336.662109375 2.3971028172131963e-15 8.232465680295051e-16
1338.3385009765625 5.042669302855404e-16 7.405376123783853e-16
1340.014892578125 1.4543734375368648e-16 7.620049742122759e-16
1341.6912841796875 8.489828170988797e-16 8.048081960149959e-16
1343.36767578125 3.6218707955098216e-16 7.751624134380098e-16
1345.0440673828125 -6.898785835063553e-16 7.449760120824386e-16
1346.720458984375 6.781591944668224e-16 7.803589605694149e-16
1348.3968505859375 -9.448377240913863e-16 7.495619013984326e-16
1350.0732421875 3.0303736594589547e-16 7.794691524583243e-16
1351.7496337890625 1.7231278596266917e-16 7.752710454134951e-16
1353.426025390625 -2.5250359207094073e-16 7.721609521894142e-16
1355.1024169921875 4.3174341347625557e-16 7.772790958336391e-16
1356.77880859375 1.0229741841349905e-15 8.094994350538046e-16
1358.4552001953125 1.6837474450242672e-16 7.683125638726826e-16
1360.131591796875 -4.7145345624406e-16 7.744248594991881e-16
1361.807861328125 -7.323480743278571e-16 7.786509186312766e-16
1363.484375 7.98998767606693e-16 8.178802437317347e-16
1365.16064453125 2.1359690711404776e-16 7.971253954251625e-16
1366.837158203125 1.2693731038759511e-15 8.54474290514607e-16
1368.513427734375 -2.0803381970960813e-16 7.947782671283209e-16
1370.1898193359375 8.035444228576924e-16 8.261381796927536e-16
1371.8662109375 5.371641083875662e-17 7.907197087615519e-16
1373.5426025390625 9.001591713434453e-16 8.367137036765788e-16
1375.218994140625 7.584126545434112e-16 8.282251100561106e-16
1376.8953857421875 -9.151808771465267e-16 7.991122170820659e-16
1378.57177734375 8.88415483046238e-16 8.446584492053505e-16
1380.2481689453125 5.007839837459899e-16 8.394707429803324e-16
1381.924560546875 -2.611013470624863e-16 8.198794532454916e-16
1383.6009521484375 2.1742975767015307e-16 8.321471372996941e-16
1385.27734375 2.652904649701627e-15 9.378754309023111e-16
1386.9537353515625 9.896826129343443e-16 8.596219214933082e-16
1388.630126953125 3.9796373953975407e-16 8.372324054776537e-16
1390.3065185546875 -4.880330144558197e-16 8.408306543771491e-16
1391.98291015625 -2.8947173624892383e-16 8.450862537832731e-16
1393.6593017578125 -4.3969927631246e-16 8.49401939589093e-16
1395.335693359375 -3.081852086828335e-16 8.462866053486509e-16
1397.0120849609375 1.479570894242447e-15 9.121161001851238e-16
1398.6884765625 6.321178186463085e-16 8.786478696754159e-16
1400.3648681640625 1.1644704556386702e-16 8.58464662729122e-16
1402.041259765625 1.6477976726769002e-15 9.337456158888544e-16
1403.717529296875 5.676541114977239e-16 8.892433518730607e-16
1405.39404296875 -2.1809291829340418e-16 8.980064371079985e-16
1407.0703125 -7.724278734469177e-16 8.905637703587117e-16
1408.746826171875 4.505364011280887e-16 9.129332752209874e-16
1410.423095703125 -1.2788287444243877e-15 9.078898292947985e-16
1412.0994873046875 1.2111275185327196e-15 9.700398130083987e-16
1413.77587890625 -5.346784306468444e-16 1.0247879993124172e-15
1415.4522705078125 5.64821739201224e-16 9.714596519862337e-16
1417.128662109375 -2.2327936720389126e-16 8.745450008975936e-16
1418.8050537109375 6.164039281066427e-16 9.058021048380534e-16
1420.4814453125 1.776419069852094e-16 9.44089582240724e-16
1422.1578369140625 4.4256116241321586e-16 9.594678889145994e-16
1423.834228515625 -3.679138693073685e-16 9.470304806335908e-16
1425.5106201171875 1.411039152545996e-15 9.910872053191288e-16
1427.18701171875 2.004289329160324e-16 9.57208534406917e-16
1428.8634033203125 8.011143382715791e-16 9.794356318549354e-16
1430.539794921875 2.1343576438978855e-15 1.0378909637317308e-15
1432.2161865234375 8.359208278983896e-16 9.843320116856573e-16
1433.892578125 1.2146609164721909e-15 1.001153662501654e-15
1435.5689697265625 5.959821093321293e-17 9.587578635465634e-16
1437.245361328125 5.745259309801205e-16 9.855697385798327e-16
1438.9217529296875 -8.756081992999652e-17 9.654236952040996e-16
1440.59814453125 3.2177807578301527e-16 9.632220448159488e-16
1442.2745361328125 9.5401776129461e-16 9.937888169043963e-16
1443.950927734375 1.93621567346966e-16 9.649239457652195e-16
1445.627197265625 1.8377061652204586e-15 1.0493445432445034e-15
1447.3037109375 1.4258803344521938e-15 1.0339031326160575e-15
1448.97998046875 7.076833748763183e-16 9.985658709686738e-16
1450.656494140625 1.045587528606957e-15 1.031163298669045e-15
1452.332763671875 1.2401131977459985e-15 1.010396486022093e-15
1454.0091552734375 1.6022508052789051e-15 1.0345002908438718e-15
1455.685546875 2.0989643721968645e-15 1.0474921880679767e-15
1457.3619384765625 2.7295651548346405e-15 1.0706228579124787e-15
1459.038330078125 -7.026881436536739e-17 9.590735950776525e-16
1460.7147216796875 9.414195226327415e-16 9.966717994194948e-16
1462.39111328125 1.0766274744755644e-15 1.0028164940562327e-15
1464.0675048828125 6.363960232442123e-16 9.89024256576091e-16
1465.743896484375 2.5618050915541244e-16 9.662404467234895e-16
1467.4202880859375 4.986801127236878e-16 9.70908445295808e-16
1469.0966796875 -7.827151944704396e-16 9.50815553237515e-16
1470.7730712890625 -1.4997254079476526e-15 9.75804613368293e-16
1472.449462890625 -1.90584446011291e-15 9.756917462280714e-16
1474.1258544921875 2.2673301831486757e-17 9.755689264507195e-16
1475.80224609375 -2.187064083752327e-16 9.719931768638855e-16
1477.4786376953125 3.7833523329479336e-16 9.857393569275203e-16
1479.155029296875 7.248426742009143e-16 9.979922179051458e-16
1480.8314208984375 1.1246715008811836e-15 1.0580655944694337e-15
1482.5078125 1.5287717558957786e-15 1.0417565044656442e-15
1484.1842041015625 -2.3072436329378294e-16 9.83241350886949e-16
1485.860595703125 3.612988596266676e-16 9.725088081705266e-16
1487.536865234375 -1.3849890777696636e-15 9.966998573858726e-16
1489.21337890625 -1.9018897956310775e-16 9.59738727699484e-16
1490.8896484375 6.646945469790313e-16 1.0082799624451413e-15
1492.566162109375 3.2769446857068855e-16 9.924303878152373e-16
1494.242431640625 3.268556677248904e-16 9.94616156335627e-16
1495.9188232421875 -3.046900595748866e-16 9.65694004593392e-16
1497.59521484375 3.267422182495175e-16 9.758010134782672e-16
1499.2716064453125 1.434017568218229e-15 1.0183559487483233e-15
1500.947998046875 1.5967746313957877e-16 9.61165342940897e-16
1502.6243896484375 2.1193115064882317e-16 9.64082312653004e-16
1504.30078125 -9.713315911925207e-17 9.588710483241403e-16
1505.9771728515625 -1.2532307734836523e-15 9.548049725399644e-16
1507.653564453125 -5.127159251157244e-16 9.564850623908433e-16
1509.3299560546875 -4.2849723911524227e-16 9.581931043289816e-16
1511.00634765625 -1.2042625282534603e-15 9.630233097106993e-16
1512.6827392578125 -1.5472867314524552e-15 9.647086935174985e-16
1514.359130859375 -8.592386920242348e-16 9.662667047448544e-16
1516.0355224609375 5.610325373116818e-16 1.0075977832852464e-15
1517.7119140625 2.4672751558493604e-16 9.92226782270541e-16
1519.3883056640625 -2.9241602277357978e-16 1.0514686901179804e-15
1521.064697265625 -6.627731586173033e-16 1.0057532631634817e-15
1522.7410888671875 2.0953650909759646e-16 1.013525319850132e-15
1524.41748046875 2.8100159206483804e-15 1.1010171529170416e-15
1526.0938720703125 9.061542587858744e-16 1.0264612070205997e-15
1527.770263671875 -5.843231905040965e-16 9.972376174282606e-16
1529.446533203125 -2.2214563477981506e-15 9.967234684292773e-16
1531.123046875 -1.1054751402580002e-16 9.850933884261205e-16
1532.79931640625 -2.2383136798770505e-16 9.83604198625729e-16
1534.475830078125 2.3707829624431635e-15 1.0626150084291366e-15
1536.152099609375 1.299075055325252e-15 1.0154674605190677e-15
1537.8284912109375 5.856793431922099e-16 9.876546043003807e-16
1539.5048828125 1.9515783100340113e-15 1.0314859123428306e-15
1541.1812744140625 1.2520738323568213e-15 9.978701392816228e-16
1542.857666015625 2.9253947253168617e-15 1.0405770110865926e-15
1544.5340576171875 1.5606269709761184e-15 1.0005171172417925e-15
1546.21044921875 -1.1175014199222351e-16 9.545291574365147e-16
1547.8868408203125 -2.0216463577385447e-15 9.512172586127504e-16
1549.563232421875 -9.978173056015378e-16 9.477802106710293e-16
1551.2396240234375 -5.186654845372386e-16 9.574288688523214e-16
1552.916015625 7.929026185457446e-16 9.756009019444784e-16
1554.5924072265625 -5.102223659981262e-16 9.50433435499185e-16
1556.268798828125 -4.004228614740905e-16 9.32327259218677e-16
1557.9451904296875 1.2115491291822154e-15 9.652405243292558e-16
1559.62158203125 1.782600319254462e-15 9.79528170204423e-16
1561.2979736328125 1.2014715546922574e-15 9.609453261328477e-16
1562.974365234375 4.3876227258433952e-16 9.349361206962203e-16
1564.650634765625 4.600612336804041e-16 9.303034857494497e-16
1566.3271484375 8.039226230686415e-16 9.20222099611229e-16
1568.00341796875 -6.623179313477133e-16 8.925288867963417e-16
1569.679931640625 -8.091718980010132e-16 8.888950095735024e-16
1571.356201171875 2.3829927306195974e-16 9.025399691999403e-16
1573.03271484375 3.752016812285404e-17 8.933776138094905e-16
1574.708984375 -7.19791816736437e-16 8.889841597912009e-16
1576.385498046875 -1.5927043733864347e-16 9.154254579100463e-16
1578.061767578125 1.90653627427258e-15 9.643122820981835e-16
1579.73828125 2.280441392904335e-15 9.733224891954827e-16
1581.41455078125 4.176372602919054e-15 1.2786256682752834e-15
1583.091064453125 9.090723931682839e-16 9.042698222364704e-16
1584.767333984375 -1.1954561119893145e-16 8.766090613713748e-16
1586.4437255859375 7.032155937169071e-16 9.04045358505448e-16
1588.1201171875 1.3512725077877326e-15 9.175053473120293e-16
1589.7965087890625 1.0400434862089408e-15 9.041420261405534e-16
1591.472900390625 2.378849416018544e-16 8.611338223645979e-16
1593.1492919921875 9.581479998245403e-16 8.768442188933562e-16
1594.82568359375 1.920572457241531e-15 8.984463648449787e-16
1596.5020751953125 1.8092604695110542e-15 8.795591183079839e-16
1598.178466796875 1.1211116331621106e-15 8.576957156316927e-16
1599.8548583984375 7.087643477356924e-16 8.425091031016927e-16
1601.53125 -6.650708148960694e-17 8.145439397711776e-16
1603.2076416015625 1.1415643024647497e-15 8.547100303717397e-16
1604.884033203125 1.9014163836229012e-15 8.487027138911346e-16
1606.560302734375 -8.635925472522403e-16 8.255332922892957e-16
1608.23681640625 1.530139475877578e-16 8.246050500582234e-16
1609.9130859375 1.1188122563476704e-15 9.004936434784923e-16
1611.589599609375 1.0630685945723912e-15 8.322378227646095e-16
1613.265869140625 8.75128394840015e-16 8.217448844931416e-16
1614.9423828125 1.2147329275075973e-18 7.96193712122742e-16
1616.61865234375 1.2994293268554411e-15 8.350012677550266e-16
1618.295166015625 8.91780109670969e-16 8.201876673591738e-16
1619.971435546875 1.866050852250903e-15 8.504195967356598e-16
1621.64794921875 3.191396105039655e-15 8.479842181936261e-16
1623.32421875 1.9994521886963507e-15 8.147831206996585e-16
1625.000732421875 -5.396086917954564e-16 7.525646331964491e-16
1626.677001953125 1.6653276547950384e-16 7.514736547603856e-16
1628.3533935546875 1.418948852086575e-15 7.756787858984797e-16
1630.02978515625 2.3516268358849746e-16 7.809268432209897e-16
1631.7061767578125 1.2715602488248801e-15 8.002082247762538e-16
1633.382568359375 1.4787997766230903e-15 7.991539863942774e-16
1635.0589599609375 3.518598156300413e-15 8.227315190580153e-16
1636.7353515625 2.1646551653882245e-15 7.96308749784891e-16
1638.4117431640625 1.4535735472670811e-15 7.650852095249662e-16
1640.088134765625 2.431517130585428e-15 7.749696605029502e-16
1641.7645263671875 -7.030157468809143e-16 7.154177915363749e-16
1643.44091796875 -5.0430177775038603e-17 7.138510982213097e-16
1645.1173095703125 1.0567380820828494e-15 7.374462597582623e-16
1646.793701171875 1.6298322097447549e-15 7.463966451536617e-16
1648.469970703125 1.5617511954553616e-15 7.518720249433911e-16
1650.146484375 8.687375312529813e-16 7.16773097191541e-16
1651.82275390625 1.809241411269741e-15 7.72302512570724e-16
1653.499267578125 1.9487278324082638e-15 7.256255444024141e-16
1655.175537109375 2.3675877424078834e-15 7.256299913253872e-16
1656.85205078125 3.4102398783361306e-16 6.79375374960402e-16
1658.5283203125 -1.851013555747636e-16 6.677292013312474e-16
1660.204833984375 9.693479988487287e-16 6.739112712967829e-16
1661.881103515625 2.4347215621040095e-16 6.546789647129004e-16
1663.5576171875 3.015250150883525e-16 6.505577259080346e-16
1665.23388671875 3.212315701254468e-15 7.194066814432323e-16
1666.910400390625 3.2953295887665993e-15 7.139075847309797e-16
1668.586669921875 2.109833287217795e-15 6.860418948322078e-16
1670.2630615234375 7.337640487178703e-16 6.410526398113021e-16
1671.939453125 1.916193508662463e-15 6.565287258510262e-16
1673.6158447265625 3.85656871939935e-18 6.172774308334987e-16
1675.292236328125 1.972195091970181e-15 6.46442257515122e-16
1676.9686279296875 7.420630657768311e-16 6.183380749021387e-16
1678.64501953125 -9.117846985445105e-16 6.038682110641935e-16
1680.3214111328125 8.743241370565971e-16 6.096463521930071e-16
1681.997802734375 3.024836710961872e-16 5.95415722223102e-16
1683.6741943359375 -8.505639629136075e-16 5.852164926260946e-16
1685.3505859375 3.2872094677130766e-17 5.857089364058046e-16
1687.0269775390625 4.272312160266727e-16 6.570086758947641e-16
1688.703369140625 5.732908510639053e-16 6.842047862487316e-16
1690.379638671875 9.238245307359016e-16 5.803702465579383e-16
1692.05615234375 1.900854377262398e-15 5.904916550029168e-16
1693.732421875 1.4851543236725105e-15 5.788228761819823e-16
1695.408935546875 3.2571651428995175e-16 5.58656980471548e-16
1697.085205078125 4.1330800607706174e-16 5.57914661972398e-16
1698.76171875 1.0355205420288396e-15 5.587312546731103e-16
1700.43798828125 1.0865134077612062e-15 5.546199685053748e-16
1702.114501953125 6.596903292662121e-16 5.425725130174584e-16
1703.790771484375 1.4110707045232812e-15 5.487135018850521e-16
1705.46728515625 1.4290531081143716e-15 6.889924811644089e-16
1707.1435546875 2.0129407119253426e-16 6.498358420787371e-16
1708.820068359375 7.663872050440144e-16 5.851144780955097e-16
1710.496337890625 1.231842344532534e-15 5.272574161772718e-16
1712.1727294921875 6.637242707379515e-16 5.146153964999422e-16
1713.84912109375 1.2900972472381853e-15 6.86834505912601e-16
1715.5255126953125 1.0562328269298122e-15 5.154015489541126e-16
1717.201904296875 7.661273776874442e-16 5.064396227348069e-16
1718.8782958984375 6.756126957900208e-16 5.000127602475149e-16
1720.5546875 1.3656986435497758e-15 4.956450877945573e-16
1722.2310791015625 1.56338014569205e-15 4.913928765202223e-16
1723.907470703125 1.0745389029858722e-15 4.804992387251439e-16
1725.5838623046875 1.304596121954574e-15 4.898765287259595e-16
1727.26025390625 1.7213424729925573e-15 4.904732634373001e-16
1728.9366455078125 8.371425670456855e-16 5.503751687693282e-16
1730.613037109375 8.39262690512663e-16 4.772782900640911e-16
1732.289306640625 7.623760275827325e-16 4.707457072770699e-16
1733.9658203125 3.360685803943794e-16 4.636268188718711e-16
1735.64208984375 4.723527405362481e-16 4.626531544990023e-16
1737.318603515625 2.0758386786709276e-15 6.177411284325612e-16
1738.994873046875 1.2224044916759897e-15 4.607709414110848e-16
1740.67138671875 6.699797149325429e-16 4.348166078275718e-16
1742.34765625 7.245499713780788e-16 4.3135933697423495e-16
1744.024169921875 4.917024670624437e-16 4.2448518815123347e-16
1745.700439453125 4.560435975928994e-16 4.2697617970021036e-16
1747.376953125 1.5508835509838522e-15 4.3501399297406164e-16
1749.05322265625 1.6550735798146962e-15 4.3725087463886223e-16
1750.729736328125 2.1178125493391672e-15 4.2856831047347283e-16
1752.406005859375 1.4476044002086617e-15 5.942220410421839e-16
1754.0823974609375 9.293511030793807e-16 4.114993260368778e-16
1755.7587890625 9.320667965873964e-16 5.588289810993998e-16
1757.4351806640625 2.628359646593447e-16 4.0076686272979417e-16
1759.111572265625 1.4809287145266752e-16 3.960172048874045e-16
1760.7879638671875 7.587954737309007e-17 3.88728301087824e-16
1762.46435546875 6.864581056466648e-16 3.9074389539515443e-16
1764.1407470703125 7.483335977457955e-16 3.878587688279083e-16
1765.817138671875 7.009006526720611e-16 3.823403491765465e-16
1767.4935302734375 3.7315305925371195e-16 3.761691582904273e-16
1769.169921875 1.570181634970045e-16 3.7107211106054494e-16
1770.8463134765625 6.1883840667617e-16 3.673072084286772e-16
1772.522705078125 9.08692393012322e-16 3.678739528797291e-16
1774.198974609375 5.632352464910167e-16 3.6057856398414624e-16
1775.87548828125 7.572380316038063e-16 3.67815613485487e-16
1777.5517578125 1.1302566243771416e-15 3.7659614230518227e-16
1779.228271484375 1.496572751317972e-16 3.5711284927111646e-16
1780.904541015625 4.952136833266088e-16 3.5408473295446194e-16
1782.5810546875 5.412348891750663e-16 3.5150766168222033e-16
1784.25732421875 3.99170126214881e-16 3.477460677728028e-16
1785.933837890625 -5.540056710952684e-17 3.348957309300078e-16
1787.610107421875 -5.835844586600826e-17 3.683162893666531e-16
1789.28662109375 2.89237266941212e-16 3.314093433191091e-16
1790.962890625 7.268418307751121e-16 3.3511511246334667e-16
1792.639404296875 8.459372571974677e-16 3.351093685211731e-16
1795.9920654296875 8.340294033271707e-16 3.762724698402127e-16
1797.66845703125 1.4348488251768408e-15 3.4602497623332086e-16
1799.3448486328125 4.3391147371409176e-16 3.236317015089629e-16
1801.021240234375 1.3657647915290004e-16 3.1781221458441144e-16
1802.6976318359375 3.0231672619623927e-16 3.1674220021379244e-16
1804.3740234375 2.285693526572904e-16 3.239823996189058e-16
1806.0504150390625 -1.5830016109756367e-16 3.167465677274267e-16
1807.726806640625 -4.80933528399069e-17 3.498597590833371e-16
1809.4031982421875 1.022438846077436e-16 3.1618037914174643e-16
1811.07958984375 1.7806510582148134e-16 3.165500560836637e-16
1812.7559814453125 5.046454481338447e-16 3.164361566220376e-16
1814.432373046875 5.179853170805934e-16 4.647441082688587e-16
1816.108642578125 3.91445106326583e-16 3.188160809758058e-16
1817.78515625 5.425048033212373e-16 3.063104600727637e-16
1819.46142578125 3.6466062751520153e-16 3.037959633595005e-16
1821.137939453125 9.520116696381566e-16 3.075898768698117e-16
1822.814208984375 6.56398282777149e-16 3.043887011341213e-16
1824.49072265625 4.735099794480996e-17 3.001710329221665e-16
1826.1669921875 -6.823993222867692e-17 3.033556650456059e-16
1827.843505859375 1.846690246645291e-16 3.0265143655930273e-16
1829.519775390625 2.053442452566144e-17 3.0576563259922197e-16
1831.1962890625 3.842960423726383e-16 2.9646502554991254e-16
1832.87255859375 6.167813871637629e-16 2.9520599048315783e-16
1834.549072265625 1.7786270465175696e-16 2.9222191987976053e-16
1836.225341796875 1.1752260535331257e-16 2.8401594409609968e-16
1837.9017333984375 5.089842155874772e-17 2.826635765864694e-16
1839.578125 1.638849140166073e-16 3.1211409159933375e-16
1841.2545166015625 8.903554002536872e-16 3.958756445060946e-16
1842.930908203125 9.942137098065628e-16 2.891360465040151e-16
1844.6072998046875 1.2252274407309515e-15 2.8724178966637887e-16
1846.28369140625 9.686727018315302e-16 2.814475284417878e-16
1847.9600830078125 7.392969738084538e-17 2.7733947158716367e-16
1849.636474609375 2.1793750346401465e-18 2.784352410533351e-16
1851.3128662109375 -1.0083476589064727e-16 2.973921825200212e-16
1852.9892578125 -3.2460708641750583e-16 2.8150261205313895e-16
1854.6656494140625 -2.0678186530889687e-16 2.832101775352444e-16
1856.342041015625 7.813690341241259e-18 4.0917430000600354e-16
1858.018310546875 8.185576053917421e-16 2.8165891610168697e-16
1859.69482421875 8.4335195382377e-16 2.79522275492238e-16
1861.37109375 9.901807741864482e-16 2.7879589180040824e-16
1863.047607421875 7.903383851166098e-16 2.7733425704058214e-16
1864.723876953125 2.7530847186810507e-16 2.7525701461655937e-16
1866.400390625 1.0774358615446003e-15 2.7780864843060375e-16
1868.07666015625 1.5169152004583498e-15 3.554646555046576e-16
1869.753173828125 8.548828250929796e-16 2.7544248836222846e-16
1871.429443359375 4.0232794445158385e-16 2.781620993976252e-16
1873.10595703125 5.396706310797244e-16 2.781132891240397e-16
1874.7822265625 6.963798790138873e-16 3.0599809020368407e-16
1876.458740234375 6.662536169975712e-16 2.750715408708903e-16
1878.135009765625 8.345526049907779e-16 2.752483854684092e-16
1879.8114013671875 1.228963914819527e-15 2.764103558533645e-16
1881.48779296875 9.056842613792667e-16 2.9687035728495333e-16
1883.1641845703125 8.121232784266024e-16 2.7584922299558814e-16
1884.840576171875 5.20863640914482e-16 2.7383225225971843e-16
1886.5169677734375 5.71267871688066e-16 2.7469506119561535e-16
1888.193359375 1.0271120459614462e-15 2.756847133153636e-16
1889.8697509765625 9.741941919773258e-16 2.779389326858033e-16
1891.546142578125 8.476053827079666e-16 2.8023251261851073e-16
1893.2225341796875 7.149439824815046e-16 2.7211158423671013e-16
1894.89892578125 7.985277643484604e-16 2.7205080962274463e-16
1896.5753173828125 8.392555966117298e-16 2.7111655875170274e-16
1898.251708984375 6.41968811822876e-16 2.7032103599555334e-16
1899.927978515625 4.2372960829250303e-16 2.696170457372666e-16
1901.6044921875 1.0671714104106543e-15 2.7047217843707903e-16
1903.28076171875 1.5945950038642655e-15 2.7613469956859244e-16
1904.957275390625 8.554347199976749e-16 2.692391102241136e-16
1906.633544921875 5.055269447341404e-16 2.6900620263339825e-16
1908.31005859375 5.0801605031132064e-17 2.6810919474225595e-16
1909.986328125 -5.832652331180861e-17 2.677418471409436e-16
1911.662841796875 2.574233182472713e-16 2.6951815464067467e-16
1913.339111328125 5.234839373368131e-16 2.697026225347189e-16
1915.015625 5.788236173358112e-16 2.718599625118164e-16
1916.69189453125 6.519200725245747e-16 2.715495249366477e-16
1918.368408203125 9.655829373981834e-16 2.719066552030338e-16
1920.044677734375 1.0430546883364298e-15 2.764036589991253e-16
1921.7210693359375 9.907220282397437e-16 2.8302197740227636e-16
1923.3974609375 6.824616453828414e-16 4.3462549601884753e-16
1925.0738525390625 5.917331406057956e-16 2.7594435538347663e-16
1926.750244140625 4.3353893803597747e-16 2.749315422065769e-16
1928.4266357421875 5.285190188126479e-16 2.637986705434584e-16
1930.10302734375 8.050223894715328e-16 2.9440464437549606e-16
1931.7794189453125 1.2775283370921155e-15 3.367333424392964e-16
1933.455810546875 1.071517007067424e-15 3.032404156252201e-16
1935.1322021484375 9.30303803386805e-16 4.383611495442554e-16
1936.80859375 9.86492792734103e-16 5.606876360834717e-16
1938.4849853515625 1.2394008430373577e-15 7.036337632950547e-16
1940.161376953125 7.8704014469912e-16 4.992806590832911e-16
1941.837646484375 7.938368958865661e-16 3.2544832248302736e-16
1943.51416015625 4.690262833337028e-16 3.9846685064064353e-16
1945.1904296875 2.2908072232941557e-16 2.87216061040606e-16
1946.866943359375 5.173218255850973e-16 3.928226465966145e-16
1948.543212890625 5.479611248696535e-16 2.66471906524993e-16
1950.2197265625 6.509874892496477e-16 4.4346859939752123e-16
1951.89599609375 1.3560211333087178e-16 3.7316232367657254e-16
1953.572509765625 3.6592178016432437e-16 3.0890050153701014e-16
1955.248779296875 7.76469332336064e-16 2.541551739691886e-16
1956.92529296875 1.1702129684441399e-15 3.240450006476638e-16
1958.6015625 1.1378640390346693e-15 3.4483285676939924e-16
1960.278076171875 1.1453581630355017e-15 4.666855607235248e-16
1961.954345703125 9.532830660919853e-16 5.283219248337337e-16
1963.6307373046875 6.268413857200654e-16 5.032021569312825e-16
1965.30712890625 8.224553333776512e-16 2.49391090096916e-16
1966.9835205078125 1.2899386403188119e-15 4.717870284066006e-16
1968.659912109375 1.0256624549513389e-15 3.9200930967879315e-16
1970.3363037109375 8.911487524879093e-16 3.1605433005128314e-16
1972.0126953125 7.3540798084981325e-16 3.18925586454018e-16
1973.6890869140625 9.387327341240509e-16 2.4978040761529775e-16
1975.365478515625 6.147024506738456e-16 5.391348827405861e-16
1977.0418701171875 7.411696048361554e-16 2.692203696201556e-16
1978.71826171875 5.07546112461717e-16 2.480699833969953e-16
