wavelength flux error
1402.877097660594 4.2055096744812397e-10 8.922674892603156e-10
1403.2863168959948 3.3807705920403286e-10 7.925627187709796e-10
1403.6955127400583 6.479773519873431e-10 8.372811894631315e-10
1404.1046851927852 -3.760642317547556e-10 7.749081163283805e-10
1404.5138342541748 -7.373089465597522e-10 7.383483445080066e-10
1404.922959924227 -5.488234320558651e-10 7.498869613276751e-10
1405.3320622029423 -7.000523459601998e-10 7.395394315970961e-10
1405.7411410903208 -5.528497352309928e-10 7.733848831264644e-10
1406.150196586362 -1.167330229720067e-09 7.029580509228662e-10
1406.5592286910658 -7.179603282145107e-10 7.45349854741823e-10
1406.968237404433 8.693422484506133e-10 8.290206328916863e-10
1407.3772227264628 2.476517864277785e-10 7.788266854579298e-10
1407.7861846571554 -2.458431505686259e-11 7.957253257782845e-10
1408.1951231965113 2.9532114624800493e-10 8.14254562363211e-10
1408.60403834453 7.29816984494696e-10 8.24370267841185e-10
1409.0129301012114 -5.819024934416616e-10 7.370347303498461e-10
1409.4217984665559 2.596015052398504e-10 7.989463334470158e-10
1409.8306434405633 -2.9392488218860707e-10 7.794969886138353e-10
1410.2394650232338 -2.938382016810276e-12 7.842655016859059e-10
1410.6482632145667 4.503939366286321e-10 8.182009950688737e-10
1411.057038014563 4.2063669455849593e-10 8.496659459232796e-10
1411.465789423222 -6.135631147930383e-10 7.517862969583056e-10
1411.8745174405437 -9.814922933207796e-10 7.316083051466752e-10
1412.2832220665287 3.5301358492389137e-10 8.160779944070058e-10
1412.6919033011766 4.2551010673917326e-10 8.053609545185449e-10
1413.1005611444873 3.68840549502896e-11 8.112948296770861e-10
1413.5091955964606 -1.1182417205729796e-10 7.844332390273879e-10
1413.9178066570971 7.204866768538295e-10 8.456580621956903e-10
1414.3263943263967 -8.761512390116766e-10 7.310761729096289e-10
1414.7349586043588 -2.443200929852864e-10 7.671998164607719e-10
1415.1434994909841 -4.28848807852279e-10 7.564622211293059e-10
1415.5520169862723 -2.528614586021035e-10 7.75131512867498e-10
1415.9605110902232 -5.730040743152252e-10 7.405266720108989e-10
1416.3689818028372 -1.022726574783504e-09 7.383367937228648e-10
1416.777429124114 7.755446360732312e-10 8.433637671748479e-10
1417.185853054054 -5.409392107330122e-10 7.54232907868485e-10
1417.5942535926563 4.5592464960954045e-10 7.917735178791758e-10
1418.002630739922 -5.27949308505367e-11 7.71577477217491e-10
1418.4109844958507 -1.590094838271383e-09 6.840108232758628e-10
1418.8193148604419 -2.1425197717853433e-10 7.807524019792516e-10
1419.2276218336963 -4.6118775294205204e-11 7.673907688770712e-10
1419.6359054156135 -9.617636526676377e-10 7.338321306853201e-10
1420.0441656061935 -3.1885683905404407e-10 7.408835758611881e-10
1420.4524024054367 -4.5543108224091174e-10 7.43455990170718e-10
1420.8606158133427 -5.575116662959474e-10 7.481832794573919e-10
1421.2688058299116 -3.736092322486536e-11 7.851089933719451e-10
1421.6769724551432 -1.4140123472214504e-10 7.680122422494434e-10
1422.085115689038 1.0022605897842838e-10 8.118250669414145e-10
1422.4932355315957 2.1205710765680786e-10 8.139551292646765e-10
1422.9013319828161 -7.001884181926902e-11 7.877474313730545e-10
1423.3094050426996 -2.7508312774983157e-10 7.531851762345721e-10
1423.7174547112459 -2.6213324078252326e-10 7.835225929967745e-10
1424.1254809884554 9.25396454339528e-11 8.055405291025638e-10
1424.5334838743272 4.626595478551541e-11 7.973390299671912e-10
1424.9414633688625 -1.1508597099215444e-09 7.355712865050864e-10
1425.3494194720604 -1.1145901803965156e-10 7.95632738032584e-10
1425.7573521839213 3.536722961926112e-10 8.224300715175189e-10
1426.165261504445 1.3075901494048122e-09 8.52593054196467e-10
1426.573147433632 5.97440411184175e-10 8.087679750536164e-10
1426.9810099714816 -6.238192107615885e-10 7.30192770112821e-10
1427.388849117994 3.235691234530164e-11 8.054682074311541e-10
1427.7966648731694 -7.899738298914763e-11 7.759815014984794e-10
1428.2044572370078 3.4355381607682843e-10 8.173281219765963e-10
1428.612226209509 -1.9958245486901846e-10 8.024247840762227e-10
1429.0199717906733 -3.1143572167421674e-10 7.729018551856531e-10
1429.4276939805004 -5.5349749808338e-10 7.575972353317353e-10
1429.8353927789901 7.081956143441511e-11 7.648984532576005e-10
1430.2430681861433 4.681419409436635e-10 8.239454913283594e-10
1430.650720201959 3.814043243110449e-12 8.08741546424781e-10
1431.0583488264376 6.823681958921587e-11 7.822816770674051e-10
1431.4659540595794 -8.445945130931728e-10 7.219962263969038e-10
1431.873535901384 8.757189073718915e-10 8.497477819671205e-10
1432.2810943518516 -7.341642430609452e-10 7.190118244315879e-10
1432.6886294109818 2.1530205615171976e-10 8.062639033637021e-10
1433.0961410787752 -3.7528627994118066e-10 7.78831879940093e-10
1433.5036293552314 -6.606031547168856e-10 7.776904681518999e-10
1433.9110942403504 -1.3642458975325066e-09 6.853885816467999e-10
1434.3185357341324 -1.9836842487340474e-10 7.834271138263654e-10
1434.7259538365774 3.6904148876256005e-10 8.159621577916412e-10
1435.1333485476853 -5.440846582418066e-10 7.728908225343514e-10
1435.540719867456 4.619752407132194e-10 8.231143342704659e-10
1435.9480677958898 -4.3849229049659164e-10 7.732837135785227e-10
1436.3553923329864 1.3593233012152075e-10 8.161168325283149e-10
1436.7626934787456 6.1790503398021e-10 8.255498539553752e-10
1437.169971233168 -2.9509922581454507e-10 7.692754550390345e-10
1437.5772255962536 1.4027062117529435e-10 8.206787500067744e-10
1437.9844565680019 -4.309104021624609e-11 7.978387125412881e-10
1438.3916641484127 1.9037352142524615e-10 8.098644948874359e-10
1438.798848337487 -5.668726505825123e-10 7.769995398062463e-10
1439.206009135224 2.957585413198885e-10 8.128635934564736e-10
1439.6131465416236 -2.820010349990891e-11 7.817783183719626e-10
1440.0202605566865 -8.492803375243483e-10 7.530444390241079e-10
1440.4273511804122 2.4327557360534055e-10 8.022690894662569e-10
1440.8344184128007 -4.315107930022745e-10 7.711709608651653e-10
1441.2414622538522 -4.684111966112382e-10 7.363807199789467e-10
1441.6484827035667 -7.152886264593773e-12 8.015240101705026e-10
1442.0554797619438 -4.2107022424596164e-10 7.72632490305996e-10
1442.4624534289842 5.479641842736988e-10 8.413115775650466e-10
1442.8694037046876 -7.903762934292099e-10 7.723813987477162e-10
1443.2763305890535 -3.3970524742863777e-10 6.752887608116625e-10
1443.6832340820824 -2.0641353124972773e-10 3.247467481103781e-10
1444.0901141837744 -1.7277457742877017e-10 2.0872455111739203e-10
1444.4969708941292 1.3579606855338027e-11 8.967497150143399e-11
1444.9038042131467 1.8895917549460844e-11 3.451669619811694e-11
1445.3106141408275 -5.868041789284052e-12 2.0209543370000824e-11
1445.717400677171 -2.1429104619473664e-11 1.2181766849391407e-11
1446.1241638221775 8.68206230450478e-12 1.0131085931123701e-11
1446.5309035758467 9.02452068348849e-12 7.858736221600138e-12
1446.937619938179 3.579372866509835e-12 6.314000771711365e-12
1447.3443129091743 -2.736653677947392e-12 5.0532317563014426e-12
1447.7509824888323 -4.856561766093376e-12 4.243613109677607e-12
1448.1576286771533 -4.975217697458202e-12 3.5766441495697025e-12
1448.5642514741373 1.6415145807935718e-12 3.5690800862430623e-12
1448.9708508797842 -6.346025309807232e-12 2.745000801206726e-12
1449.3774268940938 -1.3916251580316087e-12 2.7733819019496376e-12
1449.7839795170664 2.3433818142010423e-12 2.807579001108081e-12
1450.190508748702 4.779002282613792e-13 2.4985043878011422e-12
1450.5970145890003 -2.2752184925562792e-12 2.0983701657514727e-12
1451.0034970379618 -6.069751670077786e-13 2.0658750844226652e-12
1451.409956095586 -1.6009464789353198e-12 1.8015365189194842e-12
1451.816391761873 -3.3661712540226685e-13 1.7641688162381345e-12
1452.2228040368234 2.0562683950599527e-13 1.7160200406794573e-12
1452.6291929204365 -1.867044095980745e-12 1.533159100396372e-12
1453.0355584127124 -2.3116712979824125e-13 1.5231155322971288e-12
1453.441900513651 -2.3057695333844997e-12 1.2895387397324781e-12
1453.848219223253 -4.620593533589424e-13 1.3243094708968917e-12
1454.2545145415177 1.542351993651465e-12 1.380926705617792e-12
1454.6607864684452 -1.7390466982202636e-12 1.1618646819200566e-12
1455.0670350040357 -8.370584181329252e-13 1.1422800786949844e-12
1455.473260148289 2.1300250705937031e-13 1.1404921055495993e-12
1455.879461901205 6.934528576538719e-13 1.139027998110252e-12
1456.2856402627845 -1.152957888993435e-12 1.0019851646213153e-12
1456.6917952330266 4.0527668084552884e-14 1.0052591550792557e-12
1457.0979268119318 -9.455589956797224e-13 9.516420402837594e-13
1457.5040349994995 -1.5049548330001855e-13 9.196099322006556e-13
1457.9101197957305 2.392710027702913e-13 9.291972454322573e-13
1458.3161812006244 1.9794059801959396e-14 8.589903082043213e-13
1458.7222192141808 -9.201117676806871e-13 7.77204886138215e-13
1459.1282338364006 -3.5909974474294794e-13 7.848476339058723e-13
1459.5342250672832 6.032414304912783e-13 8.079521290831697e-13
1459.9401929068285 1.6019913265948867e-13 7.974326486572088e-13
1460.3461373550367 -5.468976533015031e-13 7.04840601113398e-13
1460.7520584119081 -1.1676188182536627e-12 6.211729498360594e-13
1461.1579560774423 8.794927464592856e-14 7.244221356970411e-13
1461.5638303516391 -5.340618398227806e-13 6.144375372451936e-13
1461.9696812344991 -7.662690649463796e-13 6.059317992129178e-13
1462.3755087260222 -5.298382950839912e-14 6.234952576989942e-13
1462.7813128262078 -2.5668660650625464e-13 5.993320398639684e-13
1463.1870935350564 -2.0925459421590273e-13 5.717065168619999e-13
1463.5928508525683 2.314958425394226e-13 5.952876938840919e-13
1463.9985847787427 3.9534562504526615e-13 5.770455322373667e-13
1464.40429531358 -2.1714140604922182e-13 5.384803621920945e-13
1464.8099824570804 -2.2371174174875683e-14 5.276781406472144e-13
1465.2156462092437 1.9043097440634853e-13 5.292092674252316e-13
1465.6212865700697 5.603876526058427e-13 5.28953039497859e-13
1466.026903539559 -1.0840765179203772e-13 4.861212762630339e-13
1466.432497117711 3.074201120394983e-13 5.035300128949381e-13
1466.8380673045258 -4.1314894994062723e-13 4.512641750609805e-13
1467.2436141000037 9.038569477234659e-14 4.583453530728215e-13
1467.6491375041444 -2.0517747452010655e-13 4.453834062680001e-13
1468.054637516948 -1.5798518203526654e-13 4.3369078714362505e-13
1468.4601141384144 4.4169150703910993e-13 4.5474503914766236e-13
1468.865567368544 1.8732938295724113e-13 4.435085786816647e-13
1469.2709972073364 -3.503021764048601e-13 4.098285066511006e-13
1469.6764036547916 6.284542110542359e-13 4.4140450897668643e-13
1470.0817867109097 2.3287927937717227e-13 4.077586463814713e-13
1470.487146375691 9.899072348422591e-14 4.002820260975099e-13
1470.892482649135 4.946778014360873e-13 3.9857525267752067e-13
1471.2977955312417 -1.6070846676540747e-13 3.600759022568311e-13
1471.7030850220117 -1.0401568559803014e-12 3.1638247390468057e-13
1472.1083511214445 -3.695478023942749e-13 3.442706169641788e-13
1472.51359382954 -1.3862773841667727e-13 3.408608313620016e-13
1472.9188131462986 8.81805610339787e-14 3.5499275604720803e-13
1473.3240090717202 1.6278109718475568e-14 3.4487577967778197e-13
1473.7291816058043 -6.076825537605375e-13 2.836007289163094e-13
1474.1343307485517 -1.2113093759730456e-13 3.165357806418736e-13
1474.539456499962 -4.040231321593624e-13 2.957221398532582e-13
1474.9445588600352 -2.760081610008894e-13 2.929259324884787e-13
1475.3496378287712 -1.3128132973632368e-13 3.1137902907196037e-13
1475.75469340617 7.317452093686146e-14 2.9739295862189825e-13
1476.159725592232 7.798751362930082e-14 2.9627747651505433e-13
1476.5647343869566 5.613162917002622e-14 2.9952170653877514e-13
1476.9697197903442 7.533354553068802e-14 2.865401164608176e-13
1477.374681802395 -1.9543001903613698e-13 2.696288057879716e-13
1477.7796204231083 1.7689105012309773e-13 2.8325989282094196e-13
1478.1845356524848 -5.921049935671972e-14 2.621381833792331e-13
1478.5894274905243 -4.3783716124523563e-13 2.424464137714029e-13
1478.9942959372265 3.3092523680420546e-14 2.530531621528848e-13
1479.3991409925914 -1.5901586756773242e-13 2.4953223931418654e-13
1479.8039626566194 2.0648829360788517e-13 2.6865802481905965e-13
1480.2087609293105 8.435322992469262e-14 2.5591578645578315e-13
1480.6135358106642 -3.8497847978133857e-13 2.185722055032965e-13
1481.018287300681 -2.401572188406614e-13 2.2999403241557894e-13
1481.4230153993608 3.610547584871896e-14 2.3634771410626135e-13
1481.8277201067035 -4.065192457022435e-13 2.0759320679887532e-13
1482.232401422709 -2.700372959193966e-13 2.156298306056398e-13
1482.6370593473773 1.2426413382810147e-13 2.334468034558063e-13
1483.0416938807089 2.15821562597993e-13 2.272295758232631e-13
1483.446305022703 6.614038471536158e-13 2.56008815153698e-13
1483.85089277336 -6.563375791520996e-14 2.1559634854969957e-13
1484.2554571326802 4.679675973451793e-14 2.1174485611731333e-13
1484.6599981006632 -2.519567213444951e-13 1.978510434446259e-13
1485.064515677309 -4.0832708733614874e-14 2.0402194392954516e-13
1485.469009862618 1.4810975290565022e-13 2.1327960768960476e-13
1485.8734806565894 1.1711841265767492e-13 2.1164712183300036e-13
1486.2779280592242 -7.604924387158585e-14 1.918892762392045e-13
1486.6823520705218 -9.645735658037153e-15 1.955649181317078e-13
1487.0867526904822 -2.4122648866537446e-13 1.7546239216634236e-13
1487.4911299191053 -5.6481188069733616e-14 1.8384994463599231e-13
1487.8954837563917 1.5863069955357513e-13 1.884881721396007e-13
1488.299814202341 -8.699795114146324e-14 1.734118519519367e-13
1488.704121256953 -2.6040776186653083e-13 1.704198024097811e-13
1489.108404920228 -7.732746061040546e-14 1.7565984202212988e-13
1489.512665192166 -2.356677042471684e-14 1.7700225618964524e-13
1489.9169020727668 1.3209014270681665e-13 1.788307233203543e-13
1490.3211155620304 -1.1134431385207593e-13 1.610875832632421e-13
1490.7253056599573 2.890569904706819e-13 1.8137360003340946e-13
1491.1294723665467 9.972240667911335e-14 1.6831344613837248e-13
1491.5336156817991 -1.5784851689171516e-13 1.5526572860744212e-13
1491.9377356057146 2.0520331643014296e-13 1.7209027500252734e-13
1492.3418321382928 3.903318265403464e-15 1.5617105874884557e-13
1492.745905279534 2.0778028316721295e-13 1.6526055866932041e-13
1493.1499550294382 3.450972041987152e-13 1.7335814875290087e-13
1493.5539813880052 2.0223002069890924e-13 1.63146590978817e-13
1493.957984355235 1.0575319943248741e-14 1.4988775448070843e-13
1494.3619639311278 2.516390096685362e-13 1.644803258563193e-13
1494.7659201156837 4.655703748593249e-14 1.484056885528553e-13
1495.1698529089024 2.1048793163842775e-13 1.5842922787799197e-13
1495.573762310784 3.130770848371907e-14 1.4277561072677328e-13
1495.9776483213284 1.7498789128421624e-13 1.525438372246125e-13
1496.381510940536 4.983669115907745e-14 1.4414881581842134e-13
1496.785350168406 -1.3913621474953604e-13 1.29012776255747e-13
1497.1891660049394 1.8034887787203335e-14 1.3835832325708703e-13
1497.5929584501355 -2.4666201657631237e-14 1.3346738041836298e-13
1497.9967275039946 -2.420628475070972e-13 1.1586731108432491e-13
1498.4004731665163 3.3533558788030374e-14 1.3376622165659765e-13
1498.8041954377013 -1.2131174131312542e-13 1.2434232455696452e-13
1499.207894317549 -2.631920533663445e-15 1.3012605293674822e-13
1499.6115698060596 -3.037062800806999e-14 1.2945238094288787e-13
1500.0152219032334 -9.472443006413812e-14 1.2181501219364583e-13
1500.41885060907 2.320652007384873e-14 1.276960783734203e-13
1500.8224559235694 -2.653166935959947e-13 1.1039541930136309e-13
1501.2260378467315 -5.890483259515788e-14 1.236144430589349e-13
1501.629596378557 2.1005588627681668e-14 1.2410144464785656e-13
1502.0331315190451 5.238027532847264e-14 1.2394541908889343e-13
1502.436643268196 -5.5152526226443e-14 1.1233878301922424e-13
1502.84013162601 -4.2192917186664855e-15 1.149867251573317e-13
1503.243596592487 -3.083155862300912e-14 1.1364983920328283e-13
1503.6470381676268 -1.9746151061696543e-14 1.122195971901112e-13
1504.0504563514294 5.264216032119611e-14 1.1506688838276242e-13
1504.453851143895 1.3645947251817655e-14 1.1644028102561107e-13
1504.8572225450237 -1.7282993842560604e-13 1.0373078706892367e-13
1505.2605705548149 -2.428663394151201e-13 9.653871283256037e-14
1505.6638951732693 4.2170953701330146e-14 1.0951540632083606e-13
1506.0671964003866 7.92870163267436e-14 1.0916733383461976e-13
1506.4704742361669 1.3919255749077786e-14 1.0409329358105844e-13
1506.8737286806097 1.825477694581255e-13 1.1221207493787384e-13
1507.2769597337158 -6.047710918866524e-14 9.932963456942004e-14
1507.6801673954847 4.438822578764684e-14 1.0582762759709154e-13
1508.0833516659166 -9.080868937897828e-14 9.430195527782574e-14
1508.4865125450112 5.6290303967137836e-14 1.038088587820107e-13
1508.889650032769 4.476366761369325e-15 9.936033531949892e-14
1509.2927641291894 -9.735915696948331e-15 9.833796205200897e-14
1509.695854834273 1.69309336905536e-14 9.664372776531706e-14
1510.0989221480193 6.263637142010564e-14 9.808277158680992e-14
1510.5019660704284 2.996223259773386e-14 9.485310432563518e-14
1510.9049866015007 -3.624356661551364e-15 9.428179494026759e-14
1511.3079837412358 -4.726777522701236e-14 9.300233321947076e-14
1511.710957489634 3.7222952816947575e-14 9.443858410548104e-14
1512.1139078466947 -1.816518197001875e-15 8.942426100320766e-14
1512.5168348124187 7.747227111196708e-14 9.329479882913834e-14
1512.9197383868054 2.8782620333839245e-14 9.2548278531112e-14
1513.322618569855 2.111393762249291e-14 9.101493765565668e-14
1513.7254753615675 1.0216044201767866e-13 9.347177315153667e-14
1514.1283087619431 1.4149111883947388e-14 8.872518567392952e-14
1514.5311187709815 5.5688367189785606e-14 9.019146033823234e-14
1514.9339053886827 1.8311545630759573e-14 8.895016398324946e-14
1515.3366686150468 2.9097911055821963e-14 8.786912783343928e-14
1515.739408450074 2.2752456983956655e-14 8.717405314084688e-14
1516.142124893764 2.6891030739609804e-14 8.643976861655763e-14
1516.544817946117 2.889443217852036e-14 8.543876240376219e-14
1516.9474876071329 4.975233230919352e-14 8.554796596430306e-14
1517.3501338768117 -1.928792559959019e-14 8.320281200200045e-14
1517.7527567551533 -2.044176010311563e-14 8.247753477399292e-14
1518.155356242158 7.316923812063904e-14 8.392467149607795e-14
1518.5579323378252 -6.490878852680591e-15 8.1517207240783e-14
1518.9604850421558 8.434731848806268e-14 8.265637994702839e-14
1519.363014355149 2.135979434729353e-14 8.089181406152749e-14
1519.7655202768053 5.377317172952955e-14 8.062204370279646e-14
1520.1680028071244 4.337801812545365e-14 7.993559692136969e-14
1520.5704619461064 -5.565156437837777e-14 7.519924671253546e-14
1520.9728976937515 -1.0237904340256861e-13 7.23770903981109e-14
1521.3753100500592 2.0007364090562762e-14 7.717153352999647e-14
1521.77769901503 -6.091338546031488e-14 7.319204826322919e-14
1522.1800645886638 -7.539402497872779e-14 7.464864978850286e-14
1522.5824067709605 6.81532684900593e-14 7.927567260381568e-14
1522.98472556192 -1.0450058332026687e-14 7.397651862385867e-14
1523.3870209615425 -3.816996751213378e-15 7.587980393828991e-14
1523.7892929698278 1.4038401730555817e-14 7.341757649669661e-14
1524.1915415867759 -6.464797534454168e-14 7.18108686520872e-14
1524.593766812387 -3.219908577759049e-14 7.385707094544118e-14
1524.9959686466611 5.0228820635792256e-14 7.371081482490816e-14
1525.3981470895983 7.019390441378023e-14 7.778968293559018e-14
1525.800302141198 3.711201666911398e-14 7.275733842268767e-14
1526.202433801461 -9.840504404637255e-15 7.207811327065458e-14
1526.6045420703867 6.483395313892371e-15 7.272340283911884e-14
1527.006626947975 4.191106695535267e-15 6.989592765410719e-14
1527.4086884342266 3.976211089901856e-14 7.363515581331221e-14
1527.8107265291412 8.531835309719607e-14 7.598868648468374e-14
1528.2127412327186 3.274304247881414e-14 7.377383301259184e-14
1528.6147325449588 3.2193801030594e-14 7.23345592475156e-14
1529.016700465862 1.148448274924411e-13 7.612902301709658e-14
1529.418644995428 -7.964843566440259e-14 6.59692084810866e-14
1529.820566133657 -8.815439589261452e-15 6.891659062275539e-14
1530.222463880549 9.49409231741401e-14 7.476695099419665e-14
1530.624338236104 -7.454208924126665e-14 6.387113784049977e-14
1531.0261892003216 4.901901498486629e-15 6.80815455110486e-14
1531.4280167732022 -6.145046610336803e-14 6.560497891711963e-14
1531.8298209547459 -1.8210660242528653e-14 6.662630083137454e-14
1532.231601744952 3.4251010224542706e-14 6.956373254233875e-14
1532.6333591438215 -2.279544926701983e-15 6.699743511906745e-14
1533.035093151354 1.4288662470243522e-14 6.648664554574362e-14
1533.4368037675492 -4.4107387194404986e-14 6.609855860044793e-14
1533.838490992407 4.2595040917871224e-14 6.961256461840606e-14
1534.2401548259281 7.210913913780147e-14 7.205759717105208e-14
1534.6417952681122 3.660440266674247e-14 6.836790909988412e-14
1535.0434123189589 -8.03790653690062e-15 6.564876028186157e-14
1535.4450059784688 3.9954541926528934e-14 7.032381203743045e-14
1535.8465762466415 -6.040363722983489e-14 6.254213773406014e-14
1536.2481231234772 -6.208761262552244e-14 6.347389980399466e-14
1536.6496466089754 -9.319480887341777e-14 6.18057126569485e-14
1537.051146703137 1.4879809005557202e-16 6.731154895805731e-14
1537.4526234059613 2.1834223185184435e-14 6.776188615408341e-14
1537.8540767174484 -1.4333889115207153e-14 6.612926975919463e-14
1538.2555066375985 -9.064402134419252e-14 6.241940426236411e-14
1538.6569131664116 -2.4842814802784757e-14 6.644261506072614e-14
1539.0582963038876 -6.647795616869166e-14 6.218786726623635e-14
1539.4596560500263 -4.16486879646016e-14 6.320019411310095e-14
1539.8609924048283 -7.875437772049196e-14 5.947522387120323e-14
1540.2623053682928 6.36333502709172e-14 7.017127148395628e-14
1540.6635949404204 -6.578469035021828e-14 6.24228835641128e-14
1541.064861121211 -2.7108584136966928e-14 6.606492780306019e-14
1541.4661039106645 -1.0237795430340223e-14 6.567545532364788e-14
1541.8673233087807 -8.161176534713306e-14 5.981346163786998e-14
1542.26851931556 7.639070927872057e-14 6.994582293905032e-14
1542.6696919310023 1.2751767679144865e-14 6.577994047936117e-14
1543.070841155107 -6.847827441993152e-15 6.486537642427661e-14
1543.471966987875 4.981422710938523e-14 7.024269549344488e-14
1543.873069429306 -9.202058047432613e-15 6.411079041074838e-14
1544.2741484793999 -3.704161563407466e-14 6.226624022930397e-14
1544.6752041381565 1.199908583564666e-13 7.258025813861898e-14
1545.076236405576 3.72777596415715e-14 6.816265423725547e-14
1545.4772452816587 -4.619188895738322e-15 6.802053468159074e-14
1545.878230766404 4.681996388523714e-14 7.129218912756707e-14
1546.2791928598124 -1.3769826399077589e-14 6.586292359924832e-14
1546.6801315618839 -5.0482029285337626e-14 6.223465199671022e-14
1547.0810468726181 -1.2174773978448026e-13 5.880204285872776e-14
1547.481938792015 -4.952871718414108e-14 6.545828856154705e-14
1547.882807320075 -1.0530973226891469e-14 6.940856585540168e-14
1548.2836524567979 7.135528171663493e-14 7.266463339009606e-14
1548.6844742021835 9.543681692716464e-14 7.40943514034092e-14
1549.0852725562324 1.7671414524735525e-14 7.133852678919388e-14
1549.4860475189441 -9.235598856913689e-14 6.020212214949655e-14
1549.8867990903188 5.445619784819136e-14 7.333232458298248e-14
1550.2875272703561 -5.339340918795614e-14 6.879656980384198e-14
1550.6882320590564 -5.146487127727956e-17 6.891950489636245e-14
1551.0889134564195 -6.499036152967511e-14 6.752355778185824e-14
1551.4895714624458 7.89358917988283e-14 7.673307586842857e-14
1551.890206077135 1.4971546861295932e-14 7.329721313957551e-14
1552.290817300487 -1.1361376071137795e-13 6.717273133094882e-14
1552.6914051325018 5.965995280086321e-14 7.643729623718413e-14
1553.0919695731798 1.2298942962897716e-14 7.525457121301963e-14
1553.4925106225205 6.441825759525245e-14 7.862169251761285e-14
1553.893028280524 -8.601399668182148e-14 7.109601950079873e-14
1554.2935225471908 5.11465557814263e-14 7.859230720585164e-14
1554.6939934225202 1.7195802847766468e-14 7.792224388434066e-14
1555.0944409065128 -4.083767511067586e-15 7.84072127141892e-14
1555.494864999168 -9.94910134698333e-14 7.426970026680577e-14
1555.895265700486 4.337307671434003e-14 8.26136919080579e-14
1556.2956430104673 -2.6255976960590925e-14 7.816587862732013e-14
1556.6959969291113 -3.400736026162799e-14 8.069695918038124e-14
1557.0963274564183 6.145319458299312e-15 8.230322784900608e-14
1557.496634592388 -4.128358465385045e-14 8.191103057264042e-14
1557.8969183370207 1.1393768254621132e-14 8.485360564887129e-14
1558.2971786903165 1.2696499917358947e-14 8.460265096116359e-14
1558.6974156522751 -1.5614793646548697e-13 7.712722254298435e-14
1559.0976292228966 7.395447884905151e-14 9.122096710590538e-14
1559.497819402181 1.0975562690989844e-13 9.473388217090524e-14
1559.8979861901284 1.5117069187795067e-13 9.967824477676789e-14
1560.2981295867387 7.474919254419753e-14 9.754443441007855e-14
1560.6982495920117 3.754423714069972e-14 9.621230187323226e-14
1561.0983462059478 -1.637236493674808e-13 8.702281297639188e-14
1561.4984194285469 5.381029002040344e-14 9.927930471048904e-14
1561.8984692598085 -7.782269430953094e-14 9.452255832608285e-14
1562.2984956997334 1.080344047189243e-13 1.0870772023718477e-13
1562.698498748321 -2.026054596304502e-13 9.291024125125157e-14
1563.0984784055718 6.757322429974913e-15 1.0647030188300479e-13
1563.4984346714853 -1.1820580940176168e-14 1.0568638762766746e-13
1563.8983675460618 5.147122519190466e-14 1.1621926165014405e-13
1564.298277029301 -4.737671989297786e-15 1.1817850965400903e-13
1564.6981631212032 1.3995154895168818e-13 1.282110491961609e-13
1565.0980258217685 -1.1442620092843857e-13 1.1718046443206415e-13
1565.4978651309966 1.254444375883968e-13 1.348271899714104e-13
1565.8976810488875 3.772207230090527e-14 1.338983500900727e-13
1566.2974735754412 -8.72115526609457e-14 1.2824845256023804e-13
1566.6972427106582 4.9992232028408546e-14 1.4252198109655453e-13
1567.096988454538 -4.324382406187412e-14 1.4064895217289382e-13
1567.4967108070805 1.050291476772483e-13 1.611888711804911e-13
1567.896409768286 4.1017566180367355e-14 1.6208822653712178e-13
1568.2960853381546 -3.467810681097349e-14 1.6310114914212999e-13
1568.6957375166858 -1.9496808019793252e-13 1.6010453823044472e-13
1569.0953663038802 9.124822780321425e-14 1.887294414917124e-13
1569.4949716997373 -1.857779806176342e-13 1.7569968001076825e-13
1569.8945537042573 8.585359477978184e-14 2.0604250947267172e-13
1570.2941123174403 -7.093649790855655e-14 2.0527965774204093e-13
1570.6936475392863 -2.5238797461848146e-13 2.066995209109025e-13
1571.0931593697953 -7.372672794361054e-14 2.3405912886795583e-13
1571.492647808967 -3.337060440830746e-13 2.3764213674520123e-13
1571.8921128568015 2.6699097478272086e-13 2.79725829711316e-13
1572.2915545132992 -1.3066897244028447e-13 2.7443894864625606e-13
1572.6909727784596 2.1731651838407137e-13 3.138894725232447e-13
1573.090367652283 -2.0060920271058043e-13 3.194124784872731e-13
1573.4897391347693 1.490964637080048e-14 3.6037365946408206e-13
1573.8890872259185 -9.794496501914059e-14 3.6540261022895203e-13
1574.2884119257305 -6.672113308334888e-14 3.9622669053122307e-13
1574.6877132342056 -3.9316723738193385e-14 4.3379851999763694e-13
1575.0869911513437 -3.9876260732239014e-13 4.4150615425723507e-13
1575.4862456771443 -3.0198415907068154e-14 5.233894954510219e-13
1575.8854768116082 -4.1731151887510035e-14 5.680754871636842e-13
1576.284684554735 -4.284993532329306e-13 6.084366924173117e-13
1576.6838689065246 -6.31689951934942e-13 6.711977808571079e-13
1577.0830298669769 6.034062976514329e-13 7.983730222600634e-13
1577.4821674360924 7.846396115137787e-13 8.992581220934172e-13
1577.8812816138707 5.016738518847161e-13 9.590758636339923e-13
1578.2803724003118 -1.016219940570777e-12 9.537186608457762e-13
1578.6794397954159 6.014753206820268e-14 1.1746720805903621e-12
1579.078483799183 -2.362901197725263e-12 1.1695683033090414e-12
1579.477504411613 -2.3767510142616594e-12 1.208575342343442e-12
1579.8765016327059 -9.715864137267006e-13 1.370024973886308e-12
1580.2754754624616 3.954802378702438e-13 1.5545445669012376e-12
1580.6744259008801 1.5010155901531421e-12 1.6552042590155195e-12
1581.073352947962 -2.1397963159416163e-12 1.4743443078910997e-12
1581.4722566037065 -7.760517264636111e-13 1.508728460645179e-12
1581.8711368681138 -1.0459707688010754e-12 1.4303067039616336e-12
1582.2699937411842 8.681150950332161e-13 1.476327578568011e-12
1582.6688272229173 2.468539713159036e-13 1.2896126671965176e-12
1583.0676373133135 -3.694053114360914e-14 1.147959313225883e-12
1583.4664240123725 -1.4945414007653356e-13 1.0221857324493308e-12
1583.8651873200945 2.9635019946180896e-13 9.219091608396114e-13
1584.2639272364795 5.735052545883329e-14 7.988768191542205e-13
1584.6626437615273 7.180437672441613e-13 7.648004681170155e-13
1585.061336895238 -5.58436773705489e-13 6.010543400815201e-13
1585.4600066376117 -2.4430456365818502e-14 5.581168110172087e-13
1585.8586529886481 2.778574360542298e-13 5.24575808884329e-13
1586.2572759483476 -1.5768978987198028e-13 4.433685492497956e-13
1586.65587551671 -6.189742190084947e-13 3.5738001654876975e-13
1587.0544516937352 -4.69083065091961e-13 3.18927550537607e-13
1587.4530044794235 1.4638830890275217e-13 3.20545214899991e-13
1587.8515338737743 -4.8785135461724237e-14 2.8539994548441336e-13
1588.2500398767884 -1.0194732343307885e-14 2.6255938025247995e-13
1588.6485224884655 -4.632320370494073e-13 2.0669167112526597e-13
1589.046981708805 -4.120227695784391e-14 2.203093189108672e-13
1589.445417537808 -4.0657877756599975e-14 1.9912979537108194e-13
1589.8438299754737 -2.0391339998298093e-14 1.767247265471495e-13
1590.242219021802 -2.905682802789431e-13 1.529583636857249e-13
1590.6405846767937 5.474981609874678e-14 1.5079171116356293e-13
1591.038926940448 2.0094952840035476e-13 1.4818966878319606e-13
1591.437245812765 -2.713900572315516e-14 1.2493106227642103e-13
1591.8355412937453 5.898106617115393e-14 1.173888747843399e-13
1592.2338133833885 -6.024587731369833e-14 1.045940837559914e-13
1592.6320620816946 2.507289962241974e-14 1.0579826099768322e-13
1593.0302873886635 -7.400247427738056e-15 9.622236403597335e-14
1593.4284893042952 1.094366708889029e-13 9.791441915680713e-14
1593.8266678285902 -5.396719493731631e-15 8.389725009867791e-14
1594.2248229615477 -3.257013654618449e-15 7.807638889268945e-14
1594.6229547031683 4.444532287641514e-14 7.428705644119459e-14
1595.0210630534518 -9.78447075951537e-14 6.374752379675508e-14
1595.4191480123982 -6.619597180911606e-14 6.137968866941398e-14
1595.8172095800073 -1.652521628565905e-14 5.961078739929014e-14
1596.2152477562797 -2.921085799898706e-14 5.769358867671749e-14
1596.613262541215 -5.062546056621705e-14 5.230463088546597e-14
1597.0112539348127 -2.397211531947389e-14 5.019046354077647e-14
1597.4092219370739 1.8103680329080215e-14 5.016806204969708e-14
1597.8071665479977 -4.80668546826807e-14 4.551224231642039e-14
1598.2050877675845 -6.439118117612521e-14 3.970053596976775e-14
1598.602985595834 -1.6022663915720806e-14 4.136080809038408e-14
1599.0008600327467 -2.5155934895407984e-14 3.942158362659004e-14
1599.3987110783223 1.4505720738779263e-14 3.902705204730889e-14
1599.7965387325605 1.3665783682349214e-14 3.835724206851434e-14
1600.194342995462 -1.4025281766345832e-14 3.358432894367466e-14
1600.5921238670262 -3.601402741788453e-14 3.0264357202654605e-14
1600.9898813472532 -4.821694279698975e-14 2.773494314929324e-14
1601.3876154361433 4.350216886354738e-14 3.2905783700675404e-14
1601.7853261336963 -8.486734175110673e-15 2.8548498323143555e-14
1602.1830134399122 -2.1675675285907326e-14 2.6592797182353543e-14
1602.580677354791 -1.9912879609553547e-14 2.570199378937357e-14
1602.9783178783327 1.342784167700596e-14 2.505819722750803e-14
1603.3759350105374 -1.1740026742622029e-14 2.354541908355605e-14
1603.7735287514047 5.093396992064887e-15 2.4135637893635885e-14
1604.1710991009352 -6.632773654343408e-15 2.2378322239868494e-14
1604.5686460591287 -1.6917934807837041e-15 2.17845440193529e-14
1604.9661696259848 -4.435436889797675e-15 2.0563323687173804e-14
1605.363669801504 2.0665579480264826e-14 2.0705381585908842e-14
1605.7611465856862 -3.776621840684136e-15 1.849763049691514e-14
1606.1585999785311 -2.9169509607308124e-14 1.640305782736787e-14
1606.556029980039 1.5086370513824966e-14 1.8502124748334908e-14
1606.9534365902098 -2.9634917103522545e-14 1.5133808763075996e-14
1607.3508198090435 -3.070809975519867e-15 1.6234022916684454e-14
1607.74817963654 -2.676952253175927e-14 1.406703483285683e-14
1608.1455160726996 -9.510759595658325e-15 1.464435695584956e-14
1608.5428291175222 1.0365171907164084e-14 1.5072853751581667e-14
1608.9401187710077 -2.6864479542066494e-15 1.346352748818166e-14
1609.3373850331557 -2.2340996629246008e-14 1.1774576522104628e-14
1609.734627903967 1.2340284774220316e-14 1.3468519946142565e-14
1610.131847383441 -6.195304166933814e-17 1.2312937008784438e-14
1610.529043471578 -2.417570464177911e-15 1.214098902884523e-14
1610.926216168378 9.265224783475323e-16 1.18193739269474e-14
1611.323365473841 -7.617111176586721e-15 1.0802175088696777e-14
1611.7204913879668 3.7968146502913045e-15 1.1244669719633232e-14
1612.1175939107552 -1.2593408843354424e-14 9.684829327754254e-15
1612.5146730422068 -5.116102188636914e-15 9.649903641335886e-15
1612.9117287823212 2.0696649029407946e-14 1.096437734060285e-14
1613.3087611310987 -2.0630571146647844e-15 9.447910012764357e-15
1613.7057700885389 -2.791716293905081e-15 9.122601671037513e-15
1614.1027556546424 1.0915878882672947e-14 9.654774441731941e-15
1614.4997178294082 3.6948065380429856e-15 8.735127256277841e-15
1614.8966566128372 2.580415350674818e-15 8.508152067041347e-15
1615.2935720049293 4.524350144441224e-15 8.218407167983018e-15
1615.690464005684 3.201678954589949e-15 8.057657546759768e-15
1616.0873326151018 6.219500709762786e-16 7.599616528606323e-15
1616.4841778331827 -6.977401026440824e-15 6.872683581559575e-15
1616.8809996599261 7.05946588989008e-15 7.500727237424555e-15
1617.2777980953326 7.113412669718358e-15 7.37736686895837e-15
1617.6745731394021 3.730416480411727e-15 6.72562416379137e-15
1618.0713247921344 -3.190300546379984e-15 6.297284444516833e-15
1618.4680530535295 -2.5668386432648748e-15 6.180114221765578e-15
1618.8647579235876 -1.6044016137737673e-15 6.144547473095913e-15
1619.2614394023087 -9.85686724085081e-15 5.489142912729989e-15
1619.6580974896929 1.2467003465426028e-15 5.828276043937966e-15
1620.0547321857396 -1.1428069323979757e-15 5.580857197733618e-15
1620.4513434904493 1.6941637351085623e-15 5.438424393846364e-15
1620.847931403822 -2.2509442524684853e-15 5.174135305576635e-15
1621.2444959258576 -4.665868397547959e-15 4.8613233032889694e-15
1621.6410370565561 6.1873387046182e-15 5.356543702260943e-15
1622.0375547959177 5.972500566159806e-16 4.8792184210352095e-15
1622.434049143942 2.547518107779574e-16 4.6439186824611145e-15
1622.8305201006292 3.554491931367497e-15 4.616697165211319e-15
1623.2269676659794 -3.6136117406224e-15 4.139966355092588e-15
1623.6233918399923 -1.0701160819771807e-15 4.238916089346298e-15
1624.0197926226683 2.1658990204317889e-16 4.234330939347725e-15
1624.4161700140073 7.661870617874572e-15 4.6626673482386844e-15
1624.812524014009 1.641542556607044e-15 4.1117057321567835e-15
1625.2088546226737 -7.743854000506423e-16 3.850352716641323e-15
1625.6051618400013 4.979617251420263e-15 4.0861048886252945e-15
1626.001445665992 -4.268544566608698e-15 3.569532234658548e-15
1626.3977061006453 -4.880152189553542e-15 3.483420198502353e-15
1626.7939431439618 3.220952041482904e-15 3.880055935683711e-15
1627.190156795941 -2.7902942328403034e-15 3.459930292152703e-15
1627.5863470565832 -8.166968424692622e-15 2.9559386390622518e-15
1627.9825139258883 3.591625041307479e-15 3.599338282489699e-15
1628.3786574038563 1.7015428286325918e-15 3.432206010288501e-15
1628.7747774904872 -1.341320284167156e-15 3.201879915840422e-15
1629.170874185781 2.413511858738021e-15 3.3275915808408076e-15
1629.5669474897377 4.939464110284635e-16 3.1451955245321415e-15
1629.9629974023574 2.3859485019282276e-16 3.128391248220991e-15
1630.35902392364 -5.305280743785219e-15 2.6134435275038318e-15
1630.7550270535853 2.576087392647826e-15 3.0641113889802018e-15
1631.1510067921938 -2.8611370379308714e-17 2.8612740816743128e-15
1631.5469631394649 3.1304121695637867e-15 3.0042620811756955e-15
1631.9428960953992 -2.86922753963147e-15 2.685829119656796e-15
1632.3388056599963 -2.6352826358457725e-15 2.6194070954118527e-15
1632.7346918332564 -7.17425810744283e-15 2.3798562827347424e-15
1633.1305546151796 7.255785856025778e-16 2.7637459447463117e-15
1633.526394005765 -4.814341889399333e-16 2.5952836779137417e-15
1633.922210005014 -5.394702111567133e-15 2.159780321695967e-15
1634.3180026129255 1.4525129047523169e-15 2.620161943602056e-15
1634.7137718295 2.1995403472505115e-15 2.5527550359992187e-15
1635.1095176547376 4.72680911147896e-16 2.5065227033818458e-15
1635.5052400886382 1.5103551943073766e-15 2.4848963436790726e-15
1635.9009391312013 -1.7874300305437527e-15 2.2341525498491033e-15
1636.2966147824275 -2.0280898977186919e-16 2.338381825567293e-15
1636.6922670423169 1.3638312287262104e-15 2.370142304248942e-15
1637.0878959108686 -2.163263125162482e-15 2.1052908781903477e-15
1637.4835013880836 2.450320591237067e-15 2.331053779562264e-15
1637.8790834739616 9.941221199695027e-18 2.18928963247024e-15
1638.2746421685024 7.038910223154516e-16 2.185574178247789e-15
1638.670177471706 -2.946209025876831e-15 1.8872826277793413e-15
1639.0656893835726 1.5574548727290014e-15 2.1643300308628417e-15
1639.4611779041022 -1.5251029937672028e-15 2.0180284423108565e-15
1639.8566430332944 1.9936445799986634e-15 2.1479314297905826e-15
1640.2520847711498 -6.676055170462971e-16 1.966873974159168e-15
1640.647503117668 -8.217953325749851e-16 1.967657618419243e-15
1641.0428980728493 1.0110811533497916e-15 1.9862104272604035e-15
1641.4382696366933 3.660259724848556e-15 2.1447616508116454e-15
1641.8336178092004 1.503464258132546e-15 1.948737919270584e-15
1642.22894259037 -6.792131486974868e-16 1.798665772477221e-15
1642.624243980203 -2.101925389971305e-15 1.7532224220949995e-15
1643.0195219786985 -4.070109252825983e-16 1.8091799905171503e-15
1643.4147765858572 4.804814779475989e-16 1.816791115699555e-15
1643.810007801679 8.391760244081072e-16 1.8601545489849427e-15
1644.2052156261632 9.210561793534574e-16 1.7539853702230532e-15
1644.6004000593107 -1.3110336976455465e-15 1.6050311798361468e-15
1644.9955611011208 -3.251040092781468e-16 1.6780773756270041e-15
1645.3906987515938 1.3229130217676157e-16 1.7295768171985942e-15
1645.7858130107302 -2.5716242517296888e-16 1.6848541351604482e-15
1646.180903878529 1.988488622930284e-15 1.7963221819675922e-15
1646.575971354991 -1.090097712506236e-15 1.5936043922285793e-15
1646.9710154401157 2.217381598139036e-15 1.7660134303016208e-15
1647.3660361339037 1.8138843392117684e-15 1.7075639709174194e-15
1647.761033436354 5.938887292255065e-16 1.6580180634378458e-15
1648.1560073474677 -2.098574580247252e-15 1.4726107067673799e-15
1648.5509578672443 1.0662820479552838e-16 1.590169069390935e-15
1648.9458849956836 -2.5233950519349315e-16 1.5044342785069037e-15
1649.3407887327858 2.692295247642865e-17 1.5373554318263945e-15
1649.735669078551 1.5459247658033775e-15 1.6200014685803608e-15
1650.130526032979 2.702673915646338e-15 1.676296943146287e-15
1650.52535959607 -1.622326875366653e-15 1.3895817304409627e-15
1650.920169767824 1.0569144683087481e-15 1.49124390256541e-15
1651.3149565482408 -1.4768725565455057e-16 1.4556299747313271e-15
1651.7097199373206 -1.6917421948302846e-16 1.5100728839882038e-15
1652.1044599350632 3.99959142832611e-16 1.477242748392188e-15
1652.4991765414688 1.6557707056053267e-15 1.5183847595413227e-15
1652.8938697565372 -7.776526164318621e-16 1.3722340878873201e-15
1653.2885395802687 1.6314523004180417e-16 1.4041149603139828e-15
1653.6831860126629 -2.6600876974791307e-16 1.3393529634451021e-15
1654.0778090537203 -2.7026812098463774e-16 1.384475048183545e-15
1654.4724087034404 -4.0151511418482334e-16 1.340938283547999e-15
1654.8669849618234 6.051373178757655e-17 1.3557025054802907e-15
1655.2615378288692 -4.832875296210835e-17 1.33837865819894e-15
1655.656067304578 6.846218783078598e-16 1.3809196458180831e-15
1656.05057338895 1.5136518114673492e-15 1.3736848748045897e-15
1656.4450560819846 -2.960279573282969e-16 1.280743480384862e-15
1656.8395153836823 -1.5346609206769004e-15 1.1915167752297536e-15
1657.2339512940425 4.504395002993881e-16 1.3190756922778476e-15
1657.628363813066 2.041875947339024e-15 1.386762677434018e-15
1658.0227529407525 1.5938133938047968e-15 1.3305408473975555e-15
1658.4171186771016 1.3300495935211578e-15 1.31496466540506e-15
1658.8114610221137 -1.5082561877336214e-15 1.1547804551663056e-15
1659.2057799757888 -3.7004018450499073e-16 1.2200879382228716e-15
1659.600075538127 -6.67534392478959e-16 1.1401409415494804e-15
1659.9943477091276 1.4545840607263783e-16 1.1816422602887724e-15
1660.3885964887913 -1.1983002169562083e-15 1.1191225405238011e-15
1660.7828218771183 9.065835176319334e-16 1.2405460405650502e-15
1661.1770238741076 -3.1371306241020205e-16 1.152987834536692e-15
1661.5712024797601 2.6108074041131174e-16 1.1818212018120584e-15
1661.9653576940757 1.0066367230306659e-15 1.2500445796083805e-15
1662.359489517054 -8.637649749951273e-16 1.081241331038284e-15
1662.7535979486952 -8.510851640181465e-16 1.1239644114253934e-15
1663.1476829889993 5.373424754074136e-16 1.1632707472353854e-15
1663.5417446379663 -2.0834752372779507e-16 1.103200963924451e-15
1663.9357828955965 5.103908092623029e-16 1.1420152541338517e-15
1664.3297977618893 3.722327952817714e-16 1.1526745756839773e-15
1664.7237892368453 3.9405467947165706e-16 1.118714853632789e-15
1665.117757320464 -1.830760209132296e-15 9.744461853453238e-16
1665.5117020127454 6.041071466472763e-16 1.112189723000427e-15
1665.90562331369 -6.10331379117696e-16 1.0414462334215791e-15
1666.2995212232975 3.050987481154947e-16 1.080367275980411e-15
1666.6933957415679 -1.1929716986183634e-15 9.60095980388569e-16
1667.087246868501 -2.6861934043620693e-16 1.0313737814338958e-15
1667.4810746040973 3.7204290114978755e-17 1.0779308502337468e-15
1667.8748789483564 4.0710809334212467e-16 1.0699524494934252e-15
1668.2686599012784 1.824860103204814e-15 1.148162301547119e-15
1668.6624174628635 -1.0747716378855842e-15 9.49545612716805e-16
1669.056151633111 -2.142844849907345e-15 8.954797041413077e-16
1669.449862412022 1.3582499195275642e-15 1.0767925171908874e-15
1669.8435497995956 4.532312768683674e-16 1.0295731165798852e-15
1670.2372137958323 -3.9827836536296736e-16 9.493687048988106e-16
1670.6308544007316 1.2958225853184592e-15 1.0621012473556326e-15
1671.024471614294 6.968623691432963e-16 1.0337890367885867e-15
1671.4180654365193 -3.7340861583798553e-17 9.644384182192201e-16
1671.8116358674074 -9.051868653543804e-16 9.362151186956196e-16
1672.2051829069585 -9.398504304365592e-16 9.240003113999496e-16
1672.5987065551726 -1.4086528306623643e-15 9.190796697566208e-16
1672.9922068120495 -3.0480961856077375e-17 9.442568456880368e-16
1673.3856836775892 -1.101193219848414e-15 8.691766834632088e-16
1673.7791371517922 -2.5962294765013347e-16 9.117025139355325e-16
1674.1725672346577 6.736229360685369e-16 9.521996431068642e-16
1674.5659739261862 2.1849067241823723e-16 9.093000028950322e-16
1674.9593572263777 1.848102505809424e-16 9.177903908607455e-16
1675.3527171352323 -1.538505913082564e-16 9.337416397214043e-16
1675.7460536527497 -4.965067158885203e-16 8.992169990831014e-16
1676.1393667789298 9.029268306527016e-17 9.234902414406765e-16
1676.532656513773 1.3386069370428457e-16 8.963281446411612e-16
1676.925922857279 7.930350858781364e-17 9.160448708152133e-16
1677.319165809448 -1.75275876677264e-16 8.918913312103703e-16
1677.71238537028 1.363063896358119e-16 9.029971375765982e-16
1678.1055815397747 1.080159971673293e-15 9.682139188893614e-16
1678.4987543179323 3.2567850315075046e-16 8.993805190524033e-16
1678.8919037047528 2.1882264896883123e-15 9.953832463573853e-16
1679.2850297002365 -5.538737353616744e-16 8.828864210335425e-16
1679.6781323043826 4.076968371494141e-16 9.013953439912584e-16
1680.071211517192 1.0272792723651844e-15 9.105104747092109e-16
1680.4642673386643 -3.461147505501262e-16 8.35255859765678e-16
1680.8572997687995 9.718431497573025e-18 8.706815915112801e-16
1681.2503088075975 -1.5178947616991952e-16 8.622945844606569e-16
1681.6432944550586 5.53790590701375e-17 8.494541400734381e-16
1682.0362567111824 1.2456794877198181e-15 9.044245460401101e-16
1682.429195575969 6.924970545845082e-16 8.601385861863515e-16
1682.822111049419 1.1394317265452161e-15 9.108867419791154e-16
1683.2150031315316 -1.4089764522373023e-16 8.165747778695141e-16
1683.607871822307 9.390587663710652e-16 8.816066962476668e-16
1684.0007171217455 -2.789000085852504e-16 7.897765230488345e-16
1684.3935390298468 2.3989075279227563e-17 8.220586975218427e-16
1684.7863375466109 5.274260715368014e-16 8.384892303887795e-16
1685.1791126720382 -3.2318763711278404e-16 7.781491279345528e-16
1685.5718644061283 -7.688689491123069e-16 7.620211945962568e-16
1685.9645927488814 7.022176398674572e-16 8.391835686591546e-16
1686.3572977002973 5.793738052981486e-16 8.431990922310307e-16
1686.749979260376 -9.849308402512026e-18 8.159001031480722e-16
1687.142637429118 -1.2966382195151154e-15 7.309173205346547e-16
1687.5352722065222 -4.50767656117194e-16 7.695594396750877e-16
1687.92788359259 8.35720897162489e-16 8.387997240030007e-16
1688.3204715873205 4.3324114294944227e-16 7.801089847654403e-16
1688.7130361907139 8.681130043521775e-16 8.499519553273184e-16
1689.10557740277 -1.675404525267015e-16 7.840437778121498e-16
1689.4980952234894 -8.109392648659273e-17 7.691921220137368e-16
1689.8905896528715 1.109781050415925e-15 8.458226249324003e-16
1690.2830606909163 5.90007328703047e-16 7.927146413391373e-16
1690.6755083376243 1.8583825428631093e-16 7.851187718357585e-16
1691.0679325929952 2.7001362828182413e-16 7.688355135106183e-16
1691.460333457029 1.1287654019860881e-15 8.302459440826552e-16
1691.8527109297256 2.8148237826185243e-16 7.895067921354715e-16
1692.2450650110852 2.8253479962294387e-16 7.794642246976493e-16
1692.6373957011076 6.144018353014607e-16 7.724561847368755e-16
1693.029702999793 9.394519337869052e-17 7.598403754988038e-16
1693.4219869071412 -1.2117285590008198e-15 7.07482639435169e-16
1693.8142474231527 -6.493770398505088e-16 7.292071239166112e-16
1694.2064845478267 4.069256556138779e-17 7.686267908295112e-16
1694.5986982811637 -1.7422317493886115e-15 6.375625618234116e-16
1694.9908886231638 -8.049896164571454e-16 6.999996630870659e-16
1695.3830555738264 1.1881578936700887e-15 7.870276065125552e-16
1695.7751991331522 6.736761866602744e-16 7.678203488186307e-16
1696.1673193011409 1.128737035503412e-15 7.780645143909965e-16
1696.5594160777925 -4.564875378028434e-16 7.138147862842648e-16
1696.9514894631072 7.863692481405414e-16 7.793336552412289e-16
1697.3435394570845 3.3116145232185615e-16 7.499012725835804e-16
1697.7355660597248 7.643201158571422e-16 7.687744862782322e-16
1698.1275692710278 3.807232009009605e-16 7.2058348247599e-16
1698.5195490909941 5.601940049674279e-16 7.614667286554752e-16
1698.9115055196232 4.620071948011239e-16 7.744898715871796e-16
1699.3034385569154 -5.285316938135842e-16 6.9967234536571775e-16
1699.69534820287 -5.844445880739831e-18 6.944213182264768e-16
1700.0872344574877 1.7668516308137935e-17 7.208027970496603e-16
1700.4790973207687 3.7483996593274795e-16 7.353700860298458e-16
1700.870936792712 1.0393419729490263e-16 7.267248258954212e-16
1701.2627528733185 1.0243764395302096e-15 7.726380581157575e-16
1701.654545562588 2.757772781557791e-16 6.928886241502118e-16
1702.0463148605206 -5.541335840993203e-16 6.718394710156211e-16
1702.4380607671155 7.176846185704475e-17 7.1115090765725475e-16
1702.829783282374 -8.218998979680922e-16 6.343625173273084e-16
1703.221482406295 7.659076298376608e-17 7.081858640834259e-16
1703.6131581388788 9.317017319047802e-16 7.349770077575596e-16
1704.0048104801258 4.310905340842078e-16 7.126840942837964e-16
1704.3964394300356 -1.1302596446149487e-16 7.001775533409487e-16
1704.7880449886084 2.9178747447872093e-16 7.178281035606881e-16
1705.179627155844 1.0794698566304536e-15 7.606504948034709e-16
1705.5711859317425 -1.2255248620691992e-16 6.7118114918515e-16
1705.9627213163037 2.4729758407455733e-16 6.901123407480906e-16
1706.3542333095281 -4.550263665798851e-16 6.49730246157817e-16
1706.7457219114156 1.0493768034731513e-15 7.395335307977185e-16
1707.1371871219658 -6.830767583670349e-18 6.777269734787142e-16
1707.528628941179 1.100563392232256e-15 7.475505858000274e-16
1707.9200473690548 6.104484516743507e-16 6.988189180675611e-16
1708.3114424055939 5.91352491870106e-16 7.08838031771934e-16
1708.7028140507955 1.0407597094623641e-15 7.241000291193945e-16
1709.0941623046604 5.17161926419516e-16 6.915352556249318e-16
1709.485487167188 1.21715323307401e-16 6.803753090373843e-16
1709.8767886383787 3.1577699366604713e-16 6.938913110858926e-16
1710.268066718232 2.0600344705933995e-17 6.564615732692073e-16
1710.6593214067484 -2.1112606254549214e-16 6.382555298999433e-16
1711.0505527039277 1.1828603232866806e-16 6.780520508492924e-16
1711.4417606097697 -2.5552527405109193e-16 6.485652918013164e-16
1711.832945124275 -3.174448000391074e-16 6.214970248009006e-16
1712.2241062474432 6.079105283647206e-16 6.979156926820012e-16
1712.615243979274 1.1065321240174e-15 7.144913906493654e-16
1713.0063583197677 2.6841386587032416e-16 6.558077398128969e-16
1713.3974492689247 -6.949102354646717e-17 6.433836785507872e-16
1713.7885168267444 -5.462522784681543e-16 6.086752267127509e-16
1714.1795609932267 5.28029729091129e-16 6.588214209283474e-16
1714.5705817683722 2.72993360417872e-16 6.620804198242235e-16
1714.9615791521808 5.001487608755102e-16 6.828364105227213e-16
1715.3525531446521 -3.3500500056506714e-16 6.448555443323094e-16
1715.7435037457863 -2.2062353189398845e-16 6.464540631852609e-16
1716.1344309555834 -2.499159971324582e-16 6.1942303006375935e-16
1716.5253347740434 2.4851142300053925e-16 6.817838631131054e-16
1716.9162152011663 -5.412344286984195e-16 5.748414941144064e-16
1717.3070722369523 -6.893080771046295e-16 5.988693670629147e-16
1717.697905881401 -2.197469172256696e-17 6.367579302424543e-16
1718.0887161345129 2.0320069361876707e-16 6.296000916651597e-16
1718.4795029962872 1.8009841374752167e-15 7.056203395972272e-16
1718.8702664667248 -9.199795940534057e-17 6.191083332284517e-16
1719.2610065458252 1.0212053308483749e-15 6.83746583150008e-16
1719.6517232335887 -3.12960890876273e-16 6.20413800912383e-16
1720.0424165300149 7.649771772165853e-16 6.910252148031958e-16
1720.433086435104 8.936150283221018e-16 6.674720532640378e-16
1720.823732948856 5.663795760314489e-16 6.54483488161284e-16
1721.2143560712711 1.464745541075395e-15 6.958335073648939e-16
1721.604955802349 2.249722303067448e-16 6.432901958303064e-16
1721.9955321420896 1.5625281243504777e-16 6.29578845284201e-16
1722.3860850904935 9.990489255968458e-16 6.759563312029467e-16
1722.77661464756 8.620478163957812e-16 6.678712953823977e-16
1723.1671208132898 4.211180869201459e-16 6.1884076749695e-16
1723.557603587682 -4.58677249009458e-16 5.747074047554277e-16
1723.9480629707375 2.899872124385276e-16 6.463868984060709e-16
1724.3384989624558 1.2265073291286554e-17 5.935822309582143e-16
1724.7289115628369 9.72194707794838e-16 6.555602923001412e-16
1725.119300771881 1.5718332902687062e-16 6.206777072788793e-16
1725.509666589588 -1.1213661523312134e-16 6.200715027143578e-16
1725.900009015958 5.037797106348453e-16 6.568857086693627e-16
1726.2903280509906 5.174785197525933e-16 6.240610509964296e-16
1726.6806236946863 2.30638258772047e-16 6.174937247397148e-16
1727.0708959470448 4.915444218298247e-16 6.230725961644841e-16
1727.4611448080666 -1.992917208105329e-17 6.01441417573855e-16
1727.8513702777511 7.009705895567209e-17 5.990067906818962e-16
1728.2415723560985 4.0738221160626657e-16 6.353681772055403e-16
1728.6317510431088 -3.141306272822569e-16 5.785462916611508e-16
1729.021906338782 9.854235060867181e-16 6.596113186131905e-16
1729.412038243118 9.746150444710981e-19 5.723499183165796e-16
1729.8021467561168 7.793800922889875e-16 6.394928620492328e-16
1730.192231877779 4.229026001974886e-16 6.238375303349326e-16
1730.5822936081038 5.79059343857971e-16 6.314448525352421e-16
1730.9723319470916 1.2029351976765158e-16 5.968556329958862e-16
1731.3623468947421 4.783647357704391e-16 6.166708537415309e-16
1731.7523384510557 -3.5391403997436136e-16 5.861258873076106e-16
1732.1423066160323 4.554512579770021e-16 5.979674772938683e-16
1732.5322513896715 -9.807146450544847e-17 5.679675950318489e-16
1732.922172771974 -6.177768213952084e-16 5.574068869485318e-16
1733.3120707629391 -5.204534074791989e-16 5.521708110040346e-16
1733.7019453625674 1.4100671815034906e-16 5.815363499549319e-16
1734.0917965708584 1.8519257671344758e-16 6.043696678052442e-16
1734.4816243878122 3.7762216039836787e-16 5.848902701855782e-16
1734.8714288134292 -4.424786320860394e-17 5.70133097605024e-16
1735.2612098477089 4.3136260330949977e-16 5.851923269246994e-16
1735.6509674906515 -4.021947622334555e-16 5.317541537719136e-16
1736.0407017422572 9.112563312490193e-16 6.379697923958474e-16
1736.4304126025258 -6.537862726540348e-16 5.549248358938279e-16
1736.820100071457 -2.447040825938752e-16 5.613871946004726e-16
1737.2097641490516 -1.4484461099806067e-16 5.50121956049877e-16
1737.5994048353086 -6.661467957933447e-16 5.308884071282803e-16
1737.9890221302287 -1.0440338001804693e-17 5.636908432133e-16
1738.3786160338118 2.945060504044072e-16 5.83391309651343e-16
1738.768186546058 7.157295487150172e-16 6.200959026232096e-16
1739.1577336669668 7.831265012151497e-16 6.134931486032964e-16
1739.5472573965385 -3.749203617293536e-18 5.611259580588079e-16
1739.9367577347732 8.867274363559128e-16 6.148408450941099e-16
1740.3262346816707 5.096599805299275e-16 5.960679977669521e-16
1740.7156882372312 3.276645237032106e-16 5.921627404308756e-16
1741.1051184014548 -6.968156934974463e-16 5.103560792591227e-16
1741.4945251743413 1.1373960176906768e-15 6.094392713383406e-16
1741.8839085558902 -8.902177629281295e-17 5.543527917319287e-16
1742.2732685461026 -5.251718929798644e-16 5.35485384242884e-16
1742.6626051449778 2.473934213667966e-17 5.381875168743561e-16
1743.0519183525155 1.289413006828767e-16 5.623885234648359e-16
1743.4412081687165 4.4093787074570224e-17 5.681571846953445e-16
1743.8304745935804 4.10087221882441e-16 5.781149599612496e-16
1744.2197176271072 -1.6307396637788235e-16 5.548054137619726e-16
1744.6089372692966 -1.1571523719379424e-15 4.822337484490905e-16
1744.9981335201492 -4.200295282310765e-16 5.31723952447603e-16
1745.3873063796648 9.402394282989762e-16 6.139770210546464e-16
1745.776455847843 4.539152998369261e-16 5.750213640500305e-16
1746.1655819246844 1.0362120150733237e-16 5.53227339900832e-16
1746.5546846101886 -9.338744656525303e-16 5.01428006981498e-16
1746.9437639043558 4.299824589017542e-16 5.918384748673022e-16
1747.3328198071856 1.1645874532781526e-15 6.304096306841068e-16
1747.7218523186787 -5.897243024998036e-16 5.08612302834142e-16
1748.1108614388343 6.34754486692205e-17 5.579324246687464e-16
1748.4998471676531 -2.3678515081593933e-16 5.333625953648282e-16
1748.8888095051348 7.983061880696621e-16 5.906575942076806e-16
1749.2777484512794 2.0899068486000137e-16 5.589044315008501e-16
1749.6666640060869 3.3518765201144765e-16 5.551278187100171e-16
1750.0555561695571 -4.556946730245415e-16 5.146102584847895e-16
1750.4444249416906 4.200604031459249e-18 5.513718043093738e-16
1750.8332703224867 -7.453141026479714e-16 4.879918734575066e-16
1751.2220923119457 -2.8078186301452374e-16 5.452845024151983e-16
1751.6108909100678 7.730521090661091e-17 5.281506259224324e-16
1751.999666116853 6.533388232715766e-16 5.810021542260991e-16
1752.3884179323006 7.144135970042016e-16 5.937353790064006e-16
1752.7771463564113 5.09795146923124e-16 5.624395850842791e-16
1753.165851389185 -1.9684446669297187e-16 5.33213049236111e-16
1753.5545330306215 1.0901939139471138e-15 5.762859820436427e-16
1753.943191280721 -1.4828192186621422e-16 5.224616823013853e-16
1754.3318261394836 -3.238157233384609e-16 5.328708877816799e-16
1754.720437606909 1.0693249727295192e-16 5.345008323686662e-16
1755.1090256829973 9.657841223315332e-16 5.699152060553265e-16
1755.4975903677482 7.570830990410524e-17 5.335318587025305e-16
1755.8861316611624 -2.822998366793197e-16 5.076076994697294e-16
1756.274649563239 -4.431988425894576e-17 5.085682539964203e-16
1756.663144073979 -2.1450219726684176e-16 5.128730452109938e-16
1757.0516151933818 2.0225810397812837e-16 5.487985218169085e-16
1757.4400629214476 -4.153816980191048e-16 4.9266380604564e-16
1757.8284872581764 -2.0500853096704188e-16 5.080232804614525e-16
1758.2168882035678 2.1601867982911734e-16 5.35970453119509e-16
1758.6052657576222 6.631831635498953e-16 5.535379207195991e-16
1758.9936199203394 6.214513536310444e-16 5.534108428562154e-16
1759.3819506917198 2.899276221823331e-16 5.312947175180048e-16
1759.770258071763 -2.326102029413207e-16 5.075365564737472e-16
1760.158542060469 1.0332413827052021e-16 5.26065125829874e-16
1760.5468026578378 1.0247205047280253e-15 5.757214711024057e-16
1760.9350398638699 5.374721737287697e-16 5.552078595723106e-16
1761.3232536785647 -1.0814865040772468e-16 5.079360118250612e-16
1761.7114441019223 -7.033608001711033e-17 5.244748556360312e-16
1762.099611133943 -5.175505762151791e-16 4.772691058991344e-16
1762.4877547746266 1.6606266472611557e-16 5.254982715899345e-16
1762.875875023973 2.0356327325327167e-16 5.340328827915653e-16
1763.2639718819823 -3.935260626433396e-19 5.126163267750679e-16
1763.6520453486546 1.8815494838437237e-16 5.218080560950811e-16
1764.04009542399 4.392636459513167e-16 5.481517492725941e-16
1764.4281221079877 -1.2396903328106178e-16 4.913156209572176e-16
1764.8161254006488 1.0650991843306036e-16 5.15149155512311e-16
1765.204105301973 8.329127189218193e-16 5.562389173821441e-16
1765.5920618119596 1.5486493630177434e-15 5.995058918234431e-16
1765.9799949306093 1.400181193273574e-15 5.75356878196716e-16
1766.367904657922 -4.053179836895993e-16 4.585998863092612e-16
1766.7557909938973 6.774953829124354e-16 5.411345327493217e-16
1767.1436539385359 2.9578971798359123e-16 5.360077195214081e-16
1767.5314934918374 1.9699831367645073e-16 5.200968329045395e-16
1767.9193096538017 7.362675229350545e-17 5.222554533872597e-16
1768.307102424429 -6.2211491913111455e-18 5.053925093290796e-16
1768.694871803719 1.123604003902244e-15 5.591151405416895e-16
1769.082617791672 3.9599665743384744e-16 5.183872089831651e-16
1769.470340388288 6.861443574701611e-17 5.159688301799508e-16
1769.8580395935667 -2.3178163387422665e-16 4.865085198554539e-16
1770.2457154075087 3.2334350616857713e-16 5.194653978083514e-16
1770.6333678301132 -6.121524851138748e-17 4.911711981987999e-16
1771.0209968613808 -4.712376268257718e-16 4.655182589012363e-16
1771.4086025013112 5.12351804558271e-16 5.235417834955031e-16
1771.7961847499048 -1.8086121414061323e-16 4.759415500886332e-16
1772.183743607161 9.679793016118686e-16 5.459007933703359e-16
1772.5712790730802 1.3824509001619287e-17 4.831638825201611e-16
1772.9587911476624 8.751112974990393e-16 5.377439147114721e-16
1773.3462798309074 1.6095711318912101e-16 4.989433351255178e-16
1773.7337451228152 1.876518956712674e-16 5.020589850679562e-16
1774.1211870233863 2.9489433179398355e-16 5.124789849899166e-16
1774.50860553262 -4.639059561439216e-16 4.639478317535262e-16
1774.8960006505165 -3.974366085561644e-16 4.696105717402993e-16
1775.2833723770761 1.1501494881853312e-16 4.94910615338788e-16
1775.6707207122988 -1.0709814476970433e-16 4.843396377119553e-16
1776.0580456561843 -3.397960727943191e-17 5.106815519303876e-16
1776.4453472087325 3.5493132042438275e-16 5.232777499819755e-16
1776.8326253699438 2.3113403837352504e-16 5.077155020344354e-16
1777.2198801398176 1.2514081138288877e-16 4.935647046015025e-16
1777.607111518355 -1.259980166829624e-17 4.866849093025711e-16
1777.9943195055548 -5.938053531017922e-16 4.696285630765017e-16
1778.381504101418 -4.614718439114935e-17 4.907971902955992e-16
1778.7686653059436 -2.921355457873362e-17 4.929755484604503e-16
1779.1558031191323 9.055999877343e-16 5.486372434708311e-16
1779.542917540984 -2.400452295623589e-16 4.748118730375286e-16
1779.9300085714983 3.1884887192773343e-16 4.936027322269405e-16
1780.3170762106759 -4.0789735299938136e-16 4.665218736950678e-16
1780.7041204585162 -4.334855843216456e-18 4.877451728702935e-16
1781.0911413150195 1.0609797393617009e-15 5.352671231981603e-16
1781.4781387801856 3.152252864101534e-16 4.926153181689609e-16
1781.8651128540148 2.2458078402392184e-16 4.9602497865782e-16
1782.2520635365067 3.448170137472231e-16 5.028052926873621e-16
1782.6389908276615 3.267452664593977e-16 4.985606283162001e-16
1783.0258947274795 -2.1556060515892652e-16 4.741842986527798e-16
1783.4127752359602 -3.481343083649632e-16 4.654631383593277e-16
1783.799632353104 -5.067939481905172e-16 4.563332440076691e-16
1784.1864660789104 3.7397214411112036e-16 4.860302058743235e-16
1784.5732764133797 3.284573055830013e-16 4.941471745538992e-16
1784.9600633565124 5.123227586384987e-16 5.002992528352367e-16
1785.3468269083073 -1.425719665591286e-17 4.779777600608256e-16
1785.7335670687655 -3.5253308888870223e-16 4.687367850761566e-16
1786.1202838378867 -4.798967130801646e-18 5.019501907087343e-16
1786.506977215671 2.959725194903216e-17 4.838270143794598e-16
1786.8936472021176 3.942839214876176e-16 4.766691115692355e-16
