wavelength flux error
1819.31380359748 2.056697445810651e-14 6.9818435552273955e-15
1819.5096587784897 -4.753870823200761e-15 5.633757526379304e-15
1819.705510459565 1.8485436039638454e-15 5.941306692656584e-15
1819.9013586407061 -8.679148830247667e-16 5.96031131736578e-15
1820.0972033219127 1.8738612415852663e-15 5.841222273261924e-15
1820.2930445031852 3.324507054601607e-15 6.383299976893855e-15
1820.4888821845232 7.2143317710796945e-16 5.831589225374017e-15
1820.6847163659268 3.0733962212470003e-15 6.162597862962622e-15
1820.8805470473958 3.237068064175068e-15 5.9857250194359775e-15
1821.076374228931 4.263732725605491e-16 5.972143479167426e-15
1821.2721979105315 3.249805763880454e-15 6.152781746597411e-15
1821.4680180921978 -4.1426436274236465e-15 5.631883560340607e-15
1821.6638347739297 -6.613625958456649e-15 5.345312347478352e-15
1821.8596479557273 -1.2759975850215981e-17 5.82337488596292e-15
1822.0554576375907 3.2277378413877533e-15 6.003929759657318e-15
1822.2512638195196 6.049389580376031e-15 6.027417421305984e-15
1822.4470665015142 -2.305464058489866e-15 5.7226067998819784e-15
1822.6428656835744 -7.352716453819499e-15 5.194744744557684e-15
1822.8386613657003 -3.2134080749383886e-16 5.791388359016584e-15
1823.0344535478919 5.544676029353693e-15 6.027568347229569e-15
1823.2302422301489 -3.208816367848812e-15 5.750475508310015e-15
1823.4260274124717 -1.7492993390586751e-15 5.71861434362221e-15
1823.6218090948603 6.866460631897679e-15 6.24315442667731e-15
1823.8175872773145 9.93883776015936e-15 6.467462520708339e-15
1824.0133619598344 1.6892645269151848e-15 5.752650220179658e-15
1824.20913314242 9.07774054129404e-15 6.1857371003204234e-15
1824.4049008250709 1.0213603296433272e-14 6.575980459491766e-15
1824.6006650077877 -6.596808210059379e-15 5.4624394522881074e-15
1824.7964256905702 3.0200970806185238e-15 6.01912469696329e-15
1824.9921828734184 -2.8426751854320417e-15 5.647639669910706e-15
1825.1879365563323 4.487796351750786e-16 5.8523189805163834e-15
1825.3836867393115 -2.983485442717737e-15 5.67007873466303e-15
1825.5794334223565 3.7589484652808885e-17 5.6610701770941325e-15
1825.7751766054673 3.596728278628667e-15 6.100541206670398e-15
1825.9709162886436 -3.1123700747658977e-15 5.5877873570875095e-15
1826.1666524718858 -5.555650699596924e-15 5.4630761293775e-15
1826.3623851551936 9.102414901967893e-15 6.357326795224971e-15
1826.5581143385668 -4.5285787535566135e-15 5.512301850046686e-15
1826.753840022006 3.835048260135549e-15 5.999637896933076e-15
1826.9495622055108 7.329513483752297e-17 5.9268768346153194e-15
1827.145280889081 -6.934887472217367e-15 5.306104466872554e-15
1827.3409960727172 -5.363602949236905e-15 5.518798694311286e-15
1827.5367077564188 -2.2397557134674506e-16 5.79608220167298e-15
1827.732415940186 5.904989040734046e-16 5.8890685011607516e-15
1827.928120624019 -8.931584657647495e-15 5.365212319094045e-15
1828.1238218079175 -8.870096440796222e-15 5.182332961204372e-15
1828.319519491882 -2.2627504008969868e-15 5.528705513199585e-15
1828.5152136759118 -1.0397323542231452e-15 5.863266891642135e-15
1828.7109043600076 -6.694840419242355e-15 5.556838670754959e-15
1828.9065915441688 -3.14513325403853e-15 5.5653453304048936e-15
1829.1022752283957 2.5327677164203302e-15 5.968815642241608e-15
1829.2979554126882 2.076152746599193e-15 5.794451381704082e-15
1829.4936320970467 -7.554709710346394e-16 6.016980623490273e-15
1829.6893052814705 7.64336016980353e-15 6.286991808240526e-15
1829.88497496596 -5.677146754804208e-15 5.4713638838902075e-15
1830.0806411505152 -3.033459558516725e-15 5.562448074558839e-15
1830.2763038351359 1.015452692942777e-14 6.415296962369612e-15
1830.4719630198226 -2.912501453437562e-15 5.391581992045809e-15
1830.6676187045748 9.084120716112353e-15 6.254444609264539e-15
1830.8632708893927 -1.4104427404668925e-16 5.7336598781191554e-15
1831.0589195742762 -3.4156165205706027e-15 5.814615103991507e-15
1831.2545647592253 -1.923181980004269e-15 5.652934680715631e-15
1831.4502064442402 -7.135165782880684e-15 5.505214502346181e-15
1831.6458446293207 -6.757131611446314e-15 5.3322825706379726e-15
1831.8414793144668 -5.686326987021955e-15 5.566719399143147e-15
1832.0371104996786 7.627293184168126e-15 6.306316213981533e-15
1832.2327381849561 -9.368927952532358e-15 5.38468174919117e-15
1832.428362370299 -3.1564920775595233e-15 5.6495340900641795e-15
1832.6239830557079 -4.2903731138482605e-15 5.631364197396247e-15
1832.8196002411823 -7.809153207460802e-15 5.463069910672352e-15
1833.0152139267223 1.0730475546843534e-14 6.500895728433513e-15
1833.210824112328 -7.394692645964531e-15 5.464384733155963e-15
1833.4064307979995 5.474442276830618e-15 6.169586704285956e-15
1833.6020339837366 -1.0188128445524176e-15 5.611452751219785e-15
1833.7976336695394 -4.1374690969261584e-15 5.419505328706349e-15
1833.9932298554077 -6.636182160170862e-15 5.534911733139891e-15
1834.1888225413418 9.53602040278195e-16 5.685196791657652e-15
1834.3844117273416 -8.988236656055607e-15 5.1823229423859315e-15
1834.5799974134068 -8.892762075811008e-16 5.678272560068285e-15
1834.7755795995377 6.560777835501245e-15 6.056313766043662e-15
1834.9711582857344 -1.1829142003742752e-15 5.626858773343579e-15
1835.1667334719966 2.197912006273955e-15 6.0266980628419024e-15
1835.3623051583247 3.3897936250390434e-15 6.126685417307989e-15
1835.5578733447182 -6.7093745627872944e-15 5.408241024666552e-15
1835.7534380311777 -1.0486327430818675e-15 5.816808988909034e-15
1835.9489992177025 3.63399762359244e-15 6.165044093448513e-15
1836.1445569042933 -1.166127829005399e-15 5.939824203681269e-15
1836.3401110909494 -6.1549928332164965e-15 5.449320842697025e-15
1836.5356617776715 4.6072195754129174e-15 6.168814424202506e-15
1836.731208964459 3.524923331477251e-16 5.875648250949052e-15
1836.9267526513122 5.084433474474937e-16 5.916556837250683e-15
1837.122292838231 2.2987984809856443e-15 5.936072632736544e-15
1837.3178295252155 -5.295999842697204e-15 5.473866369550199e-15
1837.5133627122657 -7.388682076321043e-15 5.444468811290884e-15
1837.7088923993817 2.2187236708897168e-15 5.8285795672123926e-15
1837.9044185865632 -4.920862587659348e-15 5.6143236733024165e-15
1838.0999412738104 -1.4623296839980852e-15 5.779384327640823e-15
1838.2954604611234 4.896753665239276e-15 6.209855140600804e-15
1838.4909761485019 1.57435032290704e-15 5.937610780073167e-15
1838.686488335946 5.246396774969339e-15 6.272488149839982e-15
1838.8819970234558 1.2177894077590218e-15 5.689068855362546e-15
1839.0775022110313 -5.727535875867914e-15 5.406403936604645e-15
1839.2730038986724 -2.5203545429126985e-15 5.845193292508194e-15
1839.468502086379 -4.688697151509446e-15 5.618052342170186e-15
1839.6639967741514 -6.883099977629658e-15 5.64075517393441e-15
1839.8594879619895 4.205811939729113e-15 6.015687933616449e-15
1840.0549756498933 3.0075954899301734e-15 5.940748627044023e-15
1840.2504598378628 -6.766596902594077e-15 5.340530256190269e-15
1840.4459405258979 -4.470414888529366e-15 5.665854490015915e-15
1840.6414177139986 8.032188749669294e-15 6.3212174340707584e-15
1840.836891402165 5.354139226416958e-15 6.149016640377323e-15
1841.0323615903972 2.811188813059362e-15 6.086789372041822e-15
1841.227828278695 -3.358241343401785e-15 5.748393077729194e-15
1841.4232914670583 -1.9694592127874286e-15 5.506660084764102e-15
1841.6187511554874 1.4501857014662487e-15 5.936389922056822e-15
1841.814207343982 -4.362063197593688e-15 5.645835516097664e-15
1842.0096600325421 5.535280220575905e-15 6.0422777844242195e-15
1842.2051092211682 4.6172881037125554e-15 6.2793914561836426e-15
1842.40055490986 9.71422180135576e-15 6.302236945832693e-15
1842.5959970986173 4.808037337014091e-16 5.8322980330743354e-15
1842.7914357874402 8.473480492841906e-16 5.756336578527546e-15
1842.9868709763289 6.7437253666746054e-15 6.174598533567677e-15
1843.1823026652833 3.552382582983012e-15 5.870729084501126e-15
1843.377730854303 5.5451660407990775e-15 6.047327761604402e-15
1843.5731555433888 1.765828978567231e-14 6.734703189802483e-15
1843.76857673254 1.406018011039166e-16 5.79663649052792e-15
1843.963994421757 4.155952933526689e-15 6.233249336956975e-15
1844.1594086110392 2.048981728981714e-15 6.063432107283582e-15
1844.3548193003876 -2.497833083857342e-15 5.496097196913398e-15
1844.5502264898014 -5.357017380478267e-15 5.432049878431186e-15
1844.745630179281 1.3567246128800229e-14 6.464545572076628e-15
1844.9410303688262 -5.6111460139835926e-15 5.3430915368037e-15
1845.1364270584372 -4.801405590369102e-15 5.364916332087597e-15
1845.3318202481137 -1.3842990433989111e-15 5.747213770962042e-15
1845.527209937856 4.179509486376485e-15 6.055496650137579e-15
1845.7225961276638 9.792989584939645e-15 6.515447111342078e-15
1845.9179788175372 -1.5004702002052163e-15 5.5471572466839535e-15
1846.1133580074766 -3.078358472492271e-15 5.58476561407648e-15
1846.3087336974813 4.531067207176952e-15 5.9199097205404285e-15
1846.5041058875515 4.816601169609189e-15 6.054204642672102e-15
1846.6994745776876 3.562915831122835e-15 5.996754857480497e-15
1846.8948397678896 -1.7113845509321999e-15 5.873398033783266e-15
1847.090201458157 -7.603438876140525e-15 5.4558516921711844e-15
1847.28555964849 -1.4215143802225524e-15 5.669582645190096e-15
1847.4809143388889 2.7342544858074376e-15 5.938181476340228e-15
1847.6762655293533 5.764017081038187e-15 5.91519237494912e-15
1847.8716132198833 1.8333869375450753e-16 5.815717815848177e-15
1848.066957410479 -1.6839792571944418e-15 5.827020194036786e-15
1848.2622981011405 -9.77246128630968e-17 5.7486404675936715e-15
1848.4576352918675 -1.4206566497041822e-15 5.705906269145921e-15
1848.65296898266 -3.1441991558241745e-15 5.701117067407574e-15
1848.8482991735184 4.464727428623166e-15 6.056350455222245e-15
1849.0436258644424 5.796346104540875e-15 6.002557849679349e-15
1849.2389490554322 1.0118119438968428e-14 6.3548534311887626e-15
1849.4342687464875 1.0461498044997735e-15 5.8497554965198256e-15
1849.6295849376086 -1.2464337449155576e-14 5.008251369826249e-15
1849.8248976287953 2.2577008112894825e-15 5.9283119250960635e-15
1850.0202068200476 -1.4251576358758664e-15 5.616133874417873e-15
1850.2155125113657 1.1623887188301547e-14 6.485730814480687e-15
1850.4108147027491 -3.537934990022329e-15 5.638222887071138e-15
1850.6061133941985 7.072415749314395e-16 5.83512933753327e-15
1850.8014085857135 2.420292055262428e-15 5.970611913507341e-15
1850.9967002772942 -4.18235101285174e-15 5.6168670381699396e-15
1851.19198846894 -4.546788120547971e-15 5.514728256417496e-15
1851.387273160652 -1.6444409386069696e-15 5.74492502934653e-15
1851.5825543524297 -1.844982679586726e-15 5.6399614977524674e-15
1851.7778320442728 6.1981313608937874e-15 6.293570024222012e-15
1851.9731062361818 -5.689668967942796e-15 5.332467599790463e-15
1852.1683769281562 6.622398405703965e-15 5.949414736346837e-15
1852.3636441201966 -5.1392393973144126e-15 5.468475873898334e-15
1852.5589078123026 3.0135645369051914e-15 6.0831278896709806e-15
1852.754168004474 -5.72331800741041e-15 5.475883643645051e-15
1852.9494246967113 2.3947045211303967e-15 5.863706309095381e-15
1853.144677889014 -1.0156073457097118e-14 4.936352281005443e-15
1853.3399275813822 1.3494873021124881e-15 5.6995417237955285e-15
1853.5351737738165 3.50238001639972e-15 6.0188022712065764e-15
1853.7304164663162 2.598821508652188e-15 5.97121679322245e-15
1853.9256556588819 7.041402562865271e-15 6.076150286798055e-15
1854.120891351513 -7.889315009575997e-15 5.4778920968992315e-15
1854.3161235442096 2.5201303640040932e-15 5.831717277856446e-15
1854.5113522369722 -6.949820575354489e-15 5.2741917370667946e-15
1854.7065774298003 -5.3727977508957244e-15 5.627729416727217e-15
1854.901799122694 -5.015297568293536e-15 5.5320552383845125e-15
1855.0970173156536 5.777863451000684e-15 6.190874105861471e-15
1855.2922320086786 3.561291068037301e-15 5.92160051996805e-15
1855.4874432017693 5.978010202158451e-16 5.5769913629331975e-15
1855.6826508949255 -6.899614018602609e-15 5.174151583790572e-15
1855.8778550881475 -2.1323371687903303e-15 5.647725833574361e-15
1856.0730557814352 9.703908084074384e-15 6.345635471459428e-15
1856.2682529747885 -3.224604702429371e-15 5.633044051357565e-15
1856.4634466682078 3.7992887654337675e-15 6.170814914533865e-15
1856.6586368616925 -5.1671981162182635e-15 5.5358405231755465e-15
1856.8538235552428 2.6578149173800087e-15 5.857976690492929e-15
1857.0490067488588 -2.9443228539151032e-15 5.545579507883868e-15
1857.2441864425405 8.684567798509348e-15 6.2374073405097866e-15
1857.4393626362878 6.924334202337779e-15 6.125831035339734e-15
1857.6345353301008 -1.5073946055418877e-15 5.693287745340756e-15
1857.8297045239792 -2.3003090002155774e-17 5.686199233004486e-15
1858.0248702179233 3.520413033567204e-15 6.075100260170045e-15
1858.2200324119333 4.946087655251145e-17 5.772075701378469e-15
1858.415191106009 4.1337109271655105e-15 5.802621979937255e-15
1858.6103463001502 -4.880333394754825e-15 5.5229574560204844e-15
1858.8054979943572 -1.0756134650087803e-15 5.641108817318179e-15
1859.0006461886296 -3.704165103222786e-15 5.631594238985713e-15
1859.195790882968 -3.8227431471875907e-16 5.726123017630972e-15
1859.3909320773719 4.4085026393491496e-15 5.965494190670083e-15
1859.5860697718415 1.5219137556955756e-15 5.807043755548543e-15
1859.7812039663766 1.0010336693587658e-14 6.332897568899135e-15
1859.9763346609775 -2.5208070935152144e-16 5.739853936972631e-15
1860.171461855644 9.887855769786997e-15 6.270000760114215e-15
1860.366585550376 -3.904982551671333e-15 5.484977553040001e-15
1860.5617057451739 -1.7298760596367873e-15 5.684228189183285e-15
1860.7568224400372 1.9459863008608624e-15 5.8969929897799384e-15
1860.9519356349665 1.4784863674193567e-15 6.059839183330944e-15
1861.1470453299614 -8.5757834242919335e-16 5.668814819204961e-15
1861.3421515250218 5.717858479077499e-15 5.953693910174983e-15
1861.537254220148 -3.675008024928154e-15 5.475295660684855e-15
1861.7323534153397 7.241944228308477e-16 5.869190222854972e-15
1861.927449110597 -1.895825337761652e-15 5.4931852774095335e-15
1862.1225413059203 1.1101441459111743e-14 6.3969634868073836e-15
1862.317630001309 -6.091541581024499e-15 5.391676010000583e-15
1862.5127151967633 -1.4597900585019803e-15 5.594123141488964e-15
1862.7077968922833 2.7713128672055335e-15 5.680733273233754e-15
1862.902875087869 1.8114414180964485e-15 5.7017688994667e-15
1863.0979497835206 -4.263244633484252e-15 5.559696382216679e-15
1863.2930209792376 4.981989922326871e-15 5.920835033558475e-15
1863.4880886750202 7.303285799465332e-15 6.319088762169378e-15
1863.6831528708685 2.919392698358833e-16 5.746198984811762e-15
1863.8782135667827 1.8109830259358856e-15 5.864458466188488e-15
1864.0732707627624 -3.0848453863672352e-16 5.7600478589706665e-15
1864.2683244588077 6.792813819061031e-15 6.128002547398491e-15
1864.4633746549187 4.789436563254027e-15 6.0068785172532894e-15
1864.6584213510953 5.126912369918377e-15 6.142356518570446e-15
1864.8534645473376 3.3376535013315663e-15 6.0088207660779275e-15
1865.0485042436453 1.0881190491172282e-15 5.709356957097776e-15
1865.243540440019 -3.5091434966909386e-15 5.464275719296572e-15
1865.4385731364582 -4.46571389989259e-15 5.670129168734991e-15
1865.6336023329632 -4.063837582778837e-15 5.575582945357755e-15
1865.8286280295338 -1.2314639883677267e-15 5.811187347120753e-15
1866.02365022617 1.3125643777596198e-15 5.845887682796608e-15
1866.218668922872 -3.867747820239007e-15 5.521310565995696e-15
1866.4136841196396 -5.040213558473825e-15 5.394906032846865e-15
1866.6086958164728 -3.0402641607888943e-15 5.752441353913843e-15
1866.8037040133718 -4.073921015901277e-15 5.645263107432251e-15
1866.9987087103364 1.0220002708303587e-14 6.418623930468346e-15
1867.1937099073662 -6.286354158262371e-15 5.441923052549817e-15
1867.388707604462 -2.6909640357490865e-15 5.421755677568896e-15
1867.5837018016236 5.587610040383422e-15 6.157828477885774e-15
1867.778692498851 -1.0278023784166002e-16 5.659043071528677e-15
1867.9736796961436 -1.8262776374725423e-15 5.588754151762972e-15
1868.1686633935021 -5.5483665994937025e-15 5.4473342350166135e-15
1868.3636435909264 -2.2426711678489148e-15 5.533154265370214e-15
1868.5586202884163 1.2896190318402681e-15 5.967616877128012e-15
1868.7535934859716 -3.774215244727098e-15 5.558002749904269e-15
1868.9485631835928 -2.9514213390576957e-15 5.574078219020228e-15
1869.1435293812794 3.067670976878081e-15 6.045628199732764e-15
1869.338492079032 -1.7012039431906373e-15 5.473737221830644e-15
1869.53345127685 -2.5419544110406584e-15 5.5232200206486565e-15
1869.7284069747336 3.264227381553614e-15 6.009424021610415e-15
1869.923359172683 1.581434431922597e-15 5.965012474690061e-15
1870.1183078706981 -3.455386735870916e-15 5.516064770358733e-15
1870.3132530687787 3.1064030236522e-15 5.815625522177207e-15
1870.5081947669253 -6.884851031183139e-17 5.639780188694153e-15
1870.7031329651372 -2.1038575238019683e-15 5.5610752855718895e-15
1870.898067663415 9.537028232686756e-15 6.335732912768308e-15
1871.0929988617584 -2.0271627794700408e-15 5.6177265541666936e-15
1871.2879265601673 2.283905098084893e-15 6.059495103840459e-15
1871.4828507586421 9.720556572092404e-15 6.195822457706734e-15
1871.6777714571824 3.889713199966889e-15 5.912193426759412e-15
1871.8726886557881 -2.545023930227819e-15 5.768294857981533e-15
1872.0676023544597 -7.273309120398912e-15 5.453011610949659e-15
1872.2625125531972 -5.00420941095455e-16 5.7429256604502025e-15
1872.4574192520001 6.832828061662013e-15 5.973390921566075e-15
1872.6523224508687 3.426000109348393e-16 5.6949309681405115e-15
1872.847222149803 -4.44469765114937e-18 5.665078857619832e-15
1873.042118348803 3.3453734037237196e-15 5.893153537516763e-15
1873.2370110478685 -2.3537660010461924e-16 5.739085580095702e-15
1873.4319002469997 1.5730623116580617e-14 6.666454254789067e-15
1873.6267859461966 1.529321940266209e-14 6.574501790390375e-15
1873.8216681454592 3.195521334855143e-16 5.897769748820554e-15
1874.0165468447874 -1.7087435756134788e-15 5.6539557555718556e-15
1874.2114220441813 -2.9087534751665293e-15 5.679357451756748e-15
1874.4062937436406 -2.785287401284172e-15 5.602398931335409e-15
1874.6011619431658 -2.8117403148329766e-15 5.53595081531569e-15
1874.7960266427567 1.0359128036138856e-14 6.256478679631766e-15
1874.9908878424133 2.8631060164861414e-15 5.9672003971853336e-15
1875.1857455421355 -3.793264595919132e-15 5.334845970390449e-15
1875.3805997419233 1.768959341346462e-15 5.870251472944255e-15
1875.5754504417769 2.8925679502736093e-16 5.640295641777686e-15
1875.7702976416958 -1.1659432934687385e-14 5.0877204488842885e-15
1875.9651413416807 -3.4560962222735517e-15 5.211255916915015e-15
1876.1599815417312 -2.9284489977376486e-15 5.332801756343682e-15
1876.3548182418474 6.548424910576098e-16 5.590893843645149e-15
1876.5496514420288 3.80309641842516e-15 5.916089234949947e-15
1876.7444811422763 -7.690331315557544e-16 5.8393270320556665e-15
1876.9393073425895 2.3256430550282833e-15 5.901031455671401e-15
1877.134130042968 -3.7118406204591406e-15 5.5444224861300155e-15
1877.3289492434126 4.600061342829421e-16 5.865112365437976e-15
1877.5237649439227 8.48219072423461e-15 6.010124661572431e-15
1877.7185771444983 -3.205045763911108e-16 5.5891736832328e-15
1877.9133858451398 -2.1022388977459233e-15 5.681738206497022e-15
1878.1081910458468 -3.616709748643316e-15 5.498838644939591e-15
1878.3029927466196 7.992920047849266e-16 5.853284288021992e-15
1878.4977909474578 -1.1597505243603883e-16 5.6237667452741584e-15
1878.692585648362 -8.35558900195694e-15 5.27977117244761e-15
1878.8873768493313 -5.1778368210008755e-15 5.4733325580003335e-15
1879.0821645503665 1.491729092952091e-14 6.542239169697727e-15
1879.2769487514677 8.459715937998538e-15 6.140350591260384e-15
1879.4717294526342 1.1715625101367593e-15 5.644920406670559e-15
1879.6665066538667 4.639715002977544e-15 6.125635783811244e-15
1879.8612803551646 -4.5407170721260266e-15 5.439258433079882e-15
1880.0560505565281 -1.398933401766204e-14 4.934594313679901e-15
1880.2508172579574 -8.814907710012979e-16 5.7556073814927135e-15
1880.4455804594525 -1.2358225165953743e-15 5.6512715258083976e-15
1880.640340161013 -5.237617478537036e-15 5.419693322973528e-15
1880.8350963626392 6.606123677334914e-15 6.222004857655792e-15
1881.029849064331 -3.9665649522345355e-15 5.418636130895625e-15
1881.2245982660884 -1.027792802888417e-15 5.5290468588620626e-15
1881.4193439679118 -2.015858523056619e-16 5.714815066211065e-15
1881.6140861698007 6.000930896366799e-16 5.755746056386892e-15
1881.8088248717552 -2.325830819596174e-16 5.702692441628564e-15
1882.0035600737754 3.9085666543031733e-16 5.966150711503398e-15
1882.1982917758612 1.3285916702564893e-15 5.870095048765948e-15
1882.3930199780127 -1.274588335277853e-15 5.812327457271071e-15
1882.58774468023 5.414800164718458e-15 6.128713778119863e-15
1882.7824658825127 1.966996789429291e-15 6.017295328705492e-15
1882.9771835848612 4.119722033064191e-15 5.905985998923366e-15
1883.1718977872754 -1.7429015576585777e-15 5.698339932351541e-15
1883.366608489755 2.8296221250410216e-15 5.817131569370841e-15
1883.5613156923005 -3.651534546128999e-15 5.471843826306997e-15
1883.7560193949114 -4.401843721970816e-15 5.530798510150657e-15
1883.9507195975882 3.3433248804059024e-15 6.092272012874242e-15
1884.1454163003307 -1.4498549330171906e-15 5.840238890316106e-15
1884.3401095031388 -2.0746752293846693e-15 5.596588324686976e-15
1884.5347992060126 2.915951300903386e-15 5.891272202781218e-15
1884.7294854089519 -4.88638272945188e-15 5.47910173765241e-15
1884.924168111957 -2.6947435076203895e-15 5.459910841394661e-15
1885.1188473150278 -5.522358378665027e-15 5.329824104001858e-15
1885.313523018164 -8.77430005538845e-15 5.331430321709826e-15
1885.5081952213661 2.0377318333389908e-15 5.923442995802677e-15
1885.702863924634 -8.501348622624157e-15 5.163549128097498e-15
1885.897529127967 -6.334679033732813e-15 5.42561894095581e-15
1886.092190831366 5.317913731557657e-15 5.968740506058792e-15
1886.2868490348305 -4.330519009967488e-15 5.489685322682021e-15
1886.481503738361 1.0910000503225784e-16 5.785261985784979e-15
1886.6761549419568 4.787650187896497e-15 6.125303961468561e-15
1886.8708026456186 1.4189636248545536e-15 5.8213379660432555e-15
1887.0654468493458 -3.079025929213003e-15 5.707493269076659e-15
1887.2600875531389 -3.645452203797162e-15 5.397148697541157e-15
1887.4547247569974 1.1949291165296188e-14 6.376774771000895e-15
1887.6493584609218 5.47416855564515e-15 5.911451523079569e-15
1887.8439886649116 5.145691601933941e-16 5.730628885491464e-15
1888.038615368967 2.336702711297635e-15 5.6798437010036186e-15
1888.2332385730883 -8.888059756100962e-16 5.6517801898820405e-15
1888.4278582772752 4.043297741007874e-15 5.8611636217499295e-15
1888.6224744815277 -1.683722244008069e-16 5.746150543645383e-15
1888.817087185846 -1.4797458375609356e-15 5.720762760949777e-15
1889.0116963902299 8.676989373112247e-15 6.083904730334622e-15
1889.2063020946794 3.0506485812329236e-15 6.01573902846427e-15
1889.4009042991945 1.1437722019139078e-14 6.340851847902208e-15
1889.5955030037753 1.0987239646212842e-14 6.283101545410788e-15
1889.7900982084218 2.9278523988949305e-16 5.674067660794996e-15
1889.9846899131342 1.3440551423378733e-14 6.339121075529258e-15
1890.179278117912 -1.9588902907963477e-15 5.489891146273934e-15
1890.3738628227554 3.4470313064534e-15 5.942542701207404e-15
1890.5684440276643 -8.056150903061604e-16 5.5178815775911416e-15
1890.7630217326391 -4.26174005858172e-15 5.519910329046834e-15
1890.9575959376796 4.357516895062919e-15 6.0448059044552076e-15
1891.1521666427857 4.333208415683568e-15 5.935408385919437e-15
1891.3467338479575 -4.5766743771111025e-15 5.477965451510271e-15
1891.541297553195 7.012428409771226e-15 6.111576724210213e-15
1891.735857758498 -2.1355848723021282e-15 5.328862750919053e-15
1891.9304144638666 1.0929217259617063e-15 5.544986705604545e-15
1892.124967669301 4.232041097774042e-15 6.042931625142886e-15
1892.319517374801 2.976332194984661e-16 5.6569966451974496e-15
1892.5140635803668 2.1121538307071794e-15 5.794826515928881e-15
1892.708606285998 2.8508417619382116e-15 5.655831401289725e-15
1892.903145491695 9.932499504762006e-15 6.1264073145016345e-15
1893.0976811974576 -7.857095965975113e-15 5.226958548404669e-15
1893.292213403286 7.718853572177755e-15 6.187123491025799e-15
1893.48674210918 3.889270718624394e-15 5.905000093341837e-15
1893.6812673151396 7.356862142688174e-15 6.061796190338899e-15
1893.875789021165 1.3149053069294532e-15 5.8170986158052756e-15
1894.070307227256 -6.109262153889926e-16 5.742257889486552e-15
1894.2648219334126 4.206736814963802e-15 5.67238633748072e-15
1894.459333139635 -2.4861079565069965e-15 5.503150484472165e-15
1894.6538408459228 2.4097968062542837e-15 5.947002113802941e-15
1894.8483450522765 -4.212156236285526e-15 5.61447510267228e-15
1895.0428457586956 1.871545106738981e-15 5.712827811934403e-15
1895.2373429651805 -1.517987820206372e-15 5.710064237291817e-15
1895.431836671731 2.519507885535989e-15 5.9111442872804826e-15
1895.6263268783473 1.7434878564560659e-15 5.740007958156294e-15
1895.820813585029 -1.36589152013136e-15 5.611971590733678e-15
1896.0152967917768 1.8570317066090923e-15 5.727777644382796e-15
1896.20977649859 -2.62652176230971e-15 5.602170419806051e-15
1896.4042527054687 -1.0764621935781908e-15 5.5138180105517945e-15
1896.5987254124134 8.341009948668255e-15 6.323166428745247e-15
1896.7931946194235 -2.8604286749545703e-15 5.481940778932051e-15
1896.9876603264993 3.596672127551366e-15 5.824036559420033e-15
1897.182122533641 -1.3773629401857115e-15 5.6235585617982736e-15
1897.3765812408478 1.5854524083695483e-15 5.860992797573603e-15
1897.5710364481206 1.7801246694848077e-16 5.6151695249135055e-15
1897.765488155459 -9.739554666449728e-16 5.790264153206618e-15
1897.9599363628633 2.468763650444196e-16 5.654677727286421e-15
1898.154381070333 -1.2332975581596762e-15 5.521121155602112e-15
1898.3488222778685 1.0842288593561371e-15 5.810754058710148e-15
1898.5432599854696 -3.727853019821218e-15 5.432277069140967e-15
1898.7376941931363 -4.483716048962741e-15 5.463447564875706e-15
1898.9321249008688 3.757047365985199e-15 5.879280009698092e-15
1899.1265521086668 -4.247429336960367e-15 5.475604814349996e-15
1899.3209758165306 5.1461903940552776e-15 6.110421226126003e-15
1899.51539602446 -4.900576708264468e-15 5.582110597830192e-15
1899.7098127324548 -6.463101546851893e-16 5.6824595595562765e-15
1899.9042259405155 1.8472907485098764e-15 5.80352841444565e-15
1900.098635648642 2.2081277986965626e-15 5.813720873053989e-15
1900.293041856834 -2.990340226444133e-17 5.756728254202535e-15
1900.4874445650917 -2.4387178107419942e-15 5.644386833189638e-15
1900.681843773415 -5.5910784993160225e-15 5.456129046457844e-15
1900.8762394818039 4.0139751986719044e-15 5.910531292221488e-15
1901.0706316902586 -8.7059184550577e-15 5.118815861745684e-15
1901.265020398779 5.286846564431531e-15 5.827929016302975e-15
1901.459405607365 1.2330363528506466e-15 5.8100301965969395e-15
1901.6537873160164 2.6580964327120764e-15 6.058693934200012e-15
1901.8481655247335 -5.485653014570425e-16 5.5892338844531675e-15
1902.0425402335165 -5.537347251234552e-15 5.295945306173555e-15
1902.236911442365 -3.6836115615826195e-15 5.527749586333536e-15
1902.4312791512793 2.5527045594867574e-15 5.7727071089238285e-15
1902.6256433602593 3.772596657438343e-15 5.86652412987692e-15
1902.8200040693048 2.236161958885447e-16 5.652977157661411e-15
1903.0143612784161 3.3656088443539506e-15 5.775069805072227e-15
1903.2087149875929 4.5552280462199655e-15 6.01687723674906e-15
1903.4030651968355 -5.2152014961273475e-15 5.3159384732372726e-15
1903.5974119061439 6.26245539333767e-15 6.030281890998571e-15
1903.7917551155176 2.5632653554071914e-15 5.854316227689351e-15
1903.986094824957 3.412231437811241e-15 5.901555318123006e-15
1904.1804310344623 7.808198175773146e-15 6.111447771016809e-15
1904.3747637440329 9.25115859524605e-16 5.641147735187629e-15
1904.5690929536695 -1.085841909675075e-14 5.253594320356326e-15
1904.7634186633716 4.451492617245114e-15 5.882786523637093e-15
1904.9577408731393 2.890953713028281e-15 5.692732325363986e-15
1905.152059582973 3.242673003187666e-15 6.0050101387806665e-15
1905.346374792872 -5.937562430159966e-15 5.509825047423269e-15
1905.5406865028367 -3.8933899173076374e-15 5.566229294599304e-15
1905.7349947128673 -1.1583685414960094e-15 5.670872334032687e-15
1905.9292994229634 -2.5897481759005548e-15 5.5874862007026e-15
1906.123600633125 -4.668087866437634e-15 5.380849909716931e-15
1906.3178983433525 -2.031336808313967e-15 5.611571741295477e-15
1906.5121925536453 3.5454781086409005e-16 5.624866677249863e-15
1906.706483264004 1.306972763721921e-15 5.78530313555393e-15
1906.9007704744286 2.487199671329501e-15 5.847434656700785e-15
1907.0950541849186 -7.556366204059908e-15 5.220895902367718e-15
1907.2893343954743 5.165973225799916e-15 5.909434219164459e-15
1907.4836111060956 4.598290613673724e-16 5.694954377863705e-15
1907.6778843167826 -1.292875427775353e-16 5.5691636991066624e-15
1907.8721540275353 2.6725750181714995e-15 5.723841130085135e-15
1908.0664202383537 4.769640489124297e-15 6.0831117853552785e-15
1908.2606829492377 -2.642194359532141e-15 5.588106863054311e-15
1908.4549421601873 1.3685864348625969e-15 5.742861638772751e-15
1908.6491978712027 -1.3353177303612496e-16 5.6226129091932836e-15
1908.8434500822834 6.737718139747795e-15 5.867041699606947e-15
1909.0376987934299 -3.709732094836968e-15 5.3901826070782516e-15
1909.2319440046422 1.9743116810191866e-15 5.848310411503561e-15
1909.4261857159202 -9.499556228645296e-16 5.733344538933902e-15
1909.6204239272638 7.611900201368725e-15 6.0605462091786965e-15
1909.8146586386729 -4.768950590037858e-16 5.5909095366669215e-15
1910.0088898501479 5.379628345903416e-15 5.834010373480888e-15
1910.2031175616885 1.8436048921743035e-15 5.760134039878744e-15
1910.3973417732948 -1.885792161215038e-15 5.5358072745087006e-15
1910.5915624849665 -7.264977250348612e-15 5.356650226929369e-15
1910.7857796967041 3.7068047561427575e-15 5.869596195823572e-15
1910.9799934085074 -5.505641129929988e-15 5.267655502377436e-15
1911.174203620376 -7.125512203710308e-15 5.337490173059525e-15
1911.3684103323105 -3.733991909569847e-15 5.557964651741971e-15
1911.5626135443106 2.175285535666605e-15 5.8887195490975306e-15
1911.7568132563765 6.936657177906803e-15 6.0051456054333e-15
1911.951009468508 -5.327069749170155e-15 5.355011808084878e-15
1912.1452021807052 6.247130699730596e-16 5.715109266754655e-15
1912.3393913929679 9.432784390085218e-16 5.860819395752501e-15
1912.5335771052964 -6.593747070191152e-15 5.320788976057586e-15
1912.7277593176905 1.0206187013053248e-15 5.808224404463084e-15
1912.9219380301504 -2.061679062953535e-15 5.7198044833907675e-15
1913.1161132426757 3.893373900832683e-15 5.891793088012971e-15
1913.3102849552668 3.901529359470701e-15 5.804504531539875e-15
1913.5044531679237 -4.388358200035061e-15 5.500347955834151e-15
1913.6986178806458 9.46049025861672e-15 6.2343384360747486e-15
1913.8927790934338 -1.888930239586418e-15 5.7233059107764185e-15
1914.0869368062877 -1.181682300881883e-14 5.006079982137732e-15
1914.281091019207 -8.320751311193818e-15 5.3907187939353174e-15
1914.475241732192 1.666565539528948e-15 5.78202003976423e-15
1914.6693889452426 -1.6157537164525205e-15 5.407573087845646e-15
1914.863532658359 1.9556200857223907e-15 5.815802918189156e-15
1915.057672871541 -5.726261598306319e-15 5.30517535608015e-15
1915.2518095847888 -2.312076443904541e-15 5.647715904764351e-15
1915.4459427981021 -5.056089413998716e-15 5.4805903699915885e-15
1915.640072511481 3.3800078956495385e-15 5.803779024068561e-15
1915.8341987249255 -4.62565718529772e-15 5.400758274893815e-15
1916.0283214384358 -8.390671092123125e-15 5.35422287403362e-15
1916.2224406520118 8.678535796876145e-16 5.612748827276198e-15
1916.4165563656534 4.243947843629594e-16 5.644480905351487e-15
1916.6106685793607 -4.4212541235480225e-16 5.6531064127497915e-15
1916.8047772931336 1.2247546270396042e-15 5.7475294066695956e-15
1916.9988825069722 4.3466024686333245e-16 5.802749117284068e-15
1917.1929842208765 8.204901908758232e-15 6.263825111955928e-15
1917.3870824348462 9.073456339464905e-15 6.2152789690290626e-15
1917.5811771488818 1.2161356536035325e-15 5.864994273182929e-15
1917.775268362983 -4.051218370802952e-15 5.386913864376692e-15
1917.96935607715 -6.614584609621264e-15 5.392188674135851e-15
1918.1634402913824 -7.82613220099658e-15 5.295486536069433e-15
1918.3575210056804 -6.103800092953877e-16 5.801180096749154e-15
1918.5515982200443 4.075142480114577e-15 6.018792831659547e-15
1918.7456719344739 4.715296761865151e-15 6.07285122553701e-15
1918.9397421489691 6.4222361508604066e-15 6.184293040755543e-15
1919.1338088635298 -2.2744165690187515e-15 5.589038837673825e-15
1919.3278720781564 -7.455797465988271e-15 5.122085631553887e-15
1919.5219317928484 -7.203972482782869e-15 5.230006557800533e-15
1919.7159880076063 3.4059473850712737e-15 6.053051274858461e-15
1919.9100407224298 4.6563809972172876e-15 6.117390153265254e-15
1920.1040899373188 3.3115806104860755e-15 5.9213928554528165e-15
1920.2981356522737 1.209609580317991e-14 6.267081527424657e-15
1920.4921778672938 4.911658694132906e-16 5.750950650262396e-15
1920.68621658238 -5.510210790841577e-15 5.306154312930521e-15
1920.8802517975316 2.2526548663046165e-15 5.7845769840891516e-15
1921.0742835127492 -3.4621270071755615e-15 5.51856532857885e-15
1921.2683117280321 -1.1428654102863396e-14 4.953585628268288e-15
1921.4623364433808 2.9798590319701482e-15 5.720780839619723e-15
1921.6563576587953 -4.44573761153242e-15 5.320995057888545e-15
1921.8503753742752 -4.240713037439832e-15 5.413402638201333e-15
1922.0443895898209 1.1885157833886741e-14 6.249264162587024e-15
1922.2384003054324 -4.1477624893396056e-15 5.269884207323344e-15
1922.4324075211093 6.74266962428668e-16 5.7917850649374105e-15
1922.6264112368517 -3.062648976547074e-15 5.434594324912172e-15
1922.82041145266 -1.436921084029111e-15 5.741570409622643e-15
1923.0144081685341 4.8874204364190045e-15 5.88020129697013e-15
1923.2084013844737 -2.4082866086375956e-15 5.575331231609376e-15
1923.402391100479 5.4366870632565095e-15 5.8900600238838566e-15
1923.59637731655 1.5126081147581742e-15 5.85645657442685e-15
1923.7903600326865 -2.8770288662449495e-15 5.628376318760369e-15
1923.9843392488888 -4.999026907306488e-15 5.3379556992309526e-15
1924.1783149651567 -2.3472860100041946e-15 5.5210244983284265e-15
1924.3722871814903 -7.599717364211133e-15 5.279074971055806e-15
1924.5662558978895 -9.958069100218034e-16 5.652197103231102e-15
1924.7602211143544 -5.614273458104747e-15 5.4848271808390184e-15
1924.954182830885 4.554450701910233e-15 6.25876710384908e-15
1925.148141047481 -2.0339146931494356e-15 5.452288339907324e-15
1925.3420957641429 8.985948165622403e-15 6.375682083148967e-15
1925.5360469808704 2.2304266311542692e-15 5.843456961395906e-15
1925.7299946976636 5.5085131479670466e-15 6.0559450595232245e-15
1925.9239389145225 -5.590212758590449e-15 5.449530315645184e-15
1926.117879631447 -1.2556412586981507e-15 5.667777807120671e-15
1926.311816848437 -8.613889699170084e-15 5.2333692985138336e-15
1926.505750565493 3.866459679999191e-15 6.0288057846713805e-15
1926.6996807826145 3.1153489592656137e-16 5.737419580049168e-15
1926.8936074998016 4.347880050341925e-15 6.006371739709488e-15
1927.0875307170545 1.0955248142570699e-14 6.439241686149256e-15
1927.2814504343726 9.996536580739392e-15 6.226388684531441e-15
1927.4753666517568 3.545354696277311e-15 6.0098952359799634e-15
1927.6692793692066 -7.797059719091589e-16 5.7741196462201376e-15
1927.863188586722 -9.372471801840105e-15 5.207357431883272e-15
1928.057094304303 -5.3918036318069e-15 5.437721146409463e-15
1928.2509965219497 3.861168122474348e-15 6.069683456772833e-15
1928.4448952396622 -3.778071449686806e-15 5.588147417713265e-15
1928.63879045744 1.70938150736382e-15 5.771993862023999e-15
1928.832682175284 1.4551750022471218e-15 5.746417278932378e-15
1929.0265703931932 1.170825206636175e-15 5.862155633909534e-15
1929.2204551111683 2.0096211882611213e-15 5.913458915126935e-15
1929.414336329209 5.371066685569551e-15 6.0439058982315395e-15
1929.6082140473154 8.331508161300405e-15 6.528075636747347e-15
1929.802088265487 2.2673597453250035e-15 5.825947323380623e-15
1929.9959589837247 8.668472410455897e-15 6.253760867499783e-15
1930.1898262020281 3.4954771035739283e-15 6.119888009684149e-15
1930.383689920397 1.5156117845898372e-16 5.815987275651872e-15
1930.5775501388316 -1.985647016583008e-15 5.671108637401143e-15
1930.771406857332 -1.535481162109033e-15 5.8782170026913694e-15
1930.965260075898 1.8501022257579023e-15 6.0202631750832145e-15
1931.1591097945295 -1.552078488838201e-15 5.789691393987859e-15
1931.3529560132267 3.0566277203739735e-15 5.902662130111371e-15
1931.5467987319898 6.807732990821291e-15 6.048734851416393e-15
1931.7406379508182 8.413884178279456e-16 5.8744843747255876e-15
1931.9344736697124 2.6473393650626327e-15 6.061707918026651e-15
1932.1283058886722 1.2444445227570576e-15 5.997508076740983e-15
1932.3221346076978 -8.301967120472861e-15 5.361634208509501e-15
1932.515959826789 -4.518367709160696e-15 5.620868303609114e-15
1932.7097815459458 -2.6111256020037165e-15 5.819954701610562e-15
1932.9035997651683 6.058712021396684e-15 6.277431856279535e-15
1933.0974144844565 -1.2161289754796313e-15 5.657436719816307e-15
1933.2912257038104 4.764381313763685e-16 5.800760858536578e-15
1933.4850334232299 3.700105949331364e-15 6.1651121193513766e-15
1933.678837642715 -1.0732113121243602e-14 5.358122854600535e-15
1933.872638362266 -1.112280399367747e-14 5.027912532726199e-15
1934.0664355818824 -5.9454038174773846e-15 5.471967141431288e-15
1934.2602293015646 -1.5378578375562459e-15 5.787475157441791e-15
1934.4540195213121 -9.794807881252e-15 5.29521372834014e-15
1934.6478062411254 -4.2717824927685915e-15 5.512368629822405e-15
1934.8415894610046 9.397732821489258e-16 5.810318627462331e-15
1935.0353691809494 -6.390393465462277e-16 6.001856065354405e-15
1935.2291454009599 -9.41159093767864e-15 5.36835229716616e-15
1935.422918121036 1.3688435715650414e-15 5.858377095101476e-15
1935.6166873411776 -6.681646888052683e-16 6.0185910950196454e-15
1935.810453061385 3.4987290210987276e-15 6.118507950690893e-15
1936.0042152816582 -6.983121879098843e-16 5.7191984716099024e-15
1936.1979740019967 3.320616664798052e-15 6.043539221921939e-15
1936.391729222401 7.888943511112355e-15 6.044152026209766e-15
1936.5854809428708 7.373053664709658e-15 6.327099278070515e-15
1936.7792291634066 -1.0927393026294737e-14 5.3769975203220454e-15
1936.972973884008 2.6420129236360212e-15 6.23793813957119e-15
1937.166715104675 5.694040910440125e-15 6.195163539094403e-15
1937.3604528254077 -8.831671779821526e-16 5.783657572381033e-15
1937.554187046206 -8.105976754435945e-16 5.90217381605533e-15
1937.7479177670698 7.904444187982745e-15 6.4469048190112794e-15
1937.9416449879996 9.495931980229414e-15 6.617979791860085e-15
1938.1353687089947 2.0660281903534615e-15 6.1450553423779066e-15
1938.3290889300558 2.6481250079302846e-15 5.957621840719098e-15
1938.5228056511824 7.043275674453992e-15 6.2714027994108286e-15
1938.7165188723745 1.0583018679725101e-14 6.485598494554912e-15
1938.9102285936326 3.9130937237372695e-15 6.190404429642827e-15
1939.103934814956 -4.237274801836783e-15 5.641567717727942e-15
1939.297637536345 -6.26653630414467e-15 5.5344347148623045e-15
1939.4913367578 -1.9197476893502244e-15 5.777008515837412e-15
1939.6850324793206 -1.953281126423092e-15 5.914832316041896e-15
1939.8787247009068 -4.469433236671238e-15 6.037231836267581e-15
1940.0724134225586 4.510904267734976e-15 6.230129328889205e-15
1940.266098644276 -1.0747061751966691e-15 5.855751108552646e-15
1940.4597803660592 4.9886739588812374e-15 6.2940255693102826e-15
1940.653458587908 7.19248640324489e-15 6.488252252461437e-15
1940.8471333098228 -1.387394894054475e-15 6.0041108006835546e-15
1941.0408045318027 -2.6683730461226053e-15 5.8458804611122175e-15
1941.2344722538485 6.759821374354814e-16 6.140800945234538e-15
1941.42813647596 -7.179239903768859e-15 5.646461877645558e-15
1941.621797198137 -5.233762270941111e-16 5.958820092578125e-15
1941.8154544203799 5.994637621709596e-15 6.3194858039629986e-15
1942.0091081426883 1.8647934269976236e-15 6.0157820071262686e-15
1942.2027583650622 1.3343848139054225e-15 5.948795233788189e-15
1942.396405087502 -7.797649714784676e-15 5.6491520493674396e-15
1942.5900483100074 3.916436202988945e-15 6.439620802851591e-15
1942.7836880325785 -6.45813004522445e-15 5.727823596503799e-15
1942.9773242552153 -2.6360557657853864e-15 5.884136075081486e-15
1943.1709569779177 -6.5304781755715896e-15 5.507866498609357e-15
1943.3645862006856 2.0809347110334894e-15 6.023134163411787e-15
1943.5582119235191 1.872429807564856e-15 6.204992034765664e-15
1943.7518341464186 2.842992957334045e-15 6.186427871676863e-15
1943.9454528693836 1.859801695543247e-15 6.117189355556467e-15
1944.1390680924142 5.50116943303869e-15 6.485456948379659e-15
1944.3326798155106 2.1280254976109845e-15 6.197356804898823e-15
1944.5262880386726 -3.813346209589204e-15 5.88024844913047e-15
1944.7198927619002 1.5320006455529141e-15 6.142669143533782e-15
1944.9134939851936 -3.3792887613742702e-15 5.919264847461101e-15
1945.1070917085524 -7.658745079606321e-15 5.484253652186671e-15
1945.3006859319771 -1.769576149110082e-15 5.955277701328414e-15
1945.4942766554675 -5.82137564338487e-16 5.949791173226209e-15
1945.687863879023 1.064489837322153e-15 5.916099790622137e-15
1945.8814476026448 3.66771348441215e-15 6.3506801314447254e-15
1946.075027826332 -1.0129009526625148e-15 6.08751781814284e-15
1946.2686045500848 -4.620304562783103e-15 5.929440744143771e-15
1946.4621777739035 1.0212581445173073e-15 6.1927828081693906e-15
1946.6557474977876 1.8333773565810795e-16 6.145647872875428e-15
1946.8493137217376 -4.915312232141146e-15 5.96569757073465e-15
1947.042876445753 -1.0048811942528995e-15 6.0672547322240096e-15
1947.2364356698342 -1.8706344643002206e-15 6.1258404529692504e-15
1947.4299913939813 7.401797230051451e-15 6.518536146158747e-15
1947.6235436181937 4.324055825486112e-15 6.383400010261336e-15
1947.8170923424718 7.392334142466175e-16 6.4258361743542166e-15
1948.0106375668156 -2.6578981830499496e-15 6.043128961686077e-15
1948.204179291225 -6.472569287943953e-15 5.934854332444054e-15
1948.3977175157002 -2.7779756447971143e-15 6.096857735874179e-15
1948.591252240241 -1.1372760226730468e-14 5.3141592817643605e-15
1948.7847834648474 -5.222153688610504e-15 5.975620999126854e-15
1948.9783111895194 8.164839860493416e-15 6.553884483785933e-15
1949.1718354142572 -3.8779725933637097e-16 6.009054648629721e-15
1949.3653561390606 3.1687446010630684e-16 6.465584632710383e-15
1949.5588733639297 -8.243165865201868e-16 6.2838222753615744e-15
1949.7523870888645 -3.5403229843013794e-16 6.143612231467603e-15
1949.9458973138649 -3.637574069387684e-15 5.979995232984854e-15
1950.139404038931 -3.1436480801680444e-15 5.975503492728655e-15
1950.3329072640624 2.337818571097035e-15 6.368630495926181e-15
1950.5264069892598 -3.853494775731094e-15 5.9017634966585974e-15
1950.719903214523 2.478164947780819e-15 6.149732776077348e-15
1950.9133959398516 1.0129297465831076e-14 6.603567347132441e-15
1951.106885165246 -1.468705216468472e-16 6.085970578198724e-15
1951.300370890706 -9.195272835817023e-15 5.819933942282396e-15
1951.4938531162315 -8.311477148272958e-15 5.656999228092426e-15
1951.687331841823 -4.851073104912034e-15 6.171064581236577e-15
1951.88080706748 -2.2854443640742618e-15 6.1774651742855064e-15
1952.0742787932027 6.675591602489961e-15 6.511271000259201e-15
1952.2677470189908 -3.0785204959503412e-15 5.926662303737337e-15
1952.4612117448446 -4.5771432915490714e-15 5.9311597636065655e-15
1952.6546729707645 -4.934192366536107e-15 5.790739447457784e-15
1952.8481306967496 2.726146680592186e-15 6.016802178667817e-15
1953.0415849228004 -6.593142623404142e-15 6.0188820241608004e-15
1953.2350356489171 5.812514956912944e-15 6.692547409817265e-15
1953.4284828750992 5.875090405575329e-15 6.596055247062787e-15
1953.6219266013472 2.1107731425711781e-16 6.296581687873171e-15
1953.8153668276607 1.1133393236373104e-15 6.277055014725536e-15
1954.00880355404 -1.5931682695477832e-15 6.012696101896366e-15
1954.2022367804848 9.196566684089392e-16 6.416223352609892e-15
1954.3956665069954 3.812085721029752e-16 6.279396292423727e-15
1954.5890927335715 1.5641363936875525e-15 6.265116779589421e-15
1954.7825154602135 2.6474244470032633e-15 6.385137481525439e-15
1954.9759346869207 -9.885671493195634e-15 5.5088466555931904e-15
1955.169350413694 -1.285796661254335e-15 6.0590421331041104e-15
1955.3627626405328 1.0012955394120409e-14 6.903584043366796e-15
1955.5561713674372 1.8826323896773523e-15 6.4037886607116426e-15
1955.7495765944075 4.113719826421001e-15 6.585224136259313e-15
1955.9429783214432 -4.707131966768593e-16 6.31879223527046e-15
1956.1363765485446 -5.801016194886729e-15 6.0077767976045305e-15
1956.3297712757117 -9.01965576322588e-15 5.743940815965057e-15
1956.5231625029446 -2.722769857893738e-15 6.401759625723831e-15
1956.716550230243 -3.3711546571984164e-15 6.243886555504919e-15
1956.909934457607 -1.281690106475232e-14 5.5351927337619745e-15
1957.1033151850365 1.7135823674990516e-14 7.24097373426583e-15
1957.2966924125321 -1.4433711053328845e-15 6.298063869770463e-15
1957.490066140093 1.3567377225628423e-15 6.404738601649574e-15
1957.6834363677197 -1.5422319962377486e-15 6.157532872042499e-15
1957.876803095412 9.374229945685561e-15 6.802009651300146e-15
1958.07016632317 -2.7924495647658124e-15 6.090270148232313e-15
1958.2635260509937 9.618230347806496e-15 6.822498646993115e-15
1958.456882278883 8.554412106454895e-15 6.904840732635037e-15
1958.650235006838 1.2963157803832157e-15 6.424457090173694e-15
1958.8435842348588 -8.494454793249554e-15 5.6934239798518955e-15
1959.0369299629451 -1.6502209231893225e-15 6.226548442366427e-15
1959.2302721910971 -4.996349507215124e-15 6.172882879449398e-15
1959.4236109193148 -1.362899046648909e-15 6.462348908239369e-15
1959.616946147598 -1.0343957887222789e-14 5.695877974138007e-15
1959.810277875947 4.0820501069911387e-16 6.3455794400177574e-15
1960.0036061043613 -8.218647678249856e-15 5.8118408708752286e-15
1960.1969308328416 2.344912911375632e-16 6.390502192165295e-15
1960.3902520613876 1.1283290398213744e-15 6.638849612022648e-15
1960.5835697899993 2.090092689694566e-15 6.517728425194098e-15
1960.7768840186764 3.7714185087204245e-15 6.802042225220648e-15
1960.9701947474193 2.6297046416073823e-15 6.621112294530154e-15
1961.163501976228 -5.823921671536002e-15 6.1800782482917394e-15
1961.356805705102 6.5040265217795005e-15 6.742623943188824e-15
1961.550105934042 -9.71188745611395e-16 6.477652179287572e-15
1961.7434026630474 -2.5055309667295895e-15 6.036588542113625e-15
1961.9366958921185 -4.457897541212714e-15 6.199751609798339e-15
1962.1299856212554 9.780676906996098e-15 6.9428944983671426e-15
1962.3232718504578 -2.685649543492798e-15 6.222443447442013e-15
1962.516554579726 4.038996476945973e-15 6.6567044920187844e-15
1962.7098338090598 6.5491297110563905e-15 6.770277896233335e-15
1962.9031095384594 1.0377577690157352e-16 6.464963235908253e-15
1963.0963817679244 -8.161283881612595e-15 5.98530338093401e-15
1963.2896504974553 3.421253772301855e-15 6.611591970037602e-15
1963.4829157270517 3.711715964635032e-17 6.379717498910778e-15
1963.6761774567137 -3.3796087105111077e-15 6.275149219794354e-15
1963.8694356864416 -9.138369664975342e-15 5.9040240831261825e-15
1964.062690416235 4.922441002535542e-15 6.684399191910864e-15
1964.2559416460938 1.0248162657425582e-14 7.20237989334826e-15
1964.4491893760187 1.0796578412477501e-14 7.031695005081903e-15
1964.642433606009 -8.539310306013376e-15 6.003678647032955e-15
1964.835674336065 5.245933213367683e-15 6.485786916525492e-15
1965.0289115661867 -2.207910397305969e-15 6.5306847289260524e-15
1965.222145296374 2.563339609191658e-16 6.344407511804338e-15
1965.4153755266273 -6.34958745042642e-15 6.0106390821991316e-15
1965.608602256946 1.781245295131394e-14 7.485646955335291e-15
1965.8018254873302 -9.805572190100308e-16 6.6014944160579176e-15
1965.9950452177802 5.693835393929021e-15 6.95370355639231e-15
1966.1882614482959 -1.407391190109497e-15 6.606502949183527e-15
1966.381474178877 -2.799424447626565e-15 6.3238501702575406e-15
1966.574683409524 6.1823683858352505e-15 6.9746312993580085e-15
1966.7678891402365 -8.067560679416282e-15 5.818519955012169e-15
1966.9610913710148 -2.975291827819697e-15 6.313736395751834e-15
1967.1542901018588 -4.436169745996095e-15 6.238750949458846e-15
1967.3474853327684 -1.992727632888926e-15 6.509490627041203e-15
1967.5406770637437 1.3444275878778526e-15 6.571905323368624e-15
1967.7338652947847 -5.436916644608928e-15 6.349468761934158e-15
1967.927050025891 6.231581569938965e-15 7.049456748475184e-15
1968.1202312570633 4.9276401585780574e-15 6.760080542129951e-15
1968.3134089883013 1.331366749197076e-15 6.6688516181235476e-15
1968.5065832196049 -2.028391639672287e-15 6.455538044010905e-15
1968.6997539509741 -3.8089865716575025e-16 6.422987505548594e-15
1968.8929211824086 7.782120685149046e-15 6.936221740036517e-15
1969.0860849139092 -1.199691674365823e-14 5.902556249495584e-15
1969.2792451454754 5.978443824123245e-15 6.888242760736738e-15
1969.4724018771071 -1.1087587026018848e-14 5.854180181764283e-15
1969.6655551088047 -8.692623171242951e-15 6.044646408017316e-15
1969.858704840568 -6.049753989624882e-15 6.3525872300412904e-15
1970.0518510723966 -1.726888036980075e-15 6.6350580637895345e-15
1970.2449938042912 2.9566892639923908e-15 6.509168308227859e-15
1970.4381330362512 -1.5791237230329986e-15 6.467856438401081e-15
1970.631268768277 -2.532207689412135e-15 6.439707981448494e-15
1970.8244010003682 -3.4262644764348104e-15 6.1740858474566155e-15
1971.0175297325254 -3.77695915263597e-15 6.325366652525559e-15
1971.210654964748 -4.056756458808606e-15 6.467701766677501e-15
1971.4037766970366 3.783615243027801e-15 6.834769725670524e-15
1971.5968949293906 2.4625367370483615e-15 6.590535466923008e-15
1971.7900096618105 -6.167335002189356e-15 6.162010658198977e-15
1971.9831208942958 -2.0223891108780537e-15 6.236986641590161e-15
1972.1762286268468 -6.192150739473696e-16 6.4830117095853535e-15
1972.3693328594636 4.690937447406234e-15 6.7695997005017994e-15
1972.562433592146 1.4052184999974526e-15 6.682346820986676e-15
1972.7555308248939 2.2250791740935543e-15 6.8354307047087184e-15
1972.9486245577077 1.4292924629443385e-16 6.548789505820344e-15
1973.141714790587 -3.4479962623450278e-15 6.53847381347952e-15
1973.334801523532 3.840337004318946e-15 6.79405320431463e-15
1973.5278847565423 -2.2403679212433617e-15 6.5230355838446245e-15
1973.7209644896186 8.100409783536235e-16 6.515440233777581e-15
1973.9140407227608 4.443147538266399e-15 7.0769312587858115e-15
1974.1071134559684 1.2727814961177527e-15 6.841248650682043e-15
1974.3001826892416 3.373573329153382e-15 6.793272036005815e-15
1974.4932484225806 -2.6196187247404103e-16 6.876378103048052e-15
1974.6863106559852 2.625970620588529e-16 6.7276541615298194e-15
1974.8793693894554 3.719740522553514e-16 6.822580720154754e-15
1975.0724246229913 -1.1077515224114103e-14 6.072107941688536e-15
1975.265476356593 -1.0774425086947094e-14 6.0814962792696716e-15
1975.45852459026 -2.8929437890132274e-15 6.37454764781416e-15
1975.6515693239928 8.881349470632036e-15 7.001795255869877e-15
1975.8446105577914 -5.553889837427934e-15 6.094379155132592e-15
1976.0376482916556 -4.028840106333795e-15 6.572867322499961e-15
1976.2306825255853 -2.9248397288550186e-15 6.651618123099873e-15
1976.4237132595808 -6.05077101912794e-15 6.322073505585204e-15
1976.616740493642 -8.759207116663441e-15 6.060053953359422e-15
1976.809764227769 -1.4150442702230862e-15 6.592197541812998e-15
1977.0027844619615 -9.68519902988412e-16 6.6319562790351226e-15
1977.1958011962195 1.629544550199042e-15 6.6986047377524804e-15
1977.3888144305433 -1.2796709443977966e-15 6.821874098216585e-15
1977.5818241649329 1.0346888504093187e-15 6.854514353521712e-15
1977.7748303993878 -4.761226666609141e-15 6.522820411330012e-15
1977.9678331339085 2.4362228715241805e-15 6.930997870274375e-15
1978.160832368495 -2.215670478250473e-15 6.5730855470071766e-15
1978.353828103147 -3.5451053455878984e-15 6.609288616188596e-15
1978.5468203378648 -9.874939580834072e-15 6.09920993817091e-15
1978.7398090726483 -6.278060713139612e-15 6.379029630461798e-15
1978.9327943074973 -8.470682288425517e-15 6.3038983367719615e-15
1979.125776042412 3.8570487943653054e-15 6.916883998844818e-15
1979.3187542773924 -9.308826726735935e-15 6.4653445627410426e-15
1979.5117290124385 -2.1269336411769656e-15 6.687030791861812e-15
1979.7047002475501 -4.001940635048372e-15 6.460852880737666e-15
1979.8976679827274 -6.409115245444446e-15 6.402170539705801e-15
1980.0906322179703 2.649421096511704e-16 6.8321645953252475e-15
1980.283592953279 -4.963219876949419e-15 6.586428533477146e-15
1980.4765501886534 -1.202464978092379e-15 6.5830941808812e-15
1980.6695039240933 -1.4940060697032494e-14 6.107631841972409e-15
1980.8624541595989 -1.2258861744818752e-15 6.842366336133878e-15
1981.0554008951704 6.6467412193090495e-15 7.0103331080051174e-15
1981.2483441308073 -7.974187949466646e-15 6.319276785508696e-15
1981.4412838665098 -4.53468134076827e-15 6.374441811596925e-15
1981.634220102278 6.001124053178862e-15 6.980041093782167e-15
1981.827152838112 1.5559802796232034e-15 6.892521178847859e-15
1982.0200820740117 -8.973453338231718e-15 6.477113161561186e-15
1982.213007809977 -3.627237297069018e-15 6.53613282463064e-15
1982.4059300460078 -1.4066484915338235e-14 5.754121714166781e-15
1982.5988487821041 -6.61539594348077e-15 6.31140715917543e-15
1982.7917640182663 5.797184404211238e-15 7.045642022558804e-15
1982.9846757544942 -7.260527933315769e-15 6.474491366787217e-15
1983.1775839907878 -9.407697433211712e-15 6.036452948058088e-15
1983.370488727147 6.522390506243141e-15 7.33213860364095e-15
1983.5633899635718 4.125606257624438e-15 7.036775504648296e-15
1983.7562877000623 6.443500263838624e-15 7.37092671933452e-15
1983.9491819366185 -6.420296994309544e-15 6.560973198208055e-15
1984.1420726732404 4.079282126798534e-16 6.7842331014310525e-15
1984.3349599099279 -7.197289814953479e-15 6.49358843509226e-15
1984.527843646681 -2.3003604356347073e-15 6.8832751081750076e-15
1984.7207238834997 7.380246744808086e-15 7.158498805047006e-15
1984.913600620384 1.1923374837820426e-15 6.5848841820659374e-15
1985.106473857334 5.580940085132165e-15 6.939711377860528e-15
1985.29934359435 -3.2796101449519754e-15 6.720739550562137e-15
1985.4922098314314 -2.037782683301439e-15 6.926957167722407e-15
1985.6850725685786 9.731558155913726e-15 7.434293021040253e-15
1985.8779318057911 1.4451624569961363e-15 6.916828312869217e-15
1986.0707875430696 -3.308306756096366e-15 6.93917972515873e-15
1986.2636397804138 7.24291246050919e-15 7.454849980382501e-15
1986.4564885178233 -3.611916180701905e-15 6.414601087380799e-15
1986.6493337552988 2.2517085664110922e-15 7.080051731843047e-15
1986.8421754928395 -4.638120340592971e-16 6.9576271999813205e-15
1987.0350137304465 -6.953693622671683e-15 6.6424937280939335e-15
1987.2278484681187 4.849403019449634e-15 7.16868150698627e-15
1987.4206797058566 3.895644191963261e-15 7.165640294698105e-15
1987.6135074436604 9.768785750600099e-15 7.42354855800064e-15
1987.8063316815296 -4.4186535075248206e-16 6.727678911031122e-15
1987.9991524194647 5.314279692158926e-15 7.082090230848162e-15
1988.1919696574653 -7.627145224909802e-15 6.42135641074862e-15
1988.3847833955315 -1.6659765031221133e-14 5.9201670388120384e-15
1988.5775936336636 2.516935851398469e-15 7.0151403289455176e-15
1988.7704003718611 -1.32514837100862e-15 6.841564090447613e-15
1988.9632036101245 -5.197880072101458e-15 6.475349889572191e-15
1989.1560033484534 -9.049425787590567e-17 7.1043214288765595e-15
1989.3487995868477 -1.0269445437185318e-15 6.634207011492131e-15
1989.5415923253079 -2.2044884750211343e-15 6.662030981780575e-15
1989.734381563834 1.6926854489567586e-15 6.944999879291014e-15
1989.9271673024255 1.3914419724070466e-14 7.544181458157932e-15
1990.1199495410826 1.6229256874576817e-15 7.178238019234711e-15
1990.3127282798055 -5.0107254042679135e-15 6.403212664053569e-15
1990.505503518594 1.8142092089230062e-16 7.0036087272834735e-15
1990.6982752574484 -8.478704613374563e-15 6.500073406610765e-15
1990.8910434963682 1.4926304632987622e-15 6.806058421705236e-15
1991.0838082353537 1.197472132217892e-14 7.35101557058049e-15
1991.2765694744048 -4.57852933485552e-15 6.7329264976650894e-15
1991.4693272135216 -4.503335102439543e-15 6.4732860352332116e-15
1991.6620814527041 1.1629015801153998e-15 6.930512884029715e-15
1991.8548321919523 1.925443266386918e-15 6.8192806997859676e-15
1992.0475794312658 3.0139800508547427e-15 7.283567368269461e-15
1992.2403231706453 4.649950784068538e-15 7.0480037281664556e-15
1992.4330634100904 -9.465619299848011e-15 6.2978828008166035e-15
1992.6258001496012 -3.2116840148336886e-15 6.793125872996695e-15
1992.8185333891777 1.8965274396097865e-15 7.154981868484343e-15
1993.0112631288196 2.0790165404447387e-16 6.835342026768509e-15
1993.2039893685273 2.6954476999325497e-15 7.145877864487428e-15
1993.3967121083008 1.9956091055966434e-15 7.002400487533945e-15
1993.58943134814 -3.680783278327234e-15 6.3922029410093415e-15
1993.7821470880447 -3.591181286924888e-15 6.756610747979112e-15
1993.9748593280146 1.900201679922339e-15 6.975763731409864e-15
1994.1675680680507 7.774268858488385e-16 6.9838138505672686e-15
1994.3602733081525 -7.629394252538135e-15 6.375075433296073e-15
1994.5529750483197 -1.0102268722393607e-14 6.2787159596207515e-15
1994.7456732885528 -4.019544033366867e-15 6.540772492273765e-15
1994.9383680288515 3.739583820437404e-15 7.0838836306312855e-15
1995.1310592692157 2.4229435842139924e-16 6.86698582777113e-15
1995.3237470096458 -9.222988687787038e-15 6.6019111796848404e-15
1995.5164312501415 -1.349621631590662e-15 6.7585003437674494e-15
1995.7091119907027 -2.561657742499514e-15 6.72159569267675e-15
1995.9017892313298 5.8420263858123475e-15 7.135820820830065e-15
1996.0944629720223 -2.042685731836096e-15 6.769922112935726e-15
1996.2871332127806 -2.2235084272536218e-15 6.750258786569593e-15
1996.4797999536045 1.2634515536448062e-16 6.908533014258504e-15
1996.6724631944937 5.463633489551561e-15 7.13790365453771e-15
1996.865122935449 -8.675405801648737e-16 6.759909687890979e-15
1997.05777917647 2.4185491244826054e-15 6.940681233738816e-15
1997.2504319175566 6.856996341878309e-15 7.295843934814227e-15
1997.4430811587088 -5.747656644134385e-15 6.530179075626993e-15
1997.6357268999266 7.615331800621974e-15 7.42907355070273e-15
1997.82836914121 3.4655822610639854e-15 7.185720400388998e-15
1998.0210078825594 -1.8568286133101243e-15 6.735355509445881e-15
1998.2136431239742 -7.231573175018232e-15 6.4749473024499e-15
1998.4062748654546 -3.4935491545431157e-15 6.487155480554241e-15
1998.5989031070005 -6.658971419618811e-16 6.914002153229197e-15
1998.7915278486125 -2.4542478969575256e-15 6.795797656731957e-15
1998.98414909029 3.940161962061053e-15 7.292775394579936e-15
1999.176766832033 -6.592853510541483e-15 6.562761041284402e-15
1999.3693810738419 -5.7203788137669965e-16 6.695300797602735e-15
1999.5619918157163 -2.6922174237457994e-15 6.7145156259874946e-15
1999.7545990576564 3.687800551117851e-15 7.312718773516883e-15
1999.9472027996621 -8.121030248541576e-15 6.650849159144775e-15
2000.1398030417336 2.4112781900967486e-15 7.12807750477994e-15
2000.3323997838706 -6.97584249873624e-15 6.508893574768355e-15
2000.5249930260734 2.4547795607740375e-15 7.0490613054291e-15
2000.7175827683418 -5.92969109670103e-15 6.7013470703596484e-15
2000.9101690106759 3.7604749855330965e-15 7.210051722094473e-15
2001.1027517530754 -2.060072568825293e-15 6.998380351493297e-15
2001.2953309955408 -1.137989321323955e-14 6.4149751220614545e-15
2001.4879067380716 -3.872171842304191e-15 6.603826936819776e-15
2001.6804789806683 7.512205036841496e-15 7.465015335052933e-15
2001.8730477233307 4.747361816362051e-15 7.141676364834065e-15
2002.0656129660588 -5.392449170386917e-15 6.5216867743633974e-15
2002.2581747088525 3.4792100176183863e-15 7.268505335404587e-15
2002.4507329517116 5.509261922171531e-16 7.061570936678981e-15
2002.6432876946367 -2.3389962785070664e-15 6.931680237925892e-15
2002.8358389376274 -7.34275527220016e-15 6.73064419071473e-15
2003.0283866806835 -2.30225220842077e-15 7.026447669058858e-15
2003.2209309238053 4.089658748082427e-15 7.183915257357887e-15
2003.413471666993 1.883922049052137e-15 7.065105899658796e-15
2003.6060089102461 1.112029022495204e-15 7.1292457765149e-15
2003.7985426535652 -1.4485070630724307e-15 6.843404207811906e-15
2003.9910728969496 -4.896993163573064e-15 6.715387239514318e-15
2004.1835996404 1.1540427382342426e-14 7.433739872270763e-15
2004.3761228839157 6.1809363188349705e-15 7.262777263123208e-15
2004.5686426274974 -3.631752505908298e-16 7.131269795201211e-15
2004.7611588711445 -2.050598995407527e-15 6.752287305446533e-15
2004.9536716148575 2.0003973310952722e-16 7.136964550966642e-15
2005.146180858636 -9.318003207222446e-17 7.192088412883028e-15
2005.3386866024803 -7.486102328062655e-15 6.34510363514002e-15
2005.53118884639 5.513434110197645e-15 7.501956925073844e-15
2005.7236875903652 -4.822226854327721e-15 6.663147016093442e-15
2005.9161828344065 -4.506633102893015e-15 6.514842954616092e-15
2006.1086745785133 -2.7362464449787963e-16 7.073758322396793e-15
2006.3011628226857 6.5869956484446344e-15 7.674107930713133e-15
2006.4936475669238 -1.9905575337303502e-14 6.949707904644017e-15
2006.6861288112277 9.821283476034559e-16 6.7200467972096355e-15
2006.8786065555971 2.0012600166072544e-14 7.233256647975067e-15
