wavelength flux error
2424.07958984375 0.0 0.0
2422.33740234375 0.0 0.0
2420.595703125 1.4316962810437236e-17 2.989412866665411e-17
2418.854248046875 -1.5519837276683273e-17 1.9860636285900246e-17
2417.113037109375 -1.5452183828743786e-17 1.3985417240397407e-17
2415.372314453125 -5.580041298274517e-18 1.719192167359389e-17
2413.6318359375 -2.557781585792993e-17 9.984157674659975e-18
2411.8916015625 2.4503589483631815e-17 2.4613794756642255e-17
2410.15185546875 3.464166892667566e-17 2.665206373892397e-17
2408.412353515625 -1.5725118689300558e-17 1.4248715446817936e-17
2406.673095703125 -2.92123267011185e-17 6.729984477123286e-18
2404.934326171875 1.4564705058258093e-17 2.1055369640557537e-17
2403.19580078125 -1.9198324349957613e-17 1.2188718084205676e-17
2401.45751953125 1.1257616289755774e-17 1.7931599812228608e-17
2399.7197265625 -9.069082504578287e-18 1.3551759532460356e-17
2397.982177734375 1.2928643549843548e-17 1.7485319328143998e-17
2396.244873046875 -5.643871517422784e-18 1.3689385842776929e-17
2394.5078125 -2.2739335659786865e-18 1.3918663764964377e-17
2392.771240234375 -1.583636455552159e-17 1.0167722287475292e-17
2391.034912109375 -5.719938219372548e-18 1.2573949330361422e-17
2389.299072265625 2.5185508908814405e-17 1.7854471837552938e-17
2387.563232421875 1.6667176490963725e-17 1.699024842280856e-17
2385.827880859375 -5.737205614659592e-18 1.2636963949425712e-17
2384.093017578125 -9.169039836979808e-18 1.2395844109588954e-17
2382.358154296875 -5.692744243144561e-18 1.3880846721719678e-17
2380.623779296875 -2.4429943939334994e-17 8.524286463899837e-18
2378.8896484375 2.854466704251571e-18 1.609939475542365e-17
2377.15576171875 -2.277773958767617e-18 1.4175040124019063e-17
2375.422119140625 -2.654627064730089e-17 7.350233451736985e-18
2373.68896484375 -2.3047816125626265e-18 1.4392082390585626e-17
2371.9560546875 2.5845519628292916e-17 1.82945550844883e-17
2370.223388671875 -2.727474214299674e-17 7.555272500434792e-18
2368.490966796875 1.5637381296088283e-17 1.7078753439629285e-17
2366.7587890625 -1.6882701708286866e-17 1.0878639356211542e-17
2365.027099609375 -1.1476776138690474e-17 1.2202490641404684e-17
2363.295654296875 1.5805171574622215e-17 1.7248497518770066e-17
2361.564453125 2.127389917786547e-17 1.8098877238782756e-17
2359.83349609375 -1.1468537419789446e-17 1.2207007874729836e-17
2358.102783203125 -1.155431770367242e-17 1.2302790426579802e-17
2356.37255859375 1.058652383161089e-17 1.6709030175597683e-17
2354.642333984375 1.0759091905362928e-17 1.6974523719363928e-17
2352.91259765625 -2.3541679347267375e-17 9.950691601437304e-18
2351.18310546875 -7.537576625590445e-18 1.380213800489342e-17
2349.453857421875 -1.222121304738921e-17 1.3036845391410384e-17
2347.724853515625 2.268927634347638e-17 1.781591364047939e-17
2345.996337890625 6.394305485562529e-18 1.5040254501137278e-17
2344.267822265625 -8.65742531939331e-18 1.226649870438465e-17
2342.53955078125 5.293881887674554e-18 1.4766820023490525e-17
2340.811767578125 -1.825170878311928e-17 1.0558343442502434e-17
2339.084228515625 6.4935042933423385e-19 1.4363855679362867e-17
2337.35693359375 5.491344375551681e-18 1.527833693376474e-17
2335.629638671875 -2.37374349479505e-17 9.763657793132939e-18
2333.90283203125 -1.8909155242698875e-17 1.0949803358670704e-17
2332.17626953125 -9.120812725726129e-18 1.2970643645445928e-17
2330.4501953125 1.04404420810728e-17 1.6176871800317818e-17
2328.72412109375 -1.3846124988327152e-17 1.1865000124302436e-17
2326.998291015625 1.0284116525828854e-17 1.5919865129636367e-17
2325.272705078125 -1.3585283508325905e-17 1.1649662676978344e-17
2323.54736328125 -4.047298370680602e-18 1.3380992230901846e-17
2321.822509765625 -2.3053210997581336e-17 9.497596803466483e-18
2320.09765625 7.025269757831241e-19 1.4386336794050833e-17
2318.373046875 -1.3843797302083428e-17 1.1887882421587491e-17
2316.64892578125 -1.8855740881823876e-17 1.0947038921063552e-17
2314.9248046875 -1.9024948947927723e-17 1.1048179948921635e-17
2313.201171875 1.0656878024250363e-17 1.6435833925967344e-17
2311.4775390625 5.7057371826162375e-18 1.5669522225969644e-17
2309.754150390625 7.509865247889306e-19 1.4774201783276948e-17
2308.03125 5.661028484098053e-18 1.5519400525319845e-17
2306.308349609375 -9.048362457414447e-18 1.2972034963236242e-17
2304.585693359375 -4.147216412003026e-18 1.3890647157617206e-17
2302.863525390625 -9.0870132987166e-18 1.3041790277112226e-17
2301.141357421875 -1.4068878109842782e-17 1.2123946533520324e-17
2299.41943359375 1.0700869143587158e-17 1.644183594849203e-17
2297.69775390625 -4.163667380025481e-18 1.4012729089862682e-17
2295.976318359375 -1.9006752628812782e-17 1.1069523690267341e-17
2294.255126953125 -1.4047614605016494e-17 1.2122894359781157e-17
2292.5341796875 1.071747810310661e-17 1.6436414606757356e-17
2290.8134765625 -1.4058093329016316e-17 1.2140740781496988e-17
2289.093017578125 -1.908789408382056e-17 1.1128619127589355e-17
2287.37255859375 -2.4093759540419967e-17 9.967850636064104e-18
2285.652587890625 -1.4168789947310612e-17 1.2249491043809947e-17
2283.9326171875 -1.9198772681849617e-17 1.1202272116511689e-17
2282.213134765625 -1.4282100456340576e-17 1.2356495127849807e-17
2280.49365234375 -1.9398109974585095e-17 1.1324664241486872e-17
2278.7744140625 1.102548211291318e-17 1.6844634856497176e-17
2277.055419921875 2.1211443732895267e-17 1.833207434271248e-17
2275.336669921875 -1.946744425352929e-17 1.1374299214143117e-17
2273.6181640625 8.849211280316792e-19 1.526242528750167e-17
2271.899658203125 -9.263660200069136e-18 1.342952539898217e-17
2270.181640625 1.1040522737991232e-17 1.6827737210943943e-17
2268.463623046875 1.1042535268421574e-17 1.682271126154207e-17
2266.745849609375 -4.185973959604198e-18 1.440510883087211e-17
2265.0283203125 -2.9827616727959945e-17 8.875480055029639e-18
2263.310791015625 -4.238496206188559e-18 1.462286578148792e-17
2261.59375 9.446195800202438e-19 1.5639389690615562e-17
2259.876708984375 -4.275835552629509e-18 1.4789273014037664e-17
2258.159912109375 9.55238097543587e-19 1.5633649057164444e-17
2256.443359375 2.1606093257505542e-17 1.86174731607392e-17
2254.72705078125 6.0726025376314684e-18 1.6200166860728536e-17
2253.0107421875 -2.966886753352122e-17 8.83930248375902e-18
2251.294921875 -1.4400253280676425e-17 1.2541463466164627e-17
2249.5791015625 -1.4490619453875393e-17 1.2624911927900814e-17
2247.863525390625 9.870390561931881e-19 1.56189120073712e-17
2246.14794921875 -1.4685129320556013e-17 1.2803935319153216e-17
2244.4326171875 1.0032724757145413e-18 1.5704748539535827e-17
2242.717529296875 1.0052047696254652e-18 1.564911237153551e-17
2241.002685546875 1.1422202070596675e-17 1.726835647091624e-17
2239.2880859375 6.202948831376962e-18 1.6417075124035867e-17
2237.573486328125 -3.5271854821987956e-17 7.331176037604376e-18
2235.859130859375 -9.345434448245516e-18 1.3713145778691902e-17
2234.14501953125 2.182756590343294e-17 1.8747201550567118e-17
2232.430908203125 -1.463469115552498e-17 1.2798298083278667e-17
2230.717041015625 6.3036258109114035e-18 1.6610321058740505e-17
2229.00341796875 1.1653988004401384e-17 1.7559727532965593e-17
2227.289794921875 1.0803435817230977e-18 1.60272232469784e-17
2225.576416015625 -6.983472321478936e-18 1.5350882327846867e-17
2223.86328125 5.190477693660525e-18 1.778046067942537e-17
2222.150390625 -1.6239625443898847e-18 1.7755984405099924e-17
2220.4375 -2.43184896235996e-19 1.8474835790271783e-17
2218.724853515625 2.8002383149357585e-17 2.3417344175033305e-17
2217.01220703125 -7.306295271959394e-18 1.7322915649759012e-17
2215.2998046875 -7.30631016121042e-18 1.7336895002111158e-17
2213.587646484375 -2.2099639668972044e-19 1.86045575626548e-17
2211.87548828125 -7.202023365482797e-18 1.7117617693529476e-17
2210.16357421875 2.0698386612320477e-17 2.2036491873829133e-17
2208.451904296875 3.4663169005157135e-17 2.415493120107949e-17
2206.740234375 -3.519668395664159e-17 9.899633878127469e-18
2205.02880859375 -2.8267891582374856e-17 1.2157795591366607e-17
2203.3173828125 2.0842125787363816e-17 2.2164001765254182e-17
2201.606201171875 6.7740496291249045e-18 1.966079441299111e-17
2199.895263671875 -2.776689144640864e-17 1.1949784482727897e-17
2198.184326171875 -7.001729024778594e-18 1.6752222238462752e-17
2196.4736328125 -1.5608815440814377e-19 1.803863698349297e-17
2194.762939453125 -1.3718041860737603e-17 1.5169704958279377e-17
2193.052490234375 1.2076482909972031e-17 1.9955889442158178e-17
2191.34228515625 -1.642936206485473e-17 1.4042984047947422e-17
2189.632080078125 2.578508498555918e-18 1.7826489971791494e-17
2187.921875 6.661604351015671e-18 1.717281545580514e-17
2186.2119140625 2.311199541499303e-17 1.97105311288627e-17
2184.502197265625 -2.6413776165504595e-17 1.1072227743689777e-17
2182.79248046875 -1.5495538019008915e-17 1.3702019372272451e-17
2181.0830078125 2.3826623215957192e-17 2.0304537798543153e-17
2179.37353515625 2.3877789299927272e-17 2.0342834606543133e-17
2177.664306640625 -2.1270615270833635e-17 1.262649515159324e-17
2175.955078125 -9.987563177241855e-18 1.496445828724782e-17
2174.245849609375 1.2708434835892131e-17 1.8856530012128252e-17
2172.537109375 -2.1573862992118025e-17 1.281749280939296e-17
2170.828125 -2.759532756992024e-17 1.1588414915702468e-17
2169.119384765625 -2.204150624270243e-17 1.3102779958036986e-17
2167.410888671875 -4.497017858161901e-18 1.6726228914893885e-17
2165.702392578125 2.5144444354484823e-17 2.13788717063209e-17
2163.994140625 -4.48542161315452e-18 1.672996280817895e-17
2162.28564453125 -4.468044202846006e-18 1.668847804609819e-17
2160.57763671875 7.347521953689037e-18 1.86802512061483e-17
2158.86962890625 -1.0417613550527562e-17 1.5704488804823485e-17
2157.16162109375 -4.507397320488216e-18 1.6907437717324652e-17
2155.453857421875 1.4887927536974413e-18 1.8078240736860783e-17
2153.74609375 1.3654642602688477e-17 2.0144605735828476e-17
2152.038330078125 1.3739690004548729e-17 2.0260439145726726e-17
2150.330810546875 -2.9166666331305574e-17 1.228130523734935e-17
2148.62353515625 2.006199355369158e-17 2.137480528642959e-17
2146.916015625 -2.3149949770219413e-17 1.3812824351226992e-17
2145.208740234375 7.766914104781997e-18 1.9594424749362305e-17
2143.501708984375 7.79007764347532e-18 1.9636362806418744e-17
2141.794677734375 7.840938497799368e-18 1.9747731095370433e-17
2140.087646484375 1.415388249831118e-17 2.080193473576109e-17
2138.380615234375 -1.7280961049090322e-17 1.543603726318675e-17
2136.673828125 7.964119753078927e-18 2.0006870237671046e-17
2134.96728515625 -1.1041051306402653e-17 1.678711602542269e-17
2133.260498046875 1.6538119771793201e-18 1.9012481681735324e-17
2131.553955078125 -3.00531260152766e-17 1.2685985154067442e-17
2129.84765625 -1.7340637167202348e-17 1.5519579196332156e-17
2128.14111328125 2.0734048022888863e-17 2.2004167309851786e-17
2126.434814453125 -1.7395839892561687e-17 1.5581136323157128e-17
2124.728515625 -2.3838883686996453e-17 1.4276601359628323e-17
2123.0224609375 -1.7568975412213936e-17 1.5748316142398995e-17
2121.31640625 -1.1234975529209585e-17 1.7166454436894607e-17
2119.6103515625 -1.1354498991820435e-17 1.7359647432040042e-17
2117.904296875 3.501340720267944e-17 2.4856661601932724e-17
2116.198486328125 1.8263750878476826e-18 2.0174059983080264e-17
2114.49267578125 -4.567820051821132e-17 9.60238735218715e-18
2112.786865234375 8.667830424318614e-18 2.1519563547987594e-17
2111.081298828125 1.5410886009481463e-17 2.246886248873305e-17
2109.375732421875 1.8571015388815773e-18 2.019355663011814e-17
2107.670166015625 8.58230904796737e-18 2.1253909531182514e-17
2105.964599609375 1.5376428973884954e-17 2.238725615822102e-17
2104.25927734375 2.917005115437214e-17 2.4578900969682318e-17
2102.5537109375 -4.9592058526065175e-18 1.9485031767713393e-17
2100.848388671875 3.686148750980051e-17 2.6116078826130436e-17
2099.14306640625 3.7159163342478745e-17 2.6321588540596786e-17
2097.43798828125 9.048359975872609e-18 2.229732342766303e-17
2095.732666015625 -1.9091318611556528e-17 1.7220272461908532e-17
2094.027587890625 -2.6027668107899543e-17 1.5667877790911888e-17
2092.322509765625 -1.8974481004394638e-17 1.7128069947749696e-17
2090.617431640625 9.017980940695986e-18 2.2149511215283478e-17
2088.91259765625 9.122279316952185e-18 2.238671849082286e-17
2087.20751953125 3.806040639835732e-17 2.692224408804094e-17
2085.502685546875 9.457278366049423e-18 2.317105776509054e-17
2083.7978515625 3.1911334321817775e-17 2.6809231364031497e-17
2082.093017578125 -3.553449459264089e-17 1.509784612410567e-17
2080.38818359375 9.865037049007438e-18 2.4110892105267166e-17
2078.683349609375 2.263208548951477e-18 2.3023841122752028e-17
2076.978759765625 9.944060094466467e-18 2.426490651787964e-17
2075.27392578125 -5.388734274925703e-18 2.1680747962149677e-17
2073.5693359375 -2.0725251784254974e-17 1.8788519222164142e-17
2071.86474609375 -1.3068480913937475e-17 2.032778653683957e-17
2070.16015625 4.862315871352466e-17 2.9890925823322303e-17
2068.45556640625 1.784426277443281e-17 2.5718524243208875e-17
2066.7509765625 -2.902183693221489e-17 1.7549687214690424e-17
2065.04638671875 -2.1495600125641933e-17 1.9524794339758817e-17
2063.341796875 2.4696964044921705e-18 2.4348001773494266e-17
2061.637451171875 2.5123170923491184e-18 2.4684215950911344e-17
2059.932861328125 -2.237136436429265e-17 2.0343744505216942e-17
2058.228515625 -3.921659644519209e-17 1.6714309242266996e-17
2056.52392578125 -1.4236512878421553e-17 2.226738610693351e-17
2054.819580078125 2.6307759735116124e-18 2.5499690303435522e-17
2053.114990234375 1.1270314339339076e-17 2.7194667750979156e-17
2051.41064453125 -1.472018523491601e-17 2.3066394602184206e-17
2049.706298828125 -5.0221490032658825e-17 1.5294564563021806e-17
2048.001953125 1.1719495745831909e-17 2.8212202474815336e-17
2046.2974853515625 -5.108633714158507e-17 1.5563545500250575e-17
2044.5931396484375 -1.5189223112013178e-17 2.3859452360108197e-17
2042.888671875 3.004279287506459e-17 3.1377710182492466e-17
2041.184326171875 -6.217985734142257e-18 2.5778374069249537e-17
2039.47998046875 1.2104795647978496e-17 2.902593313060825e-17
2037.775634765625 3.0649063324506755e-17 3.1981221157411155e-17
2036.0711669921875 -6.27174957882606e-18 2.6119195642678536e-17
2034.3668212890625 -1.5527788136731133e-17 2.448103723141117e-17
2032.662353515625 4.008785254950439e-17 3.3435838116920355e-17
2030.9580078125 -2.5077416255088426e-17 2.295368628064018e-17
2029.2535400390625 -6.371990634177686e-18 2.6696015153591364e-17
2027.549072265625 1.2632986865040557e-17 3.012923655779883e-17
2025.8447265625 -6.417303174543035e-18 2.6967340320676107e-17
2024.1402587890625 3.1339416683214936e-18 2.866914035391208e-17
2022.435791015625 -2.5552873053739006e-17 2.343342291178011e-17
2020.7313232421875 -1.6099363322560374e-17 2.550549545697442e-17
2019.0267333984375 -1.638318884306202e-17 2.5970723340170168e-17
2017.322265625 -1.6770130698724525e-17 2.6600588289404796e-17
2015.61767578125 -6.8930933269804735e-18 2.923037578208441e-17
2013.9130859375 -4.90682811447517e-17 2.1032233398824428e-17
2012.20849609375 -3.908132594526007e-17 2.3844017169877957e-17
2010.50390625 -3.942845725240162e-17 2.406254670718589e-17
2008.7991943359375 1.458846003108939e-17 3.450447936772251e-17
2007.094482421875 -2.9451653213387243e-17 2.710051474493592e-17
2005.3897705078125 -7.423728449162322e-18 3.176637257382908e-17
2003.68505859375 -1.8882260292262326e-17 3.009506407233304e-17
2001.9803466796875 -3.050813821790732e-17 2.8104060190252604e-17
2000.2755126953125 -7.590339168142753e-18 3.262647828348417e-17
1998.5706787109375 1.5528555760339582e-17 3.656431129421226e-17
1996.86572265625 1.5632826839635566e-17 3.678316012323664e-17
1995.1607666015625 6.238496256456938e-17 4.3671619170835286e-17
1993.455810546875 4.0653644088490664e-18 3.5255589142422713e-17
1991.7508544921875 4.103618203457194e-18 3.5485227715357235e-17
1990.0457763671875 1.612050936773968e-17 3.781877370654078e-17
1988.340576171875 5.24728605930689e-17 4.350368496287477e-17
1986.635498046875 2.852374516328241e-17 4.025848998370673e-17
1984.9302978515625 5.263003152689888e-17 4.361463635279773e-17
1983.2249755859375 -3.177620609695111e-17 2.9391781880650655e-17
1981.5196533203125 -7.702748877485646e-18 3.366228377269042e-17
1979.8143310546875 2.797950995105927e-17 3.942542646263723e-17
1978.10888671875 -1.978316916717343e-17 3.181300239931992e-17
1976.4034423828125 1.652575507599676e-17 3.854864479183307e-17
1974.6978759765625 4.4185949322372795e-18 3.7165396975574944e-17
1972.9923095703125 -7.98796075269393e-18 3.51750118245927e-17
1971.28662109375 -2.0405513390278727e-17 3.2891255488839944e-17
1969.5809326171875 -7.896642494609914e-18 3.487474526223595e-17
1967.8751220703125 6.53536277562385e-17 4.561690312609869e-17
1966.1693115234375 -3.2000861733875614e-17 2.9708459706360456e-17
1964.46337890625 6.495211428690525e-17 4.5320577252180145e-17
1962.75732421875 4.106474623548462e-17 4.229417816247728e-17
1961.05126953125 -4.490993832632922e-17 2.762114387683802e-17
1959.34521484375 -3.3115729146029684e-17 3.0787884083627854e-17
1957.6390380859375 4.696542920896429e-18 3.847457573106262e-17
1955.9327392578125 -3.4285041586101995e-17 3.1897586580037143e-17
1954.226318359375 4.8271779006757036e-18 3.934563662075036e-17
1952.5198974609375 -6.049564895827377e-17 2.6126693207750717e-17
1950.8133544921875 -4.7048507920966666e-17 2.8981546618938656e-17
1949.1068115234375 -4.690687805648534e-17 2.8901531783925177e-17
1947.400146484375 -4.7056769800924846e-17 2.9001782765444154e-17
1945.693359375 -4.7546123233866317e-17 2.9310681784673506e-17
1943.9864501953125 -4.781942701697629e-17 2.948671905391459e-17
1942.279541015625 -4.7685251704175286e-17 2.941211728882966e-17
1940.572509765625 -2.1214919545829215e-17 3.455313082263043e-17
1938.8653564453125 -8.083052608732414e-18 3.6668105917475415e-17
1937.158203125 -4.707527217686643e-17 2.905744871194652e-17
1935.450927734375 -4.716854837146036e-17 2.9122220262631874e-17
1933.7435302734375 1.8075820406388453e-17 4.1444233539466796e-17
1932.0360107421875 4.99282826296496e-18 3.9400101501003304e-17
1930.328369140625 -2.1193270574837477e-17 3.463473053569756e-17
1928.6207275390625 -5.986349768182604e-17 2.5925878570441218e-17
1926.912841796875 3.0387809908560457e-17 4.229551488634717e-17
1925.2049560546875 -2.0439662714687366e-17 3.34599719384722e-17
1923.4969482421875 -4.580324706577219e-17 2.8329175739597685e-17
1921.788818359375 4.953736534396317e-18 3.8543903392561916e-17
1920.0806884765625 -3.420243602141e-17 3.20560015935084e-17
1918.372314453125 5.144756112482269e-18 3.9844092349152366e-17
1916.663818359375 -4.847988441398558e-17 3.001438087538462e-17
1914.955322265625 -6.149059503394235e-17 2.6671997137325274e-17
1913.2467041015625 3.142538887300002e-17 4.360883616234251e-17
1911.537841796875 -3.3646249703696694e-17 3.158801258142795e-17
1909.8289794921875 -3.352121639102563e-17 3.14812401079596e-17
1908.1199951171875 -5.999840753101099e-17 2.6044818870720218e-17
1906.4107666015625 -8.150645672487185e-18 3.801347878784596e-17
1904.7015380859375 -7.806880328694232e-17 2.412233697622245e-17
1902.9921875 5.6722090708476256e-18 4.3049192229668734e-17
1901.28271484375 -2.335385475429741e-17 3.8525314989836624e-17
1899.572998046875 -2.342177786311659e-17 3.8658848410482284e-17
1897.86328125 -8.770270125738407e-18 4.119954027938381e-17
1896.1534423828125 -6.688498391553546e-17 2.907239421125413e-17
1894.443359375 -2.338280442137554e-17 3.8656386720979327e-17
1892.7332763671875 2.0738008563661767e-17 4.682655881900644e-17
1891.02294921875 2.1160808698878446e-17 4.775343785642926e-17
1889.3125 -5.543667188890355e-17 3.4453998189299626e-17
1887.6019287109375 -8.740175640692502e-17 2.7047512320005972e-17
1885.8912353515625 6.345400499796863e-18 4.713596076404822e-17
1884.180419921875 -4.0610296515670435e-17 3.83284062993796e-17
1882.469482421875 -9.194484739802551e-18 4.374642938543458e-17
1880.7584228515625 -2.4294284664515072e-17 4.033377996306131e-17
1879.047119140625 -6.936748528270511e-17 3.0207160280223776e-17
1877.335693359375 -6.919073332941478e-17 3.0135218727988814e-17
1875.6241455078125 -3.909083190485953e-17 3.695350969858581e-17
1873.9124755859375 -3.888137984759375e-17 3.676756280560634e-17
1872.2005615234375 -2.360835672208405e-17 3.929617452884214e-17
1870.488525390625 2.0626494690922268e-17 4.621714508323657e-17
1868.7763671875 3.4705593444413755e-17 4.771995027651066e-17
1867.0640869140625 7.707410205673505e-17 5.3277002571201104e-17
1865.3516845703125 2.0033197742207384e-17 4.481029614974108e-17
1863.6390380859375 -8.301975056831311e-18 4.0108171414071146e-17
1861.92626953125 6.276717294712809e-17 5.125532352328475e-17
1860.2132568359375 -3.6734237353087804e-17 3.4823807480114933e-17
1858.5001220703125 -2.2506447921406235e-17 3.7614972947219965e-17
1856.786865234375 5.913611806453876e-18 4.2470771297090004e-17
1855.073486328125 -2.22520121280686e-17 3.722695906548359e-17
1853.35986328125 3.4114672158418123e-17 4.676779259956822e-17
1851.64599609375 -8.226827352542093e-18 4.012840425185419e-17
1849.93212890625 -3.697264734923784e-17 3.511482947194579e-17
1848.218017578125 9.247195004540146e-17 5.577136901707721e-17
1846.503662109375 -3.711773482867964e-17 3.5273568740217166e-17
1844.7891845703125 -8.254165671786971e-18 4.047501278084861e-17
1843.0745849609375 -2.2290236144174675e-17 3.741910981305721e-17
1841.3597412109375 -3.6206204954703354e-17 3.443812624770596e-17
1839.644775390625 6.241446313393547e-17 5.085068000251361e-17
1837.9295654296875 4.8781858277126635e-17 4.932069696303348e-17
1836.2142333984375 -5.149804809350986e-17 3.2228184201094987e-17
1834.4986572265625 -2.281531219904986e-17 3.8392751024868876e-17
1832.7828369140625 -8.330203422415295e-18 4.122669827325515e-17
1831.0670166015625 9.353436097182986e-17 5.634542574474411e-17
1829.350830078125 3.540375704246566e-17 4.8321707628530737e-17
1827.634521484375 -3.733431056538072e-17 3.559274796009933e-17
1825.9180908203125 -8.239034884022151e-18 4.0990465416477356e-17
1824.201416015625 -5.124579109390569e-17 3.211721295883732e-17
1822.4844970703125 -6.497515623004853e-17 2.8453335549541894e-17
1820.7674560546875 -2.205720447636746e-17 3.725583097758414e-17
1819.0501708984375 -3.576390486372635e-17 3.414428522434752e-17
1817.3326416015625 -7.796971366700337e-18 3.903643650777804e-17
1815.614990234375 -6.242306581230603e-17 2.7353436797752584e-17
1813.8970947265625 1.9556536568584927e-17 4.305274579758026e-17
1812.178955078125 -2.1292442912837685e-17 3.604717451885636e-17
1810.460693359375 -4.878179210267763e-17 3.062228583371719e-17
1808.7421875 -2.1570234977951368e-17 3.655023598890906e-17
1807.0235595703125 -2.171418921995397e-17 3.681001702336501e-17
1805.3045654296875 -3.564679594132354e-17 3.4108005082680946e-17
1803.58544921875 -2.1642449499788472e-17 3.672183295262196e-17
1801.8660888671875 -9.050028233732006e-17 1.9513953310650697e-17
1800.1466064453125 3.3760734809196483e-17 4.585260658728445e-17
1798.4267578125 -2.161346674548584e-17 3.6720201752454005e-17
1796.706787109375 -2.176098117284487e-17 3.698626935956536e-17
1794.986572265625 -3.601681699037566e-17 3.451625180220037e-17
1793.2662353515625 4.8896359926238676e-17 4.917178790916168e-17
1791.5455322265625 -5.0777279303678105e-17 3.194172493752297e-17
1789.82470703125 2.066272851047454e-17 4.5186246429423983e-17
1788.103515625 3.4997614670424575e-17 4.7440985269288377e-17
1786.3822021484375 -9.401810281149577e-17 2.029122680812595e-17
1784.66064453125 -5.1339795207438666e-17 3.231930641737383e-17
1782.9388427734375 6.543097906967955e-18 4.376013080510091e-17
1781.216796875 -5.235625790520098e-17 3.297104863944926e-17
1779.49462890625 2.1578968350858703e-17 4.7065488284581155e-17
1777.7720947265625 -3.8249513121276743e-17 3.674943762402408e-17
1776.0494384765625 -2.3412715272325458e-17 3.999345138927739e-17
1774.326416015625 -8.364394105854562e-18 4.31578440574888e-17
1772.603271484375 6.97097362242326e-18 4.6228159820273327e-17
1770.8797607421875 -5.512250207481101e-17 3.4749754962956736e-17
1769.1561279296875 3.847271292032315e-17 5.200452085640873e-17
1767.43212890625 -2.44635969553761e-17 4.187216054012008e-17
1765.7080078125 -4.074594420996178e-17 3.921376417877471e-17
1763.983642578125 -8.787215747767168e-18 4.564360120754945e-17
1762.2589111328125 4.010775120631997e-17 5.416246632971462e-17
1760.5340576171875 7.342430987891018e-17 5.940283748997281e-17
1758.808837890625 -9.227867433219477e-17 2.883546321403934e-17
1757.0833740234375 7.666600257536467e-18 5.02429702588056e-17
1755.3577880859375 -9.123471284214874e-18 4.763911487832953e-17
1753.6318359375 -5.97426763728341e-17 3.7725388324105994e-17
1751.9056396484375 -2.5947997380020886e-17 4.4563895588873787e-17
1750.17919921875 -9.067688705246136e-18 4.7499294885028465e-17
1748.4525146484375 -4.2878574647801096e-17 4.136048646552948e-17
1746.7254638671875 7.872039661650749e-18 5.120667868582173e-17
1744.998291015625 8.016175883388114e-18 5.207999943294297e-17
1743.270751953125 4.3117246033024697e-17 5.807692652505441e-17
1741.54296875 9.56485882954011e-17 6.551271113164469e-17
1739.81494140625 9.462003883452816e-17 6.480169976431861e-17
1738.086669921875 -4.345093400085104e-17 4.196642935144907e-17
1736.3580322265625 7.915999348124267e-18 5.113034976761779e-17
1734.6292724609375 2.4991184330590998e-17 5.3946512632834173e-17
1732.900146484375 2.5162816035889626e-17 5.429670119951972e-17
1731.170654296875 6.02138649195239e-17 6.01811482719362e-17
1729.4410400390625 8.179790554189878e-18 5.2603168009325606e-17
1727.7110595703125 -2.70541760870207e-17 4.6692499311491194e-17
1725.9808349609375 -7.992180697306931e-17 3.5266359033998154e-17
1724.250244140625 8.252365726774055e-18 5.289353487411132e-17
1722.51953125 -2.7022643962070178e-17 4.668433007576162e-17
1720.7884521484375 8.326433133183279e-18 5.326178575665258e-17
1719.0570068359375 2.631610102441311e-17 5.662985676145414e-17
1717.3253173828125 4.461259667461846e-17 5.990445966575967e-17
1715.5933837890625 8.577851371646321e-18 5.469679853564427e-17
1713.8612060546875 8.684949754276012e-18 5.5325353230788616e-17
1712.128662109375 -4.722312905699906e-17 4.5745635590469094e-17
1710.395751953125 8.916970607374686e-18 5.668964537612948e-17
1708.6627197265625 -6.748072601014105e-17 4.277392306542334e-17
1706.92919921875 6.719005474288992e-17 6.702207090409265e-17
1705.195556640625 -1.0351028819939493e-17 5.557995942333244e-17
1703.4615478515625 -3.0470326137746297e-17 5.281942610867147e-17
1701.7271728515625 9.638598010682272e-18 6.09890655023841e-17
1699.9925537109375 5.0942315070772235e-17 6.827685095377639e-17
1698.257568359375 -3.1831173903016486e-17 5.5223656337558897e-17
1696.5223388671875 -1.1066487110238659e-17 5.966755513832448e-17
1694.786865234375 -1.1223914470058526e-17 6.056222045397203e-17
1693.0509033203125 -5.4658000456193084e-17 5.305032861358197e-17
1691.3148193359375 5.454637739561273e-17 7.304495161510356e-17
1689.5782470703125 3.3122316812428057e-17 7.09116925199987e-17
1687.841552734375 -3.493543054069529e-17 6.070847260371631e-17
1686.1043701171875 5.831893971995272e-17 7.805965797808993e-17
1684.366943359375 -8.440500677909851e-17 5.3591949935069444e-17
1682.6292724609375 -8.51068000456783e-17 5.404296850970276e-17
1680.89111328125 1.14910243247417e-17 7.195890317549084e-17
1679.1527099609375 -3.612609085801637e-17 6.285972453150542e-17
1677.4140625 5.8736665929292e-17 7.855791849186738e-17
1675.675048828125 3.532795090240885e-17 7.547547295258037e-17
1673.9356689453125 -1.0953573978774966e-16 4.8472694560101266e-17
1672.1959228515625 1.7169463719963075e-16 9.876313505990006e-17
1670.4559326171875 1.7438965780977752e-16 1.0412368894571731e-16
1668.715576171875 1.853148608170309e-17 8.329361352551716e-17
1666.974853515625 5.1000015881581484e-17 9.052053171871536e-17
1665.23388671875 -5.955320569044515e-17 7.340233996184077e-17
1663.492431640625 -6.084855729481339e-17 7.500941954313329e-17
1661.7508544921875 -2.793457088274049e-17 8.40974279401268e-17
1660.0087890625 -1.3358452055518144e-16 6.067434644036482e-17
1658.266357421875 -1.000958289058414e-16 7.116329439255773e-17
1656.523681640625 6.769378126615511e-18 9.572014272710939e-17
1654.7806396484375 -1.0358682225839079e-16 7.3658580663275e-17
1653.0372314453125 -6.83954488012818e-17 8.438426108933568e-17
1651.29345703125 1.2376816308522275e-16 1.2277504342434668e-16
1649.54931640625 4.7681205136618676e-17 1.13514260158448e-16
1647.804931640625 4.9739789674744695e-17 1.18390430312444e-16
1646.06005859375 5.2000097094492796e-17 1.2374749018735382e-16
1644.31494140625 -3.724971645849615e-17 1.1246986853448345e-16
1642.5694580078125 -8.720515211893342e-17 1.0767174452564306e-16
1640.8236083984375 2.1411611184093504e-16 1.6951741841805237e-16
1639.077392578125 -5.702583142940573e-19 1.3865491271700488e-16
1637.330810546875 1.1350565748007745e-16 1.5973761571372362e-16
1635.5838623046875 -6.140861812651589e-17 1.4436826906024335e-16
1633.8365478515625 1.0346086581215612e-16 1.8312301748222258e-16
1632.0888671875 -1.5408953384698294e-16 1.442584327097861e-16
1630.3409423828125 -1.4967549957505298e-16 1.4594877960026067e-16
1628.592529296875 -1.6040057781362772e-16 1.5642211699993348e-16
1626.84375 1.0127462083573356e-16 2.151682723452127e-16
1625.0946044921875 -3.2498616013118173e-16 1.4407465303001153e-16
1623.3450927734375 1.8987117015431998e-16 2.5302025569898625e-16
1621.59521484375 -3.6611471838784114e-16 1.623234617179032e-16
1619.844970703125 3.8889596067182117e-16 3.1234178464346755e-16
1618.0943603515625 -4.744895929039339e-17 2.628653990542618e-16
1616.3433837890625 -1.500220551644882e-16 2.628000981079844e-16
1614.592041015625 2.6331588823330307e-16 3.5075480821078887e-16
1612.8402099609375 5.100477713318734e-16 4.0957656124661053e-16
1611.088134765625 -6.255952414359767e-17 3.47081623365241e-16
1609.3355712890625 -2.044957233842575e-16 3.5839028083469436e-16
1607.5826416015625 -3.823024973917161e-16 3.7316219132767453e-16
1605.829345703125 7.516168562680307e-16 6.034713761284049e-16
1604.07568359375 9.344478062021282e-17 5.711416637789251e-16
1602.3216552734375 3.2498017796099175e-16 6.892696197568387e-16
1600.567138671875 -6.290827407776187e-16 6.141880369770663e-16
1598.812255859375 -7.260553606835865e-16 7.089012494357924e-16
1597.0570068359375 1.5057126603353196e-15 1.20874502661033e-15
1595.3013916015625 -9.78798874836837e-16 9.557729194404393e-16
1593.54541015625 6.812549410703593e-16 1.44428900737399e-15
1591.7889404296875 -1.8891530406125534e-15 1.2040849689718921e-15
1590.0321044921875 1.5956921232891967e-15 2.1238652350220096e-15
1588.27490234375 3.781500242469203e-16 2.306136349117531e-15
1586.5172119140625 1.3903459258863366e-15 2.946772989872613e-15
1584.7591552734375 -1.719675300394124e-15 3.0173498926202094e-15
1583.000732421875 -9.172111515936242e-15 1.993194097523799e-15
1581.2418212890625 2.6245781738795486e-15 5.5617801149646616e-15
1579.4825439453125 -3.3416762670250393e-15 5.864207723067652e-15
1577.722900390625 -4.257366316851984e-15 7.471436223340216e-15
1575.9627685546875 5.4445825188001885e-15 1.1536144049306262e-14
1574.2022705078125 -2.4347504671033346e-15 1.3569782064237323e-14
1572.44140625 -1.6185110638332854e-14 1.5811055806627672e-14
1570.6800537109375 1.3387899526506354e-14 2.8364085779002297e-14
1568.9183349609375 0.0 0.0
1567.1561279296875 0.0 0.0
1565.3935546875 0.0 0.0
1563.6304931640625 0.0 0.0
1561.8670654296875 0.0 0.0
1560.1031494140625 0.0 0.0
1558.3388671875 0.0 0.0
1556.5740966796875 0.0 0.0
1554.8089599609375 0.0 0.0
1553.04345703125 0.0 0.0
1551.27734375 0.0 0.0
1549.5108642578125 0.0 0.0
1547.7440185546875 0.0 0.0
1545.9766845703125 0.0 0.0
1544.2088623046875 0.0 0.0
1542.440673828125 0.0 0.0
1540.6719970703125 0.0 0.0
1538.9029541015625 0.0 0.0
1537.1334228515625 0.0 0.0
1535.3634033203125 0.0 0.0
1533.593017578125 0.0 0.0
1531.822021484375 0.0 0.0
1530.0506591796875 0.0 0.0
1528.2789306640625 0.0 0.0
1526.5067138671875 0.0 0.0
1524.7340087890625 0.0 0.0
1522.9608154296875 0.0 0.0
1521.1871337890625 0.0 0.0
1519.4130859375 0.0 0.0
1517.6385498046875 0.0 0.0
1515.863525390625 0.0 0.0
1514.0880126953125 0.0 0.0
1512.31201171875 0.0 0.0
1510.53564453125 0.0 0.0
1508.7587890625 0.0 0.0
1506.9813232421875 0.0 0.0
1505.2034912109375 0.0 0.0
1503.4251708984375 0.0 0.0
1501.646484375 0.0 0.0
1499.8671875 0.0 0.0
1498.08740234375 0.0 0.0
1496.3072509765625 0.0 0.0
1494.5264892578125 0.0 0.0
1492.745361328125 0.0 0.0
1490.963623046875 0.0 0.0
1489.1815185546875 0.0 0.0
1487.3988037109375 0.0 0.0
1485.61572265625 0.0 0.0
1483.83203125 0.0 0.0
1482.0478515625 0.0 0.0
1480.2633056640625 0.0 0.0
1478.4781494140625 0.0 0.0
1476.6925048828125 0.0 0.0
1474.9063720703125 0.0 0.0
1473.1197509765625 0.0 0.0
1471.3326416015625 0.0 0.0
1469.5450439453125 0.0 0.0
1467.7569580078125 0.0 0.0
1465.96826171875 0.0 0.0
1464.1790771484375 0.0 0.0
1462.3895263671875 0.0 0.0
1460.599365234375 0.0 0.0
1458.80859375 0.0 0.0
1457.0174560546875 0.0 0.0
1455.2257080078125 0.0 0.0
1453.4334716796875 0.0 0.0
1451.6407470703125 0.0 0.0
1449.847412109375 0.0 0.0
1448.0537109375 0.0 0.0
1446.2593994140625 0.0 0.0
1444.4644775390625 0.0 0.0
1442.669189453125 0.0 0.0
1440.873291015625 0.0 0.0
1439.0767822265625 0.0 0.0
1437.2799072265625 0.0 0.0
1435.482421875 0.0 0.0
1433.684326171875 0.0 0.0
1431.8857421875 0.0 0.0
1430.086669921875 0.0 0.0
1428.2869873046875 0.0 0.0
1426.48681640625 0.0 0.0
1424.6861572265625 0.0 0.0
1422.8848876953125 0.0 0.0
1421.0830078125 0.0 0.0
1419.2806396484375 0.0 0.0
1417.477783203125 0.0 0.0
1415.67431640625 0.0 0.0
1413.870361328125 0.0 0.0
1412.0657958984375 0.0 0.0
1410.2606201171875 0.0 0.0
1408.4549560546875 0.0 0.0
1406.648681640625 0.0 0.0
1404.8419189453125 0.0 0.0
1403.0345458984375 0.0 0.0
1401.2266845703125 0.0 0.0
1399.418212890625 0.0 0.0
1397.609130859375 0.0 0.0
1395.799560546875 0.0 0.0
1393.9893798828125 0.0 0.0
1392.1785888671875 0.0 0.0
1390.3673095703125 0.0 0.0
1388.555419921875 0.0 0.0
1386.742919921875 0.0 0.0
1384.929931640625 0.0 0.0
1383.1162109375 0.0 0.0
1381.3021240234375 0.0 0.0
1379.4873046875 0.0 0.0
1377.671875 0.0 0.0
1375.85595703125 0.0 0.0
1374.0394287109375 0.0 0.0
1372.2222900390625 0.0 0.0
1370.4046630859375 0.0 0.0
1368.5863037109375 0.0 0.0
1366.7674560546875 0.0 0.0
1364.947998046875 0.0 0.0
1363.1279296875 0.0 0.0
1361.3072509765625 0.0 0.0
1359.4859619140625 0.0 0.0
1357.6640625 0.0 0.0
1355.8416748046875 0.0 0.0
1354.0185546875 0.0 0.0
1352.1949462890625 0.0 0.0
1350.37060546875 0.0 0.0
1348.5457763671875 0.0 0.0
1346.72021484375 0.0 0.0
1344.8941650390625 0.0 0.0
1343.0673828125 0.0 0.0
1341.2401123046875 0.0 0.0
1339.412109375 0.0 0.0
1337.5836181640625 0.0 0.0
1335.75439453125 0.0 0.0
1333.9246826171875 0.0 0.0
1332.09423828125 0.0 0.0
1330.26318359375 0.0 0.0
1328.4315185546875 0.0 0.0
1326.5992431640625 0.0 0.0
1324.766357421875 0.0 0.0
1322.932861328125 0.0 0.0
1321.0986328125 0.0 0.0
1319.263916015625 0.0 0.0
1317.428466796875 0.0 0.0
1315.5924072265625 0.0 0.0
1313.755615234375 0.0 0.0
1311.9183349609375 0.0 0.0
1310.080322265625 0.0 0.0
1308.24169921875 0.0 0.0
1306.4024658203125 0.0 0.0
1304.5626220703125 0.0 0.0
1302.7220458984375 0.0 0.0
1300.880859375 0.0 0.0
1299.0390625 0.0 0.0
1297.196533203125 0.0 0.0
1295.3533935546875 0.0 0.0
1293.5096435546875 0.0 0.0
1291.6651611328125 0.0 0.0
1289.820068359375 0.0 0.0
1287.9742431640625 0.0 0.0
1286.1278076171875 0.0 0.0
1284.28076171875 0.0 0.0
1282.4329833984375 0.0 0.0
1280.5845947265625 0.0 0.0
1278.735595703125 0.0 0.0
1276.8858642578125 0.0 0.0
1275.035400390625 0.0 0.0
1273.184326171875 0.0 0.0
1271.3326416015625 0.0 0.0
1269.480224609375 0.0 0.0
1267.6270751953125 0.0 0.0
1265.7733154296875 0.0 0.0
1263.9189453125 0.0 0.0
1262.0638427734375 0.0 0.0
1260.2080078125 0.0 0.0
1258.3515625 0.0 0.0
1256.494384765625 0.0 0.0
1254.636474609375 0.0 0.0
1252.7779541015625 0.0 0.0
1250.918701171875 0.0 0.0
1249.058837890625 0.0 0.0
1247.1982421875 0.0 0.0
1245.3369140625 0.0 0.0
1243.4749755859375 0.0 0.0
1241.6123046875 0.0 0.0
1239.7489013671875 0.0 0.0
1237.884765625 0.0 0.0
1236.02001953125 0.0 0.0
1234.154541015625 0.0 0.0
1232.288330078125 0.0 0.0
1230.4215087890625 0.0 0.0
1228.5538330078125 0.0 0.0
1226.685546875 0.0 0.0
1224.8165283203125 0.0 0.0
1222.94677734375 0.0 0.0
1221.076416015625 0.0 0.0
1219.2052001953125 0.0 0.0
1217.3333740234375 0.0 0.0
1215.4608154296875 0.0 0.0
1213.5875244140625 0.0 0.0
1211.7135009765625 0.0 0.0
1209.8387451171875 0.0 0.0
1207.9632568359375 0.0 0.0
1206.0870361328125 0.0 0.0
1204.210205078125 0.0 0.0
1202.33251953125 0.0 0.0
1200.4542236328125 0.0 0.0
1198.5750732421875 0.0 0.0
1196.6951904296875 0.0 0.0
1194.814697265625 0.0 0.0
1192.933349609375 0.0 0.0
1191.05126953125 0.0 0.0
1189.1685791015625 0.0 0.0
1187.2850341796875 0.0 0.0
1185.4007568359375 0.0 0.0
1183.5157470703125 0.0 0.0
1181.6300048828125 0.0 0.0
1179.7435302734375 0.0 0.0
1177.8563232421875 0.0 0.0
1175.96826171875 0.0 0.0
1174.07958984375 0.0 0.0
1172.1900634765625 0.0 0.0
1170.2998046875 0.0 0.0
1168.4088134765625 0.0 0.0
1166.51708984375 0.0 0.0
1164.6246337890625 0.0 0.0
1162.7313232421875 0.0 0.0
1160.8372802734375 0.0 0.0
1158.9425048828125 0.0 0.0
1157.046875 0.0 0.0
1155.150634765625 0.0 0.0
1153.2535400390625 0.0 0.0
1151.3555908203125 0.0 0.0
1149.45703125 0.0 0.0
1147.5576171875 0.0 0.0
1145.657470703125 0.0 0.0
1143.7564697265625 0.0 0.0
1141.854736328125 0.0 0.0
1139.9522705078125 0.0 0.0
1138.0489501953125 0.0 0.0
1136.1448974609375 0.0 0.0
1134.239990234375 0.0 0.0
1132.3343505859375 0.0 0.0
1130.427978515625 0.0 0.0
1128.520751953125 0.0 0.0
1126.61279296875 0.0 0.0
1124.7039794921875 0.0 0.0
1122.79443359375 0.0 0.0
1120.884033203125 0.0 0.0
1118.972900390625 0.0 0.0
1117.0609130859375 0.0 0.0
1115.1480712890625 0.0 0.0
1113.234619140625 0.0 0.0
1111.3201904296875 0.0 0.0
1109.405029296875 0.0 0.0
1107.489013671875 0.0 0.0
1105.572265625 0.0 0.0
1103.6546630859375 0.0 0.0
1101.736328125 0.0 0.0
1099.817138671875 0.0 0.0
1097.8970947265625 0.0 0.0
1095.976318359375 0.0 0.0
1094.0546875 0.0 0.0
1092.1322021484375 0.0 0.0
1090.2088623046875 0.0 0.0
1088.2847900390625 0.0 0.0
1086.35986328125 0.0 0.0
1084.4342041015625 0.0 0.0
1082.507568359375 0.0 0.0
1080.5802001953125 0.0 0.0
1078.6519775390625 0.0 0.0
1076.7230224609375 0.0 0.0
1074.7930908203125 0.0 0.0
1072.8624267578125 0.0 0.0
1070.930908203125 0.0 0.0
1068.99853515625 0.0 0.0
1067.0653076171875 0.0 0.0
1065.1312255859375 0.0 0.0
1063.1964111328125 0.0 0.0
1061.2606201171875 0.0 0.0
1059.3240966796875 0.0 0.0
1057.38671875 0.0 0.0
1055.4483642578125 0.0 0.0
1053.50927734375 0.0 0.0
1051.5693359375 0.0 0.0
1049.6285400390625 0.0 0.0
1047.6868896484375 0.0 0.0
1045.744384765625 0.0 0.0
1043.801025390625 0.0 0.0
1041.8568115234375 0.0 0.0
1039.9117431640625 0.0 0.0
1037.9658203125 0.0 0.0
1036.01904296875 0.0 0.0
1034.0714111328125 0.0 0.0
1032.122802734375 0.0 0.0
1030.1734619140625 0.0 0.0
1028.22314453125 0.0 0.0
1026.2720947265625 0.0 0.0
1024.320068359375 0.0 0.0
1022.3672485351562 0.0 0.0
1020.4135131835938 0.0 0.0
1018.4588623046875 0.0 0.0
1016.50341796875 0.0 0.0
1014.5470581054688 0.0 0.0
1012.5897827148438 0.0 0.0
1010.6316528320312 0.0 0.0
1008.6726684570312 0.0 0.0
1006.7127685546875 0.0 0.0
1004.7520141601562 0.0 0.0
1002.7903442382812 0.0 0.0
1000.8278198242188 0.0 0.0
998.8643798828125 0.0 0.0
996.9000244140625 0.0 0.0
994.934814453125 0.0 0.0
992.9686889648438 0.0 0.0
991.0016479492188 0.0 0.0
989.0337524414062 0.0 0.0
987.06494140625 0.0 0.0
985.09521484375 0.0 0.0
983.1246337890625 0.0 0.0
981.1531372070312 0.0 0.0
979.1807250976562 0.0 0.0
977.2073974609375 0.0 0.0
975.233154296875 0.0 0.0
973.2579956054688 0.0 0.0
971.2819213867188 0.0 0.0
969.3049926757812 0.0 0.0
967.3270874023438 0.0 0.0
965.3482666015625 0.0 0.0
963.3685913085938 0.0 0.0
961.387939453125 0.0 0.0
959.4063720703125 0.0 0.0
957.4238891601562 0.0 0.0
955.4404907226562 0.0 0.0
953.4561767578125 0.0 0.0
951.470947265625 0.0 0.0
949.4847412109375 0.0 0.0
947.4976196289062 0.0 0.0
945.5095825195312 0.0 0.0
943.5206298828125 0.0 0.0
941.5307006835938 0.0 0.0
939.5398559570312 0.0 0.0
937.548095703125 0.0 0.0
935.5553588867188 0.0 0.0
933.5617065429688 0.0 0.0
931.567138671875 0.0 0.0
929.5715942382812 0.0 0.0
927.5750732421875 0.0 0.0
925.57763671875 0.0 0.0
923.5792846679688 0.0 0.0
921.5799560546875 0.0 0.0
919.5796508789062 0.0 0.0
917.5784301757812 0.0 0.0
915.5762329101562 0.0 0.0
913.5730590820312 0.0 0.0
911.5689697265625 0.0 0.0
909.5639038085938 0.0 0.0
907.557861328125 0.0 0.0
905.5509033203125 0.0 0.0
903.54296875 0.0 0.0
901.5340576171875 0.0 0.0
