wavelength flux error
1851.1864013671875 2.4465809152912632e-12 2.0279763111863414e-12
1853.84912109375 3.782934902829549e-12 1.9529237168386393e-12
1856.511962890625 2.5462824123495542e-12 2.948209818637304e-12
1859.1748046875 8.709415567215162e-13 2.656311151941204e-12
1861.8375244140625 2.7777333384826353e-12 1.4788686768241188e-12
1864.5003662109375 3.202653420242285e-12 1.3662618128865156e-12
1867.1632080078125 2.8103856590001863e-13 9.251530748086156e-13
1869.825927734375 1.8323619531412927e-12 9.270855567608538e-13
1872.48876953125 1.1630396081971361e-12 7.993828580847573e-13
1875.151611328125 1.37464421356287e-12 6.988985670579317e-13
1877.8143310546875 8.742244666896937e-13 6.427240467274387e-13
1880.4771728515625 -1.4403480849429356e-13 6.429077105754577e-13
1883.1400146484375 1.7148772636296772e-12 6.784777817694931e-13
1885.802734375 6.243005244710442e-13 5.661947148107027e-13
1888.465576171875 1.1029493290903858e-12 5.596833760335151e-13
1891.12841796875 1.3691564158466174e-12 5.546754461988046e-13
1893.7911376953125 1.321369446152798e-12 5.309035546255392e-13
1896.4539794921875 8.473094188082841e-13 4.620197995887365e-13
1899.11669921875 7.041864921036867e-13 7.74626077258006e-13
1901.779541015625 7.880026926115891e-13 4.695613472702198e-13
1904.4423828125 1.1955352072906544e-12 4.701273008042572e-13
1907.105224609375 1.0423263814562933e-12 4.382620026437134e-13
1909.7679443359375 1.574600692888506e-12 4.521334478688188e-13
1912.4307861328125 5.97194982267929e-13 3.694400471307424e-13
1915.093505859375 1.3940728996533758e-12 4.042388711093803e-13
1917.75634765625 1.4772636239279713e-12 3.964519684762635e-13
1920.419189453125 1.104599593217126e-12 3.7695977524350444e-13
1923.0819091796875 5.945494747569557e-13 2.955923266573235e-13
1925.7447509765625 1.0594655578191614e-12 3.5424579394004174e-13
1928.4075927734375 1.3983337057710266e-12 3.529042834869711e-13
1931.0703125 9.961900011498659e-13 3.144216115767706e-13
1933.733154296875 1.0136645212446838e-12 3.025452880844187e-13
1936.39599609375 1.098291596557388e-12 3.4175358940360945e-13
1939.0587158203125 1.0506258406664526e-12 2.968822019819295e-13
1941.7215576171875 1.0622166124116261e-12 2.840501271694773e-13
1944.3843994140625 1.296179634978356e-12 2.8897855787989035e-13
1947.047119140625 6.929494413172865e-13 2.418776171107112e-13
1949.7099609375 1.0298741026648628e-12 2.538545816697241e-13
1952.372802734375 8.877357399530994e-13 2.47599629601275e-13
1955.0355224609375 9.376100156693878e-13 2.4845257145036936e-13
1957.6983642578125 1.4355438495913808e-12 2.694229930301495e-13
1960.361083984375 1.1937885575907803e-12 2.493677465041644e-13
1963.02392578125 1.6093472041123214e-12 3.0726200121559966e-13
1965.686767578125 9.041171132075088e-13 2.1252497103742968e-13
1968.349609375 3.71393318659638e-13 1.7620732889293833e-13
1971.0123291015625 1.42356168086194e-12 2.40298991642518e-13
1973.6751708984375 1.078103318424839e-12 2.149928862325498e-13
1976.337890625 1.0931389257326507e-12 1.9979380834218158e-13
1979.000732421875 9.166695180695683e-13 1.8343201848951274e-13
1981.66357421875 1.0633329069684172e-12 1.9863054072626757e-13
1984.3262939453125 1.094480842761536e-12 1.9553030527162674e-13
1986.9891357421875 9.32120808490311e-13 1.7929764389770092e-13
1989.6519775390625 1.1619133389803582e-12 1.8202385670788856e-13
1992.314697265625 9.294615858218558e-13 1.762264650612827e-13
1994.9775390625 8.205802573893473e-13 1.6577857793118045e-13
1997.640380859375 8.742576432761717e-13 1.622437400356988e-13
2000.3031005859375 1.0156469849170735e-12 1.7291787305414447e-13
2002.9659423828125 9.22290781073254e-13 1.6688282429132978e-13
2005.6287841796875 9.886310520235142e-13 1.6548656162854863e-13
2008.29150390625 7.509567512102577e-13 1.4909388556649111e-13
2010.954345703125 1.1119579649415678e-12 1.779921018517025e-13
2013.6171875 1.4444263927299028e-12 1.9624075585020218e-13
2016.2799072265625 8.376701567634759e-13 1.4556656932358109e-13
2018.9427490234375 8.5541041481077e-13 1.4565601600281114e-13
2021.60546875 1.053955208697721e-12 1.6457226748901876e-13
2024.268310546875 1.0882637022438524e-12 1.6674139011792904e-13
2026.93115234375 1.1017134470339696e-12 1.5958542538656306e-13
2029.593994140625 1.0742033347901914e-12 1.585078775049112e-13
2032.2567138671875 6.874494463265934e-13 1.3430479872764828e-13
2034.9195556640625 1.1551702519888019e-12 2.0739734528287673e-13
2037.582275390625 9.341676737717464e-13 1.4983430078260862e-13
2040.2451171875 1.4442167080297441e-12 1.7990864603200513e-13
2042.907958984375 1.0347194021737005e-12 1.5464779251021105e-13
2045.57080078125 1.0897245562510594e-12 1.5836817805498643e-13
2048.2333984375 1.0390670528853674e-12 1.5684815371421607e-13
2050.896240234375 9.724486840778646e-13 1.4445222633070048e-13
2053.55908203125 1.0929525513792004e-12 1.4845665929213991e-13
2056.221923828125 1.34561394145305e-12 1.6154708592976824e-13
2058.884765625 9.536654235406394e-13 1.4178046757462592e-13
2061.547607421875 1.0643136762536476e-12 1.6494616816072755e-13
2064.21044921875 1.2430084088757565e-12 1.5134927003074977e-13
2066.873046875 8.981460323728707e-13 1.328554508159968e-13
2069.535888671875 1.0358166147722558e-12 1.4114039526957195e-13
2072.19873046875 1.0661489052710138e-12 1.3835638093106367e-13
2074.861572265625 7.953921267282726e-13 1.2456020644178306e-13
2077.5244140625 8.449205419515382e-13 1.2658658030215847e-13
2080.18701171875 6.330261835552076e-13 1.1291943942393079e-13
2082.849853515625 1.0317902131642964e-12 1.3276716965410218e-13
2085.5126953125 1.0281168277836983e-12 1.3676332202144925e-13
2088.175537109375 7.344258664762626e-13 1.1731380569670463e-13
2090.83837890625 8.542387175229649e-13 1.2881950822891952e-13
2093.501220703125 9.79868855326138e-13 1.2949806971109673e-13
2096.163818359375 7.691983985522177e-13 1.1669956450841013e-13
2098.82666015625 7.799894085648573e-13 1.276261946603005e-13
2101.489501953125 1.2311250109642291e-12 1.4437431285208024e-13
2104.15234375 9.195179340171222e-13 1.2495520839827384e-13
2106.815185546875 7.558517071785953e-13 1.1533055597773983e-13
2109.47802734375 8.969253291468693e-13 1.2364824333692404e-13
2112.140625 5.668305993848655e-13 1.0009272463596883e-13
2114.803466796875 7.988060083188864e-13 1.1582319033986294e-13
2117.46630859375 8.309582947944871e-13 1.1826859478737684e-13
2120.129150390625 1.0460055131084056e-12 1.2876510838491506e-13
2122.7919921875 7.390665770351523e-13 1.0939258396694407e-13
2125.45458984375 7.681545287005487e-13 1.0942920289531977e-13
2128.117431640625 8.631622977137154e-13 1.1428117024751827e-13
2130.7802734375 6.951952034872644e-13 1.044279747852879e-13
2133.443115234375 9.26566115500016e-13 1.1930259839927626e-13
2136.10595703125 8.583004641217473e-13 1.125534059942361e-13
2138.768798828125 7.179894699615996e-13 1.0489854563320092e-13
2141.431640625 9.881841438880157e-13 1.1995503060909657e-13
2144.09423828125 7.841201104218098e-13 1.0513802556431223e-13
2146.757080078125 7.848120482482901e-13 1.0530716787948355e-13
2149.419921875 8.749648141431754e-13 1.1118916117686117e-13
2152.082763671875 9.964113952334874e-13 1.1940254828705227e-13
2154.74560546875 6.657823706408827e-13 9.756371464842914e-14
2157.408203125 8.076731015764504e-13 1.0382214294009373e-13
2160.071044921875 1.035155793548126e-12 1.1667679626278793e-13
2162.73388671875 9.313267388191826e-13 1.1293612258485991e-13
2165.396728515625 8.036650771953147e-13 1.0049025413877422e-13
2168.0595703125 7.852349413056681e-13 1.2277575874367064e-13
2170.72216796875 6.97085347344667e-13 1.1857341822817113e-13
2173.385009765625 7.660375697486621e-13 9.784230717291287e-14
2176.0478515625 8.411273522308804e-13 1.0454121292594043e-13
2178.710693359375 7.057434064233759e-13 9.543369106036412e-14
2181.37353515625 6.885828170676012e-13 9.552344267145518e-14
2184.036376953125 7.597435050868406e-13 9.64218668016853e-14
2186.69921875 7.402514473793531e-13 9.390739867578407e-14
2189.36181640625 7.856160925794053e-13 9.752935221582493e-14
2192.024658203125 7.358093084483541e-13 1.0089853757187794e-13
2194.6875 7.405188658451967e-13 9.264133514139128e-14
2197.350341796875 5.717663213548885e-13 8.414865077530434e-14
2200.01318359375 7.594935964860827e-13 9.521310335210836e-14
2202.67578125 8.543924573910233e-13 9.811668486145106e-14
2205.338623046875 8.306368830604538e-13 9.783427052430932e-14
2208.00146484375 6.309832756117018e-13 1.0399526292198535e-13
2210.664306640625 5.462740719844317e-13 7.622049692790345e-14
2213.3271484375 1.0642362642185321e-12 1.3933160723268723e-13
2215.989990234375 6.965692671105639e-13 8.527662083424037e-14
2218.652587890625 5.487707185371227e-13 7.566064880734982e-14
2221.3154296875 9.039630480787986e-13 9.864900779935071e-14
2223.978271484375 1.062221382901185e-12 1.1791755722898034e-13
2226.64111328125 6.23475988718869e-13 1.3120273368184138e-13
2229.303955078125 7.642310178787581e-13 1.1244989179181805e-13
2231.966796875 6.759310450764333e-13 8.02378793290405e-14
2234.62939453125 6.366557129579287e-13 7.583154617478785e-14
2237.292236328125 7.081860054977684e-13 8.391043122921854e-14
2239.955078125 6.632202924870823e-13 8.062412635298846e-14
2242.617919921875 5.982705108230346e-13 7.409640934673278e-14
2245.28076171875 8.196456209065561e-13 8.93624028399341e-14
2247.943359375 8.938727037201277e-13 9.192336291024422e-14
2250.606201171875 6.554864073402e-13 7.63226829826602e-14
2253.26904296875 6.69768114667374e-13 7.611520734442795e-14
2255.931884765625 6.46609502052975e-13 8.458764423494372e-14
2258.5947265625 6.189210385518229e-13 7.153384330195467e-14
2261.257568359375 6.794308496892165e-13 7.707276115063999e-14
2263.92041015625 8.727335802823089e-13 1.4215595389201197e-13
2266.5830078125 7.092596366990722e-13 7.640346282077395e-14
2269.245849609375 7.166511850099921e-13 7.488807344429096e-14
2271.90869140625 7.430599104768509e-13 7.838378519387304e-14
2274.571533203125 1.0149368324940955e-12 9.339933476149379e-14
2277.234375 7.401978877920323e-13 1.1652137588136213e-13
2279.89697265625 7.57095449700762e-13 7.47551028240992e-14
2282.559814453125 6.450231516443028e-13 6.828831120367362e-14
2285.22265625 7.077633834909336e-13 7.16305473594768e-14
2287.885498046875 6.789001327257849e-13 7.161406071019144e-14
2290.54833984375 7.375551449965989e-13 7.08299114889413e-14
2293.2109375 7.749902607677439e-13 1.5239479329073186e-13
2295.873779296875 7.323536308639911e-13 6.964704691875961e-14
2298.53662109375 7.680429100868913e-13 7.22025249918351e-14
2301.199462890625 8.748772106076386e-13 7.736877544878284e-14
2303.8623046875 7.277140587173825e-13 7.141416093463943e-14
2306.525146484375 6.967687603103012e-13 6.625730237901084e-14
2309.18798828125 7.992652221490426e-13 7.652317229314351e-14
2311.8505859375 6.574641547331395e-13 6.005146466897537e-14
2314.513427734375 6.593029616176749e-13 6.18501018630202e-14
2317.17626953125 6.863222013278603e-13 1.0484991916576494e-13
2319.839111328125 6.902083071747001e-13 6.322022847718087e-14
2322.501953125 8.32660980096267e-13 7.146329562184375e-14
2325.16455078125 6.28658583523567e-13 5.84984331483164e-14
2327.827392578125 7.4100735313401e-13 6.871989143095864e-14
2330.490234375 6.418175995011322e-13 5.922032205981156e-14
2333.153076171875 8.846248928696954e-13 1.1092956251918668e-13
2335.81591796875 1.1280544640751566e-12 1.6157977462526868e-13
2338.478515625 6.909199232706109e-13 5.848662889716347e-14
2341.1416015625 6.498996761757081e-13 5.6502742209422335e-14
2343.80419921875 5.965420757196582e-13 5.758567044435517e-14
2346.467041015625 5.06511933090481e-13 6.397114012558075e-14
2349.1298828125 5.87275345541316e-13 5.445790980706036e-14
2351.792724609375 6.210677588533442e-13 6.810342085194696e-14
2354.45556640625 7.971205076215404e-13 6.26137190056289e-14
2357.1181640625 7.143212887514294e-13 5.709897208912643e-14
2359.781005859375 7.110949199265471e-13 6.042458607037268e-14
2362.44384765625 7.966234551355644e-13 6.060587822613941e-14
2365.106689453125 7.279898255399542e-13 5.785558257519544e-14
2367.76953125 7.626027088460108e-13 5.965293905542401e-14
2370.43212890625 8.771428136773729e-13 6.528220482639527e-14
2373.094970703125 6.348761577221196e-13 7.429489288319699e-14
2375.7578125 6.760496025839946e-13 8.595941070489027e-14
2378.420654296875 6.973307022963005e-13 5.3209966001475234e-14
2381.08349609375 6.024063626403064e-13 5.2844881248681475e-14
2383.746337890625 5.363370338129503e-13 4.5830560754887145e-14
2386.4091796875 5.49184612716469e-13 5.441561575793806e-14
2389.07177734375 5.653751663885209e-13 4.5372393857453716e-14
2391.734619140625 7.606809062851716e-13 6.094848611264483e-14
2394.3974609375 7.335493974400253e-13 9.055869796452745e-14
2397.060302734375 8.805375048895336e-13 6.109637128897186e-14
2399.72314453125 7.372476110503734e-13 6.729275611131597e-14
2402.3857421875 7.632470501971189e-13 5.4861663307962175e-14
2405.048583984375 8.240338749895826e-13 6.766204214752811e-14
2407.71142578125 8.107774976569282e-13 5.995074906341505e-14
2410.374267578125 6.709791684940403e-13 6.91405957552009e-14
2413.037109375 6.991261953040451e-13 5.0580301394747423e-14
2415.69970703125 8.169621663195459e-13 5.6622167078721614e-14
2418.362548828125 8.33841351001452e-13 5.477505588317132e-14
2421.025390625 8.090448341650791e-13 8.361869275339343e-14
2423.688232421875 1.0556190253516173e-12 6.545884846534747e-14
2426.35107421875 8.53230897393531e-13 5.5981390042255524e-14
2429.013916015625 8.255381512937976e-13 1.2125130272652024e-13
2431.6767578125 7.636321588087858e-13 8.500739310602148e-14
2434.33935546875 7.923982108491712e-13 5.158917523316771e-14
2437.002197265625 8.838283295335703e-13 5.67682429926733e-14
2439.6650390625 8.542694546545548e-13 5.5053895741275644e-14
2442.327880859375 7.667876208115876e-13 4.97102935258318e-14
2444.99072265625 8.363178313937347e-13 7.914124948915288e-14
2447.6533203125 8.376957981448552e-13 5.330891977850527e-14
2450.316162109375 8.591872330786232e-13 6.41424643976242e-14
2452.97900390625 8.53238974699716e-13 8.492241876075293e-14
2455.641845703125 7.49591523834664e-13 4.755235511995706e-14
2458.3046875 7.330390634774364e-13 4.6304794173264094e-14
2460.96728515625 7.56946263481828e-13 4.7105978921149413e-14
2463.63037109375 9.265873658625967e-13 6.818062959915508e-14
2466.29296875 8.734474189926733e-13 6.573647198413954e-14
2468.955810546875 7.276705822102658e-13 6.924730157776421e-14
2471.61865234375 7.836017533631445e-13 4.8652908416456364e-14
2474.281494140625 7.832300888584165e-13 5.130143814098542e-14
2476.9443359375 9.440682827502322e-13 8.388224197273392e-14
2479.60693359375 7.689142291628093e-13 4.56427023997133e-14
2482.269775390625 8.938214209573692e-13 5.283273140808606e-14
2484.9326171875 8.260336858967321e-13 5.431057689621495e-14
2487.595458984375 8.681961399803484e-13 5.0361516172603427e-14
2490.25830078125 7.737510718947016e-13 6.80856670413725e-14
2492.9208984375 6.716474707131603e-13 4.0644486338841865e-14
2495.583740234375 7.969210144218031e-13 4.616060544871889e-14
2498.24658203125 8.752683907514713e-13 7.029145603250353e-14
2500.909423828125 8.062197827743423e-13 4.625720786228735e-14
2503.572265625 8.066038613939452e-13 5.916656596084702e-14
2506.235107421875 8.953252093706066e-13 1.0514669918169212e-13
2508.89794921875 8.389717414715447e-13 4.782947041898078e-14
2511.560546875 7.940064079316189e-13 8.69107981112463e-14
2514.223388671875 8.958320738862435e-13 5.356919606253757e-14
2516.88623046875 8.324349781534124e-13 5.3175769587328683e-14
2519.549072265625 9.323737528571518e-13 5.091777626159248e-14
2522.2119140625 7.578844236216797e-13 4.2718565094806635e-14
2524.87451171875 7.53887783363355e-13 4.233056640672375e-14
2527.537353515625 9.916590118508317e-13 1.2081027638780745e-13
2530.2001953125 1.0750531324529855e-12 7.012263220172038e-14
2532.863037109375 8.955663359337673e-13 4.754384074477126e-14
2535.52587890625 8.555901755309681e-13 4.6074258910075785e-14
2538.1884765625 7.445558926344464e-13 4.3983432618677903e-14
2540.851318359375 8.535517128163694e-13 4.533295261529777e-14
2543.51416015625 7.985904689269963e-13 5.000032438323525e-14
2546.177001953125 8.350376054684638e-13 4.4073922842498975e-14
2548.83984375 8.879027070876622e-13 4.793954065641058e-14
2551.502685546875 1.0997062635520471e-12 1.037646192385798e-13
2554.16552734375 8.819668628236299e-13 7.074358189095714e-14
2556.828125 7.928536841818323e-13 7.683336253469161e-14
2559.490966796875 8.311680879148631e-13 4.2580153134961704e-14
2562.15380859375 9.36995923558892e-13 8.683850215513225e-14
2564.816650390625 8.754538977431836e-13 6.889149352980878e-14
2567.4794921875 8.948219769322474e-13 5.684236515182163e-14
2570.14208984375 8.29117861606693e-13 4.594768169456989e-14
2572.804931640625 9.032737123375323e-13 5.107440959419875e-14
2575.4677734375 7.995083544862225e-13 4.132898721604522e-14
2578.130615234375 8.670418441374117e-13 7.71951675759136e-14
2580.79345703125 8.893698494674696e-13 4.421610240489329e-14
2583.4560546875 9.032681829064526e-13 5.563654937690114e-14
2586.119140625 5.958304054136387e-13 3.494083752257453e-14
2588.78173828125 6.740800951275661e-13 3.9994029409854553e-14
2591.444580078125 8.804305483452179e-13 5.296221225253514e-14
2594.107421875 7.888728190651173e-13 3.908784645782759e-14
2596.770263671875 7.242272645306691e-13 4.607390654436973e-14
2599.43310546875 6.420761817192699e-13 6.920059279292082e-14
2602.095703125 6.091705373641176e-13 3.860141237687839e-14
2604.758544921875 8.004428825487964e-13 3.833195764382964e-14
2607.42138671875 8.026003906619339e-13 3.8396894577697946e-14
2610.084228515625 9.494127489392823e-13 4.6780806360830277e-14
2612.7470703125 9.046823078000255e-13 4.20742542368846e-14
2615.40966796875 7.342014366265581e-13 3.520556242364581e-14
2618.072509765625 7.095263504335036e-13 4.7697065616797776e-14
2620.7353515625 8.118708613377712e-13 6.734084725392928e-14
2623.398193359375 8.842396216277026e-13 4.090341075829035e-14
2626.06103515625 9.25277107537148e-13 6.087636633938381e-14
2628.723876953125 7.571494429689518e-13 3.620616922050089e-14
2631.38671875 8.201609964092471e-13 5.4027423946343203e-14
2634.04931640625 8.445308796907469e-13 3.7632501552909564e-14
2636.712158203125 9.3968734703187e-13 4.200050816036485e-14
2639.375 8.105080734170655e-13 3.8210350817658237e-14
2642.037841796875 8.75851474679834e-13 5.170701106865794e-14
2644.70068359375 6.876961023208339e-13 3.206082046982445e-14
2647.36328125 8.306584586836863e-13 6.964182241954095e-14
2650.026123046875 8.78977337963327e-13 3.875290252542893e-14
2652.68896484375 8.816104855695339e-13 4.479448360633284e-14
2655.351806640625 8.50579860451478e-13 4.0120853958981045e-14
2658.0146484375 8.940068195288642e-13 3.843669834995532e-14
2660.67724609375 8.24676590037432e-13 3.558332556559407e-14
2663.34033203125 9.490500833125859e-13 7.549442706178064e-14
2666.0029296875 8.255211835297982e-13 3.546731254500633e-14
2668.665771484375 8.472359099009896e-13 3.634000720243065e-14
2671.32861328125 8.881875812084827e-13 7.045469622209838e-14
2673.991455078125 9.25506524716846e-13 3.8419689928374454e-14
2676.654296875 8.110207926244339e-13 3.431398231962951e-14
2679.31689453125 8.02309499219056e-13 3.411027428394664e-14
2681.979736328125 8.60209202046408e-13 3.5971944281794344e-14
2684.642578125 8.037580475316053e-13 3.3868659829808245e-14
2687.305419921875 7.706229317866464e-13 3.2677819597395213e-14
2689.96826171875 8.163981643494189e-13 4.073626744087455e-14
2692.630859375 9.051998517070614e-13 3.701017967029825e-14
2695.293701171875 7.921807741034792e-13 3.272891262477359e-14
2697.95654296875 7.818687646106437e-13 3.2374307363603264e-14
2700.619384765625 7.871692664015995e-13 3.246585129641072e-14
2703.2822265625 7.961547545363989e-13 3.275709510499464e-14
2705.94482421875 7.68728722171097e-13 3.2419152675962695e-14
2708.60791015625 9.147861504757437e-13 3.666161883623953e-14
2711.2705078125 8.936385160508709e-13 3.601526493484872e-14
2713.933349609375 8.042275612824001e-13 3.280184554966398e-14
2716.59619140625 8.767123854148962e-13 4.64425657762009e-14
2719.259033203125 8.084249957830691e-13 3.314189878480048e-14
2721.921875 9.334223931983798e-13 3.646686224474324e-14
2724.58447265625 8.555359654223438e-13 3.7660351996215286e-14
2727.247314453125 7.315024779484813e-13 3.1159536756364403e-14
2729.91015625 7.263830379203307e-13 2.9297670246872937e-14
2732.572998046875 8.277965986291935e-13 4.0858429920659356e-14
2735.23583984375 8.430528952892147e-13 3.240873417071147e-14
2737.8984375 8.689082981773455e-13 3.394128782283762e-14
2740.561279296875 8.222974167901298e-13 3.180205529257005e-14
2743.22412109375 8.89252050901429e-13 3.438835181239844e-14
2745.886962890625 8.157852648613129e-13 3.1336380295092156e-14
2748.5498046875 8.635611214828642e-13 3.769912916454059e-14
2751.212646484375 9.04741667868969e-13 5.0180254510022795e-14
2753.87548828125 7.869604490631787e-13 3.0549679810604885e-14
2756.5380859375 8.060401304743614e-13 3.114451716814369e-14
2759.200927734375 7.915690672377629e-13 3.027762638047396e-14
2761.86376953125 8.439013919094018e-13 3.186448500891448e-14
2764.526611328125 8.277208671074454e-13 3.1306151383270545e-14
2767.189453125 8.331100024260019e-13 3.0949791069833504e-14
2769.85205078125 6.733263577772541e-13 2.613298574934142e-14
2772.514892578125 7.589526880222297e-13 2.894120490135044e-14
2775.177734375 7.769231764008511e-13 3.060417113416765e-14
2777.840576171875 7.457232531135616e-13 2.8082635365354533e-14
2780.50341796875 8.664364798544044e-13 3.228937706404797e-14
2783.166015625 8.924931106657485e-13 3.334908304369888e-14
2785.8291015625 8.338367431422189e-13 3.1083967864942164e-14
2788.49169921875 7.740673336684156e-13 2.890386768903547e-14
2791.154541015625 6.843836478434562e-13 2.5905291434658202e-14
2793.8173828125 6.518565526768272e-13 2.491590443622245e-14
2796.47998046875 4.44633885916465e-13 2.9511620604954006e-14
2799.14306640625 4.610896083348526e-13 2.1272226195150415e-14
2801.8056640625 4.742570810893632e-13 2.0079886714420743e-14
2804.468505859375 4.552260803557251e-13 1.9569281701288695e-14
2807.13134765625 5.870276595550117e-13 2.3284192025093027e-14
2809.794189453125 7.716671268989672e-13 2.8116365911380094e-14
2812.45703125 7.850656431364345e-13 2.8360604473589082e-14
2815.11962890625 8.348829440285588e-13 2.974803088866447e-14
2817.78271484375 7.823924342599542e-13 2.793657300393e-14
2820.4453125 7.795987705221108e-13 2.7938778677724652e-14
2823.108154296875 7.255580684872864e-13 2.596543585611094e-14
2825.77099609375 7.570610804918942e-13 2.696800607533776e-14
2828.43359375 8.513756648460824e-13 3.031103674804546e-14
2831.0966796875 7.040208802218395e-13 2.515538267326787e-14
2833.75927734375 7.869901562027048e-13 2.714983863812484e-14
2836.422119140625 8.119902319969619e-13 2.7929186876629944e-14
2839.0849609375 8.05038436087202e-13 2.7618903461457643e-14
2841.74755859375 8.047456472905223e-13 2.7473386589251143e-14
2844.41064453125 8.276615070385018e-13 4.164140346017871e-14
2847.0732421875 7.369664774270479e-13 2.565467471435639e-14
2849.736083984375 8.235907615616878e-13 3.896532144794136e-14
2852.39892578125 6.387657330159113e-13 2.2841246309721758e-14
2855.061767578125 6.333942701927664e-13 2.2521962322451933e-14
2857.724609375 6.770560674607129e-13 2.3454123774971185e-14
2860.38720703125 7.446158490145849e-13 2.5889128351958696e-14
2863.05029296875 6.937344579002747e-13 2.3951320256548198e-14
2865.712890625 7.237754774853944e-13 2.457750799753078e-14
2868.375732421875 7.555863486968795e-13 2.542853894029612e-14
2871.03857421875 8.377686023207376e-13 2.760158841394987e-14
2873.701171875 7.200345463094504e-13 2.425542371933733e-14
2876.3642578125 8.008137881120037e-13 2.665220339348115e-14
2879.02685546875 7.526067984965634e-13 2.5163778463841054e-14
2881.689697265625 8.599637386745573e-13 2.8087275411839592e-14
2884.3525390625 7.800951724867833e-13 2.561716131918839e-14
2887.015380859375 7.456098997764282e-13 2.4838239985288703e-14
2889.67822265625 8.184340249788036e-13 2.6637619180195325e-14
2892.3408203125 7.64221802160292e-13 2.517321949307115e-14
2895.00390625 6.841303240058549e-13 2.303602323000878e-14
2897.66650390625 7.518880266663142e-13 2.4633134345242863e-14
2900.329345703125 7.031813282695754e-13 2.341692039386188e-14
2902.9921875 7.165034082538824e-13 2.3667972489098583e-14
2905.65478515625 7.271205122380553e-13 2.393413056991662e-14
2908.31787109375 7.788756618831716e-13 2.5102556616479407e-14
2910.98046875 7.65943948891068e-13 2.4524251648005112e-14
2913.643310546875 6.999463942475304e-13 2.2912768077722016e-14
2916.30615234375 6.738827703321737e-13 2.2289500906341568e-14
2918.96875 7.163805139376311e-13 2.3137536740605417e-14
2921.6318359375 8.120879186127028e-13 2.5447058468654887e-14
2924.29443359375 7.24683063123982e-13 2.3461010152832362e-14
2926.957275390625 7.632423339176686e-13 2.7599701224543388e-14
2929.6201171875 7.045331115382303e-13 2.2819921408241683e-14
2932.282958984375 8.373406135131489e-13 2.572754665287457e-14
2934.94580078125 7.313369744868514e-13 2.3432963197882878e-14
2937.6083984375 7.313164288556828e-13 2.3247169909034436e-14
2940.271484375 6.937693692102287e-13 2.2554584949382485e-14
2942.93408203125 7.488061277809155e-13 2.356212894607558e-14
2945.596923828125 7.587617058095464e-13 2.4016611250188453e-14
2948.259765625 7.383839633473555e-13 2.343686801976972e-14
2950.92236328125 7.286096639219641e-13 2.6508958263639186e-14
2953.58544921875 7.564328395430475e-13 2.374793578745118e-14
2956.248046875 7.454404389768687e-13 2.3399280085702363e-14
2958.910888671875 7.171176087845954e-13 2.2861148195850445e-14
2961.57373046875 7.585270844594205e-13 2.378696875972655e-14
2964.236328125 7.683538592699601e-13 2.398332624349315e-14
2966.8994140625 7.116207579802025e-13 2.3020878280911872e-14
2969.56201171875 7.752047701675702e-13 2.4199914262171968e-14
2972.224853515625 6.736303138563104e-13 2.2386276114631266e-14
2974.8876953125 7.305274549347651e-13 2.345105243350444e-14
2977.550537109375 7.090752681196411e-13 2.343758969184078e-14
2980.21337890625 6.659403931075225e-13 2.26156932943292e-14
2982.8759765625 7.591209561993995e-13 2.410003552516353e-14
2985.5390625 7.507899467060208e-13 2.4089339193105602e-14
2988.20166015625 6.574965181679882e-13 2.2757080033884887e-14
2990.864501953125 6.880726999454467e-13 2.3342686426364515e-14
2993.52734375 6.425293240172603e-13 2.2703674606560503e-14
2996.18994140625 6.924051718266988e-13 2.381183087079436e-14
2998.85302734375 7.53031914168395e-13 2.475057885151146e-14
3001.515625 6.869359681777043e-13 2.369671570513071e-14
3004.178466796875 6.92118454562185e-13 2.3607084372718155e-14
3006.84130859375 6.540521704963276e-13 2.3204587868710068e-14
3009.504150390625 6.701711126148868e-13 2.3498657379206027e-14
3012.1669921875 6.573370862385242e-13 2.3681389490983092e-14
3014.82958984375 7.021486257002829e-13 2.4461898164625934e-14
3017.49267578125 7.623087274269413e-13 2.5386119530297624e-14
3020.1552734375 7.442805594927437e-13 2.5345821090799053e-14
3022.818115234375 7.913184539055929e-13 2.617019929484609e-14
3025.48095703125 7.618362321201722e-13 2.610721392488826e-14
3028.1435546875 7.566788992260931e-13 2.6201503938510715e-14
3030.806640625 7.803766855808691e-13 2.6348299830467568e-14
3033.46923828125 7.210779282701418e-13 2.5726770770694886e-14
3036.132080078125 6.712736378040873e-13 2.5221818855452813e-14
3038.794921875 6.697477858766399e-13 2.536394928993619e-14
3041.45751953125 7.091296408585912e-13 2.613043787423608e-14
3044.12060546875 6.811078936096171e-13 2.587973983877133e-14
3046.783203125 7.390300936320482e-13 2.6893411271804862e-14
3049.446044921875 6.671827803769736e-13 2.604648674476781e-14
3052.10888671875 5.021963205530111e-13 3.154063043186127e-14
3065.4228515625 7.332085242769959e-13 2.8791317339136105e-14
3068.085693359375 7.813365297641706e-13 2.978957277252961e-14
3070.74853515625 7.075020907673646e-13 2.849026827715477e-14
3073.4111328125 7.369308071755731e-13 2.9200183530907545e-14
3076.07421875 7.492434407271875e-13 2.989361213537496e-14
3078.73681640625 7.100177108580741e-13 2.952877132807001e-14
3081.399658203125 6.718528728147377e-13 2.884873939669637e-14
3084.0625 6.738560989587306e-13 2.912360497621218e-14
3086.72509765625 6.285035426129015e-13 2.8692715927812126e-14
3089.38818359375 6.874879355037167e-13 3.002444823253965e-14
3092.05078125 6.440229209300763e-13 2.9352971333933275e-14
3094.713623046875 6.775197265197763e-13 3.024494784936889e-14
3097.37646484375 7.208087208707137e-13 3.161149998449214e-14
3100.039306640625 7.03720556220061e-13 3.1468839307383784e-14
3102.7021484375 6.469935264624693e-13 3.055813997568206e-14
3105.36474609375 6.470509891776111e-13 3.070325027207388e-14
3108.02783203125 6.608943535664491e-13 3.1283806654121976e-14
3110.6904296875 6.771944658680307e-13 3.151342712172725e-14
3113.353271484375 6.556814553110302e-13 3.120109896902028e-14
3116.01611328125 6.412901893543266e-13 3.150676266649825e-14
3118.6787109375 6.197558200145281e-13 3.1264372330180173e-14
3121.341796875 6.518454938146678e-13 3.192370277632292e-14
3124.00439453125 6.305905775848275e-13 3.173154149377702e-14
3126.667236328125 6.260982400932424e-13 3.172499901129243e-14
3129.330078125 6.597624464983742e-13 3.2575220190560195e-14
3131.992919921875 6.866284342314788e-13 3.63568360530267e-14
3134.65576171875 7.12508448508925e-13 3.4512055892147245e-14
3137.318359375 6.770385033855186e-13 3.36128694322646e-14
3139.9814453125 7.277269065131264e-13 3.517281274177317e-14
3142.64404296875 7.596547631390227e-13 3.6591999504238804e-14
3145.306884765625 6.883220664451184e-13 3.5087635108597276e-14
3147.9697265625 6.985206141806033e-13 3.5738928906136475e-14
3150.63232421875 6.548813683178445e-13 3.413106386060405e-14
3153.29541015625 6.092513104259678e-13 3.334453617083802e-14
3155.9580078125 6.459461871638483e-13 3.430988606829659e-14
3158.620849609375 6.147876803995478e-13 3.365753178550743e-14
3161.28369140625 6.479173209235356e-13 3.4788097153393843e-14
3163.9462890625 6.166456776625362e-13 3.4512747071032204e-14
3166.609375 6.337379622814443e-13 3.5300548698350906e-14
3169.27197265625 6.780826984978394e-13 3.6618819955480664e-14
3171.934814453125 6.635514078305593e-13 3.695771106141353e-14
3174.59765625 6.623417092566086e-13 3.70991045772328e-14
3177.260498046875 7.008772902328264e-13 3.7566795513125154e-14
3179.92333984375 6.803858149627418e-13 3.700972904877031e-14
3182.5859375 7.091126188844832e-13 3.82463937636298e-14
3185.2490234375 7.183782648606529e-13 3.837739926738394e-14
3187.91162109375 7.169413175113493e-13 3.822653253508258e-14
3190.574462890625 6.952516362103422e-13 3.872625486890831e-14
3193.2373046875 6.326554406223261e-13 3.684563166183284e-14
3195.89990234375 6.474703585779285e-13 3.687897087863677e-14
3198.56298828125 6.47924042977005e-13 3.712598940297865e-14
3201.2255859375 5.718794578515873e-13 3.497251316667005e-14
3203.888427734375 5.732604061586821e-13 3.5218189990823476e-14
3206.55126953125 6.684405633172741e-13 4.005199695663285e-14
3209.2138671875 6.937822170059726e-13 4.118926404919794e-14
3211.876953125 6.537630137769257e-13 3.8410338684636766e-14
3214.53955078125 7.198510450917572e-13 4.0747041699963626e-14
3217.202392578125 7.807455853700573e-13 4.308383619484879e-14
3219.865234375 7.303756124205085e-13 4.723792971367269e-14
3222.528076171875 6.894216642884532e-13 3.9653522165058325e-14
3225.19091796875 6.522548343448897e-13 3.872200276351309e-14
3227.853515625 6.139079045466844e-13 3.768615939605223e-14
3230.5166015625 6.85511380733167e-13 3.949318899253845e-14
3233.17919921875 7.416924604868036e-13 4.0864464183375596e-14
3235.842041015625 6.942521102275279e-13 4.014509943006325e-14
3238.5048828125 6.56826210174849e-13 3.8970068220577775e-14
3241.16748046875 5.631550455999224e-13 3.5296452447017984e-14
3243.83056640625 6.167147955510321e-13 3.73180727584934e-14
3246.4931640625 5.592992432038035e-13 3.471556402805456e-14
3249.156005859375 5.461515571389408e-13 3.4208818097030205e-14
3251.81884765625 5.660765367739018e-13 3.425249111579064e-14
3254.481689453125 6.375463308325169e-13 3.645863586075951e-14
3257.14453125 7.023235617208134e-13 4.383531366125744e-14
3259.80712890625 5.801462283662462e-13 3.5361921317577164e-14
3262.47021484375 5.228573650428725e-13 3.202956834220255e-14
3265.1328125 5.550722099838257e-13 3.3037134361752277e-14
3267.795654296875 6.462152319329506e-13 3.5521227886164963e-14
3270.45849609375 5.914497949559283e-13 3.342171442486004e-14
3273.12109375 5.976658512714395e-13 3.3434453800386746e-14
3275.7841796875 6.764409995682619e-13 3.6505324316812165e-14
3278.44677734375 7.702995684887026e-13 3.912576981694206e-14
3281.109619140625 5.882469533181889e-13 3.350789494504548e-14
3283.7724609375 5.09869219327691e-13 3.107452514164617e-14
3286.43505859375 4.681882052187669e-13 3.127399801259277e-14
3289.09814453125 4.091861669375946e-13 3.2178486898725225e-14
3291.7607421875 4.404601412332648e-13 3.467016306208173e-14
3294.423583984375 4.677054099913591e-13 3.576153113330101e-14
3297.08642578125 4.726785369363329e-13 3.846878395799731e-14
3299.749267578125 4.784429146267866e-13 3.5517399297243374e-14
3302.412109375 4.729478527559783e-13 3.650699805391594e-14
3305.07470703125 5.012800612970436e-13 3.827436279154814e-14
3307.73779296875 5.364838889972134e-13 3.972770192244707e-14
3310.400390625 5.98501012204905e-13 4.0412883814140016e-14
3313.063232421875 5.57365948099936e-13 4.3028074321865145e-14
3315.72607421875 6.04615804037506e-13 4.895656295178345e-14
3318.388671875 5.920987441662695e-13 5.103257294286796e-14
3321.0517578125 5.956219133358698e-13 5.675794646016648e-14
3323.71435546875 6.227748893840312e-13 5.912738560483882e-14
3326.377197265625 8.02554637330255e-13 6.210429306235943e-14
3329.0400390625 8.398051676815343e-13 6.132896653628789e-14
3331.70263671875 7.620763829013777e-13 6.246932360504456e-14
3334.36572265625 8.264856355723327e-13 6.507981816211011e-14
3337.0283203125 6.459759485134831e-13 5.97615015742077e-14
3339.691162109375 6.450510698502443e-13 6.232878389843613e-14
3342.35400390625 6.505182135151111e-13 7.110201235291727e-14
3345.016845703125 6.366682897031295e-13 7.599936711856145e-14
3347.6796875 7.514395464376655e-13 7.895898832769449e-14
