wavelength flux error
1851.1864013671875 6.972276488798057e-13 3.7236774536215933e-13
1853.84912109375 4.564902058787346e-13 3.413945829592452e-13
1856.511962890625 -1.0681082754371296e-12 5.261804989116492e-13
1859.1748046875 1.629062011156146e-13 5.731375660525395e-13
1861.8375244140625 1.0078353082643154e-13 2.540828333320866e-13
1864.5003662109375 -1.0308577315333231e-13 2.343345244411321e-13
1867.1632080078125 3.0728566392801415e-14 2.460725850514378e-13
1869.825927734375 1.5032377740590436e-13 1.6526648214006123e-13
1872.48876953125 3.787055846866949e-14 1.5281465058202687e-13
1875.151611328125 2.1334264582273214e-14 1.2590265201922746e-13
1877.8143310546875 -1.2848740355096006e-13 1.1078133852968075e-13
1880.4771728515625 -3.923942469780464e-14 1.1763780596342477e-13
1883.1400146484375 -1.5014539904347618e-14 1.111215001850345e-13
1885.802734375 -1.5715261462490894e-14 9.900743148504726e-14
1888.465576171875 2.302556474480244e-13 1.0005943962927352e-13
1891.12841796875 7.999566178744366e-14 9.24663516870157e-14
1893.7911376953125 6.495705937113044e-14 8.814626003932069e-14
1896.4539794921875 -1.985878638182531e-13 7.79401838750006e-14
1899.11669921875 5.700885455980215e-14 7.601375312613762e-14
1901.779541015625 1.1235126327543976e-13 8.189400492377569e-14
1904.4423828125 -5.708816394871946e-14 7.610763825801128e-14
1907.105224609375 6.346004722147108e-14 7.329824003613969e-14
1909.7679443359375 1.1643653706136514e-13 9.977363038407919e-14
1912.4307861328125 -1.2643996906338412e-13 6.725379259574227e-14
1915.093505859375 5.2340967795832735e-14 6.814361764749186e-14
1917.75634765625 -4.510418150998035e-16 9.205360269621404e-14
1920.419189453125 -1.3366234117781484e-13 5.2323735757553794e-14
1923.0819091796875 3.011814024090134e-14 4.959926783523749e-14
1925.7447509765625 2.4898933284091262e-14 5.799672536926231e-14
1928.4075927734375 2.2170340311321833e-14 5.378373595554993e-14
1931.0703125 6.11643507651867e-14 4.982722473013436e-14
1933.733154296875 -5.2479003673049085e-14 4.6484578610384714e-14
1936.39599609375 6.890269469350327e-14 4.8239973078406315e-14
1939.0587158203125 1.147116984598828e-14 4.4514569710451396e-14
1941.7215576171875 1.3261799698769533e-13 4.611643098645368e-14
1944.3843994140625 -1.2571937230065e-15 4.0406642875384646e-14
1947.047119140625 -3.9321329395672344e-14 3.787513583471645e-14
1949.7099609375 -2.2609799639082204e-14 4.84519447675226e-14
1952.372802734375 2.659905885230452e-14 4.057537861474128e-14
1955.0355224609375 -1.6314105285870212e-14 4.8559243513148984e-14
1957.6983642578125 -1.6982011093570962e-14 3.5416385536085615e-14
1960.361083984375 8.244302457513161e-14 4.601446516026321e-14
1963.02392578125 -1.426391963528159e-14 3.507662029215118e-14
1965.686767578125 -3.9483074995631763e-16 2.988448450833535e-14
1968.349609375 -7.313517094720019e-15 2.886373526799456e-14
1971.0123291015625 -8.58528793711141e-15 2.9822823897907025e-14
1973.6751708984375 2.036715455035025e-14 2.929242880699533e-14
1976.337890625 1.0286967133156522e-13 4.430328920022007e-14
1979.000732421875 8.989313335589291e-15 2.4885214738477532e-14
1981.66357421875 -4.011534062152737e-15 2.5124608272228226e-14
1984.3262939453125 2.2143755758755783e-15 2.4328434571258863e-14
1986.9891357421875 5.414314643463003e-15 2.3592234191086893e-14
1989.6519775390625 5.318053160655815e-15 2.2368852646906245e-14
1992.314697265625 3.641665013163001e-14 2.357147341354969e-14
1994.9775390625 -4.5305695095055123e-14 2.181911132347926e-14
1997.640380859375 3.742022493193227e-14 2.2124880053042695e-14
2000.3031005859375 1.1656428657047004e-14 3.47535585379366e-14
2002.9659423828125 5.040604300057469e-14 2.2288196475602796e-14
2005.6287841796875 5.4796465487946117e-14 2.5416179035529785e-14
2008.29150390625 -2.389949878083518e-14 1.9089152933598856e-14
2010.954345703125 4.882683477371377e-14 2.670505147312624e-14
2013.6171875 4.1924624172686234e-14 2.1419494731491837e-14
2016.2799072265625 -1.1864843654817766e-14 1.7228047059694024e-14
2018.9427490234375 1.3022254037901512e-14 1.7308489778694765e-14
2021.60546875 3.7229730610226566e-14 1.954461948999644e-14
2024.268310546875 2.6365521704351143e-14 2.304341105137473e-14
2026.93115234375 1.1965333102581174e-14 1.7459161693418254e-14
2029.593994140625 5.003177556359975e-15 2.062432730566381e-14
2032.2567138671875 7.18684247042519e-15 1.6919635587335155e-14
2034.9195556640625 5.663493948853326e-15 1.6838093419568878e-14
2037.582275390625 1.0151385788014725e-14 1.679108478506216e-14
2040.2451171875 -1.5622262327080055e-14 1.6484392789586216e-14
2042.907958984375 -4.42101541160212e-16 1.6262810664650386e-14
2045.57080078125 -1.721855859661888e-14 1.6717430188100714e-14
2048.2333984375 -1.333061977048123e-14 1.6449579735454065e-14
2050.896240234375 1.581525603125487e-15 1.574497029608289e-14
2053.55908203125 2.2987435726088377e-14 1.799918246674255e-14
2056.221923828125 2.769806377257624e-14 1.6552909284689617e-14
2058.884765625 -4.2877565884500476e-15 1.499721130431269e-14
2061.547607421875 -2.9260289941756776e-17 1.4613025958558346e-14
2064.21044921875 5.149303021739077e-15 2.2383897646115376e-14
2066.873046875 6.228374080388351e-16 1.4145262177832525e-14
2069.535888671875 -1.0740911401941299e-14 1.390050438442687e-14
2072.19873046875 2.2222043202422236e-14 1.4393334411160787e-14
2074.861572265625 1.950994704333353e-14 1.388530776632018e-14
2077.5244140625 -8.466676219441496e-15 1.2884540033205119e-14
2080.18701171875 1.0440748336422792e-15 1.3684621944193114e-14
2082.849853515625 3.7771079531212157e-14 1.431528710133488e-14
2085.5126953125 -1.3750913283744077e-14 1.2713818001587173e-14
2088.175537109375 2.4281515722244552e-14 1.9002484522435796e-14
2090.83837890625 1.7054154583754505e-14 2.2688614360758322e-14
2093.501220703125 1.4327259488527847e-15 1.1830190689912645e-14
2096.163818359375 -3.781279590386443e-15 2.1991470669784248e-14
2098.82666015625 3.3959505807467164e-14 2.7868430897389287e-14
2101.489501953125 -6.434430303159247e-15 1.1830683663087947e-14
2104.15234375 1.787448905251135e-14 1.242130449061532e-14
2106.815185546875 1.1267565995357921e-14 1.424665032755297e-14
2109.47802734375 1.9018689956782665e-14 1.3016611104406904e-14
2112.140625 -5.225873106104971e-15 1.1414065425783236e-14
2114.803466796875 9.353757307958453e-16 1.363117924741905e-14
2117.46630859375 -4.134959679820134e-16 1.1636715659265554e-14
2120.129150390625 2.2624924259388376e-14 1.2306169843193885e-14
2122.7919921875 4.143226509627099e-15 1.2796598531522336e-14
2125.45458984375 3.179732207246079e-14 1.276764525131929e-14
2128.117431640625 1.6373981197878671e-15 1.8064036391382023e-14
2130.7802734375 6.5177681807737035e-15 1.0579588894939033e-14
2133.443115234375 4.016165723011618e-14 1.8538203741189085e-14
2136.10595703125 -1.4041442196520513e-14 1.2527539362859955e-14
2138.768798828125 2.2378808672168272e-14 1.454951204004143e-14
2141.431640625 -9.482069299879883e-17 9.604146599913928e-15
2144.09423828125 -2.143501152805259e-15 1.709850184074095e-14
2146.757080078125 2.9778354668176174e-14 1.1952071107726014e-14
2149.419921875 -1.3692164772588413e-14 9.243326658009594e-15
2152.082763671875 1.2505314912389896e-14 1.025092317074542e-14
2154.74560546875 1.053218046088121e-14 1.027472649062916e-14
2157.408203125 3.4217847468247936e-14 1.0728118663338917e-14
2160.071044921875 1.0688563071735088e-14 9.742420493388457e-15
2162.73388671875 2.0737246961928177e-14 9.990619781658806e-15
2165.396728515625 9.66210906449454e-15 9.06783498386566e-15
2168.0595703125 1.4323621905535863e-14 9.307673209913662e-15
2170.72216796875 1.5391989644105396e-14 9.234697933375915e-15
2173.385009765625 2.6148328904147984e-14 9.70417526175403e-15
2176.0478515625 3.655091586519813e-15 9.515563047257126e-15
2178.710693359375 -3.406847193745022e-15 8.363898088654606e-15
2181.37353515625 1.1087654503295213e-14 8.91709530650639e-15
2184.036376953125 1.508526207324567e-14 9.161710798376906e-15
2186.69921875 -1.432574795823347e-14 7.903662736763982e-15
2189.36181640625 8.825355920846355e-16 7.808834010187074e-15
2192.024658203125 1.3134335978581043e-14 1.3746548522966875e-14
2194.6875 1.0943028286232752e-15 1.102966493366029e-14
2197.350341796875 1.923112073775636e-15 7.786137762365395e-15
2200.01318359375 1.75197669007943e-14 9.518448041475475e-15
2202.67578125 4.3427870484837386e-15 8.993645909114497e-15
2205.338623046875 1.721660025644483e-14 8.91509292061908e-15
2208.00146484375 2.4810755460216195e-14 1.3229330723615613e-14
2210.664306640625 -4.0374103363562043e-16 7.707996431882344e-15
2213.3271484375 1.6958343934233493e-15 8.061904584937083e-15
2215.989990234375 -8.16090748987806e-15 9.02956010607808e-15
2218.652587890625 2.284411775141295e-14 9.823669587754984e-15
2221.3154296875 2.4923060170560854e-14 8.259128583408722e-15
2223.978271484375 1.2888736234425817e-14 7.601862356558433e-15
2226.64111328125 3.5473928295840862e-15 1.3880202698747079e-14
2229.303955078125 2.525915352666894e-15 6.882168107429608e-15
2231.966796875 1.0196087104773124e-14 6.97476363164108e-15
2234.62939453125 6.467908115729171e-16 6.059677939822001e-15
2237.292236328125 -1.886998824069449e-15 1.2022225764549404e-14
2239.955078125 2.3843489574230936e-14 7.886858450123404e-15
2242.617919921875 7.171702232949053e-17 6.901057789186326e-15
2245.28076171875 -4.576109473584987e-15 6.1813173767618756e-15
2247.943359375 4.90856524670109e-15 8.135705718598403e-15
2250.606201171875 4.630607149894855e-15 9.863350540235006e-15
2253.26904296875 2.481348121224046e-14 7.658178189089582e-15
2255.931884765625 2.134500157191261e-14 7.036316245368629e-15
2258.5947265625 2.2260993165468777e-14 7.282430985555786e-15
2261.257568359375 1.5926394588989395e-14 6.2678519567192694e-15
2263.92041015625 5.317890530329942e-15 9.737146019225904e-15
2266.5830078125 4.578094918813351e-15 5.303542639236401e-15
2269.245849609375 2.4089115152891053e-15 6.5446695236620264e-15
2271.90869140625 2.587449501076193e-14 1.063745140963187e-14
2274.571533203125 1.7908168776560075e-14 1.1235316062924161e-14
2277.234375 6.194569207221669e-15 9.708052131553613e-15
2279.89697265625 8.324994712420163e-15 7.06605472511378e-15
2282.559814453125 7.814788651806272e-15 8.068249708744965e-15
2285.22265625 5.752335846559041e-15 4.682510787803757e-15
2287.885498046875 7.326185319479154e-15 6.550581390117388e-15
2290.54833984375 9.012202706922944e-15 9.960564511591382e-15
2293.2109375 1.5109778594870997e-14 1.1633035301109734e-14
2295.873779296875 7.758848901903703e-15 6.989342339212747e-15
2298.53662109375 1.8456717477597327e-14 5.452143981920328e-15
2301.199462890625 1.1346856749550396e-14 4.961497606124432e-15
2303.8623046875 1.5758983609162266e-14 6.171087336341412e-15
2306.525146484375 1.4216428191994937e-14 1.104473449682489e-14
2309.18798828125 4.793513947321665e-14 9.680225405170415e-15
2311.8505859375 1.3012965474601922e-14 5.463682264727826e-15
2314.513427734375 1.0754923867987726e-14 4.188264521982031e-15
2317.17626953125 6.072547758422583e-15 5.404207846336365e-15
2319.839111328125 1.939861811494411e-14 1.0886524835903785e-14
2322.501953125 1.1584077643791383e-14 6.9194290867793246e-15
2325.16455078125 1.1649986971483135e-14 6.001446118764162e-15
2327.827392578125 1.0321931636779642e-14 3.71503144951579e-15
2330.490234375 9.406032369814726e-15 6.761777197053986e-15
2333.153076171875 1.6395464494519882e-14 7.283265313008831e-15
2335.81591796875 1.1670489403971425e-14 5.706347039720816e-15
2338.478515625 6.0897488799989494e-15 5.966965101547334e-15
2341.1416015625 2.018130323974492e-15 5.395414797310918e-15
2343.80419921875 5.394723724305077e-16 5.416431378798192e-15
2346.467041015625 1.065454199340862e-14 6.72282553994155e-15
2349.1298828125 2.9083204469243463e-15 4.235404870112048e-15
2351.792724609375 2.1491421381240883e-14 6.223843089395251e-15
2354.45556640625 7.647879115483917e-15 2.9587335186043173e-15
2357.1181640625 1.1734470884675226e-14 5.869177265369193e-15
2359.781005859375 1.540112574147448e-14 4.81782641871e-15
2362.44384765625 1.1200312426378877e-14 4.479126318706738e-15
2365.106689453125 1.1796222974661853e-14 3.10760824117197e-15
2367.76953125 1.2450274711477312e-14 3.0909358799129268e-15
2370.43212890625 1.3634896027991603e-14 4.409327839237668e-15
2373.094970703125 1.2797506550841792e-14 3.246373201997669e-15
2375.7578125 7.94088305853223e-15 6.137584218662189e-15
2378.420654296875 1.1081228911357342e-14 3.75456035958178e-15
2381.08349609375 3.285328459000131e-15 2.46285184391968e-15
2383.746337890625 9.474730977001786e-15 4.959042057610342e-15
2386.4091796875 5.3693058537447515e-15 3.816001588476765e-15
2389.07177734375 1.1892491657249094e-14 2.668852374274294e-15
2391.734619140625 1.0061005678476797e-14 3.809065659188173e-15
2394.3974609375 1.1901330446053692e-14 4.7548664597405876e-15
2397.060302734375 1.3157133023323445e-14 3.078972598324144e-15
2399.72314453125 8.07335054115333e-15 4.2988395910483965e-15
2402.3857421875 1.7610009790994773e-14 5.00079739377819e-15
2405.048583984375 1.4528332828228283e-14 3.4304707308857076e-15
2407.71142578125 1.0383585470944388e-14 3.473719386139565e-15
2410.374267578125 1.0748820995602759e-14 3.47714288155413e-15
2413.037109375 1.857065018526661e-14 2.9878358766060806e-15
2415.69970703125 1.5661413883968044e-14 4.01330224343013e-15
2418.362548828125 1.0087641476536156e-14 3.956983869800139e-15
2421.025390625 1.1453646428375482e-14 2.3546258089742877e-15
2423.688232421875 1.5633195828363214e-14 3.1655709175108186e-15
2426.35107421875 1.62894295220508e-14 2.75034477885492e-15
2429.013916015625 1.3710297206890286e-14 4.7922396709558154e-15
2431.6767578125 7.200540687248187e-15 2.0654911124290323e-15
2434.33935546875 1.5085778763343494e-14 3.600895877455641e-15
2437.002197265625 1.5438335898847362e-14 2.6841582596311793e-15
2439.6650390625 9.047962743890126e-15 3.1307455814009316e-15
2442.327880859375 1.334808050765593e-14 3.665193724965241e-15
2444.99072265625 2.0169025073657997e-14 4.036571085524153e-15
2447.6533203125 1.6269505613065484e-14 2.9067947288281045e-15
2450.316162109375 1.451927296382445e-14 2.777951064913595e-15
2452.97900390625 1.5100207122567023e-14 3.869172811191233e-15
2455.641845703125 1.7355745746822082e-14 2.3246421131909063e-15
2458.3046875 1.2989399323943412e-14 2.6970609007584672e-15
2460.96728515625 1.0688089580317573e-14 2.7130365774183937e-15
2463.63037109375 1.575852282323896e-14 3.946775852236304e-15
2466.29296875 1.0699211122915022e-14 1.8635281763757427e-15
2468.955810546875 9.387053749598546e-15 1.7782093004558956e-15
2471.61865234375 1.0177047498184742e-14 1.7476661394108528e-15
2474.281494140625 1.445771907954748e-14 3.899837521464207e-15
2476.9443359375 2.0167785017423216e-14 4.191105046970648e-15
2479.60693359375 1.4435528510395312e-14 2.1027412921086714e-15
2482.269775390625 1.7526009533615564e-14 3.795693973566343e-15
2484.9326171875 1.5089437945675632e-14 2.074925153637314e-15
2487.595458984375 1.518365003226694e-14 2.335844547434818e-15
2490.25830078125 1.87241901535495e-14 4.149602550137556e-15
2492.9208984375 1.819494702744607e-14 2.1510289463657446e-15
2495.583740234375 2.08797026570633e-14 5.072389041996597e-15
2498.24658203125 1.490816103650195e-14 1.9327769314620444e-15
2500.909423828125 1.9649082369315417e-14 3.441213437997497e-15
2503.572265625 1.6004923013529342e-14 1.9338164526465623e-15
2506.235107421875 1.488966353099981e-14 2.8955130970036245e-15
2508.89794921875 1.7425551426071204e-14 2.0803514584556617e-15
2511.560546875 1.7121734260418242e-14 1.9362753892924415e-15
2514.223388671875 2.487922113334276e-14 2.3659053232163996e-15
2516.88623046875 1.804415483404407e-14 2.2129716187655043e-15
2519.549072265625 1.94175933470285e-14 2.2792220889767626e-15
2522.2119140625 1.6064686270155816e-14 2.7054149749589996e-15
2524.87451171875 1.711118700615903e-14 1.884292977319445e-15
2527.537353515625 1.73905689653496e-14 2.723677217060039e-15
2530.2001953125 2.1726068142355164e-14 2.251974097854776e-15
2532.863037109375 2.1089023133054677e-14 3.69095496150656e-15
2535.52587890625 2.0980855331624408e-14 3.045213888453087e-15
2538.1884765625 1.931483978019708e-14 2.961550750186885e-15
2540.851318359375 1.566751421525417e-14 1.7232271213001981e-15
2543.51416015625 1.9378404520690833e-14 2.0112551692998658e-15
2546.177001953125 2.5200060273103744e-14 2.164562627038737e-15
2548.83984375 2.375294175216945e-14 2.7861846486773806e-15
2551.502685546875 2.4251937331726432e-14 5.388631333952832e-15
2554.16552734375 1.9695989359868465e-14 3.135539787882391e-15
2556.828125 1.5896843303525587e-14 1.850728449751546e-15
2559.490966796875 1.5708734226599352e-14 1.7470160416238351e-15
2562.15380859375 2.0103469805738197e-14 1.8733791695523102e-15
2564.816650390625 1.919740882645564e-14 2.554736283971932e-15
2567.4794921875 1.9901188173538503e-14 1.8470214100578877e-15
2570.14208984375 2.6108309985522007e-14 3.572694762509756e-15
2572.804931640625 1.8888162179610778e-14 2.435760977409409e-15
2575.4677734375 2.0800001938924353e-14 2.6630999617712533e-15
2578.130615234375 2.164170196674274e-14 2.2993808378467045e-15
2580.79345703125 1.7402268184417077e-14 1.7650054332367404e-15
2583.4560546875 1.825505417944913e-14 1.7604727481777458e-15
2586.119140625 2.4913459899136674e-14 2.244723707584516e-15
2588.78173828125 1.594149718643894e-14 1.6186275520393566e-15
2591.444580078125 1.4847030668698608e-14 1.5866158476220116e-15
2594.107421875 1.6664544839005944e-14 1.6497968821906571e-15
2596.770263671875 1.8557238265579784e-14 1.801943375396198e-15
2599.43310546875 1.4511056744236084e-14 2.1743422576894983e-15
2602.095703125 1.3169669110942809e-14 1.4339669579996306e-15
2604.758544921875 1.6230770796387545e-14 1.5700696942721093e-15
2607.42138671875 2.1121994737559498e-14 2.2989194166486877e-15
2610.084228515625 2.0800044290571716e-14 1.8743145056843158e-15
2612.7470703125 2.1333193932627885e-14 1.8107059312355437e-15
2615.40966796875 1.9735081624450146e-14 1.6667863514093287e-15
2618.072509765625 1.973187814584363e-14 1.7029507407297063e-15
2620.7353515625 2.172685588299611e-14 1.8465513067721616e-15
2623.398193359375 2.0320523692538006e-14 1.9627184873563e-15
2626.06103515625 2.3412051648481064e-14 1.8527899161869263e-15
2628.723876953125 2.1931192417125843e-14 1.8372176389681296e-15
2631.38671875 2.190740264976926e-14 2.598033008345546e-15
2634.04931640625 2.091913712295567e-14 1.7091214816295722e-15
2636.712158203125 2.4801732865262043e-14 2.2280773925886007e-15
2639.375 2.8883362715448335e-14 2.059036297854481e-15
2642.037841796875 2.3682622770954294e-14 1.8273526697479324e-15
2644.70068359375 1.9453798923325938e-14 1.6430570410293547e-15
2647.36328125 2.5125262181663506e-14 1.907523279414368e-15
2650.026123046875 2.3259494238416986e-14 1.7811478695081576e-15
2652.68896484375 1.9882570389357854e-14 1.6345244546351885e-15
2655.351806640625 2.5521487253730123e-14 1.852508701248438e-15
2658.0146484375 2.766097728201366e-14 1.9578912465898976e-15
2660.67724609375 2.6831665958081813e-14 2.693988712258776e-15
2663.34033203125 2.409798739949707e-14 1.7644140983604385e-15
2666.0029296875 2.7596067453199667e-14 1.938232035400599e-15
2668.665771484375 2.7885913657420616e-14 1.935695595240046e-15
2671.32861328125 3.3214062603774755e-14 2.130189606522684e-15
2673.991455078125 3.3239809017239497e-14 2.1158902080653736e-15
2676.654296875 3.096696550987203e-14 2.024908281618421e-15
2679.31689453125 3.7624082045413856e-14 2.2530591470602086e-15
2681.979736328125 3.482610182767125e-14 2.468289583682816e-15
2684.642578125 3.611971087350875e-14 2.1804294599649414e-15
2687.305419921875 3.464230584251243e-14 2.1187629203059865e-15
2689.96826171875 3.839747733636566e-14 2.2404881193317707e-15
2692.630859375 3.353323478269554e-14 2.0776754696170486e-15
2695.293701171875 3.767296262273401e-14 2.2033664769018774e-15
2697.95654296875 4.098393648651992e-14 2.35428805458657e-15
2700.619384765625 3.5991412487054036e-14 2.162098819953411e-15
2703.2822265625 3.8235633057067883e-14 2.223858321478327e-15
2705.94482421875 3.5554174079681367e-14 2.201154238601886e-15
2708.60791015625 3.9426371645527244e-14 2.292164964169045e-15
2711.2705078125 4.250356780400276e-14 2.3709828622187155e-15
2713.933349609375 4.1909723169078136e-14 2.3480606683583564e-15
2716.59619140625 3.28550222780926e-14 2.019772932617455e-15
2719.259033203125 3.767180726979395e-14 2.19041661368778e-15
2721.921875 3.528685048152791e-14 2.125448127842191e-15
2724.58447265625 3.623686569450939e-14 2.149840135624273e-15
2727.247314453125 3.6110800086903636e-14 2.1051212429322192e-15
2729.91015625 3.56395245075785e-14 2.0645799167360234e-15
2732.572998046875 3.410771963257772e-14 2.053472350182204e-15
2735.23583984375 3.7202669601627686e-14 2.135270110140315e-15
2737.8984375 4.091288058664065e-14 2.5126184177026592e-15
2740.561279296875 3.9894042252628867e-14 2.1950140967672395e-15
2743.22412109375 3.943294800932973e-14 2.180286523155092e-15
2745.886962890625 4.1830295195548206e-14 2.243045735316005e-15
2748.5498046875 3.82088193820896e-14 2.1335603741362823e-15
2751.212646484375 3.3896476391796077e-14 2.007880378279768e-15
2753.87548828125 3.236774455232794e-14 1.952378332652693e-15
2756.5380859375 3.8211496006202925e-14 2.122199544731234e-15
2759.200927734375 3.751132840760715e-14 2.1298808630134097e-15
2761.86376953125 3.695955081697497e-14 2.070554040113008e-15
2764.526611328125 3.818017272781346e-14 2.106355158178132e-15
2767.189453125 3.5057511228861124e-14 2.0086964945244474e-15
2769.85205078125 3.43491545157313e-14 1.975558448045491e-15
2772.514892578125 3.740311825452952e-14 2.0857457877802507e-15
2775.177734375 3.739111749173282e-14 2.063513714013667e-15
2777.840576171875 3.5384116968927015e-14 2.0115941942370043e-15
2780.50341796875 3.5699863746609106e-14 2.0080646079457956e-15
2783.166015625 3.5456690751847764e-14 2.0089825799023825e-15
2785.8291015625 3.7682757711736056e-14 2.0809551811888172e-15
2788.49169921875 3.0826093766348275e-14 1.8949583926747976e-15
2791.154541015625 3.087018013718697e-14 1.8716929387125637e-15
2793.8173828125 3.36705286590501e-14 1.9574802238522425e-15
2796.47998046875 2.7068955461991527e-14 1.779598010972919e-15
2799.14306640625 2.400184746591781e-14 1.672757298412761e-15
2801.8056640625 1.7280466540667803e-14 1.4392158094155287e-15
2804.468505859375 1.8407279552597883e-14 1.4689521715783118e-15
2807.13134765625 2.260747199254315e-14 1.6783781031716222e-15
2809.794189453125 2.961962408199251e-14 1.882717496037552e-15
2812.45703125 2.8570882096810857e-14 1.812720599100588e-15
2815.11962890625 3.338256117390616e-14 1.949060292840061e-15
2817.78271484375 4.076385360990073e-14 2.128893434355148e-15
2820.4453125 4.1109402394799016e-14 2.1909354213679733e-15
2823.108154296875 3.831782913426944e-14 2.075905382515524e-15
2825.77099609375 4.083487562846211e-14 2.129591813020159e-15
2828.43359375 4.1227793883902644e-14 2.132462407678404e-15
2831.0966796875 3.979509525186241e-14 2.0837334492558113e-15
2833.75927734375 3.7354603595442584e-14 2.031352084764658e-15
2836.422119140625 3.663230133186916e-14 2.0115505720402207e-15
2839.0849609375 3.5189475573911555e-14 1.9752431400308756e-15
2841.74755859375 3.749527543919079e-14 2.040287223567007e-15
2844.41064453125 3.6076678211656443e-14 2.0367303204632493e-15
2847.0732421875 3.3448490830388644e-14 1.954812705343102e-15
2849.736083984375 3.778416110804955e-14 2.0709252523021422e-15
2852.39892578125 3.727446072610517e-14 2.054429073896128e-15
2855.061767578125 3.357720256892162e-14 2.0012811445877096e-15
2857.724609375 3.423848796710663e-14 1.9471059760725086e-15
2860.38720703125 3.593595893406319e-14 2.00452951594043e-15
2863.05029296875 3.600649306164695e-14 2.012107919719514e-15
2865.712890625 3.517609245334494e-14 1.9866181572377904e-15
2868.375732421875 3.5800193105145484e-14 1.997651608408725e-15
2871.03857421875 4.088903152697776e-14 2.0921114521371036e-15
2873.701171875 4.1355587438720795e-14 2.117559498246175e-15
2876.3642578125 3.8967584719976425e-14 2.0960971656704087e-15
2879.02685546875 3.8776012972361815e-14 2.0913741099565187e-15
2881.689697265625 4.07358507006645e-14 2.135616758373979e-15
2884.3525390625 4.068313814629097e-14 2.126957752312435e-15
2887.015380859375 4.130017454331142e-14 2.124690668629109e-15
2889.67822265625 4.442096240538443e-14 2.1995976038030694e-15
2892.3408203125 4.7366631287810296e-14 2.254994405586448e-15
2895.00390625 5.002523731627989e-14 2.297518424153929e-15
2897.66650390625 4.690041080111437e-14 2.242258418191532e-15
2900.329345703125 4.791754829296807e-14 2.2738231009709637e-15
2902.9921875 4.8040852573165774e-14 2.2806906323490648e-15
2905.65478515625 4.9335223948655804e-14 2.315166990884683e-15
2908.31787109375 5.2156880431340064e-14 2.3648022745608377e-15
2910.98046875 4.664076470959483e-14 2.2383099741079063e-15
2913.643310546875 4.620259456598018e-14 2.236129499543437e-15
2916.30615234375 5.2309532709094234e-14 2.357987470983703e-15
2918.96875 5.273331006886914e-14 2.3748957309185567e-15
2921.6318359375 5.308900969660732e-14 2.423055059684121e-15
2924.29443359375 5.322374553346117e-14 2.4363043490450726e-15
2926.957275390625 5.5250319293612127e-14 2.4607010155083646e-15
2929.6201171875 5.86588815173171e-14 2.5297394946655104e-15
2932.282958984375 5.883456292684122e-14 2.54865501092712e-15
2934.94580078125 5.88898843426923e-14 2.5638169006829718e-15
2937.6083984375 5.2545678718525154e-14 2.428849188559814e-15
2940.271484375 5.3117849474395434e-14 2.4594609592735843e-15
2942.93408203125 5.715051912616453e-14 2.542668817330637e-15
2945.596923828125 5.521537749047199e-14 2.5385172970979067e-15
2948.259765625 6.053116314392801e-14 2.633278472797271e-15
2950.92236328125 5.5550565368359464e-14 2.5144833724942764e-15
2953.58544921875 5.728794852779065e-14 2.5573730975367347e-15
2956.248046875 5.6810872466842716e-14 2.551011668344618e-15
2958.910888671875 5.834512696112695e-14 2.580760524243373e-15
2961.57373046875 5.993517720971273e-14 2.639410356060682e-15
2964.236328125 5.807052565589069e-14 2.622249045032836e-15
2966.8994140625 6.205372180727656e-14 2.700231556838277e-15
2969.56201171875 5.741007712625756e-14 2.6393042651840382e-15
2972.224853515625 5.727883445327819e-14 2.628180816762458e-15
2974.8876953125 5.550731925420445e-14 2.616056175397223e-15
2977.550537109375 5.87701884228499e-14 2.7260021107420153e-15
2980.21337890625 5.495357993526642e-14 2.64402054463435e-15
2982.8759765625 5.235216557139544e-14 2.6112835682559187e-15
2985.5390625 5.716654498952659e-14 2.7156833436203266e-15
2988.20166015625 5.894288827639968e-14 2.75980084291983e-15
2990.864501953125 5.774739275090854e-14 2.7586084322883328e-15
2993.52734375 5.4812847105146015e-14 2.7183311686134436e-15
2996.18994140625 5.646602163709297e-14 2.803175070808118e-15
2998.85302734375 5.609529903300228e-14 2.8088025459514386e-15
3001.515625 5.319315747966992e-14 2.7091135443231855e-15
3004.178466796875 5.925840466112012e-14 2.828871932845445e-15
3006.84130859375 6.268855606058471e-14 2.9134621486724167e-15
3009.504150390625 6.034514115618381e-14 2.896297449512782e-15
3012.1669921875 5.828126067690398e-14 2.910810723789274e-15
3014.82958984375 5.537525326520035e-14 2.8802895856008598e-15
3017.49267578125 5.523061730725899e-14 2.8875149883991758e-15
3020.1552734375 5.60394558448557e-14 2.9370285110891627e-15
3022.818115234375 5.6437419028530084e-14 2.974243115385017e-15
3025.48095703125 6.117343773464484e-14 3.1035172837949685e-15
3028.1435546875 6.136838406152131e-14 3.126382302931388e-15
3030.806640625 5.519939906095499e-14 3.005767775857691e-15
3033.46923828125 5.726762651332012e-14 3.069414890305563e-15
3036.132080078125 6.306721366932527e-14 3.212336030045202e-15
3038.794921875 6.306886030137474e-14 3.2406989282840123e-15
3041.45751953125 6.096658551266176e-14 3.2244581303115952e-15
3044.12060546875 6.332956349001245e-14 3.30213867487134e-15
3046.783203125 5.95424724065749e-14 3.25024753069841e-15
3049.446044921875 5.799406229767615e-14 3.2386567318481822e-15
3052.10888671875 4.3965746570739234e-14 5.70524293227407e-15
3054.771728515625 4.620407179144019e-14 5.714621281066069e-15
3060.09716796875 6.636932079221933e-14 5.3194029076572644e-15
3062.76025390625 6.015333901560754e-14 3.6677310121587415e-15
3065.4228515625 6.597496258076846e-14 3.655403718160876e-15
3068.085693359375 7.261362057432372e-14 3.814203761046218e-15
3070.74853515625 7.028945703474801e-14 3.755238409456057e-15
3073.4111328125 6.59971616202501e-14 3.710517187423398e-15
3076.07421875 6.755756571568197e-14 3.8226334329372925e-15
3078.73681640625 6.766145261259682e-14 3.844641890005801e-15
3081.399658203125 7.690048820169562e-14 4.023256151109789e-15
3084.0625 8.229993021715426e-14 4.173034869590399e-15
3086.72509765625 7.144632108158078e-14 4.032595536386215e-15
3089.38818359375 6.886434781791517e-14 4.014782433505457e-15
3092.05078125 7.402563804992379e-14 4.135809465624467e-15
3094.713623046875 7.577543193609815e-14 4.223969501807642e-15
3097.37646484375 7.409145589805724e-14 4.283476954484045e-15
3100.039306640625 7.634095856553016e-14 4.3589564839303496e-15
3102.7021484375 7.35608270260521e-14 4.3317099751160205e-15
3105.36474609375 6.700646575140759e-14 4.220878255066637e-15
3108.02783203125 7.216540461995463e-14 4.393101229067118e-15
3110.6904296875 6.818823934315321e-14 4.278558657675813e-15
3113.353271484375 6.532589139768286e-14 4.288709500515709e-15
3116.01611328125 7.673839997690904e-14 4.583485860006151e-15
3118.6787109375 7.745020580820008e-14 4.637044600293988e-15
3121.341796875 7.576297038737814e-14 4.620812907925754e-15
3124.00439453125 8.183923916153801e-14 4.790550263742517e-15
3126.667236328125 8.163834327524003e-14 4.8040367223287e-15
3129.330078125 8.297164767311765e-14 4.856856426370057e-15
3131.992919921875 8.03619865964722e-14 4.845133066863584e-15
3134.65576171875 7.955573320343051e-14 4.864258223779639e-15
3137.318359375 7.712966821216832e-14 4.8533924851322605e-15
3139.9814453125 7.997144342141577e-14 4.955959704715284e-15
3142.64404296875 8.448570890193935e-14 5.186756701084294e-15
3145.306884765625 8.538737208615976e-14 5.248177177672071e-15
3147.9697265625 8.675859645502007e-14 5.333790185782852e-15
3150.63232421875 7.771171537220359e-14 5.0515270440221974e-15
3153.29541015625 7.400888035009531e-14 5.342513354590151e-15
3155.9580078125 7.458863035677762e-14 5.0837782470053786e-15
3158.620849609375 6.992261045342396e-14 5.035705739116908e-15
3161.28369140625 7.353299691153711e-14 5.234101184154599e-15
3163.9462890625 7.23225936061743e-14 5.245624220369047e-15
3166.609375 8.226944380731668e-14 5.526135274478306e-15
3169.27197265625 8.462008220869177e-14 5.6491312346832086e-15
3171.934814453125 9.372052287882904e-14 5.994955728805826e-15
3174.59765625 1.0409567359568467e-13 6.26226958608039e-15
3177.260498046875 9.547172622782762e-14 5.946943783773084e-15
3179.92333984375 8.861021047771797e-14 5.8615882736782685e-15
3182.5859375 9.367819156025706e-14 6.0665765996609135e-15
3185.2490234375 1.1021139377639586e-13 9.241919736284205e-15
3187.91162109375 1.158044471948061e-13 9.261548877803876e-15
3190.574462890625 1.0289422851077201e-13 6.456210484848471e-15
3193.2373046875 8.869939288266848e-14 6.257117508178716e-15
3195.89990234375 8.46849513799243e-14 6.092730012456811e-15
3198.56298828125 9.333685761130431e-14 6.343975231205487e-15
3201.2255859375 9.735417224980558e-14 6.461425243188242e-15
3203.888427734375 1.0108372607920205e-13 6.581175373139266e-15
3206.55126953125 1.1383965601782786e-13 7.429551291131438e-15
3209.2138671875 1.205802764494418e-13 7.634999979520916e-15
3211.876953125 1.0153684127213805e-13 6.968939433095759e-15
3214.53955078125 9.669422516367723e-14 6.93635915781257e-15
3217.202392578125 1.0431052180868983e-13 7.352390824801307e-15
3219.865234375 1.0363480635721539e-13 7.500263295634121e-15
3222.528076171875 1.0291604807949328e-13 7.207546496754928e-15
3225.19091796875 9.454734223183006e-14 7.092473259222168e-15
3227.853515625 1.0573750805053378e-13 7.401174840365472e-15
3230.5166015625 1.1034025120459576e-13 7.387716333866548e-15
3233.17919921875 1.1838967306498915e-13 7.618998680114335e-15
3235.842041015625 1.1585957887527698e-13 7.861444920606933e-15
3238.5048828125 1.378859456084222e-13 8.373248485359346e-15
3241.16748046875 1.3356756835541245e-13 8.240997843172743e-15
3243.83056640625 1.2598495651664626e-13 8.51691628464199e-15
3246.4931640625 1.232315708895107e-13 7.84216475666153e-15
3249.156005859375 1.3598109725905527e-13 8.17020875867186e-15
3251.81884765625 1.450534164353437e-13 8.346360271481706e-15
3254.481689453125 1.456688909036094e-13 8.309480456958254e-15
3257.14453125 1.4370743364831157e-13 8.684639819626656e-15
3259.80712890625 1.479232453758042e-13 9.004336311941794e-15
3262.47021484375 1.2991894344192845e-13 8.535135116304483e-15
3265.1328125 1.2650788077696318e-13 1.0263955619671875e-14
3267.795654296875 1.3555983050493603e-13 8.684719440723698e-15
3270.45849609375 1.279705372702819e-13 8.186501437412296e-15
3273.12109375 1.2374153893386641e-13 7.765824218224342e-15
3275.7841796875 1.6204257987512127e-13 8.916295707404182e-15
3278.44677734375 1.6896553600709296e-13 1.2638492208620795e-14
3281.109619140625 1.206132226429582e-13 9.680570994612895e-15
3283.7724609375 1.3267461944615339e-13 7.76639257733195e-15
3286.43505859375 1.5932157123536156e-13 8.444943895113792e-15
3289.09814453125 1.6596544017560833e-13 8.611235944417598e-15
3291.7607421875 1.7643194847802302e-13 1.3889277809743961e-14
3294.423583984375 1.8176391923703517e-13 1.7382752545312338e-14
3297.08642578125 1.5871204632651736e-13 8.228306748524032e-15
3299.749267578125 1.5448407798216574e-13 1.3211810694134605e-14
3302.412109375 1.4949062224645787e-13 1.1436684593606715e-14
3305.07470703125 1.5251822970806933e-13 1.5024297723899988e-14
3307.73779296875 1.7263381208495326e-13 8.573071180913161e-15
3310.400390625 1.7338809153635143e-13 1.0788770457527061e-14
3313.063232421875 1.7055940806833675e-13 1.1298177766071692e-14
3315.72607421875 1.8156976573299732e-13 9.7194396424965e-15
3318.388671875 1.875456170571943e-13 8.984065119448104e-15
3321.0517578125 1.9528420493099968e-13 9.68924122386099e-15
3323.71435546875 1.807600022354222e-13 9.878695389107465e-15
3326.377197265625 2.0853856293710782e-13 1.1551893779927509e-14
3329.0400390625 2.0568063311549034e-13 1.2062103228673189e-14
3331.70263671875 1.748644631871521e-13 1.0304331139168645e-14
3334.36572265625 1.3735070210092043e-13 1.0690767898496791e-14
3337.0283203125 1.555964287535544e-13 1.3914709126952324e-14
3339.691162109375 1.3766807518186125e-13 1.0209643020060982e-14
3342.35400390625 9.695967851308315e-14 1.153002423626235e-14
3345.016845703125 1.0206360089764013e-13 1.2277724782759191e-14
3347.6796875 1.4417683897888917e-13 1.940802356879042e-14
