wavelength flux error
1851.1864013671875 5.78964014317368e-13 2.571382776844766e-13
1853.84912109375 3.8038677568040524e-13 2.359546748525315e-13
1856.511962890625 -6.895478654213305e-13 3.6134872763264603e-13
1859.1748046875 7.053627565931433e-14 3.896586558190668e-13
1861.8375244140625 1.7993803807527485e-14 1.7393812085098048e-13
1864.5003662109375 4.3151978301389504e-14 1.6364119532086968e-13
1867.1632080078125 1.1159187452130376e-13 1.8920424309318978e-13
1869.825927734375 1.2486490790983296e-13 1.197506720521102e-13
1872.48876953125 9.542654887855287e-14 1.0446640297603893e-13
1875.151611328125 2.5007406017382543e-14 8.219758830833521e-14
1877.8143310546875 -7.56216920680397e-14 7.670445089638309e-14
1880.4771728515625 -3.383110577705878e-14 8.155195946714724e-14
1883.1400146484375 3.711740302999233e-15 7.712129952664945e-14
1885.802734375 3.1270071485486656e-16 6.87871865045521e-14
1888.465576171875 1.2407093310639467e-13 7.292539646154908e-14
1891.12841796875 -6.838171522083325e-15 6.318053990140432e-14
1893.7911376953125 3.982515475709457e-14 6.108004727001237e-14
1896.4539794921875 -1.2764558832666084e-13 5.438814139726092e-14
1899.11669921875 5.5971459427981915e-14 6.010465156179937e-14
1901.779541015625 7.075770362425376e-14 5.701350307661668e-14
1904.4423828125 -6.795314365457689e-14 5.32868833693495e-14
1907.105224609375 5.955562513417986e-14 5.17072380734878e-14
1909.7679443359375 1.1147659672531424e-13 7.642806065756222e-14
1912.4307861328125 -7.171816444754078e-14 4.693189670982971e-14
1915.093505859375 3.8759356916487006e-14 4.8174819304103514e-14
1917.75634765625 1.217344486255682e-14 6.063011014469447e-14
1920.419189453125 -6.422240397905427e-14 3.630535000236079e-14
1923.0819091796875 3.6085843108145735e-14 3.521830857543609e-14
1925.7447509765625 3.083323933629131e-14 4.308097661161886e-14
1928.4075927734375 -1.73302890186253e-14 3.760556251705509e-14
1931.0703125 1.7911087652096314e-14 3.9080145234271155e-14
1933.733154296875 -4.7260589539077635e-14 3.291360985298829e-14
1936.39599609375 2.847536727354667e-14 3.337752979819947e-14
1939.0587158203125 -1.6472217538002383e-14 3.1600529213759304e-14
1941.7215576171875 7.450211779967686e-14 3.183846076864304e-14
1944.3843994140625 -7.724727026656511e-15 2.873990243923777e-14
1947.047119140625 -4.2706984460351774e-14 2.6967880714461566e-14
1949.7099609375 -2.0549202259505933e-14 3.2344444370014866e-14
1952.372802734375 1.9229818001083483e-14 3.33009817366902e-14
1955.0355224609375 -2.694516837301389e-15 4.1172980687819924e-14
1957.6983642578125 2.3711081383916144e-14 4.2340483468470205e-14
1960.361083984375 8.49912520461786e-14 3.804490156613695e-14
1963.02392578125 -6.340606157657783e-15 3.6520008479985766e-14
1965.686767578125 7.791466446636572e-15 2.147384375351946e-14
1968.349609375 1.2004989491105726e-14 2.0950143611022862e-14
1971.0123291015625 -1.0420781228757166e-14 2.1432513627891135e-14
1973.6751708984375 3.030821104613342e-14 2.3213175088729332e-14
1976.337890625 1.8675682270726142e-14 2.1696925126771932e-14
1979.000732421875 -1.5709838757562572e-14 1.7869084982307867e-14
1981.66357421875 -2.382332256678976e-15 1.8130125290058592e-14
1984.3262939453125 7.464868329867206e-15 1.765826525799985e-14
1986.9891357421875 1.734650969956522e-14 1.7826079425509872e-14
1989.6519775390625 1.7950491624802584e-14 1.6675190349087037e-14
1992.314697265625 2.510609382606714e-14 1.701952787687075e-14
1994.9775390625 -1.60007098716497e-14 1.5823346254692332e-14
1997.640380859375 9.392656025511686e-15 1.5255468261798737e-14
2000.3031005859375 1.3135303290206807e-14 2.6020636993283504e-14
2002.9659423828125 4.72828122954818e-14 1.63166074211964e-14
2005.6287841796875 2.7328078087149668e-14 2.0839668491844272e-14
2008.29150390625 9.850246093508035e-15 1.4234729185853313e-14
2010.954345703125 3.9452195986023134e-14 1.775634150889653e-14
2013.6171875 3.168300311776756e-14 1.5545328018546842e-14
2016.2799072265625 -9.337101675600118e-15 1.2599243242943873e-14
2018.9427490234375 1.1126584137551021e-14 1.2678991394927865e-14
2021.60546875 2.1066586924347805e-14 1.401468103758496e-14
2024.268310546875 1.7466447870830536e-14 2.058529094525665e-14
2026.93115234375 1.0773307024041986e-14 1.295267366941636e-14
2029.593994140625 2.1250853595127498e-16 1.5930219789779196e-14
2032.2567138671875 1.2828087404852988e-15 1.2561574840746527e-14
2034.9195556640625 1.02961081433167e-14 1.2607395935061196e-14
2037.582275390625 2.1397720902549718e-14 1.3172295760112245e-14
2040.2451171875 -3.2157989124918145e-15 1.3788236096498943e-14
2042.907958984375 -3.868991969656994e-15 1.2024930340749987e-14
2045.57080078125 -7.976513499458483e-15 1.2368612265032525e-14
2048.2333984375 7.64493228786042e-15 1.228834657591776e-14
2050.896240234375 1.8905980788205693e-15 1.170533210425673e-14
2053.55908203125 1.8421155646339803e-14 1.2084668186388044e-14
2056.221923828125 2.2441963448715553e-14 1.2263334540018288e-14
2058.884765625 1.1333055194707835e-15 1.116358846591772e-14
2061.547607421875 3.538897724397836e-15 1.0980726758099725e-14
2064.21044921875 9.381931741366499e-15 1.3682784729730519e-14
2066.873046875 9.997070361068621e-16 1.0565440903621045e-14
2069.535888671875 -2.008982071682614e-14 1.039413526630244e-14
2072.19873046875 9.053221124426681e-15 1.0347744965847217e-14
2074.861572265625 9.876105162354761e-15 1.0075663583629033e-14
2077.5244140625 -1.2081439508551347e-15 9.6676435777719e-15
2080.18701171875 -6.019792428885217e-15 9.62891807845638e-15
2082.849853515625 2.630404574710532e-14 1.0499274924946275e-14
2085.5126953125 -1.18208419872738e-14 9.484526066003834e-15
2088.175537109375 1.314635283500374e-14 1.6071288044946716e-14
2090.83837890625 1.0667127208938924e-14 1.7010151222144644e-14
2093.501220703125 -2.5833446100072092e-15 9.49261607768306e-15
2096.163818359375 -9.006721556721262e-15 1.6957411562716802e-14
2098.82666015625 2.2509893797019453e-14 2.0769947515889876e-14
2101.489501953125 1.300565939191538e-15 8.961673803487436e-15
2104.15234375 1.4565666652411463e-14 1.2284806825231184e-14
2106.815185546875 -3.035696202741264e-16 9.18479752838727e-15
2109.47802734375 1.0294476757860289e-14 9.534357861323752e-15
2112.140625 3.2070305862405156e-16 8.698262650517347e-15
2114.803466796875 2.6837514720582604e-15 8.927939022297139e-15
2117.46630859375 3.436038490206247e-15 8.892671958505259e-15
2120.129150390625 2.1101237348154084e-14 9.523498051907005e-15
2122.7919921875 3.4040286916130333e-15 1.1175222463448257e-14
2125.45458984375 3.0012437305347583e-14 1.1481435885309001e-14
2128.117431640625 2.3641960107288404e-15 1.0703524214682441e-14
2130.7802734375 1.144125179525831e-14 8.686295769038538e-15
2133.443115234375 2.9289914813207876e-14 1.1237736883087414e-14
2136.10595703125 -1.822649519308303e-15 1.3438303069065669e-14
2138.768798828125 2.165461583105658e-14 1.3661588577258427e-14
2141.431640625 1.479097720462287e-15 7.424686780915356e-15
2144.09423828125 -4.3610436260519434e-16 1.1637887105831607e-14
2146.757080078125 1.8230783297378504e-14 1.521917628814068e-14
2149.419921875 -1.3983968469950467e-14 7.167087968029326e-15
2152.082763671875 2.134183366868988e-14 1.4901071370733432e-14
2154.74560546875 8.841677186948761e-15 8.735933593813534e-15
2157.408203125 3.7331191604780475e-14 8.994717405792774e-15
2160.071044921875 1.5642921460663588e-14 1.1675408971329078e-14
2162.73388671875 1.1186360946704652e-14 7.420135672889759e-15
2165.396728515625 5.960874934656576e-15 8.01781228486776e-15
2168.0595703125 1.3053345229263429e-14 7.282361528854111e-15
2170.72216796875 8.28446587995994e-15 6.913159772420222e-15
2173.385009765625 2.3273609195450032e-14 1.0859267315661142e-14
2176.0478515625 -1.074853046330185e-15 9.264195008731099e-15
2178.710693359375 2.1345382736738874e-15 7.681853606998287e-15
2181.37353515625 5.941562583459178e-15 6.990805588629129e-15
2184.036376953125 4.076011057130681e-15 7.142413051242861e-15
2186.69921875 -1.3924154391347157e-14 6.2261432073635204e-15
2189.36181640625 1.0308911893347397e-14 7.021159014293987e-15
2192.024658203125 2.5286183195048773e-14 1.3072893055620163e-14
2194.6875 1.3823612427541019e-14 1.1413609722057613e-14
2197.350341796875 -1.0811012907447248e-15 6.112556512653192e-15
2200.01318359375 1.9024990187844343e-14 1.069555278761583e-14
2202.67578125 8.282065388587421e-15 6.4434571332781364e-15
2205.338623046875 4.169393898466626e-15 6.092586016855778e-15
2208.00146484375 1.7365024145726306e-14 1.0853380436677725e-14
2210.664306640625 1.3504518387409616e-15 6.060326767059598e-15
2213.3271484375 -2.2324851402878753e-15 6.095185560970901e-15
2215.989990234375 -9.690358460318418e-15 6.36546699817617e-15
2218.652587890625 1.7099879116313187e-14 9.10692724844734e-15
2221.3154296875 1.8344917598889232e-14 6.49383018265135e-15
2223.978271484375 1.3894398970943061e-14 7.552497276392452e-15
2226.64111328125 1.3707302098388795e-14 1.151680205195571e-14
2229.303955078125 4.604643048962669e-15 5.792587699245512e-15
2231.966796875 3.3160198508109433e-15 7.664035421919846e-15
2234.62939453125 -6.952014444260197e-16 5.172582875261414e-15
2237.292236328125 2.007658402708028e-16 1.0252921321467993e-14
2239.955078125 2.774936008786196e-14 8.701301804732095e-15
2242.617919921875 2.0071902581859924e-15 7.94715787860549e-15
2245.28076171875 4.003092108283927e-15 9.031011073516726e-15
2247.943359375 1.0178437479251186e-14 6.6902520409219384e-15
2250.606201171875 6.811095690407868e-15 9.170648690036334e-15
2253.26904296875 2.1835440424636428e-14 6.495395923054349e-15
2255.931884765625 1.482466391669341e-14 7.202537143904866e-15
2258.5947265625 1.230405226082575e-14 6.250984566124121e-15
2261.257568359375 1.2409441794189024e-14 5.1698016425791044e-15
2263.92041015625 -1.2285500333456749e-15 7.481406648162346e-15
2266.5830078125 3.5294251431904544e-15 4.317115597434829e-15
2269.245849609375 9.521585239753868e-16 6.8203999238169825e-15
2271.90869140625 1.9165236821053026e-14 6.7848283516805646e-15
2274.571533203125 1.5022298726144467e-14 9.5356080819539e-15
2277.234375 6.057292695042533e-15 6.762577643189141e-15
2279.89697265625 2.5901479786395558e-15 4.817432971906e-15
2282.559814453125 4.235275274071118e-15 6.159763776386043e-15
2285.22265625 1.5797083151129765e-14 4.565562219325777e-15
2287.885498046875 1.5740394624101824e-14 7.678960142450467e-15
2290.54833984375 1.7851361664919518e-14 5.028488171373354e-15
2293.2109375 1.8379983068839666e-14 8.786302408022011e-15
2295.873779296875 6.4874410131302105e-15 6.325890654265134e-15
2298.53662109375 1.4194037723067217e-14 4.393992731244103e-15
2301.199462890625 1.3935282710208184e-14 5.938458207707491e-15
2303.8623046875 1.716666088794061e-14 4.846912683085765e-15
2306.525146484375 6.269618020414295e-15 7.77557017931545e-15
2309.18798828125 3.571085484613268e-14 1.0469730415746045e-14
2311.8505859375 7.189424226848422e-15 4.083161709271402e-15
2314.513427734375 2.624893693652401e-15 2.9253597852077875e-15
2317.17626953125 8.533696854360045e-15 4.374844704438472e-15
2319.839111328125 2.0086369904599027e-14 9.27767553808665e-15
2322.501953125 1.4056045891564124e-14 5.949852071397482e-15
2325.16455078125 1.452805330735569e-14 7.740301421457676e-15
2327.827392578125 9.343868621815733e-15 3.1801979059604794e-15
2330.490234375 1.2464699682569053e-14 6.037624590007288e-15
2333.153076171875 1.4715847288025545e-14 6.325457820429087e-15
2335.81591796875 1.616033661869156e-14 3.960765448393156e-15
2338.478515625 1.1472176968162565e-14 3.1307959798612933e-15
2341.1416015625 6.360965865094461e-15 3.4097927508190988e-15
2343.80419921875 8.430987333241883e-15 2.8063489032614797e-15
2346.467041015625 6.6264082030720664e-15 4.895117328114007e-15
2349.1298828125 9.490651808278378e-15 5.045959072943421e-15
2351.792724609375 1.7087234608476574e-14 3.151097877299321e-15
2354.45556640625 1.5716733605753222e-14 3.0662088706002056e-15
2357.1181640625 1.4718981309930386e-14 3.671348266359991e-15
2359.781005859375 1.6805774030433443e-14 3.041932271057187e-15
2362.44384765625 1.1717213435407867e-14 4.296765630877044e-15
2365.106689453125 1.4245235782531056e-14 3.985701251327375e-15
2367.76953125 1.5546737481371073e-14 3.627657459907667e-15
2370.43212890625 9.023339496113444e-15 3.581349321648327e-15
2373.094970703125 1.1403988274809752e-14 4.088860546940529e-15
2375.7578125 5.471890861019667e-15 5.090938216508519e-15
2378.420654296875 1.4572114267205963e-14 5.3179693043940365e-15
2381.08349609375 7.408053594930124e-15 2.205862259480962e-15
2383.746337890625 1.1046297272612575e-14 4.566591364356691e-15
2386.4091796875 1.1116769566791185e-14 3.6817057852390166e-15
2389.07177734375 2.0576144683492198e-14 3.4710279389496643e-15
2391.734619140625 1.892081868785922e-14 3.3285256570024426e-15
2394.3974609375 1.3423928919950763e-14 3.6371870040807514e-15
2397.060302734375 1.628623959597144e-14 3.913595454109985e-15
2399.72314453125 1.8903078429811926e-14 4.565809129429901e-15
2402.3857421875 1.933938679500851e-14 5.117463900284735e-15
2405.048583984375 1.8972924766642515e-14 3.0896176848887623e-15
2407.71142578125 2.1586649907368895e-14 3.848664025955838e-15
2410.374267578125 1.636059553621321e-14 2.5750940855844787e-15
2413.037109375 1.67245300182646e-14 2.392833347642561e-15
2415.69970703125 1.7084048070529004e-14 2.944611150032983e-15
2418.362548828125 1.485328346591524e-14 4.805787115914201e-15
2421.025390625 1.3832712102493372e-14 3.210232635478933e-15
2423.688232421875 1.837655427946918e-14 2.5281515196476454e-15
2426.35107421875 2.6727789225562334e-14 5.2751894818764845e-15
2429.013916015625 1.7469458225925077e-14 5.713337179118032e-15
2431.6767578125 1.250581974402646e-14 2.2948943160833353e-15
2434.33935546875 1.5212306850938447e-14 2.555633503621311e-15
2437.002197265625 2.0486718333052878e-14 2.4530556961264473e-15
2439.6650390625 1.2425834422817236e-14 1.9370555066368627e-15
2442.327880859375 1.482019666492959e-14 3.006441167050758e-15
2444.99072265625 1.6626208127813215e-14 4.886979459073262e-15
2447.6533203125 2.123609346368644e-14 4.271770959152991e-15
2450.316162109375 1.827775296836965e-14 4.86658078812101e-15
2452.97900390625 1.5991202773849716e-14 3.2873556206011473e-15
2455.641845703125 2.1252158290564066e-14 2.258828923738668e-15
2458.3046875 2.1423450375355514e-14 2.222365849425265e-15
2460.96728515625 2.09776806521381e-14 3.103606434012667e-15
2463.63037109375 2.0870029540805655e-14 2.187941583415903e-15
2466.29296875 1.5078511220656052e-14 1.8260033462629563e-15
2468.955810546875 1.4172940673449954e-14 2.4648832406854327e-15
2471.61865234375 1.3090430025760116e-14 2.9659576508532124e-15
2474.281494140625 1.5699686220656782e-14 3.5605313693871845e-15
2476.9443359375 1.993601478019781e-14 4.758025892633846e-15
2479.60693359375 1.8282816531328336e-14 1.9332514816707436e-15
2482.269775390625 2.2660287884936244e-14 2.554492126724886e-15
2484.9326171875 2.0657664828401846e-14 2.1450427527692616e-15
2487.595458984375 1.7630143764151007e-14 2.2011957432163014e-15
2490.25830078125 2.3861583892050182e-14 4.136340978798869e-15
2492.9208984375 1.9737343202419315e-14 1.947247642332937e-15
2495.583740234375 3.0343146073009974e-14 3.772263771695868e-15
2498.24658203125 1.825608755964478e-14 2.4294630756883364e-15
2500.909423828125 2.027637125312943e-14 3.4244906782780922e-15
2503.572265625 1.816305115478426e-14 1.828638889278338e-15
2506.235107421875 1.6401337820976143e-14 2.0517973425290088e-15
2508.89794921875 2.431423491093109e-14 2.1734778605668253e-15
2511.560546875 2.3445016476722307e-14 3.0930168281060938e-15
2514.223388671875 2.3883540680108908e-14 2.5285665657918e-15
2516.88623046875 1.7245355330938218e-14 2.518948083159254e-15
2519.549072265625 2.4200602052925138e-14 3.681679527217652e-15
2522.2119140625 1.9719879077112826e-14 1.8958003434243684e-15
2524.87451171875 2.0110088521188042e-14 1.845772883493635e-15
2527.537353515625 2.4623046182841064e-14 4.0587281968749046e-15
2530.2001953125 2.63298107952949e-14 2.258288304960083e-15
2532.863037109375 2.4210256534457943e-14 2.5443434014673586e-15
2535.52587890625 2.5418803143600378e-14 2.0891921530843916e-15
2538.1884765625 2.3630935126446942e-14 2.6580859502399815e-15
2540.851318359375 1.9506457267590843e-14 2.493756264516727e-15
2543.51416015625 2.1655264658294177e-14 3.38691904959497e-15
2546.177001953125 2.5180800437949076e-14 2.6417540962257345e-15
2548.83984375 1.8216309198375823e-14 1.6943255101069341e-15
2551.502685546875 2.2589148975828144e-14 2.841633754745252e-15
2554.16552734375 2.655360198215717e-14 2.096279701270542e-15
2556.828125 2.7448632898400584e-14 2.0974549594848573e-15
2559.490966796875 2.174628512474023e-14 1.9462528021363867e-15
2562.15380859375 2.658170653534707e-14 1.940302819198399e-15
2564.816650390625 2.2860741620035763e-14 1.9990773766171907e-15
2567.4794921875 2.2854087329202133e-14 1.7795838231710525e-15
2570.14208984375 2.8630011772792785e-14 2.025817995003772e-15
2572.804931640625 2.6149309768300905e-14 1.9038458858738633e-15
2575.4677734375 2.6002503711948684e-14 2.856498124178381e-15
2578.130615234375 2.6734116561678324e-14 2.124438252810827e-15
2580.79345703125 2.1632420179706728e-14 1.7237657283755334e-15
2583.4560546875 2.253889620513344e-14 1.8464365338078086e-15
2586.119140625 2.2080070316067048e-14 1.7298761181779075e-15
2588.78173828125 1.7730003866434606e-14 1.7218765272658011e-15
2591.444580078125 1.6248743141462386e-14 1.6498844442215796e-15
2594.107421875 2.0944522700384882e-14 1.6727401459955792e-15
2596.770263671875 2.7242512512883933e-14 2.712327610841542e-15
2599.43310546875 1.9524309333987175e-14 1.5506059359353896e-15
2602.095703125 1.7103287576892938e-14 1.4466129481439005e-15
2604.758544921875 2.170703192389857e-14 3.043783461563411e-15
2607.42138671875 2.32280540694808e-14 1.6891844436335741e-15
2610.084228515625 2.5109448076538268e-14 1.7690387923733285e-15
2612.7470703125 2.4477071912843047e-14 1.7365993363176201e-15
2615.40966796875 2.4162995484132942e-14 1.6663792461990546e-15
2618.072509765625 2.4870212090915764e-14 1.6949536909164416e-15
2620.7353515625 2.3256588915407904e-14 1.6560025631995974e-15
2623.398193359375 2.122053008031359e-14 2.5083275605501058e-15
2626.06103515625 2.3251662571786673e-14 1.6456366798702176e-15
2628.723876953125 2.4478544056105375e-14 1.6782412014715222e-15
2631.38671875 2.5514868538280278e-14 1.6964625742328567e-15
2634.04931640625 2.3270138054432184e-14 1.599979804068198e-15
2636.712158203125 2.4360726855339986e-14 2.2303379117665856e-15
2639.375 2.7328887850647243e-14 1.768126643768254e-15
2642.037841796875 2.9904111955789126e-14 2.921225840908713e-15
2644.70068359375 2.8672034771371965e-14 1.797326834075425e-15
2647.36328125 3.309327570549629e-14 2.9836024059357036e-15
2650.026123046875 2.9924379760151026e-14 1.9965400894236904e-15
2652.68896484375 2.6129336731404648e-14 1.6844841519301416e-15
2655.351806640625 2.8235468908159415e-14 1.832821326213643e-15
2658.0146484375 2.8766492497517976e-14 2.5785715793494313e-15
2660.67724609375 2.824224178360566e-14 2.3092201843202473e-15
2663.34033203125 3.15265527442779e-14 1.9461204532383782e-15
2666.0029296875 3.3872861113226627e-14 2.214765422789552e-15
2668.665771484375 3.4088264979845184e-14 1.914513630569821e-15
2671.32861328125 3.912811101600827e-14 2.0604578308982104e-15
2673.991455078125 4.245092978852859e-14 2.283118864050606e-15
2676.654296875 3.454840715811161e-14 1.8933365363390424e-15
2679.31689453125 3.709044451238007e-14 1.9733527742508408e-15
2681.979736328125 3.7465503925160695e-14 1.9865643706456397e-15
2684.642578125 4.092312629717064e-14 2.0714370719605206e-15
2687.305419921875 4.0250033259700904e-14 2.2856432339916606e-15
2689.96826171875 4.025688067404651e-14 2.0072050812625693e-15
2692.630859375 4.481216626613972e-14 2.1621252897330127e-15
2695.293701171875 4.652643220237444e-14 2.215455966399801e-15
2697.95654296875 4.9694758941579154e-14 2.276472620029975e-15
2700.619384765625 4.3148874772670764e-14 2.088009483331788e-15
2703.2822265625 4.772294755553408e-14 2.209508524560655e-15
2705.94482421875 4.5081163601396954e-14 2.144673022887785e-15
2708.60791015625 4.4835947563166834e-14 2.1136915222925382e-15
2711.2705078125 4.55837184133983e-14 2.167955629267201e-15
2713.933349609375 4.644225406807631e-14 2.1829222779287108e-15
2716.59619140625 4.509775528276777e-14 2.113539691636743e-15
2719.259033203125 4.981455989350701e-14 2.240250526590066e-15
2721.921875 4.8080534372678743e-14 2.2157952030951765e-15
2724.58447265625 4.1441876379123485e-14 2.0121917759812922e-15
2727.247314453125 4.469961591624036e-14 2.058010329197119e-15
2729.91015625 4.609724738426427e-14 2.0737202492698446e-15
2732.572998046875 4.2295190922714623e-14 1.9903891479189665e-15
2735.23583984375 4.21956476107533e-14 1.9884562187333322e-15
2737.8984375 4.319942231083111e-14 2.011372059846587e-15
2740.561279296875 4.533999992941892e-14 2.057569872064547e-15
2743.22412109375 4.607465870962689e-14 2.072469393364987e-15
2745.886962890625 4.608990530267747e-14 2.0446062445650566e-15
2748.5498046875 4.571533039274267e-14 2.0276746912241536e-15
2751.212646484375 4.478048384578062e-14 2.0076294447691437e-15
2753.87548828125 4.479497149731046e-14 2.009156009898333e-15
2756.5380859375 4.481913565322973e-14 2.0099708555935914e-15
2759.200927734375 4.153955283046906e-14 1.9245948049498047e-15
2761.86376953125 4.252282594509153e-14 1.937876493320989e-15
2764.526611328125 4.2055927832037807e-14 1.915935587130024e-15
2767.189453125 4.1710358718348786e-14 1.8782174217470268e-15
2769.85205078125 4.1623758069821507e-14 1.8830226396568004e-15
2772.514892578125 4.210601458427485e-14 1.9055687508885786e-15
2775.177734375 3.939128415272018e-14 1.8212855845049867e-15
2777.840576171875 4.484151765182798e-14 1.9421330456391786e-15
2780.50341796875 4.3367615949101504e-14 1.90418702839337e-15
2783.166015625 4.17376568961729e-14 1.857925476946129e-15
2785.8291015625 4.195163774744007e-14 1.8749656622625175e-15
2788.49169921875 3.8622361195729885e-14 1.8038962098560927e-15
2791.154541015625 3.827732063059995e-14 1.7652711898239414e-15
2793.8173828125 3.4818871554433486e-14 1.724102953367659e-15
2796.47998046875 2.7504803041264805e-14 1.5363055845660136e-15
2799.14306640625 2.4191000087435063e-14 1.4230809964406368e-15
2801.8056640625 2.29183872942941e-14 1.377194257072556e-15
2804.468505859375 2.4921618520484627e-14 1.7742430686803774e-15
2807.13134765625 3.008943598838479e-14 1.6408813310252136e-15
2809.794189453125 3.911740113142319e-14 1.8128053023953134e-15
2812.45703125 3.7192532311314946e-14 1.7306943520049552e-15
2815.11962890625 4.307034804219671e-14 1.855012107124048e-15
2817.78271484375 4.47567669232575e-14 1.8894823246707985e-15
2820.4453125 4.41071705797446e-14 1.8797124348989306e-15
2823.108154296875 4.319912076710189e-14 1.8511593777634618e-15
2825.77099609375 4.14069820098284e-14 1.8016975240832574e-15
2828.43359375 4.464986797718222e-14 1.8603232154615693e-15
2831.0966796875 4.403420038540454e-14 1.836703701727383e-15
2833.75927734375 4.379117646844191e-14 1.8300252704547566e-15
2836.422119140625 4.019733764598632e-14 1.7555327461502403e-15
2839.0849609375 4.0035669549541575e-14 2.026437387846452e-15
2841.74755859375 4.067242148544231e-14 1.7656598720676127e-15
2844.41064453125 4.598571008576982e-14 2.135184136296169e-15
2847.0732421875 4.1928899995003974e-14 1.810545206733802e-15
2849.736083984375 4.40611733025769e-14 1.8554182594222564e-15
2852.39892578125 4.184986504476157e-14 1.803615206675841e-15
2855.061767578125 3.6884578236747595e-14 2.346798165750474e-15
2857.724609375 4.0937857894189286e-14 1.7393907333952967e-15
2860.38720703125 4.1253821512305874e-14 1.7619881959995021e-15
2863.05029296875 4.2147119399139205e-14 1.7747793464151077e-15
2865.712890625 4.415681348671728e-14 1.8097165967531506e-15
2868.375732421875 4.408313517283331e-14 1.8062761606796405e-15
2871.03857421875 4.2879352276986235e-14 1.8265710700958535e-15
2873.701171875 4.530299136588749e-14 1.8137688023728152e-15
2876.3642578125 4.7144447769481915e-14 1.8703268863268794e-15
2879.02685546875 4.1239686226482095e-14 1.7675929071323654e-15
2881.689697265625 4.764013483834692e-14 1.8773307900094884e-15
2884.3525390625 4.7809554980324936e-14 1.880257288842252e-15
2887.015380859375 5.024633663243579e-14 1.8951853975046618e-15
2889.67822265625 5.327996141610454e-14 1.9440062590020315e-15
2892.3408203125 5.10246955364585e-14 1.9061616739516566e-15
2895.00390625 5.272275942647814e-14 1.9218326305088084e-15
2897.66650390625 5.526209305157896e-14 1.9619843215492672e-15
2900.329345703125 5.63328646696528e-14 1.986207346258372e-15
2902.9921875 5.8754609792884e-14 2.0212181825837077e-15
2905.65478515625 5.813049558855629e-14 2.0291002476743826e-15
2908.31787109375 6.263100525401646e-14 2.0892692330825918e-15
2910.98046875 6.127723654013317e-14 2.0492757254450327e-15
2913.643310546875 6.168982290060895e-14 2.0553777507970527e-15
2916.30615234375 6.218494415146519e-14 2.057003842297544e-15
2918.96875 6.569382895744297e-14 2.523850498099725e-15
2921.6318359375 6.372939692243437e-14 2.123219795916202e-15
2924.29443359375 6.376387455151941e-14 2.127131605824859e-15
2926.957275390625 6.61962346916456e-14 2.1517741236010916e-15
2929.6201171875 6.91208226180802e-14 2.1948927592975453e-15
2932.282958984375 6.633889536875395e-14 2.1618667329258634e-15
2934.94580078125 6.535454144009079e-14 2.157246379956828e-15
2937.6083984375 6.845464814572363e-14 2.18282995133746e-15
2940.271484375 6.544425916986396e-14 2.1528964422562035e-15
2942.93408203125 6.955297205150576e-14 2.21501677981665e-15
2945.596923828125 7.134359292573778e-14 2.2619951328955046e-15
2948.259765625 7.190644970732005e-14 2.27202569705689e-15
2950.92236328125 6.655408239493801e-14 2.1772274636660833e-15
2953.58544921875 6.798807529332165e-14 2.19738854187663e-15
2956.248046875 7.090019489477267e-14 2.237927538732221e-15
2958.910888671875 6.480224885342667e-14 2.1564594863488287e-15
2961.57373046875 6.24039123327258e-14 2.1532329260945003e-15
2964.236328125 6.836075623758639e-14 2.2420424247899823e-15
2966.8994140625 6.766394627759353e-14 2.2382644460869914e-15
2969.56201171875 6.612090296944859e-14 2.2330515935713516e-15
2972.224853515625 6.280533141082498e-14 2.1949982148994785e-15
2974.8876953125 6.556890176211833e-14 2.2285464370831428e-15
2977.550537109375 6.769715674538948e-14 2.3020538620700023e-15
2980.21337890625 6.871776368419513e-14 2.2981708512815517e-15
2982.8759765625 6.752273572089088e-14 2.2947930956461384e-15
2985.5390625 6.304272425275426e-14 2.255025957563733e-15
2988.20166015625 6.166561131084464e-14 2.2468482779744664e-15
2990.864501953125 6.293059064306494e-14 2.2733703618606563e-15
2993.52734375 6.295440920954173e-14 2.283626660302485e-15
2996.18994140625 6.782392030814377e-14 2.3947800411135882e-15
2998.85302734375 6.542704746037575e-14 2.3712704299043083e-15
3001.515625 6.228439259573643e-14 2.292678689651555e-15
3004.178466796875 6.472018830149667e-14 2.3343389463710736e-15
3006.84130859375 6.266642478373885e-14 2.330726350851034e-15
3009.504150390625 6.313393953677818e-14 2.350509017092395e-15
3012.1669921875 6.325125698810469e-14 2.3922220016128802e-15
3014.82958984375 6.99904679568944e-14 2.4938180979218764e-15
3017.49267578125 6.842534080574864e-14 2.486549072926777e-15
3020.1552734375 6.968837535032205e-14 2.5311796624340795e-15
3022.818115234375 6.298728764042236e-14 2.4634371436862328e-15
3025.48095703125 6.273036560686118e-14 2.5022238411321913e-15
3028.1435546875 7.17590049881256e-14 2.639798720666998e-15
3030.806640625 6.432809336208087e-14 2.531187285730605e-15
3033.46923828125 6.5424811293395e-14 2.5646090882468914e-15
3036.132080078125 7.175556264622795e-14 2.6760976823468705e-15
3038.794921875 7.530907592413066e-14 2.745706638193992e-15
3041.45751953125 7.117092695350588e-14 2.7166970302999532e-15
3044.12060546875 6.925312916444132e-14 2.716300830638875e-15
3046.783203125 6.90983931856369e-14 2.7296955979085177e-15
3049.446044921875 6.807027137052321e-14 2.805966891402268e-15
3052.10888671875 5.345898691170442e-14 5.876501982780575e-15
3054.771728515625 5.490508899310201e-14 7.879867040176767e-15
3060.09716796875 6.970260550383592e-14 4.71007535748978e-15
3062.76025390625 7.467435686730334e-14 3.896381627039409e-15
3065.4228515625 7.432215379157142e-14 3.049454135387042e-15
3068.085693359375 8.187236153790745e-14 3.177016873727066e-15
3070.74853515625 8.370693325770659e-14 3.188280082584943e-15
3073.4111328125 7.837057147989587e-14 3.144626757340535e-15
3076.07421875 8.088362336670929e-14 3.2542251974187163e-15
3078.73681640625 7.837231297963543e-14 3.2488689845767537e-15
3081.399658203125 7.654121070678824e-14 3.224918492718428e-15
3084.0625 8.011774972832911e-14 3.303295933635526e-15
3086.72509765625 8.652612318044844e-14 3.457892999036592e-15
3089.38818359375 8.257810261329615e-14 3.432636170615363e-15
3092.05078125 8.042527689829104e-14 3.418425287101041e-15
3094.713623046875 8.183732147894543e-14 3.478025489885169e-15
3097.37646484375 7.809844351086559e-14 3.5090950819069303e-15
3100.039306640625 7.63130606883794e-14 3.5008085585839415e-15
3102.7021484375 7.695653467774954e-14 3.5403082460132513e-15
3105.36474609375 8.807384888672581e-14 3.7347156481770324e-15
3108.02783203125 9.691645272771887e-14 3.90062017990747e-15
3110.6904296875 9.542609486889314e-14 3.876668205741486e-15
3113.353271484375 9.693562277738113e-14 3.9380865647468954e-15
3116.01611328125 9.460321252503096e-14 3.981364866153907e-15
3118.6787109375 9.616980334910957e-14 4.041353010027877e-15
3121.341796875 9.519339797762344e-14 4.03379874668779e-15
3124.00439453125 9.877552741661619e-14 4.126874538580355e-15
3126.667236328125 9.443851543876683e-14 4.098574744296115e-15
3129.330078125 9.28098269352591e-14 4.096532547860285e-15
3131.992919921875 9.185323535847514e-14 4.114258406347476e-15
3134.65576171875 9.165198033020752e-14 4.141337626154722e-15
3137.318359375 1.0003736256253629e-13 4.3143398704666765e-15
3139.9814453125 1.0000552767624668e-13 4.3625368921983935e-15
3142.64404296875 9.912399677111661e-14 4.466797330642978e-15
3145.306884765625 9.108625041286816e-14 4.3700814146595875e-15
3147.9697265625 9.750049210924608e-14 4.5358521151843585e-15
3150.63232421875 9.995572213894813e-14 4.497459923333584e-15
3153.29541015625 9.994420926712905e-14 4.557525570722228e-15
3155.9580078125 1.0539586916972002e-13 4.655083860971663e-15
3158.620849609375 1.0494823597401864e-13 4.707414403485981e-15
3161.28369140625 1.0277042617520132e-13 4.769794991919471e-15
3163.9462890625 9.773165078868357e-14 4.719118281234667e-15
3166.609375 1.0655558602351914e-13 4.94201542482111e-15
3169.27197265625 1.1022503439497844e-13 5.054311241319822e-15
3171.934814453125 1.0678644654735919e-13 5.1125866845744446e-15
3174.59765625 1.1244750654703858e-13 5.2497784934588555e-15
3177.260498046875 1.1194180077247345e-13 5.16112802519922e-15
3179.92333984375 1.1127786246709764e-13 5.1977672823656524e-15
3182.5859375 1.1080075252483182e-13 5.270425768581126e-15
3185.2490234375 1.1106432207296305e-13 5.26978752925537e-15
3187.91162109375 1.1310726389778675e-13 5.349569139040779e-15
3190.574462890625 1.2362821270178737e-13 5.713002177587393e-15
3193.2373046875 1.0724030712928878e-13 5.456811980492646e-15
3195.89990234375 1.1381532923158272e-13 5.526236918431977e-15
3198.56298828125 1.2421837104932554e-13 5.7901135160065825e-15
3201.2255859375 1.1493339916943124e-13 5.632620444958854e-15
3203.888427734375 1.2185266901401648e-13 5.808395028107172e-15
3206.55126953125 1.4512004065884293e-13 6.69029778070109e-15
3209.2138671875 1.4386434480772453e-13 6.7453595809538296e-15
3211.876953125 1.2625847361971004e-13 6.201527582883363e-15
3214.53955078125 1.2118218483802429e-13 6.168319232669785e-15
3217.202392578125 1.3455370444139664e-13 6.654341232090145e-15
3219.865234375 1.1857499032132124e-13 6.425598290618227e-15
3222.528076171875 1.1959100972968456e-13 6.294835461803476e-15
3225.19091796875 1.1245442511215176e-13 6.209429129731825e-15
3227.853515625 1.274851535101873e-13 6.584604162509751e-15
3230.5166015625 1.3907421763693917e-13 6.731175590735583e-15
3233.17919921875 1.3262820204064385e-13 6.697904136567434e-15
3235.842041015625 1.2088248425249498e-13 6.675812246753621e-15
3238.5048828125 1.1854952512279499e-13 6.697444621193548e-15
3241.16748046875 1.232666448297906e-13 6.776205132761042e-15
3243.83056640625 1.1329022979065725e-13 6.6271497804173875e-15
3246.4931640625 1.1654864356600014e-13 6.5548436599079715e-15
3249.156005859375 1.3904776310393052e-13 7.07600990334286e-15
3251.81884765625 1.3105371009323324e-13 6.879227209036741e-15
3254.481689453125 1.1949287588054747e-13 6.6801448202788265e-15
3257.14453125 1.2188688914508555e-13 6.887355760715067e-15
3259.80712890625 1.3597499862183504e-13 7.391947263438083e-15
3262.47021484375 1.2984531256188953e-13 7.2338079062516e-15
3265.1328125 1.171808554053036e-13 7.111142288896127e-15
3267.795654296875 1.2144842423400526e-13 7.096601274290612e-15
3270.45849609375 1.4098490712551037e-13 7.456455598635076e-15
3273.12109375 1.3076009459239701e-13 7.0187331119330506e-15
3275.7841796875 1.541136196523546e-13 7.852400302796152e-15
3278.44677734375 1.905632498588189e-13 8.551647176578258e-15
3281.109619140625 1.5674913895081383e-13 7.595820470545668e-15
3283.7724609375 1.5316941508539128e-13 7.506837118337762e-15
3286.43505859375 1.737555818627154e-13 1.3525380597142252e-14
3289.09814453125 1.557312357411758e-13 7.845057374176404e-15
3291.7607421875 1.7745838977976935e-13 8.314003612896591e-15
3294.423583984375 1.775012835282183e-13 9.19280283677177e-15
3297.08642578125 1.6659071312100787e-13 7.837534874571839e-15
3299.749267578125 1.7128075487874567e-13 1.284526819763862e-14
3302.412109375 1.911527170274721e-13 9.512520504910589e-15
3305.07470703125 1.858262892520668e-13 1.568926940947145e-14
3307.73779296875 2.0032588055832884e-13 1.543506635167096e-14
3310.400390625 1.9989781043557725e-13 1.2600658634998735e-14
3313.063232421875 1.900875154980594e-13 1.3119423963544631e-14
3315.72607421875 2.1902236426417365e-13 1.5446663926784766e-14
3318.388671875 2.0551870752102963e-13 1.5269163090489944e-14
3321.0517578125 2.1229720726604479e-13 1.5713492857697027e-14
3323.71435546875 1.8032966884063556e-13 1.4293250692179113e-14
3326.377197265625 1.9214458583244332e-13 1.751492017827011e-14
3329.0400390625 2.1000071798692177e-13 1.9430061672012083e-14
3331.70263671875 1.8182359101410334e-13 1.3239772945789364e-14
3334.36572265625 1.9865364778506867e-13 9.000154510281199e-15
3337.0283203125 2.1923433934142172e-13 1.9979484511050902e-14
3339.691162109375 2.5490517357486253e-13 1.8975259189445148e-14
3342.35400390625 3.012354905448933e-13 1.1436712545693974e-14
3345.016845703125 3.116488458358019e-13 1.1913830958289271e-14
3347.6796875 3.0699561274181997e-13 2.1910870402655318e-14
