wavelength flux error
1150.583251953125 4.417550580979729e-14 6.715005477662614e-14
1152.2596435546875 6.132345743399895e-14 6.360266724099797e-14
1153.93603515625 2.3427874223935774e-14 5.832267042362935e-14
1155.6123046875 -4.045668897004022e-14 5.664620926189648e-14
1157.2886962890625 4.583576105410981e-18 5.2463235307703e-14
1158.965087890625 -2.9122961231172265e-14 4.8319367170618355e-14
1160.6414794921875 4.133750497936281e-14 4.427574368877536e-14
1162.31787109375 4.0225926702022047e-14 4.118606565278911e-14
1163.9942626953125 6.430132034468405e-14 3.922233157292905e-14
1165.670654296875 2.9356796534723076e-14 3.208863364368049e-14
1167.3470458984375 6.250539873826812e-15 2.897426290321588e-14
1169.0234375 3.449193377745227e-14 2.8171668692506327e-14
1170.6998291015625 -1.1821680549891581e-14 2.4563706442688217e-14
1172.376220703125 7.723675011736021e-15 2.3704931924719078e-14
1174.0526123046875 4.996929926044322e-14 2.3109577877082448e-14
1175.72900390625 5.056211729143577e-14 2.1848298384775748e-14
1177.4053955078125 3.981386889010535e-14 2.0296603482107545e-14
1179.081787109375 4.22479976350254e-14 1.909986620631573e-14
1180.7581787109375 3.407321489843837e-14 1.7101212346172165e-14
1182.4345703125 1.0016384829848388e-14 1.524908163337644e-14
1184.1109619140625 2.4752381337623218e-14 1.4968874664095244e-14
1185.787353515625 3.333725507562342e-14 1.4332276888190908e-14
1187.4637451171875 2.6828049127397037e-14 1.3423381736666837e-14
1189.14013671875 2.3809206762723766e-14 1.2684476780294284e-14
1190.8165283203125 1.922516101393948e-14 1.1258103790304144e-14
1192.492919921875 1.2378336203267004e-14 1.065649779248383e-14
1194.169189453125 2.9934178237284864e-14 1.499933396887851e-14
1195.845703125 8.96146289228357e-15 9.838699340371064e-15
1197.52197265625 2.489571625295759e-14 1.3419368494562746e-14
1199.1983642578125 1.2904448695597384e-14 9.455546527779423e-15
1200.874755859375 1.2203520461414978e-14 8.267508280355908e-15
1202.5511474609375 1.8151943164713968e-14 8.18110753160418e-15
1204.2275390625 3.500626912368403e-14 8.631107337360184e-15
1205.9039306640625 3.2847083885310935e-14 8.236056252958462e-15
1207.580322265625 5.393766217085677e-14 1.8592302041464323e-14
1209.2567138671875 1.0984803019455092e-13 2.1411061671468973e-14
1210.93310546875 1.4301038651909348e-13 2.306795467805437e-14
1212.6094970703125 2.2001301334170081e-13 2.947041414613598e-14
1214.285888671875 2.2420497262139877e-13 4.233660405757178e-14
1215.9622802734375 2.203895025460964e-13 3.955948456725415e-14
1217.638671875 2.1526922226126205e-13 3.201030681298199e-14
1219.3150634765625 1.7235656803692156e-13 2.330474273845931e-14
1220.991455078125 1.3153120628252302e-13 2.6731705905910438e-14
1222.6678466796875 7.375496020129921e-14 1.590676036527204e-14
1224.34423828125 4.4768584726937594e-14 7.20945825011688e-15
1226.0206298828125 3.662283827978244e-14 6.258389328149018e-15
1227.697021484375 3.907498849768827e-14 6.2435188177270215e-15
1229.3734130859375 3.862506831302931e-14 6.171653577866651e-15
1231.0498046875 4.3511858883755333e-14 6.196563122779506e-15
1232.7261962890625 4.360284038668581e-14 6.145365063315667e-15
1234.402587890625 4.9484257701659304e-14 6.305577533640555e-15
1236.078857421875 5.967929194447899e-14 6.545960401873642e-15
1237.75537109375 7.970810426624619e-14 7.374441633517179e-15
1239.431640625 8.48818628232384e-14 7.518710826192373e-15
1241.1080322265625 9.391382934991963e-14 7.778805845173962e-15
1242.784423828125 1.038700307947997e-13 8.215972254746115e-15
1244.4608154296875 6.855749149804746e-14 6.6629178641975685e-15
1246.13720703125 5.3758894173272856e-14 6.095567572830113e-15
1247.8135986328125 4.0767936308706496e-14 5.49855630523218e-15
1249.489990234375 4.542203337629461e-14 5.671222277464074e-15
1251.1663818359375 4.286888633788996e-14 5.339630054437697e-15
1252.8427734375 4.8764635450330995e-14 5.570705724646354e-15
1254.5191650390625 4.5913915573160546e-14 5.403171501525399e-15
1256.195556640625 3.187964012240675e-14 4.770706399370717e-15
1257.8719482421875 3.450329079520906e-14 4.838480046579375e-15
1259.54833984375 2.873751380632651e-14 4.623896531370233e-15
1261.2247314453125 3.557036257336929e-14 4.808012271466638e-15
1262.901123046875 3.4602952691783e-14 4.85555368969718e-15
1264.5775146484375 4.493328520133351e-14 5.129815334721597e-15
1266.25390625 4.80458737844771e-14 5.216670516649527e-15
1267.9302978515625 4.344439779170421e-14 4.9798045292134396e-15
1269.606689453125 5.188755105916751e-14 5.33939923795957e-15
1271.2830810546875 4.0784758383038966e-14 6.035983887188456e-15
1272.95947265625 4.3010872776772305e-14 4.918672890860676e-15
1274.6358642578125 4.3932508997888975e-14 4.9436230933549985e-15
1276.312255859375 5.126238314585342e-14 5.777684154538573e-15
1277.988525390625 4.712795434393298e-14 5.083437316244109e-15
1279.6650390625 5.2883939631945265e-14 5.325945390141857e-15
1281.34130859375 6.416120076641746e-14 5.758848259374005e-15
1283.0177001953125 5.5964076688813646e-14 5.359143575960068e-15
1284.694091796875 5.80363394061395e-14 5.4609154316056195e-15
1286.3704833984375 5.71218080973844e-14 5.416575797915699e-15
1288.046875 5.981762936542456e-14 5.517351542815279e-15
1289.7232666015625 5.995608198285096e-14 5.475901562024916e-15
1291.399658203125 5.3782577214478086e-14 5.0359153797713534e-15
1293.0760498046875 5.4204931558901603e-14 5.120783845921498e-15
1294.75244140625 5.621731582312016e-14 5.27872457388185e-15
1296.4288330078125 5.186212651822272e-14 5.03581924153184e-15
1298.105224609375 6.350878888538788e-14 5.5176429221491345e-15
1299.7816162109375 4.6731237992756955e-14 4.758894524921255e-15
1301.4580078125 2.911079783804969e-14 4.045744452342917e-15
1303.1343994140625 2.684386492658817e-14 3.945334202160077e-15
1304.810791015625 3.967911950072435e-14 4.527745586362661e-15
1306.4871826171875 5.1175392862170405e-14 5.096665853297853e-15
1308.16357421875 5.740397171277375e-14 5.377642775528102e-15
1309.8399658203125 5.3849973932025216e-14 5.1746233776313495e-15
1311.516357421875 6.237438137605272e-14 5.672780394570549e-15
1313.1927490234375 5.332798140795028e-14 5.072317044196081e-15
1314.869140625 5.4254391506757677e-14 5.168393873820768e-15
1316.5455322265625 5.355307871961722e-14 5.1019627738335075e-15
1318.221923828125 5.77753854957494e-14 5.2215562026892894e-15
1319.898193359375 5.458556783660695e-14 5.0985767596268584e-15
1321.57470703125 5.744434469117168e-14 5.295804993263233e-15
1323.2509765625 6.143292797210209e-14 5.466367359170622e-15
1324.927490234375 6.743043623469447e-14 5.771418651827733e-15
1326.603759765625 6.163071355341776e-14 5.532649804875639e-15
1328.2801513671875 6.922710153603809e-14 5.8287449946649566e-15
1329.95654296875 4.948900447429572e-14 4.929507712805479e-15
1331.6329345703125 4.9253651287703426e-14 4.818262217161362e-15
1333.309326171875 4.485037761645626e-14 4.702357193274399e-15
1334.9857177734375 4.090702250677744e-14 4.550081845181757e-15
1336.662109375 4.698556132923595e-14 4.752615046166786e-15
1338.3385009765625 6.048257055780992e-14 5.818940588300488e-15
1340.014892578125 5.978702775910616e-14 5.393404788127084e-15
1341.6912841796875 6.053358227002537e-14 7.063231140784108e-15
1343.36767578125 6.552889470195361e-14 5.6469857002278134e-15
1345.0440673828125 6.059204787217665e-14 5.37838985858758e-15
1346.720458984375 5.5816083092269375e-14 5.1629533812005534e-15
1348.3968505859375 6.549887585430292e-14 5.6270224042104505e-15
1350.0732421875 6.449861125875853e-14 5.67385358531472e-15
1351.7496337890625 6.464993200071961e-14 5.6276369266136834e-15
1353.426025390625 7.104359418461104e-14 5.902080260205287e-15
1355.1024169921875 7.552307710418857e-14 6.119599168093138e-15
1356.77880859375 7.014252053532191e-14 5.8631535905647944e-15
1358.4552001953125 7.114711516329267e-14 5.87942043480034e-15
1360.131591796875 7.953308693055272e-14 6.650184417901495e-15
1361.807861328125 7.864236063574725e-14 6.227837273258029e-15
1363.484375 6.76847494067781e-14 5.815285641133086e-15
1365.16064453125 7.116100650362764e-14 5.9488246204324625e-15
1366.837158203125 7.287917556768331e-14 6.0671343708566805e-15
1368.513427734375 7.761373060086521e-14 6.323122127077033e-15
1370.1898193359375 6.63699780897864e-14 5.790213042377885e-15
1371.8662109375 7.179874777401077e-14 6.054416594670131e-15
1373.5426025390625 6.542283262443022e-14 5.999005393326649e-15
1375.218994140625 7.120558754170753e-14 6.033651158451718e-15
1376.8953857421875 7.208240894365087e-14 6.112714484297855e-15
1378.57177734375 6.959740401178693e-14 5.878239670871867e-15
1380.2481689453125 6.920656945739664e-14 5.983321731275288e-15
1381.924560546875 6.535487347700611e-14 5.876103453778892e-15
1383.6009521484375 7.705101612081808e-14 6.395895809773334e-15
1385.27734375 8.009857290240327e-14 6.535164543444412e-15
1386.9537353515625 8.106959114434487e-14 6.449014516445072e-15
1388.630126953125 7.655552217546505e-14 6.2426611968679265e-15
1390.3065185546875 7.760374238835119e-14 7.053083262559528e-15
1391.98291015625 6.826642387231657e-14 5.929763414503925e-15
1393.6593017578125 6.718396319957062e-14 7.878185679776467e-15
1395.335693359375 7.527480158295297e-14 6.3315344347926895e-15
1397.0120849609375 8.501278023556602e-14 6.742168384325049e-15
1398.6884765625 7.700954538772051e-14 6.4139079653966966e-15
1400.3648681640625 6.956998724935021e-14 6.123287996578431e-15
1402.041259765625 7.738827075909685e-14 6.488924167820853e-15
1403.717529296875 8.239839610320668e-14 6.734077525612876e-15
1405.39404296875 7.970222924572404e-14 6.5941692820666205e-15
1407.0703125 8.154789370900042e-14 6.773700879852485e-15
1408.746826171875 1.0087572866867428e-13 7.546876365754473e-15
1410.423095703125 8.165786569060834e-14 6.7830563587549086e-15
1412.0994873046875 7.199412100549266e-14 6.408544552774682e-15
1413.77587890625 7.047385949549706e-14 6.385994841652878e-15
1415.4522705078125 8.218926705666138e-14 6.717683202918769e-15
1417.128662109375 9.257804483957244e-14 7.204748746930147e-15
1418.8050537109375 8.572510783915258e-14 7.381369515992772e-15
1420.4814453125 8.36706802475641e-14 6.9985097768008805e-15
1422.1578369140625 8.500229057954722e-14 7.110191917929307e-15
1423.834228515625 8.170046128345987e-14 9.267283290856788e-15
1425.5106201171875 9.482106939906476e-14 7.440898144492857e-15
1427.18701171875 8.865896569416193e-14 7.986034149785621e-15
1428.8634033203125 8.381426927278265e-14 7.630940150604726e-15
1430.539794921875 9.244575862200205e-14 7.422036414823398e-15
1432.2161865234375 1.0161800058101217e-13 7.77110038645279e-15
1433.892578125 8.630870676354721e-14 7.229592223273115e-15
1435.5689697265625 9.16221241128827e-14 7.460902521608161e-15
1437.245361328125 8.612523265090835e-14 7.257551933829032e-15
1438.9217529296875 9.663306938488547e-14 7.631610153666004e-15
1440.59814453125 6.605078219394309e-14 6.2303334793535874e-15
1442.2745361328125 8.919814621080255e-14 7.24417304842715e-15
1443.950927734375 9.932953439796555e-14 7.779880729984028e-15
1445.627197265625 9.974950010947781e-14 7.724799871489975e-15
1447.3037109375 7.338326181525329e-14 6.642049513476064e-15
1448.97998046875 1.0080600091645631e-13 7.747229303933269e-15
1450.656494140625 9.645836375731659e-14 7.605891692288522e-15
1452.332763671875 8.82144360271793e-14 7.229050122186872e-15
1454.0091552734375 9.263094035306257e-14 7.481975854302901e-15
1455.685546875 8.805341167577446e-14 7.203172418615306e-15
1457.3619384765625 7.981479653628235e-14 7.111150759225599e-15
1459.038330078125 8.20341516070966e-14 7.106928299983536e-15
1460.7147216796875 8.466031288555456e-14 7.069707554698814e-15
1462.39111328125 8.577710210958683e-14 7.713866370206816e-15
1464.0675048828125 8.41288573093929e-14 7.016125944521402e-15
1465.743896484375 6.563944944222924e-14 6.320503101204123e-15
1467.4202880859375 7.72253693826809e-14 6.777109340432236e-15
1469.0966796875 9.742985633770865e-14 7.767488637965697e-15
1470.7730712890625 8.578407488480863e-14 7.227865970126611e-15
1472.449462890625 8.737251915892641e-14 7.234915825346609e-15
1474.1258544921875 8.089513623852837e-14 7.018157129528918e-15
1475.80224609375 9.751045999296937e-14 7.638694737236839e-15
1477.4786376953125 9.526158074174562e-14 7.665620220564159e-15
1479.155029296875 1.0126548579715566e-13 7.776506150722166e-15
1480.8314208984375 9.572575479684098e-14 7.548087622869046e-15
1482.5078125 9.272024473075749e-14 7.507700244911014e-15
1484.1842041015625 9.058627735729005e-14 7.388099192758707e-15
1485.860595703125 9.631224040951986e-14 9.048333744321024e-15
1487.536865234375 8.619197207088841e-14 7.224013664282498e-15
1489.21337890625 8.745383432186282e-14 8.296134605841315e-15
1490.8896484375 9.105095285589018e-14 7.386101889069081e-15
1492.566162109375 8.530925531963218e-14 7.287890959933787e-15
1494.242431640625 8.422625932206357e-14 7.561586786949438e-15
1495.9188232421875 6.975969552448086e-14 6.4535380958998835e-15
1497.59521484375 8.730126674740338e-14 7.11356903829001e-15
1499.2716064453125 8.946594414740647e-14 1.2746174660172287e-14
1500.947998046875 9.03877463869808e-14 9.124466759686135e-15
1502.6243896484375 7.794171531056923e-14 6.705654488034811e-15
1504.30078125 9.272216918961365e-14 7.354102678387708e-15
1505.9771728515625 8.335890436033874e-14 8.254842596695615e-15
1507.653564453125 9.080154569863705e-14 8.478455906638961e-15
1509.3299560546875 7.3184554662091e-14 6.590689247202826e-15
1511.00634765625 9.433180283993994e-14 8.303693527862612e-15
1512.6827392578125 8.756657101901058e-14 7.219377005929228e-15
1514.359130859375 7.866174074958043e-14 6.815929707437848e-15
1516.0355224609375 9.10834924735919e-14 7.33503088454733e-15
1517.7119140625 8.434201823276713e-14 7.182105862184145e-15
1519.3883056640625 9.985789999793562e-14 9.053627700241363e-15
1521.064697265625 1.084996689390029e-13 8.312475565459745e-15
1522.7410888671875 9.374799385137439e-14 7.661778079115413e-15
1524.41748046875 8.134405692430957e-14 7.039703530124699e-15
1526.0938720703125 6.42250467218497e-14 6.1898088820581e-15
1527.770263671875 6.959449699471196e-14 6.610146017517731e-15
1529.446533203125 8.054733773412218e-14 6.958502293119692e-15
1531.123046875 8.74226838381946e-14 7.178301837218026e-15
1532.79931640625 7.130979292301054e-14 7.43885171289229e-15
1534.475830078125 7.681576457817946e-14 1.0738643047708551e-14
1536.152099609375 9.440035152229534e-14 1.0174951938673234e-14
1537.8284912109375 9.14575422230994e-14 7.756441634267607e-15
1539.5048828125 1.0676553499795738e-13 7.882805397470792e-15
1541.1812744140625 8.499987145344987e-14 6.991649233444594e-15
1542.857666015625 8.841725637233344e-14 8.112247141124195e-15
1544.5340576171875 7.067529070661771e-14 6.475049768144827e-15
1546.21044921875 7.359991929063378e-14 6.5920394177207495e-15
1547.8868408203125 9.428743864229455e-14 8.275749063899746e-15
1549.563232421875 1.0123984441577638e-13 8.503381545177813e-15
1551.2396240234375 9.57416654637222e-14 9.4996684740019e-15
1552.916015625 9.109209832833601e-14 8.04196458232577e-15
1554.5924072265625 8.177926922887241e-14 6.895992108645272e-15
1556.268798828125 8.102861507848849e-14 6.7899342662866135e-15
1557.9451904296875 7.379444548916841e-14 6.476982697330462e-15
1559.62158203125 9.090077730247378e-14 7.597246026995897e-15
1561.2979736328125 1.0075779457736217e-13 7.669098137845585e-15
1562.974365234375 8.033120203103719e-14 8.838857414267352e-15
1564.650634765625 9.740620040155773e-14 8.142219401962789e-15
1566.3271484375 9.406998834407543e-14 9.809753683464543e-15
1568.00341796875 7.547816402919336e-14 6.354416182829817e-15
1569.679931640625 9.815760671719881e-14 1.0672006965748056e-14
1571.356201171875 8.713549901149392e-14 9.435576879014956e-15
1573.03271484375 7.605140882284075e-14 8.108903055048435e-15
1574.708984375 8.917602848648384e-14 8.086914079737714e-15
1576.385498046875 1.0402235442377034e-13 7.565796540697292e-15
1578.061767578125 1.0479314085324459e-13 8.194849794140435e-15
1579.73828125 1.0042174611400029e-13 7.28542524702433e-15
1581.41455078125 8.526369849959706e-14 8.452614625484127e-15
1583.091064453125 9.511948927077782e-14 1.0775546579154527e-14
1584.767333984375 1.0570748242661951e-13 1.0281835638155466e-14
1586.4437255859375 8.262319187114439e-14 7.249368748525609e-15
1588.1201171875 8.092635448483237e-14 6.624930554095581e-15
1589.7965087890625 8.180787183743529e-14 6.5152169175365735e-15
1591.472900390625 7.526095767646304e-14 6.277792311871772e-15
1593.1492919921875 8.689297653803607e-14 7.312704790123602e-15
1594.82568359375 9.671090154834278e-14 7.029705576731783e-15
1596.5020751953125 1.0111576425339899e-13 8.008839664857496e-15
1598.178466796875 9.070745727885604e-14 6.708193469294205e-15
1599.8548583984375 9.126972452550702e-14 6.766296541344061e-15
1601.53125 7.864366845461782e-14 6.542881860626846e-15
1603.2076416015625 7.785064232808045e-14 8.859195522363875e-15
1604.884033203125 8.160776199771236e-14 6.283299296578346e-15
1606.560302734375 8.355692033461606e-14 6.634218270362225e-15
1608.23681640625 8.643894654951703e-14 7.88780373889254e-15
1609.9130859375 9.401482955855023e-14 7.185415219909067e-15
1611.589599609375 8.146385448810564e-14 6.2393785206808425e-15
1613.265869140625 7.948239370272545e-14 6.161999943366794e-15
1614.9423828125 7.096834377757696e-14 5.813768605124553e-15
1616.61865234375 8.879466037231207e-14 7.288200973992482e-15
1618.295166015625 1.0818871975593405e-13 7.651469688147328e-15
1619.971435546875 8.873617444137005e-14 6.900456819310249e-15
1621.64794921875 7.995709129515749e-14 8.460135431022798e-15
1623.32421875 9.88803494379048e-14 6.7003728140922064e-15
1625.000732421875 8.183888679583196e-14 6.0705169969315406e-15
1626.677001953125 7.942914582352925e-14 5.8913792694661495e-15
1628.3533935546875 7.153806491416378e-14 5.645743949927139e-15
1630.02978515625 7.597764919379385e-14 5.940693527655295e-15
1631.7061767578125 7.744231823739525e-14 5.988804999059339e-15
1633.382568359375 7.34304584910743e-14 5.864876879095983e-15
1635.0589599609375 8.874520720071957e-14 6.881401966128816e-15
1636.7353515625 1.038716028879498e-13 6.694524475107889e-15
1638.4117431640625 1.0683537794665618e-13 8.509753774040008e-15
1640.088134765625 1.1232682806897737e-13 6.879531717381279e-15
1641.7645263671875 8.183383847946632e-14 5.8779110220883325e-15
1643.44091796875 8.619869412435782e-14 6.02592282984097e-15
1645.1173095703125 8.861299552204854e-14 6.127972935809694e-15
1646.793701171875 9.325586093275606e-14 6.226099161650263e-15
1648.469970703125 8.922537323785909e-14 6.1005125511761835e-15
1650.146484375 9.028795235326709e-14 6.2179066589844196e-15
1651.82275390625 6.899094875034359e-14 5.366586030951118e-15
1653.499267578125 8.918880851959202e-14 7.529335160449784e-15
1655.175537109375 7.984964685986418e-14 5.648779716010098e-15
1656.85205078125 9.313231609520134e-14 6.0794769114475965e-15
1658.5283203125 9.987162193168114e-14 6.307735773590159e-15
1660.204833984375 1.05201092249433e-13 6.310273060783659e-15
1661.881103515625 9.406088782209013e-14 6.029385500529345e-15
1663.5576171875 9.34850002856473e-14 5.934822742297875e-15
1665.23388671875 9.712102812513973e-14 7.212689680810656e-15
1666.910400390625 1.0124951414390224e-13 6.194202865471982e-15
1668.586669921875 7.757228697282195e-14 7.771274875239924e-15
1670.2630615234375 6.96501978813234e-14 5.138352579796973e-15
1671.939453125 7.979035455355638e-14 5.392080875630525e-15
1673.6158447265625 1.0115398237997911e-13 6.345873432040284e-15
1675.292236328125 1.092914482330419e-13 7.401546687829316e-15
1676.9686279296875 1.0436017149192608e-13 6.335577323049934e-15
1678.64501953125 8.842631623673727e-14 5.543685373628942e-15
1680.3214111328125 9.043586463464842e-14 5.592792955778957e-15
1681.997802734375 9.095455373022907e-14 5.581537158459368e-15
1683.6741943359375 8.782703026215949e-14 5.4626975889266426e-15
1685.3505859375 8.877774681842129e-14 7.344109383676002e-15
1687.0269775390625 9.254304543819189e-14 6.362750139997852e-15
1688.703369140625 9.222896562135e-14 5.5190049511283194e-15
1690.379638671875 9.197879274631254e-14 5.507145219317338e-15
1692.05615234375 9.066072138895834e-14 5.446660290619803e-15
1693.732421875 1.1165930512016878e-13 6.332048583791673e-15
1695.408935546875 1.0915216213519541e-13 5.8147587866398936e-15
1697.085205078125 9.408356120002223e-14 5.4114110145198156e-15
1698.76171875 1.0379253066825772e-13 5.61963246526213e-15
1700.43798828125 1.0746949391602506e-13 7.88393533942243e-15
1702.114501953125 9.980333074734171e-14 5.560055132367578e-15
1703.790771484375 9.73071517568376e-14 5.388543666042791e-15
1705.46728515625 9.902693357162484e-14 5.416836684063453e-15
1707.1435546875 1.070447780437446e-13 5.7093959348144575e-15
1708.820068359375 1.1245775225756857e-13 5.651175125184933e-15
1710.496337890625 1.0274874890801519e-13 5.445751000750926e-15
1712.1727294921875 1.117585096189512e-13 5.617417897621534e-15
1713.84912109375 1.0185264903619234e-13 5.545173187000794e-15
1715.5255126953125 1.1103656649734742e-13 7.26093667748626e-15
1717.201904296875 1.1439757290326175e-13 5.579184100931896e-15
1718.8782958984375 1.2211098018161115e-13 6.211840209016184e-15
1720.5546875 1.214830238358347e-13 5.579887985311064e-15
1722.2310791015625 1.1921998219373287e-13 5.5083293713776e-15
1723.907470703125 1.0829163764715724e-13 5.273611883012223e-15
1725.5838623046875 1.0601122166524132e-13 6.052779279983088e-15
1727.26025390625 1.0660491044610365e-13 5.289602594506964e-15
1728.9366455078125 1.1041849672013132e-13 5.357152625017547e-15
1730.613037109375 1.1129728323851229e-13 5.3339989794043505e-15
1732.289306640625 1.0685425661698458e-13 5.215962397105622e-15
1733.9658203125 1.2134612975903125e-13 5.461932718175272e-15
1735.64208984375 1.1895104584484784e-13 5.3797743339398674e-15
1737.318603515625 1.2396160486982666e-13 5.442218449844402e-15
1738.994873046875 1.2091112074237576e-13 6.392465326336954e-15
1740.67138671875 1.146140880771071e-13 5.136217633253419e-15
1742.34765625 1.1840046087660538e-13 5.158639865916661e-15
1744.024169921875 1.1026839570561428e-13 4.976659072363811e-15
1745.700439453125 1.154446818089211e-13 5.086214313761682e-15
1747.376953125 1.1552159240053178e-13 5.079964481160366e-15
1749.05322265625 1.1827882694537967e-13 5.075409561486506e-15
1750.729736328125 1.2199597343616475e-13 5.073813327897405e-15
1752.406005859375 1.202136941423973e-13 5.016289202866998e-15
1754.0823974609375 1.0788002029237312e-13 5.965357009496972e-15
1755.7587890625 1.1716292541187612e-13 4.9743614954943834e-15
1757.4351806640625 1.2157228077968457e-13 5.015680186177922e-15
1759.111572265625 1.1845102535542468e-13 4.938823804675856e-15
1760.7879638671875 1.162924194875875e-13 4.868237161049366e-15
1762.46435546875 1.1852954869776694e-13 4.920518575652743e-15
1764.1407470703125 1.1256473590693858e-13 4.75551359291229e-15
1765.817138671875 1.2163135624555788e-13 4.843164562294165e-15
1767.4935302734375 1.1820550777346533e-13 4.767401700327004e-15
1769.169921875 1.0654796950325743e-13 4.576181471385504e-15
1770.8463134765625 1.0005829444072883e-13 4.416628839726527e-15
1772.522705078125 1.0531412710217819e-13 4.460810925288258e-15
1774.198974609375 1.1572017758094966e-13 4.601428982444313e-15
1775.87548828125 1.2115638082631913e-13 4.6470455183022195e-15
1777.5517578125 1.1118454654136453e-13 4.503914737908135e-15
1779.228271484375 1.1285559346849855e-13 4.498532690561281e-15
1780.904541015625 1.111577803002313e-13 4.456548231981201e-15
1782.5810546875 1.221269179535467e-13 4.555435093408404e-15
1784.25732421875 1.2366683740418216e-13 4.763130536690474e-15
1785.933837890625 1.1046391801489489e-13 4.309372869263977e-15
1787.610107421875 1.050691177399872e-13 4.342779425187213e-15
1789.28662109375 1.0813902941511633e-13 4.5710056765613065e-15
1790.962890625 1.1572768568099412e-13 4.373013842722982e-15
1794.315673828125 1.1054956998652124e-13 5.298746315172574e-15
1795.9920654296875 1.1441454066726114e-13 4.514162566020491e-15
1797.66845703125 1.1241422154034328e-13 4.715811041092113e-15
1799.3448486328125 1.0449761444607936e-13 4.131840269233633e-15
1801.021240234375 1.0269264144558907e-13 4.06970574387132e-15
1802.6976318359375 1.1639105478022937e-13 4.194074320967248e-15
1804.3740234375 1.0430888195290394e-13 4.0571345043846456e-15
1806.0504150390625 9.882671531168466e-14 4.007820669711974e-15
1807.726806640625 1.067260700388789e-13 4.085299196913798e-15
1809.4031982421875 1.0785164130050831e-13 4.089178607812223e-15
1811.07958984375 1.0945300113300582e-13 4.104952478872466e-15
1812.7559814453125 1.0413428474555231e-13 4.027661145951985e-15
1814.432373046875 1.0562600463335722e-13 4.035858730815512e-15
1816.108642578125 1.0874820873451804e-13 4.037368567043993e-15
1817.78515625 1.1277627052705408e-13 4.065029274969529e-15
1819.46142578125 1.1163873916020944e-13 4.0402417028010795e-15
1821.137939453125 1.1117772284394145e-13 4.049634874669656e-15
1822.814208984375 1.1299353108989302e-13 4.05365785765264e-15
1824.49072265625 1.1207531349375147e-13 4.05031377157688e-15
1826.1669921875 1.0494553902111459e-13 3.989919051888228e-15
1827.843505859375 1.1077563291574805e-13 4.0363296811341855e-15
1829.519775390625 1.1275590785500209e-13 4.0468388189107696e-15
1831.1962890625 1.118087962709638e-13 3.9600272591796236e-15
1832.87255859375 1.1481869057958227e-13 3.973673806992838e-15
1834.549072265625 1.1222139618396673e-13 4.829817864144279e-15
1836.225341796875 1.1364512304302965e-13 3.899759594433059e-15
1837.9017333984375 1.1114870688330031e-13 3.867812899794416e-15
1839.578125 1.1628503336028745e-13 3.899149730711036e-15
1841.2545166015625 1.1154811341111681e-13 3.887872334051292e-15
1842.930908203125 1.1181402754644604e-13 3.882242106050893e-15
1844.6072998046875 1.1015325343489632e-13 3.8621987654200145e-15
1846.28369140625 1.1326223026955282e-13 3.819384214551625e-15
1847.9600830078125 1.220454130552301e-13 3.871469541027713e-15
1849.636474609375 1.0945845602518614e-13 3.7727758031124835e-15
1851.3128662109375 1.1144629327459327e-13 3.846349508427466e-15
1852.9892578125 1.1439795237402212e-13 3.864213433285059e-15
1854.6656494140625 1.0562005507393571e-13 3.7846130885503624e-15
1856.342041015625 1.0855097880681577e-13 3.800565683562476e-15
1858.018310546875 1.063062737339561e-13 3.774550760653455e-15
1859.69482421875 1.1139545096896727e-13 3.81863755500862e-15
1861.37109375 1.1711629116593208e-13 3.8424866146715125e-15
1863.047607421875 1.1309848186018961e-13 3.807727770647985e-15
1864.723876953125 1.1305356200893082e-13 3.802446943738328e-15
1866.400390625 1.0940071548323771e-13 3.792951280883134e-15
1868.07666015625 1.1020954385643905e-13 3.793039795826122e-15
1869.753173828125 1.1356563747125931e-13 3.817113319220036e-15
1871.429443359375 1.1712018074122588e-13 3.879159753155835e-15
1873.10595703125 1.1330969799591695e-13 3.846248287990269e-15
1874.7822265625 1.187885103866651e-13 3.886238407496039e-15
1876.458740234375 1.1920294666709769e-13 3.858628945063811e-15
1878.135009765625 1.198818740675081e-13 3.855826113041347e-15
1879.8114013671875 1.2376857622554277e-13 3.8798606729196876e-15
1881.48779296875 1.2057032889450925e-13 3.8517328263237404e-15
1883.1641845703125 1.2447257580119192e-13 3.8714437065228216e-15
1884.840576171875 1.201757470663603e-13 3.843057514877962e-15
1886.5169677734375 1.196723791027296e-13 3.8477708297129584e-15
1888.193359375 1.207216293076796e-13 3.852511249602267e-15
1889.8697509765625 1.214204924755366e-13 3.856037024245213e-15
1891.546142578125 1.2519892349412143e-13 3.8599520105274225e-15
1893.2225341796875 1.2153812841125128e-13 3.8376966433547894e-15
1894.89892578125 1.1507700174717694e-13 3.793753844600657e-15
1896.5753173828125 1.2110677857692792e-13 3.84320913377552e-15
1898.251708984375 1.1812613062191224e-13 3.821574218236751e-15
1899.927978515625 1.196331038790313e-13 3.8363744249241254e-15
1901.6044921875 1.2190750253888993e-13 3.854543705159204e-15
1903.28076171875 1.2505815339455134e-13 3.877200989465309e-15
1904.957275390625 1.2823978532729152e-13 3.898117197548333e-15
1906.633544921875 1.2405853254404686e-13 3.843888454199218e-15
1908.31005859375 1.2100802131154165e-13 3.820176190357308e-15
1909.986328125 1.1645171589177994e-13 3.7839892487847096e-15
1911.662841796875 1.1910588346760592e-13 3.840985672288978e-15
1913.339111328125 1.2281256740742652e-13 3.864624244264477e-15
1915.015625 1.1343139291351487e-13 3.834416931783021e-15
1916.69189453125 1.1176094229757572e-13 3.8126524202033215e-15
1918.368408203125 1.195783516693208e-13 3.937288659710582e-15
1920.044677734375 1.1587569283006555e-13 3.903755895878205e-15
1921.7210693359375 1.158497939506703e-13 3.893412353042809e-15
1923.3974609375 1.188716822458219e-13 4.272861937589054e-15
1925.0738525390625 1.1963058310898028e-13 4.204591929073305e-15
1926.750244140625 1.1918429838973094e-13 4.056619931869189e-15
1928.4266357421875 1.1791319331523609e-13 3.933493528590409e-15
1930.10302734375 1.173273582238607e-13 3.7417239987826145e-15
1931.7794189453125 1.2059918222482452e-13 3.751397538556732e-15
1933.455810546875 1.1914564658228183e-13 3.728851215566717e-15
1935.1322021484375 1.2409527344516696e-13 3.782512023324698e-15
1936.80859375 1.262140348831653e-13 3.780836592155029e-15
1938.4849853515625 1.2177335962509916e-13 3.740620314852342e-15
1940.161376953125 1.2381148352651888e-13 3.745660584404979e-15
1941.837646484375 1.2602695579830292e-13 3.745645337811928e-15
1943.51416015625 1.248183143214704e-13 3.722259605171184e-15
1945.1904296875 1.1943726986162612e-13 3.639028453708082e-15
1946.866943359375 1.178924579486873e-13 3.613387919361747e-15
1948.543212890625 1.164632626449169e-13 3.589950517711221e-15
1950.2197265625 1.150627309360816e-13 3.6026661763154024e-15
1951.89599609375 1.1221683575857871e-13 3.566702851440879e-15
1953.572509765625 1.1712854265048117e-13 3.5894977786009134e-15
1955.248779296875 1.1875842377637863e-13 3.580293918596048e-15
1956.92529296875 1.1297748489774023e-13 3.5203036571397096e-15
1958.6015625 1.1182325681743932e-13 3.500530943535479e-15
1960.278076171875 1.1243001701074368e-13 3.4464006677664824e-15
1961.954345703125 1.1121352862068778e-13 3.4250173210130476e-15
1963.6307373046875 1.1200850631113562e-13 3.4248241975010736e-15
1965.30712890625 1.187970891363549e-13 3.5038013377448277e-15
1966.9835205078125 1.1993952651803003e-13 3.5073838635952398e-15
1968.659912109375 1.149133278767131e-13 3.460901660065239e-15
1970.3363037109375 1.1406334047853878e-13 3.4175956183292054e-15
1972.0126953125 1.133767491240216e-13 3.420020038382484e-15
1973.6890869140625 1.1518966390542534e-13 3.431123369771567e-15
1975.365478515625 1.1135926572146057e-13 3.3905530326969278e-15
1977.0418701171875 1.102363981889988e-13 3.3847343398657644e-15
1978.71826171875 1.1248623966965063e-13 3.4068954746230154e-15
