wavelength flux error
1851.1864013671875 1.15790718484797e-13 1.918752429077436e-13
1853.84912109375 1.338747499359319e-13 1.8000366279989632e-13
1856.511962890625 -4.897979266095531e-13 2.7902167880865247e-13
1859.1748046875 1.6586928499543602e-13 2.6351864483922793e-13
1861.8375244140625 1.5647979602611412e-13 1.3949833042176119e-13
1864.5003662109375 -7.51215631583993e-14 1.2241013866605421e-13
1867.1632080078125 3.4765644004028026e-14 9.151763412850941e-14
1869.825927734375 1.001975602097846e-13 8.66422547856488e-14
1872.48876953125 7.235537039310125e-14 7.628243197700668e-14
1875.151611328125 2.4013821123660198e-14 6.350092841963736e-14
1877.8143310546875 -2.6991848358737074e-14 5.899994441572673e-14
1880.4771728515625 -3.260584890193291e-14 6.273686404363252e-14
1883.1400146484375 1.4403824067179584e-14 5.970249387097018e-14
1885.802734375 -3.640505594464799e-14 5.291122425724222e-14
1888.465576171875 4.549576166512246e-15 5.0378450055284935e-14
1891.12841796875 2.663293508799701e-14 5.1566095279420923e-14
1893.7911376953125 4.958897638492835e-15 4.664119839046382e-14
1896.4539794921875 -2.912377777093342e-14 4.1846775068569986e-14
1899.11669921875 3.1636409529404996e-14 4.2819958326724764e-14
1901.779541015625 1.570648620115734e-14 4.319119931497917e-14
1904.4423828125 -1.0923242867134312e-14 4.1029456037105366e-14
1907.105224609375 2.232800702412375e-14 3.9663791592510836e-14
1909.7679443359375 1.913859424673009e-14 3.817035731002068e-14
1912.4307861328125 -1.1796749829155045e-14 3.420960414360526e-14
1915.093505859375 5.158234475948105e-14 3.637786618704113e-14
1917.75634765625 1.642817521287695e-14 3.323671904104791e-14
1920.419189453125 -2.80035783922555e-14 2.769411490497614e-14
1923.0819091796875 2.0235492172545515e-15 2.67221547623972e-14
1925.7447509765625 2.083946859206872e-14 3.1063588252231225e-14
1928.4075927734375 8.738637746497644e-16 2.905179691107575e-14
1931.0703125 -8.139342878073913e-15 2.6443330150885923e-14
1933.733154296875 -1.1784727890534665e-14 2.5452142360404308e-14
1936.39599609375 -4.6010799201667493e-14 2.5366597114929307e-14
1939.0587158203125 5.420162135414373e-15 2.4667195234117853e-14
1941.7215576171875 2.071903575356221e-14 2.3981452606613822e-14
1944.3843994140625 1.1816615292867e-14 2.2806738187450618e-14
1947.047119140625 -1.1311818384654275e-14 2.090809011925758e-14
1949.7099609375 5.958197039993831e-15 2.043606915093886e-14
1952.372802734375 2.1912195162184823e-14 2.1667099402633214e-14
1955.0355224609375 -2.495701433328449e-14 2.011705790827805e-14
1957.6983642578125 -6.3791736853286395e-15 1.945208961083838e-14
1960.361083984375 4.835854413849476e-14 2.0966359209765098e-14
1963.02392578125 1.0496745684565774e-14 1.8632598786897e-14
1965.686767578125 1.147135449917078e-14 1.7191922798559522e-14
1968.349609375 -1.2816667283141632e-14 1.6176321824472144e-14
1971.0123291015625 1.5741433086495157e-14 1.7759697453433552e-14
1973.6751708984375 7.364477137925679e-15 1.654519620267192e-14
1976.337890625 2.3835761245620188e-14 1.5378608217604672e-14
1979.000732421875 -1.911020678453581e-14 1.3795946637417799e-14
1981.66357421875 7.232483146722094e-15 1.455630524427841e-14
1984.3262939453125 1.5383283839473516e-14 1.4518971420095228e-14
1986.9891357421875 8.544704047509614e-15 1.3397628546938517e-14
1989.6519775390625 1.0483044079610988e-14 1.311140340856708e-14
1992.314697265625 1.1403662167125059e-14 1.3236845599923653e-14
1994.9775390625 -1.53907851632544e-14 1.2477210359199999e-14
1997.640380859375 9.011359909140426e-15 1.2350942310719853e-14
2000.3031005859375 6.951316065595186e-15 1.2142214757791554e-14
2002.9659423828125 2.985472654683241e-14 1.3160921801696514e-14
2005.6287841796875 3.7900783039447248e-16 1.1242778423189471e-14
2008.29150390625 6.061687949005835e-15 1.127324873940105e-14
2010.954345703125 2.522675536346941e-14 1.2833068382099317e-14
2013.6171875 2.2766766702669687e-14 1.2741572730169855e-14
2016.2799072265625 8.381084387154396e-15 1.046371309368875e-14
2018.9427490234375 1.0742868895082403e-14 1.0448746021510767e-14
2021.60546875 1.3497029557364704e-14 1.1341741517581928e-14
2024.268310546875 7.404697650393102e-15 1.0882869041703436e-14
2026.93115234375 -6.925576428394023e-15 1.0065455142548724e-14
2029.593994140625 1.0999757047325687e-14 1.052276230154069e-14
2032.2567138671875 1.4184927883719497e-14 1.0672418623760421e-14
2034.9195556640625 1.3367825692689374e-14 1.0535112888944605e-14
2037.582275390625 8.932474883729686e-15 1.0188670484286965e-14
2040.2451171875 1.573046570389411e-14 1.0609280787872086e-14
2042.907958984375 1.2632202988987432e-14 1.0351318597851683e-14
2045.57080078125 5.839598874851073e-15 1.0307328788768978e-14
2048.2333984375 7.634095348333248e-15 1.0285477032795712e-14
2050.896240234375 4.613121756120456e-17 9.483016653291827e-15
2053.55908203125 2.023500216398553e-14 1.0276095295871923e-14
2056.221923828125 1.5921603770639725e-14 1.0115751958956684e-14
2058.884765625 -1.3121770668325e-15 9.106506273072554e-15
2061.547607421875 -2.7726598618503344e-15 8.89733911004463e-15
2064.21044921875 1.250934255405409e-14 9.439971285945311e-15
2066.873046875 7.291233351943652e-15 9.01985141443665e-15
2069.535888671875 -5.71655378673523e-15 8.534338058301116e-15
2072.19873046875 1.03827951892046e-14 8.804589002320284e-15
2074.861572265625 1.771735427640031e-14 9.116057416585794e-15
2077.5244140625 8.17255927510049e-15 8.376025059360446e-15
2080.18701171875 3.8096763699431435e-15 8.086577807657654e-15
2082.849853515625 1.4342615772345094e-14 8.61991040883043e-15
2085.5126953125 5.2743784478294885e-15 8.079976879899701e-15
2088.175537109375 1.3259495260933233e-14 8.4384014126292e-15
2090.83837890625 2.173618510387717e-14 8.538049756675985e-15
2093.501220703125 1.0686083806298475e-14 7.967698427576407e-15
2096.163818359375 4.842676247800073e-15 7.94669539861629e-15
2098.82666015625 1.9353515304568712e-14 8.483532175091856e-15
2101.489501953125 1.3109589063994061e-14 8.06161235857028e-15
2104.15234375 5.337698819317957e-15 7.679185453214436e-15
2106.815185546875 6.7835493319302106e-15 7.842611143024734e-15
2109.47802734375 1.603731863563003e-14 8.303015901504809e-15
2112.140625 3.554222509177357e-16 7.347611017879951e-15
2114.803466796875 1.2822901445633424e-14 7.746869314930686e-15
2117.46630859375 4.459769498279609e-15 7.483621639319416e-15
2120.129150390625 1.755370412285899e-14 8.078019386758596e-15
2122.7919921875 -3.4092946954461132e-15 7.005829835531052e-15
2125.45458984375 1.682173382522561e-14 7.732994068221713e-15
2128.117431640625 5.13651790643322e-15 7.0341414882765536e-15
2130.7802734375 9.357154333593416e-15 7.346642012188292e-15
2133.443115234375 1.9547921224424836e-14 7.695369711737624e-15
2136.10595703125 -8.222562171075753e-15 6.665417458424916e-15
2138.768798828125 1.5841638778221236e-14 7.51404113355416e-15
2141.431640625 7.28163053942063e-15 6.8330922890151146e-15
2144.09423828125 -4.086435068096066e-15 6.3590490295348245e-15
2146.757080078125 1.2532562268237173e-14 7.374803316585656e-15
2149.419921875 4.0354686721433015e-15 6.447605900653788e-15
2152.082763671875 9.937573496304059e-15 7.492441793399175e-15
2154.74560546875 7.004526251825228e-16 6.4323775188115766e-15
2157.408203125 1.9378799238044253e-14 7.15170500267424e-15
2160.071044921875 1.6012432807639698e-14 6.9201901458824325e-15
2162.73388671875 1.63550152831567e-14 7.081092101026386e-15
2165.396728515625 3.626546152680869e-15 6.125735074763048e-15
2168.0595703125 7.528635511235351e-15 6.207917175920976e-15
2170.72216796875 1.4169922695058887e-14 6.599852449626223e-15
2173.385009765625 1.2763269479113774e-14 6.486222979752059e-15
2176.0478515625 -8.046641898260508e-15 5.877986408020638e-15
2178.710693359375 3.63902464205982e-15 5.950384855121305e-15
2181.37353515625 6.577253187077005e-15 6.2076656071356415e-15
2184.036376953125 5.911255321089945e-15 6.187182232888664e-15
2186.69921875 -6.5676291987303015e-15 5.559607051938481e-15
2189.36181640625 -8.083896101346646e-15 5.511125003620013e-15
2192.024658203125 4.536623762199307e-15 5.831341574164765e-15
2194.6875 -2.061905198446831e-15 5.572700487237138e-15
2197.350341796875 -4.778904831267191e-15 5.503052779632679e-15
2200.01318359375 1.081154378534694e-14 6.141575437909651e-15
2202.67578125 5.802713554613464e-15 8.041243757287656e-15
2205.338623046875 -7.113801972350505e-16 5.349777509145804e-15
2208.00146484375 1.2031765896634329e-14 5.933625461226931e-15
2210.664306640625 2.3825059831364577e-14 9.294071554846652e-15
2213.3271484375 7.434068517839145e-15 5.730074550155777e-15
2215.989990234375 -1.4766132140093125e-16 5.051783271488742e-15
2218.652587890625 1.6805631728898304e-14 5.8275502546928544e-15
2221.3154296875 7.77134687304044e-15 5.411538069461904e-15
2223.978271484375 6.968096211796768e-15 5.474714868865813e-15
2226.64111328125 -3.6217341585075176e-15 5.133746838146278e-15
2229.303955078125 1.9173216771388668e-16 5.07339701120383e-15
2231.966796875 6.214663369829383e-15 4.9001470097548034e-15
2234.62939453125 1.735184156020995e-15 4.595567514449313e-15
2237.292236328125 -6.244278182764235e-15 4.775611567168266e-15
2239.955078125 1.4816210527879813e-14 5.617567398936724e-15
2242.617919921875 2.1827490596909973e-15 4.68704156703862e-15
2245.28076171875 6.439987262809709e-15 7.5751571017974e-15
2247.943359375 1.0205067348079914e-14 5.169421324785787e-15
2250.606201171875 9.81432342621498e-15 4.696671908132428e-15
2253.26904296875 1.431739790743944e-14 5.075065242593447e-15
2255.931884765625 8.469089416308223e-15 4.702438508437335e-15
2258.5947265625 6.193265623515845e-15 4.5282461828344885e-15
2261.257568359375 9.263755398631474e-15 4.791758556241775e-15
2263.92041015625 7.0015823888170455e-15 4.535825010130046e-15
2266.5830078125 9.605368021423869e-15 4.527317834724298e-15
2269.245849609375 3.293311321011529e-15 4.090254339655236e-15
2271.90869140625 1.4579224261765215e-14 4.697912387883682e-15
2274.571533203125 1.4301085746941215e-14 4.653020912228625e-15
2277.234375 9.031520140318026e-15 5.99288600379921e-15
2279.89697265625 1.2941368320669357e-14 4.245827187011539e-15
2282.559814453125 1.0852685022628029e-14 4.236590292721731e-15
2285.22265625 1.1362559046326597e-14 4.213266393486136e-15
2287.885498046875 7.237083382658632e-15 3.866746485313823e-15
2290.54833984375 3.429696542771917e-15 4.156074728887526e-15
2293.2109375 2.1438039670839022e-14 6.7190354910190604e-15
2295.873779296875 8.949314745754049e-15 3.975405989369973e-15
2298.53662109375 1.3838508348951433e-14 3.944876380852086e-15
2301.199462890625 1.4205862303010887e-14 4.0460061855236186e-15
2303.8623046875 1.8069296465984472e-14 4.1918080843168695e-15
2306.525146484375 1.0144450282242607e-14 7.267342787666345e-15
2309.18798828125 4.2108230422464865e-14 9.031254171972588e-15
2311.8505859375 1.869731718626491e-14 3.933109399148829e-15
2314.513427734375 1.1164978446984164e-14 3.5254570055908048e-15
2317.17626953125 6.24113780811229e-15 3.2493143121487727e-15
2319.839111328125 1.233925410308069e-14 3.859866036683276e-15
2322.501953125 1.1048989143318949e-14 3.4044342086365312e-15
2325.16455078125 9.927907156309992e-15 3.733513284908405e-15
2327.827392578125 1.7753736035550777e-14 3.932992508602108e-15
2330.490234375 9.541693166646974e-15 3.0276474839182168e-15
2333.153076171875 1.2334364181876192e-14 3.2317296964055366e-15
2335.81591796875 9.975436716079273e-15 3.00514647719088e-15
2338.478515625 1.1294025610564251e-14 3.0815660014503997e-15
2341.1416015625 1.2814260862538483e-14 3.1026403929363235e-15
2343.80419921875 5.63488752864218e-15 2.6302952227570415e-15
2346.467041015625 8.75324779428836e-15 3.3530792363192135e-15
2349.1298828125 1.0040712463126478e-14 2.8570152377926797e-15
2351.792724609375 1.502109763342526e-14 4.096412269181775e-15
2354.45556640625 1.3347190276028365e-14 2.980701953366068e-15
2357.1181640625 1.3975971631895439e-14 3.3976797561568886e-15
2359.781005859375 1.5751987117017946e-14 2.98648951773642e-15
2362.44384765625 1.5515776733083034e-14 2.991559009925737e-15
2365.106689453125 1.131591378895425e-14 2.7599012163240797e-15
2367.76953125 1.4545561478375435e-14 2.9163930944281534e-15
2370.43212890625 1.3139375824617206e-14 2.7457254846770685e-15
2373.094970703125 1.4937470070542844e-14 2.8852324463645622e-15
2375.7578125 1.3001096848944994e-14 4.729864164720009e-15
2378.420654296875 1.0143187356118251e-14 2.7403358140336894e-15
2381.08349609375 1.0695867036839262e-14 2.426527259493153e-15
2383.746337890625 7.988066181826084e-15 2.3843386659727845e-15
2386.4091796875 9.723501165478585e-15 2.338026504306945e-15
2389.07177734375 1.5315001125463558e-14 2.6426038820300674e-15
2391.734619140625 1.5043410175321834e-14 2.615887192324246e-15
2394.3974609375 1.273652102567243e-14 2.410856726452475e-15
2397.060302734375 1.5703955266710944e-14 2.8034524740983436e-15
2399.72314453125 1.7959302461519923e-14 2.6623399614593294e-15
2402.3857421875 2.186423446264539e-14 2.86652911185624e-15
2405.048583984375 1.8134643363799247e-14 2.671646735967286e-15
2407.71142578125 1.423927775278007e-14 2.429789395131266e-15
2410.374267578125 1.4339956088890715e-14 2.346951478713927e-15
2413.037109375 1.3403440039989629e-14 2.224620651130856e-15
2415.69970703125 1.4205621745653867e-14 2.2898061891691787e-15
2418.362548828125 1.9238550910769675e-14 4.019890465693874e-15
2421.025390625 2.0093312186634724e-14 2.589488987006592e-15
2423.688232421875 1.7364626040241096e-14 2.4273948329893782e-15
2426.35107421875 1.548264588638413e-14 2.2870368149481308e-15
2429.013916015625 1.7189198740601153e-14 2.387016560635529e-15
2431.6767578125 1.7386816609393264e-14 2.3654646543255905e-15
2434.33935546875 1.663476146651459e-14 4.644117748920035e-15
2437.002197265625 1.4262533889379883e-14 2.3717326981352723e-15
2439.6650390625 1.1899084961710521e-14 2.0389882985423925e-15
2442.327880859375 2.020549153610319e-14 2.460481422216789e-15
2444.99072265625 1.7364632816504674e-14 3.343610890276568e-15
2447.6533203125 2.0558304475557128e-14 2.4058526675583333e-15
2450.316162109375 1.8016390788098968e-14 3.420091824424764e-15
2452.97900390625 1.5029639113665373e-14 2.0767352630455963e-15
2455.641845703125 1.774998029146265e-14 2.1748756766880317e-15
2458.3046875 1.880079581329918e-14 2.274691521500136e-15
2460.96728515625 1.655976008716701e-14 2.100057679973533e-15
2463.63037109375 1.979756893903499e-14 2.4945094885650727e-15
2466.29296875 1.869701564253569e-14 2.201297387169972e-15
2468.955810546875 1.6249986585828956e-14 2.0259677080771994e-15
2471.61865234375 1.7448854996516064e-14 2.1204974320237265e-15
2474.281494140625 2.117093630125185e-14 2.5921999159542793e-15
2476.9443359375 1.705846598145603e-14 1.982762463261889e-15
2479.60693359375 1.3754355625641718e-14 1.7809443698425798e-15
2482.269775390625 1.677113377102253e-14 1.982493106784662e-15
2484.9326171875 1.682020916592055e-14 1.9487191503205544e-15
2487.595458984375 1.642671831620767e-14 1.9301471059190566e-15
2490.25830078125 2.1842907867099422e-14 2.188609257136576e-15
2492.9208984375 1.474842586924284e-14 1.8090296530329274e-15
2495.583740234375 1.4200119419628503e-14 2.616742483842736e-15
2498.24658203125 1.6943833624572316e-14 1.9446811325027564e-15
2500.909423828125 2.167483450750754e-14 2.1469907167897097e-15
2503.572265625 1.6316346535048647e-14 1.8791108297481433e-15
2506.235107421875 1.8557573690626897e-14 1.9946967339722283e-15
2508.89794921875 2.3984590016650452e-14 2.376641465822848e-15
2511.560546875 2.0068892226765382e-14 1.995706820761829e-15
2514.223388671875 2.0658149331247676e-14 1.9646111824769396e-15
2516.88623046875 1.9257056886601287e-14 1.9997719436339392e-15
2519.549072265625 2.1334042659641034e-14 2.3470679457441744e-15
2522.2119140625 2.1474734832179973e-14 2.035749032793855e-15
2524.87451171875 2.0846009380487418e-14 1.995060534623074e-15
2527.537353515625 1.988087801752924e-14 1.9711280422148774e-15
2530.2001953125 2.2447121879364332e-14 2.1115468348700903e-15
2532.863037109375 1.495483594002745e-14 1.8487444868308398e-15
2535.52587890625 1.83424290160902e-14 1.853274207274519e-15
2538.1884765625 2.2477659111178744e-14 2.0371614602334017e-15
2540.851318359375 2.194285436674364e-14 1.9478445888025143e-15
2543.51416015625 2.449666378491304e-14 2.0724729932550126e-15
2546.177001953125 2.945082058000009e-14 2.2587435851692322e-15
2548.83984375 2.3241315217303014e-14 2.0619710552584802e-15
2551.502685546875 2.524437703690409e-14 3.28655199809244e-15
2554.16552734375 2.0469218632362604e-14 1.8530963303555956e-15
2556.828125 2.0489444085077142e-14 1.806725299899922e-15
2559.490966796875 2.526101106992227e-14 1.9838113018088264e-15
2562.15380859375 2.4181614962379486e-14 1.966463220016111e-15
2564.816650390625 2.2460237337519617e-14 2.325003584501147e-15
2567.4794921875 2.3844124848941377e-14 1.9238087583747527e-15
2570.14208984375 2.5289960961993527e-14 1.960981646297955e-15
2572.804931640625 2.7087088743326347e-14 2.041245853105062e-15
2575.4677734375 2.8678008047716e-14 2.1191864367796137e-15
2578.130615234375 2.5117450843823927e-14 1.9546458398524928e-15
2580.79345703125 2.538393079716192e-14 1.9554479800535426e-15
2583.4560546875 2.092910161854717e-14 1.7912303144375624e-15
2586.119140625 2.2886357590426627e-14 2.0068381042381714e-15
2588.78173828125 2.2717133960092374e-14 1.838238313669571e-15
2591.444580078125 2.546601167788265e-14 1.9568347847464347e-15
2594.107421875 2.1765907489996322e-14 2.0919187521416032e-15
2596.770263671875 1.9731488510687893e-14 1.6629471745758986e-15
2599.43310546875 1.7098256201186247e-14 1.5465302251514387e-15
2602.095703125 1.968144241603232e-14 1.6338401578929254e-15
2604.758544921875 2.7416916596723594e-14 1.940290325462427e-15
2607.42138671875 2.576362517422992e-14 1.868350970219172e-15
2610.084228515625 2.5507990630748573e-14 1.8800501892866483e-15
2612.7470703125 2.7892991464727873e-14 1.945129001173617e-15
2615.40966796875 2.593365517992996e-14 1.8342602234327912e-15
2618.072509765625 2.7901394031564636e-14 1.8812258710174373e-15
2620.7353515625 2.5945345928667964e-14 2.1402856039792447e-15
2623.398193359375 2.6945644405530246e-14 1.8531359291458797e-15
2626.06103515625 2.587118480600406e-14 1.827742728420143e-15
2628.723876953125 2.4971793364148183e-14 1.7808594547896175e-15
2631.38671875 2.9645072339859815e-14 2.2184682273184743e-15
2634.04931640625 2.503361999303417e-14 1.7375388017352436e-15
2636.712158203125 2.7863008192460965e-14 1.858672136489134e-15
2639.375 2.7422576470877147e-14 1.837370740173346e-15
2642.037841796875 2.6426989191267493e-14 1.7985088685533186e-15
2644.70068359375 2.7594590227739656e-14 1.8173246466853888e-15
2647.36328125 2.661635018288977e-14 1.7604127147176091e-15
2650.026123046875 2.6140631068723337e-14 1.7748097337220905e-15
2652.68896484375 2.9046904448772407e-14 2.4756447942802986e-15
2655.351806640625 3.390243272748117e-14 2.327512707849151e-15
2658.0146484375 3.2533776562516936e-14 3.074175638985606e-15
2660.67724609375 3.0749494882862174e-14 2.000662810536214e-15
2663.34033203125 3.183342600480456e-14 2.1347508789436483e-15
2666.0029296875 3.0128846737354636e-14 1.867251309695399e-15
2668.665771484375 3.253172335465279e-14 1.945121166118855e-15
2671.32861328125 3.556260375157244e-14 2.0120005582934496e-15
2673.991455078125 3.5418970680640635e-14 1.9988524893696947e-15
2676.654296875 4.0209104627689576e-14 2.113303157686222e-15
2679.31689453125 4.3997151164291634e-14 2.226737809982518e-15
2681.979736328125 4.3166262665012e-14 2.1873628481546914e-15
2684.642578125 4.6454925680967235e-14 2.288697423041223e-15
2687.305419921875 4.0547230015838126e-14 2.09632501753322e-15
2689.96826171875 4.6327924948987714e-14 2.2512450142454267e-15
2692.630859375 4.951374461261912e-14 2.3547960625966858e-15
2695.293701171875 4.22643792522253e-14 2.1298006066416573e-15
2697.95654296875 5.1418091518481285e-14 2.3724751225135407e-15
2700.619384765625 5.186689023151808e-14 2.3691143075370725e-15
2703.2822265625 5.324561931229106e-14 2.4251133497459488e-15
2705.94482421875 5.27986298616296e-14 2.394669079797498e-15
2708.60791015625 5.0597943396972836e-14 2.840419533015363e-15
2711.2705078125 5.896003222325211e-14 2.5679004465216848e-15
2713.933349609375 6.243680431613358e-14 2.650397643935991e-15
2716.59619140625 5.290908634608335e-14 2.379694384322989e-15
2719.259033203125 5.244464801670845e-14 2.364684960497643e-15
2721.921875 5.92751623609486e-14 2.551703482504288e-15
2724.58447265625 5.117299745299557e-14 2.3277363245472263e-15
2727.247314453125 4.8857785357606445e-14 2.2065981193538893e-15
2729.91015625 5.280290568394734e-14 2.292739676023757e-15
2732.572998046875 5.5863181512268503e-14 2.3709191229894346e-15
2735.23583984375 4.755397464695221e-14 2.1808849519323274e-15
2737.8984375 4.795363867278468e-14 2.1828737852924805e-15
2740.561279296875 5.002206602492537e-14 2.2092489089623217e-15
2743.22412109375 5.3022317710472305e-14 2.281348988707318e-15
2745.886962890625 4.590804732890197e-14 2.0886697455141726e-15
2748.5498046875 4.4538771135820346e-14 2.0516213714342167e-15
2751.212646484375 4.611958194901747e-14 2.096453343024729e-15
2753.87548828125 4.217484786970052e-14 2.0135326291367958e-15
2756.5380859375 4.622565419093623e-14 2.0858309145914498e-15
2759.200927734375 4.814922535656928e-14 2.1274818539485487e-15
2761.86376953125 4.494359528636749e-14 2.0385067603118784e-15
2764.526611328125 4.2765690619860075e-14 1.973657917870089e-15
2767.189453125 4.615229097330864e-14 2.0302439539114127e-15
2769.85205078125 4.413554957160941e-14 1.9868860314073596e-15
2772.514892578125 4.642122393406188e-14 2.052870321514943e-15
2775.177734375 4.252215509499731e-14 1.9420318252019817e-15
2777.840576171875 4.425568256045259e-14 1.9808610860535397e-15
2780.50341796875 4.754388479048452e-14 2.030020972488048e-15
2783.166015625 4.462360656768555e-14 1.993156616315883e-15
2785.8291015625 4.193115987890725e-14 1.9453668056735587e-15
2788.49169921875 4.3471689193264745e-14 1.996423410635206e-15
2791.154541015625 4.1054138577188357e-14 1.8810814518999304e-15
2793.8173828125 2.9587023477918584e-14 1.6049996389509821e-15
2796.47998046875 2.4002101575801987e-14 1.4820138431414468e-15
2799.14306640625 2.8432646319818955e-14 1.5928055408840724e-15
2801.8056640625 2.433505836890639e-14 1.4797977931931927e-15
2804.468505859375 2.700061684380705e-14 1.5333068761744966e-15
2807.13134765625 4.2951231492890235e-14 1.960406934443243e-15
2809.794189453125 5.06224497542028e-14 2.1034024013240034e-15
2812.45703125 4.668033131262697e-14 1.9844304828932693e-15
2815.11962890625 4.792241026208531e-14 2.0000067835185655e-15
2817.78271484375 4.8914916035832853e-14 2.01409590604672e-15
2820.4453125 5.3758104738566015e-14 2.1159014312519247e-15
2823.108154296875 5.038269877254836e-14 2.03363208570043e-15
2825.77099609375 4.8900191215077785e-14 1.9978176268663867e-15
2828.43359375 4.514612086405599e-14 1.922019189515441e-15
2831.0966796875 4.6786847399810094e-14 1.9334160178207478e-15
2833.75927734375 4.972520808196705e-14 1.9824380496430904e-15
2836.422119140625 4.8148066615497434e-14 1.9523948497951644e-15
2839.0849609375 4.266570346263439e-14 1.8429586165263825e-15
2841.74755859375 4.4398255146134435e-14 2.0941561896717755e-15
2844.41064453125 4.580482450581777e-14 1.94386480449984e-15
2847.0732421875 4.4316275909367375e-14 1.891284387266082e-15
2849.736083984375 4.056535652090937e-14 1.8173921975629323e-15
2852.39892578125 3.619051605163563e-14 1.7354183606309108e-15
2855.061767578125 3.828056646085383e-14 1.7454113377052619e-15
2857.724609375 4.221384526659211e-14 1.822951486553999e-15
2860.38720703125 4.383262348461696e-14 1.8604866928203893e-15
2863.05029296875 4.669908462207918e-14 1.918480921136523e-15
2865.712890625 4.6291275527425915e-14 1.9009477626448328e-15
2868.375732421875 4.811971472868694e-14 1.930463472724856e-15
2871.03857421875 4.861671978081787e-14 1.922031683251413e-15
2873.701171875 4.856745295647377e-14 1.9155760216439145e-15
2876.3642578125 5.0315596822466876e-14 1.974942655092837e-15
2879.02685546875 4.8154233015353445e-14 1.9391491603242385e-15
2881.689697265625 5.5167242302145425e-14 2.04728752735959e-15
2884.3525390625 5.429805436112274e-14 2.0359201334492006e-15
2887.015380859375 5.786396481324146e-14 2.066464988560138e-15
2889.67822265625 5.4253188719972575e-14 2.0100176541639272e-15
2892.3408203125 5.695317400198144e-14 2.213600117212367e-15
2895.00390625 5.813267076916484e-14 2.055513911343324e-15
2897.66650390625 5.973846227804239e-14 2.0723309034781107e-15
2900.329345703125 6.199695704728336e-14 2.119014700849558e-15
2902.9921875 6.437098033426625e-14 2.146324737134931e-15
2905.65478515625 6.519487911766514e-14 2.1650117662590186e-15
2908.31787109375 6.71166274683957e-14 2.195652124334759e-15
2910.98046875 6.84876078917672e-14 2.1919448728828636e-15
2913.643310546875 6.68613791719383e-14 2.1679558410254377e-15
2916.30615234375 6.934569970118085e-14 2.198183694055865e-15
2918.96875 7.266870482094956e-14 2.2521699742238284e-15
2921.6318359375 7.47101829728404e-14 2.3154333827465944e-15
2924.29443359375 7.042860760732295e-14 2.262735439691405e-15
2926.957275390625 7.066827049755087e-14 2.2522265136730576e-15
2929.6201171875 7.349361326762158e-14 2.294699074988993e-15
2932.282958984375 7.094437613330146e-14 2.2658050870922545e-15
2934.94580078125 7.551731728014724e-14 2.336258323029552e-15
2937.6083984375 8.045944959551507e-14 2.3888171409231548e-15
2940.271484375 7.610416203479575e-14 2.330588707997105e-15
2942.93408203125 7.824546132545462e-14 2.3699744694950092e-15
2945.596923828125 8.444818873050777e-14 2.4794157849614747e-15
2948.259765625 8.554642454486339e-14 2.488951470123427e-15
2950.92236328125 7.813799656137058e-14 2.3734998206214816e-15
2953.58544921875 7.975025940196515e-14 2.394150060359068e-15
2956.248046875 8.130802075460158e-14 2.4222709189332e-15
2958.910888671875 8.204589487187733e-14 2.421616797739683e-15
2961.57373046875 8.257294587671327e-14 2.452995768545429e-15
2964.236328125 8.196297373447292e-14 2.6545188827408568e-15
2966.8994140625 7.77475279252135e-14 2.4067846155585498e-15
2969.56201171875 7.895868339583348e-14 2.432046526177462e-15
2972.224853515625 7.567292062068964e-14 2.3865854208653765e-15
2974.8876953125 7.350913091121528e-14 2.3718788113186737e-15
2977.550537109375 7.154129041562693e-14 2.3980360357628338e-15
2980.21337890625 7.169586376410547e-14 2.382103557783217e-15
2982.8759765625 7.5759744885915e-14 2.4405234201553463e-15
2985.5390625 8.183669806269625e-14 2.5296941784028323e-15
2988.20166015625 7.825957628248767e-14 2.495219302174872e-15
2990.864501953125 7.461276740764258e-14 2.4672991904092388e-15
2993.52734375 7.344464121074312e-14 2.4654479999030145e-15
2996.18994140625 7.796238969074581e-14 2.5666102035847797e-15
2998.85302734375 7.326910887901772e-14 2.5239381660097657e-15
3001.515625 7.062320156849336e-14 2.45196895285512e-15
3004.178466796875 7.14238848728739e-14 2.469705822770625e-15
3006.84130859375 7.237351722696322e-14 2.505198832601185e-15
3009.504150390625 7.420154307614599e-14 3.1799033502530718e-15
3012.1669921875 7.171354981204414e-14 2.562418237528818e-15
3014.82958984375 7.627648919384875e-14 2.640565285484263e-15
3017.49267578125 8.087916458527494e-14 2.7007679404521256e-15
3020.1552734375 7.965164443811401e-14 2.721486154583729e-15
3022.818115234375 7.808916680602726e-14 2.7289550793543806e-15
3025.48095703125 7.616755398056826e-14 2.750828434667802e-15
3028.1435546875 7.673173213354825e-14 2.7796934116860973e-15
3030.806640625 8.438803583872556e-14 2.852325851638443e-15
3033.46923828125 8.104261483904071e-14 2.838744101845694e-15
3036.132080078125 8.020633582208475e-14 2.8672565013996947e-15
3038.794921875 8.135016233779338e-14 2.904087399770443e-15
3041.45751953125 7.638942917890384e-14 2.8751328490179756e-15
3044.12060546875 7.653611495657756e-14 2.9024761313465285e-15
3046.783203125 8.1953819002379e-14 2.986131434557968e-15
3049.446044921875 8.312748140662171e-14 3.123312867288775e-15
3052.10888671875 7.671015651031579e-14 3.530495581077547e-15
3060.09716796875 9.10157772716566e-14 4.490957674913986e-15
3062.76025390625 8.55379067815458e-14 3.2706023676956414e-15
3065.4228515625 8.550689182314913e-14 3.2909326407374023e-15
3068.085693359375 8.733916638959532e-14 3.354573614196407e-15
3070.74853515625 8.900315245008103e-14 3.359907380665267e-15
3073.4111328125 9.6220943810333e-14 3.483570802832606e-15
3076.07421875 9.624589401282732e-14 3.549741016672112e-15
3078.73681640625 8.843427157017789e-14 3.4900501813626278e-15
3081.399658203125 8.894613696833545e-14 3.4982755065551775e-15
3084.0625 9.33529309085114e-14 3.585393903971466e-15
3086.72509765625 8.663249696609643e-14 3.565580109269294e-15
3089.38818359375 8.449490429161474e-14 3.564850390385234e-15
3092.05078125 8.572625980396084e-14 3.6129072281641805e-15
3094.713623046875 8.792939927603285e-14 3.680386954940142e-15
3097.37646484375 9.384457593615211e-14 3.8500311371327065e-15
3100.039306640625 9.845833729479198e-14 3.9363044074258724e-15
3102.7021484375 9.670690355283174e-14 3.9356399100787514e-15
3105.36474609375 9.385268034739144e-14 3.943703240220139e-15
3108.02783203125 9.535594698833333e-14 4.004471924955004e-15
3110.6904296875 9.603392571184283e-14 4.0084423918952585e-15
3113.353271484375 1.017335833088627e-13 4.133232791398919e-15
3116.01611328125 1.0137380437045054e-13 4.200517277080538e-15
3118.6787109375 1.0228891843787336e-13 4.261096649951692e-15
3121.341796875 1.0183961828133178e-13 4.254081946599006e-15
3124.00439453125 9.810759789199291e-14 4.253101929479032e-15
3126.667236328125 1.015493502547031e-13 4.332667122346418e-15
3129.330078125 1.0206662311119594e-13 4.369910737520716e-15
3131.992919921875 1.0458431673856031e-13 4.440738785537173e-15
3134.65576171875 1.0090171563949604e-13 4.480229579120537e-15
3137.318359375 1.0497382992155288e-13 4.5473234823890235e-15
3139.9814453125 1.0994364327363698e-13 4.6642339343843774e-15
3142.64404296875 1.1801430872034752e-13 4.899936945583884e-15
3145.306884765625 1.1892009187282337e-13 4.96053283559751e-15
3147.9697265625 1.0890926696724076e-13 4.889272800777953e-15
3150.63232421875 9.959655984052157e-14 4.666695835645572e-15
3153.29541015625 1.0490339066165921e-13 4.8069890556663546e-15
3155.9580078125 1.1274769502354551e-13 4.958797265088586e-15
3158.620849609375 1.1186448360504808e-13 5.001400481236635e-15
3161.28369140625 1.0602146059950773e-13 5.019707827842116e-15
3163.9462890625 1.1153428983341762e-13 5.1510127577431095e-15
3166.609375 1.3021349406713845e-13 5.519228144309921e-15
3169.27197265625 1.3262723981121577e-13 5.615157166685312e-15
3171.934814453125 1.340529656680342e-13 5.780611923920757e-15
3174.59765625 1.2898563510679861e-13 5.767454537634583e-15
3177.260498046875 1.2247680354713492e-13 5.565886107176477e-15
3179.92333984375 1.3468745433189988e-13 5.8032603143809165e-15
3182.5859375 1.4660587197359853e-13 6.065347131337974e-15
3185.2490234375 1.358388092764437e-13 5.921728459966271e-15
3187.91162109375 1.2984333389292474e-13 5.889604311925178e-15
3190.574462890625 1.3509733696320803e-13 6.148950553781394e-15
3193.2373046875 1.3954331125939218e-13 6.2774318993527155e-15
3195.89990234375 1.3445951437766196e-13 6.171285965567543e-15
3198.56298828125 1.4390271201210336e-13 6.396606893932554e-15
3201.2255859375 1.4179094367811756e-13 6.358860141187587e-15
3203.888427734375 1.3809153744537978e-13 8.765888066960235e-15
3206.55126953125 1.494556296213409e-13 7.09208235351701e-15
3209.2138671875 1.4814215934695618e-13 7.187503156124049e-15
3211.876953125 1.4465878039708613e-13 6.8759178513118184e-15
3214.53955078125 1.5446476563096834e-13 7.123314152348171e-15
3217.202392578125 1.5293663687895864e-13 7.390301478421568e-15
3219.865234375 1.4468382546727054e-13 7.33559246739136e-15
3222.528076171875 1.3484756388772168e-13 6.970754624701725e-15
3225.19091796875 1.3664781383249808e-13 7.056037289963077e-15
3227.853515625 1.3913853793082187e-13 7.225390092821787e-15
3230.5166015625 1.404413965764434e-13 7.20242787665467e-15
3233.17919921875 1.485064512769113e-13 7.415310126189251e-15
3235.842041015625 1.486551496048677e-13 7.687895493011052e-15
3238.5048828125 1.4693752941816185e-13 7.76820014564139e-15
3241.16748046875 1.5579704681304568e-13 7.945881399953978e-15
3243.83056640625 1.5694463415504012e-13 8.036169182900656e-15
3246.4931640625 1.6099919791442985e-13 7.927693908510534e-15
3249.156005859375 1.6774916958978148e-13 8.120188922037651e-15
3251.81884765625 1.663174399634329e-13 8.11455022370778e-15
3254.481689453125 1.6687860945538424e-13 8.192506901008329e-15
3257.14453125 1.7224549152435042e-13 8.71090038209038e-15
3259.80712890625 1.585122820762369e-13 8.796892860961532e-15
3262.47021484375 1.3634426432925645e-13 8.059703993340116e-15
3265.1328125 1.4446111678851487e-13 8.350238835347183e-15
3267.795654296875 1.474825036401617e-13 8.109662843602122e-15
3270.45849609375 1.5768754303615434e-13 8.320323325716056e-15
3273.12109375 1.7988682646328386e-13 8.693758129303848e-15
3275.7841796875 2.1159629766658722e-13 9.73561712475611e-15
3278.44677734375 1.9584601139172736e-13 9.44819004663252e-15
3281.109619140625 1.5489474666004893e-13 8.733720296722359e-15
3283.7724609375 1.5830464380767878e-13 8.545120787719664e-15
3286.43505859375 1.709102423388259e-13 8.884838597809051e-15
3289.09814453125 1.830794223904933e-13 9.134942863177776e-15
3291.7607421875 2.0101077107068793e-13 9.771164556453531e-15
3294.423583984375 1.9655749196236666e-13 9.899841566635668e-15
3297.08642578125 1.8711434853803388e-13 9.392456125736134e-15
3299.749267578125 1.8577484385898235e-13 9.243775585471639e-15
3302.412109375 1.9312947508592915e-13 9.303100079031436e-15
3305.07470703125 2.1056776927565884e-13 9.76584942470951e-15
3307.73779296875 2.0645536333036701e-13 1.026658226884131e-14
3310.400390625 1.8594168902080072e-13 9.131353137547312e-15
3313.063232421875 2.0766755556931443e-13 1.6766246390916874e-14
3315.72607421875 2.3966755229726244e-13 2.1790420623489862e-14
3318.388671875 2.3440339838413926e-13 1.820110156884082e-14
3321.0517578125 2.5825161779034767e-13 1.3988556847425743e-14
3323.71435546875 2.6934162365710446e-13 1.260152091453904e-14
3326.377197265625 2.596998408422452e-13 1.158955455882833e-14
3329.0400390625 2.49900631871941e-13 1.1874460866900891e-14
3331.70263671875 2.1142442451719395e-13 1.887244971843921e-14
3334.36572265625 1.9640536484503979e-13 1.9932216684462323e-14
3337.0283203125 1.8939079362949307e-13 1.674660539093594e-14
3339.691162109375 1.9452195659363375e-13 1.0274950107327235e-14
3342.35400390625 2.160904783018655e-13 9.862808439148763e-15
3345.016845703125 2.4087096249861273e-13 1.7050127789123258e-14
3347.6796875 2.628771766238769e-13 2.181223511001345e-14
