wavelength flux error
1851.1864013671875 1.6216783233109766e-13 2.0784339960916443e-13
1853.84912109375 1.4353138632055423e-13 1.9433635473423139e-13
1856.511962890625 -2.29098857940091e-13 3.028801710304452e-13
1859.1748046875 3.258753130622877e-13 2.868163334873025e-13
1861.8375244140625 8.345256587551433e-14 1.4720788878239827e-13
1864.5003662109375 1.4880959420433826e-13 1.5636764886389765e-13
1867.1632080078125 4.407404820337517e-14 9.781368423555925e-14
1869.825927734375 1.4447830139294876e-13 9.398800910730837e-14
1872.48876953125 7.576374288142604e-14 8.178255571670776e-14
1875.151611328125 7.46581700676813e-15 6.843903563443984e-14
1877.8143310546875 -7.820068377573097e-14 6.428053076802664e-14
1880.4771728515625 -1.6014098074414e-14 6.832681393332402e-14
1883.1400146484375 5.1344623268768236e-14 6.576073778401248e-14
1885.802734375 -6.023452034733829e-15 5.762000577190507e-14
1888.465576171875 1.569707363223427e-13 5.911711278925452e-14
1891.12841796875 3.457729436974477e-14 5.362912194948992e-14
1893.7911376953125 1.240208531304212e-14 5.074941321673264e-14
1896.4539794921875 -7.831283093794744e-14 4.5539218690481345e-14
1899.11669921875 1.8372463110333942e-14 4.4953122712958204e-14
1901.779541015625 6.27156136810518e-14 4.783753417263864e-14
1904.4423828125 -3.857408370586818e-15 4.4600587600310965e-14
1907.105224609375 5.886818674671543e-14 4.3703217179067236e-14
1909.7679443359375 3.975198805111074e-14 4.1738859682958e-14
1912.4307861328125 -3.541692763717186e-14 3.904022965366474e-14
1915.093505859375 6.944642208300475e-14 4.087844022700529e-14
1917.75634765625 -2.077536005642283e-14 4.153786554083813e-14
1920.419189453125 -5.2563571442502954e-14 3.181356816438913e-14
1923.0819091796875 3.756964493195972e-14 2.997601150048386e-14
1925.7447509765625 2.4511342865888956e-14 3.342426229996538e-14
1928.4075927734375 4.2368562610671685e-15 3.145658443470291e-14
1931.0703125 4.0934554465694994e-14 3.1741014710259113e-14
1933.733154296875 8.622372733608098e-15 2.7721816270483146e-14
1936.39599609375 6.796278543061548e-15 2.745209218095717e-14
1939.0587158203125 3.382233390385701e-14 2.7389006861111564e-14
1941.7215576171875 4.0387062861775916e-14 2.623327445029633e-14
1944.3843994140625 4.8729785126749164e-14 2.5777889209061683e-14
1947.047119140625 -4.372427441813598e-14 2.254271293559377e-14
1949.7099609375 8.360798795100603e-15 2.1818464190307557e-14
1952.372802734375 1.8791719008236403e-14 2.3829611786423122e-14
1955.0355224609375 -2.6106749750833165e-14 2.1677514519752653e-14
1957.6983642578125 1.4323588024217973e-14 2.1239695047778166e-14
1960.361083984375 1.6368220526804395e-14 2.0589355009337576e-14
1963.02392578125 9.060208299208582e-15 3.487092342310816e-14
1965.686767578125 1.806104805914411e-14 1.8492345377424738e-14
1968.349609375 -2.3148444830900158e-14 1.733146808848788e-14
1971.0123291015625 2.1526889191841262e-15 1.7925429613959223e-14
1973.6751708984375 2.0248749508719466e-14 1.8056489327821987e-14
1976.337890625 3.5819075163605676e-14 2.1246435735972416e-14
1979.000732421875 -8.741686641591286e-15 1.4727731160275523e-14
1981.66357421875 9.595854994393256e-15 1.541920989489836e-14
1984.3262939453125 1.404242390770638e-14 1.5176235105846675e-14
1986.9891357421875 1.005022887828888e-14 1.4194540860637886e-14
1989.6519775390625 2.1338755550959557e-14 1.4238119011708225e-14
1992.314697265625 6.189373930639685e-15 1.3802444227156187e-14
1994.9775390625 4.2389827372812505e-15 1.3298619712766909e-14
1997.640380859375 1.9418206598882312e-14 1.3273670357305534e-14
2000.3031005859375 3.820406583318961e-14 1.3955701286434696e-14
2002.9659423828125 2.52065519336115e-14 1.3261937256920167e-14
2005.6287841796875 3.244184977081732e-14 1.3028133293588404e-14
2008.29150390625 2.7558382375041172e-17 1.1651877549021406e-14
2010.954345703125 -2.5774126265193506e-15 1.249164125952237e-14
2013.6171875 4.461093834292641e-14 1.4020535729316382e-14
2016.2799072265625 -1.8975486194275012e-15 1.0550733023524921e-14
2018.9427490234375 8.290701736517626e-15 1.0642351495231735e-14
2021.60546875 3.1325561990289824e-14 1.2481406560420696e-14
2024.268310546875 1.4375821157943357e-14 1.8722680740837494e-14
2026.93115234375 -1.0021767724228189e-15 1.2340504323710838e-14
2029.593994140625 2.2446168120265723e-14 1.1163902715141151e-14
2032.2567138671875 -9.989148485429426e-16 1.0717334239854475e-14
2034.9195556640625 1.0301052274629824e-14 1.0689384693693925e-14
2037.582275390625 1.715935607580349e-14 1.0791819776137176e-14
2040.2451171875 7.292461549717171e-15 1.046285589634613e-14
2042.907958984375 1.7196391744389236e-14 1.0813409798929741e-14
2045.57080078125 1.4230903985063513e-14 1.0915688180277751e-14
2048.2333984375 1.5203416393124065e-14 1.0849924542252927e-14
2050.896240234375 1.305920330912664e-14 1.033477519735886e-14
2053.55908203125 1.7256134672224976e-14 1.0251535575566285e-14
2056.221923828125 2.3408268799338626e-14 1.0593354027364863e-14
2058.884765625 6.99025925237815e-15 9.560399889287086e-15
2061.547607421875 -9.77673633918057e-15 9.278282860709832e-15
2064.21044921875 1.2954990304527101e-14 9.490326547626632e-15
2066.873046875 8.329528879786816e-15 9.237175504746634e-15
2069.535888671875 1.5251503724089113e-15 8.766213327611981e-15
2072.19873046875 1.4162805077203109e-14 9.085387200598663e-15
2074.861572265625 2.8682002655095254e-14 9.580455935412173e-15
2077.5244140625 3.644813688737829e-15 8.259166699891348e-15
2080.18701171875 -2.287025380003343e-15 8.092975447508265e-15
2082.849853515625 2.543115796616903e-14 9.21133083546001e-15
2085.5126953125 1.214515904431621e-14 8.497718282892471e-15
2088.175537109375 1.0365597879276496e-14 8.265435590733977e-15
2090.83837890625 3.2440893894136345e-15 7.909793561236209e-15
2093.501220703125 1.7217496417303024e-14 8.269708024919928e-15
2096.163818359375 8.882959031699094e-15 1.0943768169512178e-14
2098.82666015625 1.6918039777262528e-14 1.385311627915978e-14
2101.489501953125 2.026566645074203e-14 8.534591321152345e-15
2104.15234375 1.3855163557793294e-14 8.8877235920274e-15
2106.815185546875 1.087105547318808e-14 7.918100413349932e-15
2109.47802734375 2.126405910347299e-14 8.520014731163046e-15
2112.140625 3.663914705214887e-15 7.46450325866694e-15
2114.803466796875 2.010730008872568e-14 1.049864727353236e-14
2117.46630859375 2.081440319309357e-15 7.25166674891151e-15
2120.129150390625 2.0805582191980865e-14 8.106283182142578e-15
2122.7919921875 -4.766186631564168e-15 6.959175260796285e-15
2125.45458984375 1.9236785694107597e-14 7.858746273636981e-15
2128.117431640625 5.329308110942456e-15 7.338940788631856e-15
2130.7802734375 1.1193153939183394e-15 6.7038257439016886e-15
2133.443115234375 2.425519840857336e-14 7.930293452625657e-15
2136.10595703125 1.5299386920113872e-14 1.3091256729916637e-14
2138.768798828125 4.3063510792246476e-15 7.266937905917557e-15
2141.431640625 1.0618955598195624e-14 6.7730766165703584e-15
2144.09423828125 -3.2338015389945206e-15 8.827437716072469e-15
2146.757080078125 2.1813861413272177e-14 1.2298460149307976e-14
2149.419921875 1.2324077813764735e-14 7.560112949621216e-15
2152.082763671875 9.773068686518959e-15 1.1576140098042663e-14
2154.74560546875 -1.5610111004176982e-15 6.156488723495484e-15
2157.408203125 1.4629798904979875e-14 6.661194152149906e-15
2160.071044921875 1.9784976947241108e-14 6.899254879558095e-15
2162.73388671875 1.149441158302799e-14 6.5186325778963765e-15
2165.396728515625 1.3453981648919346e-14 6.443994152166696e-15
2168.0595703125 1.63672006991359e-14 6.61210986340594e-15
2170.72216796875 6.258225003757251e-15 5.902197150752008e-15
2173.385009765625 2.285382644305438e-14 6.768757172055835e-15
2176.0478515625 1.2561045445154493e-14 6.286929256273804e-15
2178.710693359375 8.763124410211581e-16 5.60467513396304e-15
2181.37353515625 1.6109285942960544e-14 6.516167288503393e-15
2184.036376953125 2.2017999741692253e-14 6.8628231454637405e-15
2186.69921875 -3.35204209741486e-16 5.678270862134651e-15
2189.36181640625 7.725389406421264e-15 5.621787740596419e-15
2192.024658203125 1.861012192060866e-14 6.494849163286897e-15
2194.6875 1.4933179001632053e-14 6.135093094764314e-15
2197.350341796875 1.7388852664840227e-15 5.304474375478381e-15
2200.01318359375 1.950750758844544e-14 6.335676002388289e-15
2202.67578125 1.7597253474809123e-14 6.09885998989609e-15
2205.338623046875 2.179797276924758e-14 8.814838100982061e-15
2208.00146484375 2.3634223308348183e-14 8.390360244959778e-15
2210.664306640625 9.653554031727272e-15 5.590738053848918e-15
2213.3271484375 3.7760125701138264e-14 9.274792237934197e-15
2215.989990234375 -3.0223863505245835e-15 4.728197627396286e-15
2218.652587890625 9.72277779934163e-15 5.973083644041826e-15
2221.3154296875 2.675511112030897e-14 6.308812775982593e-15
2223.978271484375 9.825114625963e-15 5.4295603894806335e-15
2226.64111328125 4.683422195255003e-15 7.019341705105653e-15
2229.303955078125 5.811911485387698e-15 5.014022542700145e-15
2231.966796875 9.544774672509086e-15 4.864778302009253e-15
2234.62939453125 4.775811890460292e-15 4.433627096912026e-15
2237.292236328125 3.670323356493813e-15 4.745953979069578e-15
2239.955078125 1.5310893015669375e-14 5.486528013864695e-15
2242.617919921875 -2.97459315175047e-15 4.253019343766675e-15
2245.28076171875 6.834317522173318e-15 4.680066674234455e-15
2247.943359375 1.2977898310585594e-14 5.0288011500473646e-15
2250.606201171875 1.3935301344933024e-14 5.437427207978258e-15
2253.26904296875 1.9177383273516653e-14 4.993181720549427e-15
2255.931884765625 1.4289445820180047e-14 5.018698164568989e-15
2258.5947265625 1.4924330895465035e-14 4.7016842255978054e-15
2261.257568359375 1.835695563113561e-14 4.97924760505062e-15
2263.92041015625 1.2116424298613555e-14 4.578464648694828e-15
2266.5830078125 6.556227711743785e-15 3.9914936861371736e-15
2269.245849609375 5.986503610541649e-15 3.767021061268838e-15
2271.90869140625 1.8187735388933146e-14 7.673910979051884e-15
2274.571533203125 2.875358710353361e-14 5.421885423945562e-15
2277.234375 9.499626969387484e-15 6.041911000236868e-15
2279.89697265625 1.1018729738311236e-14 3.786024245440488e-15
2282.559814453125 2.2062180980221037e-14 5.594710638371541e-15
2285.22265625 9.242411015393612e-15 3.693582881225416e-15
2287.885498046875 4.720965236576155e-15 3.4168921574665107e-15
2290.54833984375 4.932797165256141e-15 3.2213690011529588e-15
2293.2109375 1.4945564317386806e-14 6.812725381798385e-15
2295.873779296875 1.451924247063835e-14 3.689935133838066e-15
2298.53662109375 1.0549324407733637e-14 3.684251119245516e-15
2301.199462890625 1.4876803876794596e-14 3.7988695000855995e-15
2303.8623046875 1.3555981356427708e-14 3.679727963307178e-15
2306.525146484375 1.3636248739608368e-14 3.6291901660257236e-15
2309.18798828125 2.0404512091455954e-14 4.0350870838005634e-15
2311.8505859375 1.4000482224290137e-14 3.421899816250678e-15
2314.513427734375 2.0500596120860692e-14 3.747649417765132e-15
2317.17626953125 9.120996465701234e-15 3.185655339239639e-15
2319.839111328125 1.8148995490057523e-14 3.6085056214537736e-15
2322.501953125 1.7258884141171764e-14 4.2303341073733104e-15
2325.16455078125 1.4017000213794543e-14 3.1685560733751795e-15
2327.827392578125 9.417867114153763e-15 2.8426307125241704e-15
2330.490234375 9.283879207392341e-15 2.869605323762431e-15
2333.153076171875 1.8206949484308663e-14 3.298387801222661e-15
2335.81591796875 1.641883074540284e-14 5.055827853811881e-15
2338.478515625 1.320400443849271e-14 2.885159813289335e-15
2341.1416015625 1.4024150018902316e-14 3.1080359928103334e-15
2343.80419921875 8.4784440481777e-15 2.5314797238556444e-15
2346.467041015625 1.0731643167432442e-14 2.7888064274073695e-15
2349.1298828125 9.706402111372362e-15 2.5617861391919296e-15
2351.792724609375 1.0651742549517944e-14 2.5664823016097443e-15
2354.45556640625 2.0705820345519148e-14 3.175467226950064e-15
2357.1181640625 1.5646140185863154e-14 2.789536358049666e-15
2359.781005859375 1.445925220918201e-14 2.6985768779758156e-15
2362.44384765625 1.3476819351243216e-14 2.6102319768519025e-15
2365.106689453125 1.534025964795068e-14 2.73489299207287e-15
2367.76953125 1.4178054211352528e-14 2.633916923881264e-15
2370.43212890625 1.8257153127092425e-14 2.7779085015079957e-15
2373.094970703125 1.7147831345523147e-14 3.166214662550732e-15
2375.7578125 1.3942652743882244e-14 2.468076978413055e-15
2378.420654296875 1.4807423408084996e-14 2.825956233682759e-15
2381.08349609375 1.1514642117940212e-14 2.260748512155383e-15
2383.746337890625 1.2032295292226363e-14 2.399268045184615e-15
2386.4091796875 1.2821667318629274e-14 2.74200383366507e-15
2389.07177734375 1.4690153390603533e-14 2.394950506494223e-15
2391.734619140625 1.985009006396244e-14 2.7505237145650273e-15
2394.3974609375 1.4136874010555866e-14 2.7962579880026024e-15
2397.060302734375 1.821533511048648e-14 2.5211611684921925e-15
2399.72314453125 1.4278590245928036e-14 2.2648610688725396e-15
2402.3857421875 2.119910184081395e-14 2.9417096386721636e-15
2405.048583984375 2.284526802215532e-14 3.0567581004912157e-15
2407.71142578125 2.065494246450937e-14 2.580911719624458e-15
2410.374267578125 1.7352372861626116e-14 2.304472564650887e-15
2413.037109375 1.7179823779940942e-14 2.5162322837721197e-15
2415.69970703125 2.080739484248799e-14 2.465983748242153e-15
2418.362548828125 1.644721820759712e-14 3.468913321196844e-15
2421.025390625 1.6286305664541326e-14 2.190526727970923e-15
2423.688232421875 1.877492573302414e-14 2.315737044058185e-15
2426.35107421875 2.1127891780938282e-14 2.6772839519895e-15
2429.013916015625 1.9225665845576043e-14 2.656592631153972e-15
2431.6767578125 1.8144750160925885e-14 2.1960832641049113e-15
2434.33935546875 1.67842543113755e-14 2.164782855605023e-15
2437.002197265625 2.3162808815619697e-14 2.6363402851433586e-15
2439.6650390625 1.805318081713001e-14 2.177008717407455e-15
2442.327880859375 1.6482227773373034e-14 2.0391280589786894e-15
2444.99072265625 1.6722556431497497e-14 2.693940643139019e-15
2447.6533203125 1.8747161687079038e-14 2.1525690640220897e-15
2450.316162109375 2.0314267507189586e-14 3.735190833660442e-15
2452.97900390625 1.6224462094996395e-14 1.9782678946855207e-15
2455.641845703125 2.196500766644613e-14 2.212881197998385e-15
2458.3046875 1.9017006055283524e-14 2.062708609197302e-15
2460.96728515625 1.69353548247703e-14 1.9143660350787618e-15
2463.63037109375 1.690869530978842e-14 1.8963089867091946e-15
2466.29296875 1.693622218650829e-14 1.9342897323058406e-15
2468.955810546875 1.727827103126852e-14 1.9315612274244977e-15
2471.61865234375 1.7251287949700787e-14 1.919029798486344e-15
2474.281494140625 1.6472373392064678e-14 1.8355822301052184e-15
2476.9443359375 2.1184160179624385e-14 2.0398105557759396e-15
2479.60693359375 1.6470716595619848e-14 1.804736254781532e-15
2482.269775390625 2.7718201133864265e-14 3.3948330901794038e-15
2484.9326171875 2.3703010853994705e-14 2.816292223029298e-15
2487.595458984375 2.129946508066822e-14 2.0536730969907034e-15
2490.25830078125 2.085116103487262e-14 2.0498618722445327e-15
2492.9208984375 2.056170954800509e-14 1.9325986310266474e-15
2495.583740234375 2.2702505701093292e-14 2.442533217580944e-15
2498.24658203125 2.161090554284647e-14 1.97163626198323e-15
2500.909423828125 1.8605348042917934e-14 1.850620876567245e-15
2503.572265625 2.0647000683595915e-14 1.9495198082139465e-15
2506.235107421875 1.714966263075511e-14 2.4654488469359618e-15
2508.89794921875 2.3692383978638452e-14 2.131605845610493e-15
2511.560546875 2.0997889164193692e-14 2.2596948031689988e-15
2514.223388671875 2.5529356189810115e-14 2.10265298892392e-15
2516.88623046875 2.537140826206971e-14 2.128807036994528e-15
2519.549072265625 2.5202913080070097e-14 2.0946949026262292e-15
2522.2119140625 2.4031312354021e-14 2.0526566574539983e-15
2524.87451171875 2.072756876347285e-14 1.8131356452447426e-15
2527.537353515625 2.0659692625277573e-14 1.8608418113835257e-15
2530.2001953125 2.3679963087499915e-14 1.975253092668006e-15
2532.863037109375 2.513723075720821e-14 2.046141491781955e-15
2535.52587890625 2.4537053703969913e-14 1.98136612944834e-15
2538.1884765625 2.3554979988000754e-14 2.852194138015145e-15
2540.851318359375 2.4893722337399754e-14 1.9788714056604394e-15
2543.51416015625 2.312947806914524e-14 1.8788548140398357e-15
2546.177001953125 2.8863684446017723e-14 2.133209914254356e-15
2548.83984375 2.5150432612724115e-14 1.9289570246281643e-15
2551.502685546875 2.5245769559069375e-14 2.0537090958909618e-15
2554.16552734375 2.5924522470692664e-14 1.9970999782018255e-15
2556.828125 2.4206156894993232e-14 2.5419149580075805e-15
2559.490966796875 2.3951416818304185e-14 1.825248428148716e-15
2562.15380859375 2.607119130770743e-14 1.9088732381740544e-15
2564.816650390625 2.744925123245208e-14 1.988431654777862e-15
2567.4794921875 2.130907721055366e-14 1.6799257382453742e-15
2570.14208984375 2.6909321938686087e-14 2.006912219621056e-15
2572.804931640625 2.6354439125269268e-14 1.873943928769892e-15
2575.4677734375 2.323296855464077e-14 1.744253655424602e-15
2578.130615234375 2.905986066473361e-14 2.3700627726797605e-15
2580.79345703125 2.2950669413979857e-14 1.9067467619599725e-15
2583.4560546875 2.457357776465552e-14 1.7977954550534936e-15
2586.119140625 2.362411481715565e-14 1.773952218742114e-15
2588.78173828125 2.1573800417559047e-14 1.6594297643833067e-15
2591.444580078125 2.0127794897917446e-14 1.6018189243549238e-15
2594.107421875 2.0494270478810597e-14 1.595613878620694e-15
2596.770263671875 2.934295262823315e-14 1.927212560273294e-15
2599.43310546875 2.2910279494922983e-14 1.695501191837723e-15
2602.095703125 1.8670129122723943e-14 1.6334900156483542e-15
2604.758544921875 2.076584957049106e-14 1.5723453541640264e-15
2607.42138671875 2.260388396097858e-14 1.634177912280643e-15
2610.084228515625 2.927958778751495e-14 1.980903014184429e-15
2612.7470703125 3.054487205159627e-14 1.932297934330372e-15
2615.40966796875 2.6787870966576977e-14 1.7493146772844465e-15
2618.072509765625 2.806343821063796e-14 1.8025970730732414e-15
2620.7353515625 2.4171352311190553e-14 1.646426220456177e-15
2623.398193359375 2.472292830798129e-14 2.1352087002516392e-15
2626.06103515625 3.217177500965118e-14 1.9303643698700274e-15
2628.723876953125 2.867473172427602e-14 1.8056061576183623e-15
2631.38671875 2.482723025104029e-14 1.6401461064269969e-15
2634.04931640625 2.7072457096195476e-14 1.7155062042277383e-15
2636.712158203125 2.6885127289580715e-14 1.6978448261236573e-15
2639.375 3.300233486014728e-14 1.9185783299254574e-15
2642.037841796875 2.9864572457811295e-14 1.796512623654877e-15
2644.70068359375 2.4445911264779456e-14 1.6072525348324418e-15
2647.36328125 2.719812121018423e-14 1.7545442587007945e-15
2650.026123046875 3.068806805352729e-14 2.9553371282440644e-15
2652.68896484375 2.95536707085875e-14 1.759153706120634e-15
2655.351806640625 3.266993880285396e-14 1.8606603345745765e-15
2658.0146484375 3.594276569082733e-14 1.956332494208713e-15
2660.67724609375 3.2256258075810326e-14 2.6450911942796796e-15
2663.34033203125 3.254355809899183e-14 1.8091111799541006e-15
2666.0029296875 3.1588460688326825e-14 1.7926797995685513e-15
2668.665771484375 3.5734382033275613e-14 1.9229685016910764e-15
2671.32861328125 3.798781832175559e-14 1.9784315838025776e-15
2673.991455078125 3.9492836626832395e-14 2.0041754561684775e-15
2676.654296875 4.5548871477948255e-14 2.17344630858954e-15
2679.31689453125 4.370272589995783e-14 2.1754628822787158e-15
2681.979736328125 3.964544485887331e-14 1.9825437170032604e-15
2684.642578125 4.272719466647326e-14 2.068662615541789e-15
2687.305419921875 4.8324361276875366e-14 2.214198757747839e-15
2689.96826171875 4.0301471876521763e-14 2.1177824796695397e-15
2692.630859375 4.1440395765531685e-14 1.9944201777149497e-15
2695.293701171875 4.3963022512780864e-14 2.0670140776681955e-15
2697.95654296875 4.61702277429997e-14 2.1222128855001533e-15
2700.619384765625 4.682744060677431e-14 2.125280203560398e-15
2703.2822265625 4.81918209494208e-14 2.3411997014855966e-15
2705.94482421875 4.3321276470623116e-14 2.0100331125152146e-15
2708.60791015625 4.4954366157324774e-14 2.0597293825635717e-15
2711.2705078125 4.530756195567087e-14 2.0930154480500607e-15
2713.933349609375 4.8393895905581366e-14 2.9866885704790246e-15
2716.59619140625 4.767382642085691e-14 2.116320289044342e-15
2719.259033203125 4.3534152790927066e-14 2.0023011840144406e-15
2721.921875 4.961038090750547e-14 2.3917580393160217e-15
2724.58447265625 4.654182787322374e-14 2.089611857909756e-15
2727.247314453125 4.306018364682966e-14 1.931490288415165e-15
2729.91015625 4.246489227963113e-14 1.8982275163347256e-15
2732.572998046875 4.630622396487906e-14 2.0209386617111138e-15
2735.23583984375 4.48118037360383e-14 2.021481398072067e-15
2737.8984375 4.7107632329462454e-14 2.49198300104165e-15
2740.561279296875 4.221401128504977e-14 1.9100304969382406e-15
2743.22412109375 4.602191227393547e-14 2.051579019786854e-15
2745.886962890625 4.762657892305906e-14 2.016860621586558e-15
2748.5498046875 4.265267609590562e-14 1.8781996340551345e-15
2751.212646484375 4.0241545989569416e-14 1.8061306827709496e-15
2753.87548828125 4.480249314988208e-14 1.925958527994884e-15
2756.5380859375 4.8385073210402765e-14 2.0184329264948987e-15
2759.200927734375 4.561587178407607e-14 2.1184336362477414e-15
2761.86376953125 5.131844656256629e-14 2.43580078795793e-15
2764.526611328125 4.7812726271679457e-14 2.6942368929123214e-15
2767.189453125 4.1109920778962736e-14 1.7839807712002496e-15
2769.85205078125 3.7549692223854195e-14 1.6938783825899023e-15
2772.514892578125 3.860969974723433e-14 1.783781506699408e-15
2775.177734375 4.244038253426938e-14 1.801926434737253e-15
2777.840576171875 3.978306060774782e-14 1.7365730782962553e-15
2780.50341796875 3.808391251555569e-14 1.7047030401393386e-15
2783.166015625 4.166336194230333e-14 1.7626533286213336e-15
2785.8291015625 4.0922624853665865e-14 1.7686973322164666e-15
2788.49169921875 3.697466866101756e-14 1.6735390039439584e-15
2791.154541015625 3.645305221957121e-14 1.6352037750588864e-15
2793.8173828125 3.3701462302283824e-14 1.5770114469122135e-15
2796.47998046875 2.9221799811721474e-14 1.4754178917020591e-15
2799.14306640625 2.647049110937258e-14 1.392495166110876e-15
2801.8056640625 2.2243237660828433e-14 1.2811278036014727e-15
2804.468505859375 2.7186357616612762e-14 1.4002512350506468e-15
2807.13134765625 2.667678428961047e-14 1.599287989908528e-15
2809.794189453125 3.7088015221887344e-14 1.6661494885121119e-15
2812.45703125 3.768013190959957e-14 1.6455229656970488e-15
2815.11962890625 4.426931301463981e-14 1.7849226718375964e-15
2817.78271484375 4.4614614465917496e-14 1.787818677484259e-15
2820.4453125 4.5589132647997146e-14 1.8162052926455922e-15
2823.108154296875 4.792848857051481e-14 1.860259899748762e-15
2825.77099609375 4.7378567676103003e-14 2.6663464272998422e-15
2828.43359375 4.8359326796938024e-14 3.480719901690385e-15
2831.0966796875 4.5260077288647796e-14 2.3488316800985946e-15
2833.75927734375 4.617514731035735e-14 1.7783522372657448e-15
2836.422119140625 4.1701393721635047e-14 1.6816955077095437e-15
2839.0849609375 4.485603240841213e-14 2.1124940294633575e-15
2841.74755859375 4.3903418498348473e-14 1.7251967905399196e-15
2844.41064453125 4.264631657253763e-14 1.8107766584866394e-15
2847.0732421875 4.1797301568186757e-14 1.6960133291334567e-15
2849.736083984375 4.0686095985342785e-14 2.406493447982931e-15
2852.39892578125 3.727653765089184e-14 1.5942657198060204e-15
2855.061767578125 3.9458572450050064e-14 1.613312208537099e-15
2857.724609375 3.8379425370193773e-14 1.5786801018183045e-15
2860.38720703125 4.073545428924519e-14 1.707894448526356e-15
2863.05029296875 4.492335797519169e-14 1.7144262372199891e-15
2865.712890625 4.7923020125807334e-14 1.7546070450180098e-15
2868.375732421875 4.640925705258307e-14 1.8623529181614274e-15
2871.03857421875 4.725192947422491e-14 1.728931676441719e-15
2873.701171875 4.8207325040487345e-14 1.7449742687044786e-15
2876.3642578125 5.083983567791793e-14 1.8123305404283774e-15
2879.02685546875 4.7992520873195443e-14 1.7588271749194675e-15
2881.689697265625 5.104216474396267e-14 1.8046595982998057e-15
2884.3525390625 4.8204597594397186e-14 1.7510138253766386e-15
2887.015380859375 4.929356009204626e-14 1.7502919415473411e-15
2889.67822265625 5.099687219820709e-14 1.7773847138817436e-15
2892.3408203125 5.031700628529111e-14 1.761756744246665e-15
2895.00390625 5.1689409724013993e-14 1.7888139411972826e-15
2897.66650390625 5.5137979007883683e-14 1.8305773241781296e-15
2900.329345703125 5.742951145019937e-14 1.876953013315013e-15
2902.9921875 5.765888119605225e-14 1.87106316971628e-15
2905.65478515625 5.6205301507796304e-14 1.8508508460124244e-15
2908.31787109375 6.365897121506786e-14 1.998071736750563e-15
2910.98046875 5.967866852822981e-14 3.0247580427768955e-15
2913.643310546875 5.815534414709694e-14 1.8806962636671665e-15
2916.30615234375 6.064380497338567e-14 1.9009534801172267e-15
2918.96875 5.97524349335403e-14 1.8895348407135283e-15
2921.6318359375 6.642022408421752e-14 2.018248485070634e-15
2924.29443359375 6.174119375479403e-14 1.9537160094346443e-15
2926.957275390625 6.523262968205837e-14 2.5338662391845334e-15
2929.6201171875 6.807578724907573e-14 2.0397402520413175e-15
2932.282958984375 6.310720717696283e-14 1.9684213484319263e-15
2934.94580078125 6.3024292815822e-14 1.9834489834656384e-15
2937.6083984375 6.757012213209207e-14 2.0223019612397196e-15
2940.271484375 6.500849121168772e-14 1.995862463065887e-15
2942.93408203125 6.685763189817964e-14 2.0231451825387112e-15
2945.596923828125 6.850874305786708e-14 2.1431199879789944e-15
2948.259765625 7.132660483294764e-14 2.1039669487833484e-15
2950.92236328125 6.344818198394594e-14 1.9754781916737386e-15
2953.58544921875 6.321892743457388e-14 1.9737498209448662e-15
2956.248046875 6.630643706621517e-14 2.0160510698472196e-15
2958.910888671875 6.389650635853228e-14 1.9995104222114745e-15
2961.57373046875 6.432591818147232e-14 2.008270860468452e-15
2964.236328125 6.43097296877844e-14 2.0156294591977238e-15
2966.8994140625 5.948479285099867e-14 1.9559060131197703e-15
2969.56201171875 6.16505680057014e-14 2.2146163449908354e-15
2972.224853515625 5.92787402281178e-14 1.959368683808146e-15
2974.8876953125 6.13141536241063e-14 1.9991739383731777e-15
2977.550537109375 6.263872341823185e-14 2.055273989261014e-15
2980.21337890625 6.276693710139183e-14 2.04194444352831e-15
2982.8759765625 6.354872140665324e-14 2.058571700282912e-15
2985.5390625 6.158668139268769e-14 2.052310644495045e-15
2988.20166015625 6.139517740770886e-14 2.057632340744407e-15
2990.864501953125 6.569550947081032e-14 2.121955175725951e-15
2993.52734375 6.200197148233111e-14 2.0826814343353215e-15
2996.18994140625 6.972096917813239e-14 2.5777520749729627e-15
2998.85302734375 6.867857655192336e-14 2.41122455050982e-15
3001.515625 6.387538474495955e-14 2.121299783983013e-15
3004.178466796875 6.534039260173985e-14 2.1833335124246027e-15
3006.84130859375 6.115490465375892e-14 2.113322639444009e-15
3009.504150390625 6.329200943726299e-14 2.154565520678768e-15
3012.1669921875 6.764950605990874e-14 2.2423113577507356e-15
3014.82958984375 6.681580879937601e-14 2.2465177233668004e-15
3017.49267578125 6.527537435270861e-14 2.234987699130538e-15
3020.1552734375 6.566263781619328e-14 2.2702816562184935e-15
3022.818115234375 6.613788428597514e-14 2.2909765769440473e-15
3025.48095703125 6.18193444026395e-14 2.278239318999711e-15
3028.1435546875 6.533751946598276e-14 2.339905435142192e-15
3030.806640625 6.258225681383608e-14 2.292343476362679e-15
3033.46923828125 6.290448847576235e-14 2.3318514223632245e-15
3036.132080078125 6.500199955117997e-14 2.3674333706532463e-15
3038.794921875 6.932224027667369e-14 2.439263035129832e-15
3041.45751953125 7.178518169432754e-14 2.48940315044255e-15
3044.12060546875 6.700750251973503e-14 2.459702151905315e-15
3046.783203125 6.460274887742576e-14 2.445603288498267e-15
3049.446044921875 6.174321308134029e-14 2.433357521421575e-15
3052.10888671875 6.019446415926263e-14 3.3079626616584236e-15
3062.76025390625 6.610159061825119e-14 3.226038482032935e-15
3065.4228515625 7.167726292058377e-14 2.7597002577573436e-15
3068.085693359375 7.794965709148269e-14 2.8684516648882705e-15
3070.74853515625 7.526245523071379e-14 2.8168650290598786e-15
3073.4111328125 7.72266975303422e-14 2.875550224502735e-15
3076.07421875 8.060578300748272e-14 2.976739956755286e-15
3078.73681640625 7.485933531045652e-14 2.935824030238167e-15
3081.399658203125 7.816777823979604e-14 2.9771825314702264e-15
3084.0625 7.99161829919369e-14 3.0332489127984094e-15
3086.72509765625 7.600911138558666e-14 3.0360661443809773e-15
3089.38818359375 7.86589760340406e-14 3.1015896485652545e-15
3092.05078125 8.27673162211856e-14 3.175942412433474e-15
3094.713623046875 8.538651150068535e-14 7.451202300296205e-15
3097.37646484375 7.852048275903273e-14 6.826449856642746e-15
3100.039306640625 8.379558711409801e-14 3.3154002462100268e-15
3102.7021484375 8.580462051597723e-14 3.378113506833551e-15
3105.36474609375 8.048324783320113e-14 3.3328412898687033e-15
3108.02783203125 8.610880021173162e-14 3.441846383367333e-15
3110.6904296875 8.360337839770707e-14 3.433211305986549e-15
3113.353271484375 8.459731396306958e-14 3.457066930154782e-15
3116.01611328125 8.540419754862402e-14 3.533452149579938e-15
3118.6787109375 9.372200010428905e-14 3.856466469949471e-15
3121.341796875 9.31350740344776e-14 3.6720030228282186e-15
3124.00439453125 9.007901981836555e-14 3.675298828025985e-15
3126.667236328125 9.274251830913849e-14 3.740040097283473e-15
3129.330078125 9.434322762033251e-14 3.7957299724666015e-15
3131.992919921875 9.315183851056966e-14 3.811597440667516e-15
3134.65576171875 9.334177040239838e-14 3.835729409334791e-15
3137.318359375 9.411211637474007e-14 3.891692029126936e-15
3139.9814453125 9.506243313145077e-14 4.069237758167962e-15
3142.64404296875 1.0229108684221833e-13 4.153749623447313e-15
3145.306884765625 9.51681428432681e-14 4.083716939368327e-15
3147.9697265625 9.165241401107652e-14 4.098647589129579e-15
3150.63232421875 9.075981746752351e-14 4.024575828441611e-15
3153.29541015625 8.606172550865501e-14 3.9981966813652705e-15
3155.9580078125 9.186101450906273e-14 4.1103442670982135e-15
3158.620849609375 8.61997173401581e-14 4.07339076070835e-15
3161.28369140625 9.218355787911359e-14 4.2568115102715326e-15
3163.9462890625 9.693489771717828e-14 4.373479287327498e-15
3166.609375 1.0861321201151644e-13 4.632467234247026e-15
3169.27197265625 1.0778623680445312e-13 4.666949945529748e-15
3171.934814453125 1.0972262866077581e-13 4.797854652363164e-15
3174.59765625 9.779591009619407e-14 4.660088131624041e-15
3177.260498046875 9.617758927596073e-14 4.559253517934627e-15
3179.92333984375 9.229977757574045e-14 4.551504437016671e-15
3182.5859375 1.0346722258266702e-13 4.797040230184379e-15
3185.2490234375 1.07088708560521e-13 4.864520380476814e-15
3187.91162109375 1.0961738651114536e-13 4.962580961263971e-15
3190.574462890625 1.1494935049389393e-13 5.182452926679295e-15
3193.2373046875 1.1067602184115094e-13 5.173174527775071e-15
3195.89990234375 1.137982123897846e-13 5.200677687572418e-15
3198.56298828125 1.0941893685599904e-13 5.176601623079662e-15
3201.2255859375 1.0821016663015853e-13 5.1710772741976694e-15
3203.888427734375 1.1272719682622195e-13 5.298274517820953e-15
3206.55126953125 1.1680536908791755e-13 5.80659550661073e-15
3209.2138671875 1.2502663021638633e-13 6.023028518260202e-15
3211.876953125 1.2167217645735195e-13 5.75643294492491e-15
3214.53955078125 1.1449532728163847e-13 5.71375730745987e-15
3217.202392578125 1.1812865139196327e-13 6.00609421206222e-15
3219.865234375 1.1092255586264699e-13 5.940210295358886e-15
3222.528076171875 1.0398505109277326e-13 5.66900559224111e-15
3225.19091796875 1.0287855501311602e-13 5.710014692382427e-15
3227.853515625 1.169100894652525e-13 6.038109516369591e-15
3230.5166015625 1.20660792013276e-13 6.0689266925730706e-15
3233.17919921875 1.2321544338219498e-13 6.198510451525243e-15
3235.842041015625 1.257354680442302e-13 6.450661572011008e-15
3238.5048828125 1.3057687797777412e-13 6.600702447188793e-15
3241.16748046875 1.2172527525874943e-13 6.4544956666467545e-15
3243.83056640625 1.2402059902053703e-13 6.574278407366248e-15
3246.4931640625 1.2125507032906963e-13 6.402190958637328e-15
3249.156005859375 1.2500200527454375e-13 6.518477570867029e-15
3251.81884765625 1.2806217945891124e-13 6.553173310935986e-15
3254.481689453125 1.226999730118139e-13 6.474511902223321e-15
3257.14453125 1.2171685913938551e-13 6.695423177064926e-15
3259.80712890625 1.2094054327883158e-13 6.7799884054199535e-15
3262.47021484375 1.1556639705530974e-13 9.876930172445387e-15
3265.1328125 1.169704930787871e-13 1.0806264228986704e-14
3267.795654296875 1.2036761019330877e-13 6.677226368259062e-15
3270.45849609375 1.2657446434288094e-13 6.811092725792552e-15
3273.12109375 1.3471417991545165e-13 6.935222439597355e-15
3275.7841796875 1.4387617616393178e-13 7.386668554110794e-15
3278.44677734375 1.4447298880230358e-13 7.468159899900236e-15
3281.109619140625 1.2614781723548074e-13 6.833063489894908e-15
3283.7724609375 1.261743937412338e-13 6.826677708505558e-15
3286.43505859375 1.39212101048225e-13 7.238440329440134e-15
3289.09814453125 1.2645854957811509e-13 8.409527753523195e-15
3291.7607421875 1.3013510625006774e-13 7.25537760025343e-15
3294.423583984375 1.261757760990037e-13 1.0062431234927026e-14
3297.08642578125 1.262953500461017e-13 6.838418855703923e-15
3299.749267578125 1.4634127243340345e-13 8.127585213733076e-15
3302.412109375 1.5108458917539175e-13 9.289756769013339e-15
3305.07470703125 1.5298089943265036e-13 7.785946332919316e-15
3307.73779296875 1.567532182614878e-13 7.629484948001343e-15
3310.400390625 1.5879451345426204e-13 7.483794434040656e-15
3313.063232421875 1.55888079137953e-13 7.86021502876752e-15
3315.72607421875 1.811661985793439e-13 1.1312161432997913e-14
3318.388671875 1.7489560689455674e-13 1.1902390931303655e-14
3321.0517578125 1.8136158536335295e-13 9.8939089478731e-15
3323.71435546875 1.8685182253449367e-13 8.805641864273722e-15
3326.377197265625 1.8734116363251785e-13 1.2675927676757646e-14
3329.0400390625 1.8233053684490325e-13 1.048494990374231e-14
3331.70263671875 1.560362760224046e-13 1.3368973422332904e-14
3334.36572265625 1.5656368616921018e-13 9.524389977600464e-15
3337.0283203125 1.5809926881115571e-13 7.093886533694662e-15
3339.691162109375 1.8462538626824038e-13 1.2138250643598403e-14
3342.35400390625 2.0320774414290393e-13 1.1430982367805799e-14
3345.016845703125 1.829366465169041e-13 7.905771848802645e-15
3347.6796875 2.0335989836528512e-13 9.977751657124119e-15
