obj phase NIII1746 d_NIII1746 CIII1907 d_CIII1907 NII2139 d_NII2139 CII2323 d_CII2323 MgIIFeII2650 d_MgIIFeII2650 MgII2795 d_MgII2795 NV1238 d_NV1238 OI1305 d_OI1305 CII1335 d_CII1335 SiIV1398 d_SiIV1398 NIV1483 d_NIV1483 CIV1548 d_CIV1548 HeII1640 d_HeII1640 OIII1660 d_OIII1660
2021csp 8 -1.623843674843143e-15 4.576225153754114e-16 2.337914393657833e-15 1.8435232598520577e-16 1.2779681573696947e-16 1.1828109859417275e-16 -1.4422116656146452e-15 1.1224027378850078e-16 -3.82360901642134e-17 9.934855696501269e-17 7.377178029150523e-16 3.798152269758618e-16 2.3821002676901454e-14 4.499858511132077e-16 2.585949008568828e-14 5.564044169277877e-16 3.5450397583771346e-14 6.900592284847332e-16 5.725660928471873e-14 8.843700337178506e-16 -3.6101459342617426e-15 9.56094761079991e-16 1.0520373296244559e-13 1.8266955285618063e-15 9.590808087391346e-15 1.2615425357260496e-15 2.005154565272468e-15 1.5376023521509854e-15
2015G 12 4.8173607498191794e-14 1.890588912285918e-15 -9.747777447721728e-15 5.881532771531051e-16 -1.5649787860103008e-14 3.597985494167334e-16 -1.4713334888882417e-15 2.67169422846726e-16 -1.1939470834954957e-15 1.6891106233198574e-16 3.335515531194934e-14 5.290136398924715e-16 0.0 0.0 0.0 0.0 0.0 0.0 0.0 0.0 0.0 0.0 0.0 0.0 0.0 0.0 0.0 0.0
2021csp 13 4.0551804424706825e-17 4.522640638286372e-16 -7.306499600411949e-17 1.576457871404716e-16 -2.0260937532317456e-16 1.3008810595957754e-16 3.543209117639262e-16 1.236460956823161e-16 3.6535047145181633e-16 1.1546584799324885e-16 -1.2765653976027276e-15 2.4785264995473954e-16 -1.1357275938509433e-15 2.4961574840332785e-16 2.3396323040242817e-15 3.546694386622364e-16 9.445560505367856e-15 4.369923772188082e-16 2.179799791892814e-14 5.962121183900518e-16 -2.8066806520032424e-15 6.58380993315643e-16 5.338659342229867e-14 1.4140489422452507e-15 1.189458798373301e-15 7.162436589344364e-16 -2.9303197745785596e-15 9.839859891808681e-16
2020nxt 18 5.193964717435496e-15 7.363504539262741e-16 1.8647210241821974e-14 6.535637499874699e-16 -1.22214021128063e-15 2.179699649672091e-16 6.7820648538594266e-15 2.9636875383421973e-16 4.982838350847821e-16 1.7538977126129996e-16 2.805664950974009e-14 7.836548824390218e-16 1.0395671459745864e-14 2.6068046408940183e-16 -1.391822375079154e-16 1.8710213096272014e-16 2.7286644074096853e-15 2.2852768919885265e-16 9.678076845110096e-15 3.8845684619367127e-16 -3.9573621234841194e-16 3.0643600758681807e-16 2.0672292717144155e-14 8.7492185738198e-16 1.7956082533788695e-15 5.667177098424044e-16 -2.2926491949114098e-15 6.952756036506463e-16
2010jl 23 4.822974418315502e-13 2.6727218930923094e-14 2.3249629522698955e-13 1.3931272832327905e-14 1.56430479561968e-13 3.5434397056893022e-15 8.760284674790205e-14 2.3738763575317017e-15 8.926272557875981e-15 1.6984737383117604e-15 4.789130380455444e-13 4.113967199397921e-15 0.0 0.0 0.0 0.0 0.0 0.0 0.0 0.0 0.0 0.0 0.0 0.0 0.0 0.0 0.0 0.0
2020nxt 27 8.649275141767512e-15 1.2592202941093746e-15 9.981572270122786e-15 8.995231655420144e-16 1.8529820032979103e-15 3.0970585497760277e-16 5.04963783955553e-15 3.655618583403609e-16 -3.859682768591144e-16 1.8714351782989715e-16 3.784152437184328e-14 9.242822517182602e-16 0.0 0.0 0.0 0.0 0.0 0.0 0.0 0.0 0.0 0.0 0.0 0.0 0.0 0.0 0.0 0.0
2010jl 34 5.272587306106388e-13 2.8247005131343333e-14 2.470459151930761e-13 1.326889994357914e-14 1.742357926553672e-13 3.3233839345211493e-15 8.664085779150629e-14 2.1977353291593407e-15 1.2607317122895657e-14 1.733286337701367e-15 5.668319978150969e-13 4.1134155791138864e-15 2.503333902990041e-13 1.8827159782244414e-14 5.02903120815017e-14 1.5937982400292077e-14 -7.44063758086986e-14 1.5924944143096976e-14 6.538915064096988e-13 3.4145605042578516e-14 1.258298075432417e-12 4.6496710700890365e-14 1.0825616257127253e-12 4.8991746184407775e-14 2.314930874919262e-13 4.530846185920834e-14 3.318808236470368e-13 4.553764657101467e-14
1998S 71 3.8986181464146625e-15 1.1182397435584672e-15 4.780708153647468e-15 7.005943993045016e-16 1.920141986938232e-15 4.526393138157036e-16 8.019664480922416e-15 3.8684310296451485e-16 9.851782504344743e-16 3.087741901205129e-16 5.679868753118056e-13 1.7996998597882406e-15 7.040192304055601e-15 3.9146330163920637e-16 2.6232848407643987e-14 5.5463442520705e-16 1.752479987978164e-15 3.48177968920633e-16 1.1002732742042153e-14 5.6906779327099705e-16 1.2634594029739569e-14 5.523424090884255e-16 5.548297419349166e-15 7.729079849256096e-16 4.351217109370735e-15 7.626456589984398e-16 -2.9288061882197743e-15 8.8991191852891e-16
2010jl 95 6.014444406554205e-13 5.2912834005879266e-14 2.7540205895167613e-13 1.4213373704616886e-14 2.2171920437378177e-13 3.787381577720997e-15 1.2096241052462136e-13 2.451014535815672e-15 1.3615991780557495e-14 1.8670931726966302e-15 1.6291012231836403e-12 5.456880899422966e-15 2.2462187621628725e-13 9.979116571900879e-15 4.543004289677727e-14 8.841405723273053e-15 -4.4332328891821916e-14 8.590603266524825e-15 3.6535140782379776e-13 1.7164671310377835e-14 8.760219216477717e-13 2.1083318812630855e-14 5.533865223093804e-13 2.1103633140815473e-14 2.4012728695702157e-13 1.9750717743633545e-14 1.7698946125447408e-13 1.9337203034982938e-14
2020aekp 203 1.5131834555085093e-16 8.691958494043446e-16 1.4689517362734428e-15 5.183899403548132e-16 7.826056493490333e-18 3.027910925537016e-16 5.48876447001973e-16 2.2604752082787796e-16 -1.2267012426145457e-16 1.336099929522893e-16 5.858777568155056e-16 7.762934531381455e-16 -3.0011175289840753e-16 7.023420212316162e-17 1.0514867884259719e-16 6.557155460753664e-17 -2.3119381453665616e-16 4.7243060818341896e-17 5.812009501782068e-16 1.233367626951366e-16 3.3938496516087127e-16 1.0649210122359013e-16 1.983929687878249e-15 2.624718681392423e-16 0.0 0.0 0.0 0.0
1998S 236 3.3310696689219296e-15 1.11832993193979e-15 3.2108605333683593e-15 5.667069880555714e-16 9.851350597265246e-16 3.1294529854199266e-16 1.6103675188024224e-15 2.5471075890696977e-16 -5.803353881765652e-16 1.3809978893238886e-16 3.9792524887084327e-13 1.3083519722513525e-15 8.051074390522614e-15 4.892879606315293e-16 3.167871120068651e-14 6.678108264187879e-16 -1.7622840105935868e-15 3.411992233539234e-16 1.0833242790032398e-15 5.172826659143678e-16 1.1856939341818367e-14 5.88119412154236e-16 7.93012378310403e-15 7.105578340044863e-16 4.3756142309249695e-15 7.506214466900577e-16 -1.8855038012796405e-15 7.485033765018487e-16
2020aekp 250 -8.537746556290602e-17 4.934212537833739e-16 2.009688328031297e-15 3.0755657892275407e-16 7.287582222685809e-16 1.8108947259546506e-16 7.312187570292407e-16 1.452769893706434e-16 -4.722939830535952e-17 9.654410882549725e-17 5.6538335051396465e-15 4.959329331235367e-16 3.135992333574054e-16 1.2001926898475466e-16 1.2354362253555186e-16 9.278917250715148e-17 -4.5859677589734534e-17 8.169951402061414e-17 7.834929554294218e-16 1.589752589057152e-16 1.202864188862091e-16 1.277029642181104e-16 3.0445310947978414e-15 3.3936760432552853e-16 0.0 0.0 0.0 0.0
1998S 482 0.0 0.0 0.0 0.0 0.0 0.0 0.0 0.0 0.0 0.0 0.0 0.0 6.919620146710009e-15 2.5639249784776297e-16 5.299750895261098e-15 2.840692189326541e-16 -1.1055135396404384e-15 1.5416887219054096e-16 2.9969680023212428e-15 2.4245646194994257e-16 8.585958998401919e-15 3.0745268027041714e-16 3.863272733970863e-15 3.3178731637175773e-16 1.486827871690848e-15 3.355157097308998e-16 -9.690638983868387e-16 3.2090518627095506e-16
1998S 485 3.478498783949256e-16 9.34990731890347e-16 2.5095793468831772e-15 4.790688391739897e-16 2.624014501375608e-16 2.4587249160810694e-16 1.1190045986700921e-15 1.8799521661814918e-16 -5.480772839942413e-17 1.1247399865392845e-16 1.659192530092222e-13 8.604323185247045e-16 0.0 0.0 0.0 0.0 0.0 0.0 0.0 0.0 0.0 0.0 0.0 0.0 0.0 0.0 0.0 0.0
2010jl 557 2.0573765987075307e-14 2.261029782269277e-15 1.6940415056796697e-14 1.1849291663902881e-15 1.3959171614244001e-14 7.084696359386113e-16 8.6111844424034e-15 5.8122063134041e-16 -7.320009589030694e-16 2.8856233631343326e-16 5.103066948737281e-13 2.33641501569152e-15 0.0 0.0 0.0 0.0 0.0 0.0 0.0 0.0 0.0 0.0 0.0 0.0 0.0 0.0 0.0 0.0
2010jl 1226 1.3856908603831546e-15 4.270263866270906e-15 -2.2112649808166994e-16 2.0137714815516197e-15 -5.670134780478698e-17 1.1344071347477132e-15 1.4108927841499823e-16 7.448401155462034e-16 -1.1482464616862916e-16 4.559982871791777e-16 2.1554764313898823e-16 1.621997455072219e-15 0.0 0.0 0.0 0.0 0.0 0.0 0.0 0.0 0.0 0.0 0.0 0.0 0.0 0.0 0.0 0.0
2010jl 1616 1.610221742865862e-15 2.629174982538388e-15 1.3023087759150564e-15 1.2764822559666676e-15 1.444310941335343e-16 7.127914408171785e-16 8.207858625103928e-16 4.65650927627668e-16 -1.8033767914134047e-16 2.349553041057796e-16 -6.655852105441779e-16 9.919573844681266e-16 0.0 0.0 0.0 0.0 0.0 0.0 0.0 0.0 0.0 0.0 0.0 0.0 0.0 0.0 0.0 0.0
2005ip 3042 1.2545642895558528e-14 2.7552149962369307e-15 1.2427517672284974e-14 1.1946474530305165e-15 6.9509261929001235e-15 5.514914104320039e-16 4.657668527068348e-15 4.3672371324791424e-16 -6.16068820571824e-16 2.7485614540044744e-16 1.3188504924376068e-13 1.2349156616872758e-15 2.0994069355034187e-14 7.273114682125263e-16 8.919201063508329e-17 2.1943086709763512e-16 3.7228783254299403e-16 2.447755739599876e-16 9.372825455782288e-16 2.9374493713723114e-16 1.3756847746835463e-14 7.403704608260501e-16 3.661204510278833e-15 6.002623188510576e-16 4.9275582634206565e-15 8.118862518103928e-16 1.4193176760802805e-15 7.305079927865169e-16
2005ip 4337 8.933529610127407e-15 3.752093140575518e-15 3.1697200739113295e-15 1.8762228456524055e-15 1.0229313655164529e-14 9.62884677245443e-16 2.6898123648208402e-14 1.1067578062088842e-15 -1.862437408780184e-15 3.456306024513895e-16 1.7864843798987493e-13 1.9145440375829533e-15 1.61149987769622e-15 4.471551710861727e-16 1.6779751939133654e-15 2.9848507399139483e-16 -8.775918610047217e-16 3.2562746631194805e-16 -1.3213487703602165e-15 3.797591856087624e-16 2.7365330877217367e-15 4.915138814889684e-16 6.295963994204363e-16 4.607216647560199e-16 1.7344927844766565e-15 6.326266975934887e-16 2.5221220828584766e-16 7.334969367016613e-16
