wavelength flux error
1118.9740516291076 0.0 0.0
1119.5583326087988 0.0 0.0
1120.1426125159335 0.0 0.0
1120.726891350518 0.0 0.0
1121.311169112558 0.0 0.0
1121.8954458020594 0.0 0.0
1122.479721419028 0.0 0.0
1123.06399596347 0.0 0.0
1123.648269435391 0.0 0.0
1124.2325418347973 0.0 0.0
1124.8168131616947 0.0 0.0
1125.4010834160886 0.0 0.0
1125.9853525979854 0.0 0.0
1126.5696207073909 0.0 0.0
1127.1538877443109 0.0 0.0
1127.7381537087517 0.0 0.0
1128.3224186007187 0.0 0.0
1128.906682420218 0.0 0.0
1129.4909451672556 0.0 0.0
1130.0752068418374 0.0 0.0
1130.659467443969 0.0 0.0
1131.2437269736567 0.0 0.0
1131.8279854309062 0.0 0.0
1132.4122428157234 0.0 0.0
1132.9964991281142 0.0 0.0
1133.5807543680849 0.0 0.0
1134.1650085356407 0.0 0.0
1134.749261630788 0.0 0.0
1135.3335136535325 0.0 0.0
1135.91776460388 0.0 0.0
1136.502014481837 0.0 0.0
1137.0862632874089 0.0 0.0
1137.6705110206017 -1.7748577130563548e-12 1.0711923969369819e-12
1138.254757681421 -8.620078121353986e-14 3.044397348691934e-14
1138.8390032698733 -3.242161245964152e-14 1.9463455098924637e-14
1139.4232477859641 -2.412991884754266e-15 1.759029425211448e-14
1140.0074912296996 -1.4740551850965164e-14 1.0410354253176466e-14
1140.5917336010853 3.576889693181033e-15 1.1516755465143611e-14
1141.1759749001271 1.6508709199677756e-15 9.5959185218643e-15
1141.7602151268313 -3.0158483149629644e-15 6.7973140408395666e-15
1142.344454281204 -3.0498274651585442e-15 5.741308324618737e-15
1142.9286923632503 -6.805262598016601e-15 3.828223003356224e-15
1143.5129293729767 -1.1640485802913783e-15 4.349044927898053e-15
1144.0971653103888 -6.7520470384213e-17 3.921996750397326e-15
1144.681400175493 1.069355378986031e-15 3.734727506638294e-15
1145.2656339682949 -2.037828075162891e-15 2.5534172419148203e-15
1145.8498666888 1.838596185089786e-15 3.0271706043689126e-15
1146.4340983370146 -3.1086166338956762e-15 1.6544902917513932e-15
1147.0183289129445 -1.010328299869839e-15 1.941943945533704e-15
1147.602558416596 -4.817153451033406e-15 2.1848300839847806e-19
1148.1867868479744 1.9608034517416763e-16 1.7658642187661378e-15
1148.771014207086 -3.57779570079724e-16 1.4800794316481547e-15
1149.3552404939367 -2.488141283109378e-15 8.344429142241084e-16
1149.9394657085322 -1.680053746099528e-15 9.289988432524413e-16
1150.523689850878 -1.1023869110718702e-15 1.022208572229791e-15
1151.107912920981 1.716456284026982e-16 1.1697160777414568e-15
1151.6921349188467 -1.9299188305397716e-15 5.779076570824741e-16
1152.2763558444808 1.1653045183939196e-16 1.0211702157155757e-15
1152.8605756978893 5.548185447919467e-16 1.0637995840058717e-15
1153.444794479078 -9.352881687649229e-16 6.926572750898231e-16
1154.029012188053 4.154770192269636e-16 9.322356737812552e-16
1154.61322882482 -1.186854095363253e-16 7.970113106750792e-16
1155.197444389385 -1.7335068190271947e-15 3.052373222681517e-16
1155.781658881754 -6.799304462386496e-16 6.154796563425107e-16
1156.365872301933 -1.0599155144262371e-15 4.852287001256975e-16
1156.9500846499277 3.3153610709362163e-16 7.670123682986473e-16
1157.534295925744 1.0744987483302164e-16 7.166134314809836e-16
1158.1185061293875 -6.9451042435973785e-16 5.222187348114112e-16
1158.7027152608646 -7.046097570085285e-16 4.924489148472116e-16
1159.2869233201811 -1.4763413693728031e-15 2.327595717077982e-16
1159.871130307343 1.0096318270289592e-15 7.911142143567356e-16
1160.4553362223558 -5.347781687763836e-16 4.814568624115741e-16
1161.0395410652256 -9.413602303264337e-16 3.705738703991022e-16
1161.6237448359586 -4.990376665065476e-16 4.699275263895814e-16
1162.2079475345604 1.16322706421166e-15 7.429977666341262e-16
1162.792149161037 3.3285943725502886e-16 6.206339577056715e-16
1163.3763497153943 -1.0939038761051184e-15 2.552608696027107e-16
1163.960549197638 -3.771188145731974e-16 4.622944360458401e-16
1164.544747607774 -2.950027158107066e-17 5.092463722846524e-16
1165.1289449458088 -9.702590886626191e-16 2.7197608543492904e-16
1165.7131412117476 1.0070548748707258e-16 5.306630709603854e-16
1166.297336405597 -6.901156468524681e-16 3.4110808232340765e-16
1166.881530527362 -2.038651867643655e-16 4.4431732641067e-16
1167.465723577049 7.232951979458399e-16 5.993544783673937e-16
1168.0499155546643 3.0141018918444036e-16 5.186899426135906e-16
1168.634106460213 -4.2071120638496233e-17 4.51439920585013e-16
1169.2182962937013 -3.601300335687955e-16 3.8479441538297903e-16
1169.8024850551353 7.562120100068853e-16 5.732065712856535e-16
1170.3866727445209 3.2651960740306724e-16 4.947119751240383e-16
1170.9708593618639 -1.6033035348834442e-16 4.1690527559471195e-16
1171.55504490717 -1.1052974618624238e-16 4.057060706639116e-16
1172.1392293804454 2.1137668817550643e-16 4.722935011694995e-16
1172.723412781696 8.690426517111726e-18 4.1841654119129123e-16
1173.3075951109274 2.8198475908858386e-16 4.657963878871446e-16
1173.8917763681459 -1.2391820703089497e-16 3.86740526518855e-16
1174.475956553357 6.37099484106907e-16 5.029358180089303e-16
1175.060135666567 -3.4874882243345388e-16 3.2346584186997867e-16
1175.6443137077815 -1.8238793846779366e-16 3.5768854050767377e-16
1176.2284906770064 7.157571341108687e-16 5.085215238400395e-16
1176.812666574248 -2.491430153224889e-16 3.2849965279639257e-16
1177.3968413995117 -2.6111471430118516e-16 3.262027112016757e-16
1177.9810151528038 -3.223928364142647e-16 3.037238596798655e-16
1178.5651878341298 -7.10089319023435e-16 1.9855675187458398e-16
1179.149359443496 4.694174007970975e-16 4.358872310031216e-16
1179.7335299809079 7.934264819538418e-17 3.6923558481222e-16
1180.3176994463715 2.376236795832297e-15 6.439421868317417e-16
1180.9018678398932 -5.2678021899061245e-16 2.3645562644292195e-16
1181.4860351614782 6.654741878674196e-16 4.4200127363508077e-16
1182.070201411133 9.208538803107623e-16 4.814821675208733e-16
1182.654366588863 -7.515355411050943e-17 3.1431643020175413e-16
1183.2385306946744 -2.449830247602862e-16 2.7775245308850934e-16
1183.822693728573 1.5911597293977777e-16 3.51833187031762e-16
1184.4068556905647 1.4615888082887118e-15 5.297289524382415e-16
1184.9910165806557 8.67447235376517e-16 4.3845972300349213e-16
1185.5751763988515 1.0046882251114279e-15 4.607060904510607e-16
1186.1593351451577 -2.000342023277221e-16 2.645734145226205e-16
1186.7434928195812 3.541246229123217e-17 3.175853421034453e-16
1187.327649422127 7.531207632658808e-16 4.0892304885802424e-16
1187.9118049528013 3.2452312427660925e-16 3.5385396941589435e-16
1188.4959594116103 6.841295591351036e-16 3.9142885388190754e-16
1189.0801127985592 5.924046789142906e-16 3.8436883426654295e-16
1189.6642651136547 -2.2944049957376183e-16 2.3904513851157635e-16
1190.2484163569022 3.895592404090805e-16 3.558688225693959e-16
1190.8325665283076 6.623069728589582e-16 3.7713834927054343e-16
1191.416715627877 6.354836099413418e-16 3.7788421472016004e-16
1192.0008636556165 3.4233124422135717e-17 2.754101687613348e-16
1192.5850106115315 5.662632833983324e-16 3.6717372133014583e-16
1193.169156495628 5.256775938515242e-16 3.481536229693301e-16
1193.7533013079121 8.097969553765277e-16 3.8815128636228663e-16
1194.3374450483896 3.625655179899476e-16 3.193435442739288e-16
1194.9215877170666 4.10566531003714e-16 3.281399814311647e-16
1195.5057293139487 1.0924012396566892e-15 4.047479705214486e-16
1196.089869839042 9.318441328013869e-16 3.945513879024013e-16
1196.6740092923521 5.316008423121143e-16 3.2805914272426113e-16
1197.2581476738856 2.0678310409458223e-15 4.9671309046192655e-16
1197.8422849836475 6.125988443493396e-16 3.4937843261105984e-16
1198.4264212216442 6.062709788377579e-16 3.300519994909137e-16
1199.0105563878815 8.728686697554182e-16 3.6815537957645436e-16
1199.5946904823654 7.300513974309363e-16 3.4030451275425934e-16
1200.1788235051015 1.3872596554638972e-15 4.136414194209247e-16
1200.7629554560963 1.7275137432880153e-15 4.394779360154306e-16
1201.347086335355 1.6516332496203045e-15 4.4183072884510703e-16
1201.931216142884 1.1853572822663363e-15 3.7992376417803e-16
1202.5153448786891 3.790430510832105e-15 6.168399912558011e-16
1203.099472542776 5.731942681320946e-15 7.007000646822394e-16
1203.6835991351509 1.6254025450679701e-15 4.2608052176782774e-16
1204.267724655819 4.1091344393517383e-16 4.752692337923223e-16
1204.8518491047869 1.1495602934868303e-16 4.725251117410143e-16
1205.4359724820604 8.417992365523344e-16 5.700220450413325e-16
1206.0200947876456 -2.933570234384201e-16 5.239296884253057e-16
1206.6042160215477 6.958717121850939e-17 5.779200449393276e-16
1207.1883361837731 -3.035448445604192e-15 5.704520730807417e-16
1207.7724552743277 -4.59950791171994e-15 7.650405285369985e-16
1208.3565732932173 -7.157142107162666e-15 1.0673288526597251e-15
1208.9406902404478 -5.598194061367124e-15 1.6505243776132302e-15
1209.524806116025 1.1136322475345604e-14 2.4819162262217694e-15
1210.108920919955 4.925500823448493e-15 2.764346868747744e-15
1210.6930346522436 2.86313187446304e-15 2.9003269970011075e-15
1211.2771473128964 9.48780069537792e-15 2.9728023123417376e-15
1211.8612589019199 -2.8338010293237547e-15 2.8266840467426873e-15
1212.44536941932 4.6434960267367504e-15 2.8600177578324594e-15
1213.0294788651017 7.45073812624111e-15 2.9004688750197726e-15
1213.6135872392717 5.675776350104987e-15 2.8578116605213356e-15
1214.1976945418357 2.340278129638984e-15 2.7863970421889046e-15
1214.7818007727994 2.8145185360377474e-15 2.7928128932478823e-15
1215.3659059321692 3.82864059059922e-15 2.6902136981711003e-15
1215.9500100199507 4.742322325308225e-15 2.745134255679885e-15
1216.5341130361498 1.6384862394877337e-15 2.6559116166643797e-15
1217.1182149807719 4.600637853671577e-15 2.6348810591334763e-15
1217.7023158538236 3.6322890360632534e-15 2.6475780830128182e-15
1218.286415655311 5.798890894922505e-15 2.643867443429134e-15
1218.8705143852387 -1.957804558061702e-16 2.5066078719089427e-15
1219.4546120436144 2.7771609949320437e-15 2.5376499353599183e-15
1220.0387086304424 6.708231162260358e-15 2.401941069407913e-15
1220.6228041457296 5.507434481068826e-15 2.327444521696897e-15
1221.2068985894816 8.04484280028054e-15 2.04686951660012e-15
1221.790991961704 -3.665079375517362e-15 1.3588327003584508e-15
1222.375084262403 -3.7218720346582563e-16 8.337075837467733e-16
1222.9591754915846 4.927967277511779e-16 6.231996205029048e-16
1223.5432656492546 9.12908711265517e-16 5.224939675797097e-16
1224.1273547354185 -4.267801445124802e-16 4.454579621532664e-16
1224.7114427500828 -3.6158648025181965e-16 3.591010738263387e-16
1225.295529693253 6.019274468237971e-16 4.215839679579895e-16
1225.8796155649352 1.062825707874766e-15 3.974403261179101e-16
1226.463700365135 1.0243839645965769e-15 3.6500748750710216e-16
1227.047784093859 1.8503182740468383e-15 3.510626517475566e-16
1227.6318667511123 2.205763580142607e-15 3.7581303387566607e-16
1228.2159483369012 1.5024112435442776e-15 3.295277390361225e-16
1228.8000288512314 1.5643654567679436e-15 3.244462560366459e-16
1229.384108294109 1.5637553812876837e-15 3.2012583214027735e-16
1229.9681866655399 1.291339738692689e-15 3.001895882376673e-16
1230.55226396553 8.582106057845049e-16 2.5717908159088646e-16
1231.1363401940848 8.337106542412071e-16 2.566493948312769e-16
1231.7204153512107 6.061466238131892e-16 2.2655344071260475e-16
1232.3044894369134 3.5601760920053705e-16 2.036407362682329e-16
1232.8885624511986 7.243885586620676e-16 2.357390365695448e-16
1233.4726343940724 6.114605908869074e-16 2.29779815678476e-16
1234.056705265541 5.723986077330913e-16 2.2031070201222215e-16
1234.6407750656097 6.098675336713589e-16 2.246460813340657e-16
1235.2248437942847 3.902800919169735e-16 1.9783564890378476e-16
1235.808911451572 4.565728343662557e-16 2.0930694993400074e-16
1236.3929780374772 2.7178084434058693e-16 1.826976348891335e-16
1236.9770435520065 3.1675292047453113e-16 1.9907782272093319e-16
1237.561107995166 4.170352157427767e-16 2.0403157579894176e-16
1238.1451713669605 1.5093695662664124e-16 1.6868412328641135e-16
1238.729233667397 2.4162506852001494e-16 1.7774502001164782e-16
1239.3132948964812 1.0186148231928279e-16 1.538752212764378e-16
1239.8973550542187 1.7530442030558766e-17 1.4189154472247177e-16
1240.4814141406155 4.734197902915517e-16 2.0500063443015988e-16
1241.0654721556775 5.363711201128137e-16 2.123248356808392e-16
1241.6495290994108 4.047594848755753e-16 1.930163226014834e-16
1242.2335849718208 2.2737876844058566e-16 1.7266707072774809e-16
1242.8176397729144 7.399775780164624e-17 1.461051233534781e-16
1243.4016935026962 5.050609177944729e-16 2.025408375164436e-16
1243.9857461611728 3.9243205852881186e-16 1.8698024670534105e-16
1244.56979774835 3.784110692133522e-16 1.8495227777604685e-16
1245.1538482642338 8.774101427812405e-16 2.443853900764391e-16
1245.7378977088301 4.1194941816922505e-16 1.9272181983363493e-16
1246.3219460821444 7.243805647886279e-16 2.2139058961063258e-16
1246.905993384183 3.2688046990837717e-16 1.8302768657098707e-16
1247.4900396149517 4.281735401804931e-16 1.8703178336622556e-16
1248.0740847744564 4.2135092801837614e-16 1.9068539380975798e-16
1248.658128862703 4.584734174812167e-16 1.954230873117677e-16
1249.2421718796973 2.665201079936477e-16 1.7153205981331712e-16
1249.8262138254454 7.42089323798196e-16 2.1880320835923611e-16
1250.410254699953 2.3494880776931575e-16 1.6693038127379073e-16
1250.994294503226 5.3541260307132194e-17 1.382761434057944e-16
1251.5783332352703 1.9770933511552546e-16 1.6013737556015825e-16
1252.1623708960915 -5.983299291519631e-18 1.6547083762655316e-16
1252.7464074856964 1.5331133556158286e-16 1.5142546964408036e-16
1253.3304430040903 -1.5783208274997707e-16 9.594979453493371e-17
1253.9144774512788 1.433115822236538e-16 1.5002486096112597e-16
1254.498510827268 3.0820037586654526e-16 1.6945612764338464e-16
1255.0825431320645 2.386654824627492e-16 1.6663446237273356e-16
1255.6665743656731 9.406162574660586e-17 1.4275987260741564e-16
1256.2506045281004 3.101008531023879e-16 1.7972407278823809e-16
1256.8346336193517 3.3082179362129024e-16 1.7416822486851952e-16
1257.418661639434 -4.665869823012044e-18 1.260606180522971e-16
1258.002688588352 -1.7630896829380676e-16 8.815081146498364e-17
1258.586714466112 2.6386037159970997e-16 1.6422765795777986e-16
1259.1707392727203 4.191786855553629e-16 1.8573876110246227e-16
1259.7547630081822 2.4023212283825525e-16 1.6230306675272009e-16
1260.338785672504 -1.1682253262240689e-16 1.0417954679812179e-16
1260.9228072656913 3.7407682809203157e-16 1.7344901448696181e-16
1261.5068277877504 1.6695104093676985e-16 1.5382724480090973e-16
1262.0908472386868 3.049969237298091e-16 1.6790771171113438e-16
1262.6748656185061 8.608811087612956e-18 1.2535024857712637e-16
1263.2588829272152 -8.45815916419051e-18 1.2247111741496e-16
1263.8428991648193 9.461011266717753e-17 1.422460941853467e-16
1264.4269143313243 -5.865134721219083e-17 1.0866524138087845e-16
1265.0109284267362 -5.943578078504835e-18 1.203512718806683e-16
1265.594941451061 9.191441046020601e-17 1.3271295012223637e-16
1266.1789534043041 1.5691441519585564e-16 1.4466511440358658e-16
1266.7629642864724 7.520839949384415e-17 1.3241366955916978e-16
1267.3469740975706 -1.6886006791142383e-16 8.472653519192032e-17
1267.9309828376056 3.143613758875178e-16 1.648660561022136e-16
1268.5149905065828 4.786224188548203e-17 1.284425276395354e-16
1269.0989971045078 9.604259096477236e-17 1.3240195668169603e-16
1269.6830026313874 4.513359472907376e-17 1.284205974271354e-16
1270.2670070872264 -3.630426225323784e-17 1.163905458193072e-16
1270.8510104720312 3.195276945306178e-16 1.694352959268381e-16
1271.4350127858079 3.1278666222923327e-16 1.624204469903638e-16
1272.0190140285624 9.227127999926303e-16 2.2996820109990126e-16
1272.6030142003003 1.1171366663593237e-16 1.3489027478293315e-16
1273.1870133010275 -2.0168580738702713e-17 1.1760820862054445e-16
1273.77101133075 -8.557367401829303e-17 1.0219578240076242e-16
1274.3550082894737 1.5538873680428323e-16 1.441164355771128e-16
1274.9390041772047 2.0919286518391743e-16 1.5069184646752953e-16
1275.5229989939487 -8.232917056211709e-18 1.1485164577282374e-16
1276.1069927397111 -9.682241714161795e-18 1.141973922304086e-16
1276.6909854144985 1.939209140844816e-16 1.4752434029149247e-16
1277.2749770183166 -4.305659715051231e-17 1.1044037759286215e-16
1277.8589675511712 2.239772164733104e-16 1.4818873175949506e-16
1278.4429570130685 1.9174513790589151e-16 1.441742720455425e-16
1279.0269454040135 2.407028349289122e-16 1.5381222320098577e-16
1279.610932724013 1.0822937013762221e-16 1.3183654895451398e-16
1280.1949189730728 8.632462828303807e-17 1.3210750685340675e-16
1280.7789041511987 2.414524590872323e-16 1.5278575161781156e-16
1281.362888258396 3.6129348626140847e-16 1.6749977270280283e-16
1281.9468712946712 -3.510037366356081e-17 1.106595208981846e-16
1282.5308532600302 5.66244701613052e-17 1.2188072221583395e-16
1283.114834154479 9.206626758578095e-17 1.3139827557875889e-16
1283.6988139780228 -1.0377635911522874e-17 1.1188980978429187e-16
1284.2827927306682 1.0488621712159319e-16 1.302316862172631e-16
1284.866770412421 -7.547268700827729e-17 1.0132331199531089e-16
1285.4507470232866 8.152702043489991e-17 1.2877529247379814e-16
1286.0347225632713 1.9697485167113757e-16 1.4517198421317947e-16
1286.618697032381 3.2249052313588475e-17 1.2008314624819291e-16
1287.2026704306213 4.1140789941813353e-16 1.692075631780349e-16
1287.7866427579984 1.516302663288587e-16 1.3824072684068733e-16
1288.3706140145182 1.239952870290951e-16 1.2940434678603246e-16
1288.9545842001864 2.432417103091886e-16 1.5595087551368447e-16
1289.538553315009 2.123670152746345e-16 1.6629174490134059e-16
1290.1225213589917 1.3317757416358495e-16 1.3662595117097561e-16
1290.7064883321407 1.9535115568570008e-16 1.2985995786742667e-16
1291.290454234462 -1.6289238992577227e-16 9.608586905442113e-17
1291.8744190659609 4.1520379816191487e-16 1.4963480228891537e-16
1292.4583828266436 4.1878682693813937e-16 1.5043433521667442e-16
1293.042345516516 4.135211672121942e-16 1.5882579798089417e-16
1293.6263071355838 5.200166079672277e-16 1.6864840231883886e-16
1294.2102676838538 7.05607032424802e-17 1.1041346444445212e-16
1294.7942271613308 -1.4148536595448374e-16 9.529781077611941e-17
1295.378185568021 -1.4550805776989242e-16 1.4952226602093875e-16
1295.9621429039303 6.03875622602482e-16 2.1707170096148091e-16
1296.5460991690647 4.006093940109437e-16 2.4487926322424756e-16
1297.1300543634302 1.7568356681115746e-16 2.3332028104910095e-16
1297.7140084870323 4.303397210639776e-16 2.587130847281436e-16
1298.2979615398774 -6.403758604864459e-16 2.2319352570864296e-16
1298.8819135219708 2.687494722410414e-16 2.9999490300869683e-16
1299.465864433319 3.0175911381914993e-16 2.942183765364389e-16
1300.0498142739275 -2.089817951613735e-16 3.1823348112677244e-16
1300.6337630438022 1.4712917295181874e-16 3.0909531911487863e-16
1301.217710742949 -4.0331362610439184e-16 3.0032251947082703e-16
1301.8016573713742 -4.510200304711913e-17 3.1205207290572697e-16
1302.385602929083 6.300448643265812e-16 3.528452855246125e-16
1302.969547416082 -2.227961613772623e-16 2.8465063647138916e-16
1303.5534908323764 4.770089335868642e-16 3.4431494906171243e-16
1304.1374331779723 1.289199233495418e-16 3.299542995344038e-16
1304.721374452876 1.717001164440083e-16 3.288991082403618e-16
1305.305314657093 3.602267806132397e-16 3.118806016734672e-16
1305.8892537906295 6.636791662335102e-16 3.230187143529468e-16
1306.473191853491 4.2728336149248805e-16 3.316820349885658e-16
1307.0571288456838 1.7029174946865265e-15 4.233986301683634e-16
1307.6410647672133 1.1085468920063281e-16 3.0951862383026896e-16
1308.2249996180856 7.213638569469817e-16 3.002064494872736e-16
1308.8089333983069 3.828286636706386e-16 2.6395849507269346e-16
1309.3928661078826 1.0002572898852222e-15 2.864468227756011e-16
1309.9767977468186 6.840892191909906e-16 2.4491314454213773e-16
1310.5607283151217 3.540246994943253e-16 2.353285696972613e-16
1311.1446578127964 4.2891352933903816e-16 1.7346819184228324e-16
1311.7285862398496 5.831522733336359e-17 1.2355572986902933e-16
1312.312513596287 2.2891060105591546e-16 1.4836912330748063e-16
1312.8964398821142 7.729292110725738e-16 2.116506900990534e-16
1313.4803650973372 8.131850474608755e-17 1.2625478712056536e-16
1314.0642892419621 1.8223703425428438e-16 1.4177162338598629e-16
1314.6482123159947 -1.1243557693500945e-16 1.1647929899031168e-16
1315.2321343194405 1.7956637907626098e-16 1.4387252979297297e-16
1315.816055252306 1.95028581716584e-16 1.4213007714135247e-16
1316.3999751145964 3.5067611355603303e-16 1.6787103783149623e-16
1316.9838939063184 2.428958032293536e-16 1.5310352132192993e-16
1317.567811627477 2.0108755397208182e-16 1.435580423415252e-16
1318.151728278079 1.2356363109824044e-16 1.3571820978420482e-16
1318.7356438581296 8.76993031994277e-17 1.2856132401038782e-16
1319.319558367635 1.3818940193803964e-16 1.3446969645484178e-16
1319.9034718066011 3.3627398588408856e-16 1.5665599073760427e-16
1320.4873841750339 3.9023717778679425e-17 1.207209620574754e-16
1321.0712954729388 -9.992297462759741e-17 9.849673658054368e-17
1321.655205700322 2.3986449399553463e-17 1.1949351867267531e-16
1322.2391148571894 -2.3942540998277923e-17 1.054214757698089e-16
1322.8230229435467 1.0152403895147545e-16 1.3126567521784419e-16
1323.4069299594003 9.360539262539102e-17 1.2845131560636317e-16
1323.9908359047556 1.0417764097399047e-15 2.3691302423443927e-16
1324.5747407796184 4.737626798165121e-16 1.839827029841265e-16
1325.158644583995 2.413011048874698e-16 1.5660118505893896e-16
1325.7425473178912 4.809288631004142e-17 1.2298211651017076e-16
1326.3264489813128 1.855959169368417e-16 1.4399741421313377e-16
1326.9103495742656 8.54780254697023e-17 1.278450253045863e-16
1327.4942490967555 -5.8720042080521525e-18 1.1020899863191882e-16
1328.0781475487886 3.391528192612344e-17 1.1981032222983822e-16
1328.6620449303705 3.6756563288692856e-16 1.7006736779394703e-16
1329.2459412415074 -8.762092618202707e-17 9.456509418951994e-17
1329.8298364822049 -7.329759904395685e-18 1.1314842133457295e-16
1330.4137306524688 1.5305504192058943e-16 1.392415889120969e-16
1330.9976237523053 -1.604267696605436e-16 1.34725738632929e-16
1331.58151578172 -1.4601486471375876e-17 1.110135939050267e-16
1332.1654067407194 1.9885400749951104e-16 1.4504954824763182e-16
1332.749296629309 -1.0033851708011955e-16 9.05850716588292e-17
1333.333185447494 -6.420963696907766e-17 1.0258371687315999e-16
1333.9170731952815 4.735898003092594e-19 1.1510444540290975e-16
1334.5009598726765 1.7328086521204203e-16 1.3992390042088984e-16
1335.0848454796853 1.9454351225203495e-18 1.1556157849663105e-16
1335.6687300163137 1.2619877706692817e-16 1.3487738400026712e-16
1336.2526134825675 1.1635430869103247e-16 1.3662171600623934e-16
1336.8364958784528 4.3252030150756537e-16 1.7589507358506482e-16
1337.4203772039752 1.6076089768845582e-17 1.2095519313717082e-16
1338.004257459141 2.221864035343576e-16 1.4927274864352336e-16
1338.5881366439555 5.013609852366375e-17 1.2542466836247654e-16
1339.172014758425 -7.815632561319533e-17 1.0532544340941395e-16
1339.7558918025552 2.6319436216642923e-17 1.4178958313144604e-16
1340.3397677763523 2.778092373831999e-17 1.172454667608828e-16
1340.9236426798218 -9.022655834645891e-17 1.1278059727722777e-16
1341.5075165129697 6.774412678695754e-17 1.267577791074466e-16
1342.0913892758022 2.3976456065137087e-16 1.5372816841586058e-16
1342.6752609683247 -4.3458974196405054e-17 1.0543248719812321e-16
1343.2591315905431 1.4104370444693962e-16 1.406111882482479e-16
1343.843001142464 1.7344487196645415e-16 1.4264273059778833e-16
1344.4268696240924 1.4753668844367666e-16 1.4226830233043253e-16
1345.0107370354344 2.282654862049078e-17 1.1789335432130373e-16
1345.5946033764967 1.062309613346982e-16 1.360438277779751e-16
1346.178468647284 1.9830935207953672e-16 1.4690907673443063e-16
1346.7623328478028 -1.46434222123266e-16 8.165015784960701e-17
1347.3461959780589 6.192929854361597e-17 1.2696625509158957e-16
1347.9300580380582 1.6587927956069714e-16 1.4348034030350443e-16
1348.5139190278069 2.250192522868904e-16 1.542246620718496e-16
1349.0977789473102 3.633013315407605e-17 1.2359546100821148e-16
1349.6816377965743 1.3871256389697738e-16 1.411931131179014e-16
1350.2654955756052 -1.2728526887534922e-16 8.61753651958641e-17
1350.849352284409 -8.280020359885173e-17 9.956828619837958e-17
1351.4332079229912 1.940255755930267e-16 1.4994911768679572e-16
1352.0170624913576 2.1324217236271561e-16 1.5098026118606962e-16
1352.6009159895143 -4.947279562534728e-17 1.0812063890046334e-16
1353.1847684174672 -1.8580453519605003e-17 1.110403416173142e-16
1353.7686197752223 9.059663233507024e-17 1.3358031186022477e-16
1354.3524700627852 8.855243743088019e-17 1.3029451223914773e-16
1354.9363192801616 8.819799384712367e-17 1.3409455350343674e-16
1355.520167427358 -8.653234987846239e-17 1.0161878752755973e-16
1356.1040145043798 5.767614759210512e-17 1.2975332436030123e-16
1356.6878605112336 1.7030277677883472e-16 1.4886402877669356e-16
1357.2717054479242 1.7603153853380137e-16 1.4679423759562867e-16
1357.8555493144584 9.776177932710093e-16 2.428194114454231e-16
1358.4393921108415 1.0328683362871986e-16 1.3729431310591846e-16
1359.0232338370797 1.9630324387947107e-17 1.1934295856630086e-16
1359.6070744931787 1.2185893113779791e-20 1.1889020622110364e-16
1360.1909140791447 1.7473796040466644e-16 1.4902906785251014e-16
1360.774752594983 2.1121385932628659e-16 1.52745914599511e-16
1361.3585900407 1.4332506857636087e-16 1.4645515971893093e-16
1361.9424264163017 3.949737794103954e-18 1.1964390672548236e-16
1362.5262617217934 6.104552554227452e-17 1.3378712024825283e-16
1363.1100959571813 -9.093091256421516e-17 1.0931972653386511e-16
1363.6939291224717 8.821600653214262e-17 1.3071699639137041e-16
1364.2777612176694 -6.506016392723938e-17 1.0824026906937321e-16
1364.8615922427814 7.393515015544333e-17 1.3017496147957666e-16
1365.4454221978128 -1.3061486274677727e-16 9.389274855274704e-17
1366.02925108277 -1.2729059757285528e-17 1.1666728736504293e-16
1366.6130788976589 1.2167353001600167e-16 1.3673742864776816e-16
1367.196905642485 3.953637785256019e-17 1.260214295435968e-16
1367.7807313172543 5.65403161145065e-17 1.3065154986130522e-16
1368.364555921973 3.2360926837075047e-17 1.2471706497927418e-16
1368.9483794566465 -1.4771432713458365e-16 8.375565676335458e-17
1369.532201921281 1.2245282679725523e-16 1.3821734079040923e-16
1370.116023315882 1.475310040585072e-17 1.2292934900453477e-16
1370.6998436404563 2.458113435733621e-16 1.6245281953081669e-16
1371.2836628950085 -1.2247386696331612e-17 1.1568634380278365e-16
1371.8674810795455 2.707306028953304e-16 1.6522544953475563e-16
1372.4512981940732 9.096998857635217e-17 1.3523147024199902e-16
1373.0351142385964 1.4249652477015836e-16 1.4575056065571336e-16
1373.618929213122 -4.722707470852094e-18 1.1840551808681697e-16
1374.2027431176557 -5.783736840221415e-17 1.0498058188587324e-16
1374.7865559522033 1.1759259145057945e-16 1.4474248556936234e-16
1375.3703677167707 5.278663418764803e-19 1.1877935078413173e-16
1375.9541784113635 1.2577303713181447e-16 1.488100304263061e-16
1376.5379880359878 5.6227664176838e-18 1.2887655261566443e-16
1377.1217965906494 6.295365916186694e-17 1.3360282440777601e-16
1377.7056040753548 1.346522982294241e-16 1.447606967777283e-16
1378.289410490109 1.000803904068887e-16 1.3840760556618623e-16
1378.8732158349183 -6.761956662159686e-17 1.0149466411356247e-16
1379.4570201097886 2.1483422372663928e-16 1.5970073007584866e-16
1380.0408233147257 -1.1339452411041973e-16 9.829838528709837e-17
1380.6246254497353 -7.107304567900575e-17 1.1266473905191114e-16
1381.2084265148235 5.319493963699094e-17 1.2998152033024746e-16
1381.7922265099967 1.200828153759479e-16 1.4424450960571561e-16
1382.3760254352596 -1.4251041478700435e-17 1.1796548447071836e-16
1382.959823290619 1.7519332002315444e-16 1.5476794106328463e-16
1383.5436200760803 -7.308332514410535e-19 1.1792304017912704e-16
1384.1274157916498 1.4557596268073812e-17 1.2381493518577895e-16
1384.7112104373334 -3.52639701363891e-17 1.1297644717650073e-16
1385.2950040131363 4.242935469469172e-16 1.9034201459387497e-16
1385.878796519065 1.8033306631625678e-17 1.2488078056611067e-16
1386.4625879551254 6.590411976261498e-17 1.3332419027279875e-16
1387.0463783213231 1.2813808546944649e-16 1.4674033188946981e-16
1387.6301676176638 1.1625619845293878e-16 1.4243905887864307e-16
1388.213955844154 7.405086941441704e-17 1.3621803863242367e-16
1388.797743000799 -2.4358619463836996e-17 1.1693438067611386e-16
1389.381529087605 2.7350951947192474e-17 1.2826245372890506e-16
1389.965314104578 1.899962266280482e-16 1.5902221698042856e-16
1390.5490980517234 2.0799827079560305e-17 1.250651293461467e-16
1391.1328809290476 1.8711558668844453e-16 1.5837733373999242e-16
1391.7166627365564 -7.068249069842761e-17 1.0639109026639866e-16
1392.3004434742552 3.713305619885759e-16 1.892740648660649e-16
1392.8842231421504 2.6554052762503788e-17 1.2609819190444172e-16
1393.468001740248 8.613340397775051e-17 1.4096770970970315e-16
1394.0517792685532 -1.7825253833084095e-16 7.443483341987436e-17
1394.635555727072 9.448630689053549e-17 1.431475622343519e-16
1395.2193311158107 1.8561060766452065e-16 1.5622829203880005e-16
1395.8031054347755 1.9748908007945974e-16 1.612364140441105e-16
1396.3868786839712 -6.421370669769142e-17 1.096315537724629e-16
1396.9706508634044 3.675086169816665e-16 1.830702632114764e-16
1397.5544219730812 -2.612325312901923e-16 7.57271211472537e-17
1398.138192013007 1.3639743756367417e-16 1.492439230535371e-16
1398.7219609831877 1.2283902088164398e-16 1.449416177213059e-16
1399.3057288836294 3.0014157205746983e-16 1.7715937613796027e-16
1399.889495714338 3.1542117292321056e-16 1.8230498217852194e-16
1400.473261475319 1.516255679429794e-16 1.4991817451444133e-16
1401.057026166579 -7.392302203330207e-18 1.220670826991197e-16
1401.6407897881231 3.414583039773177e-16 1.8026281221247142e-16
1402.2245523399574 -6.157198298877267e-17 1.0899422103665814e-16
1402.8083138220882 4.757073615842895e-16 2.0064321901679794e-16
1403.392074234521 3.44699892449015e-17 1.2761280592814061e-16
1403.9758335772615 5.512026206971222e-17 1.3627504130279592e-16
1404.5595918503159 -1.6566074506030553e-16 8.006166005359487e-17
1405.1433490536904 4.5129796315700914e-17 1.3173809460928547e-16
1405.7271051873904 -4.54072062233716e-17 1.1377026263186582e-16
1406.3108602514214 -2.7703615438270783e-16 1.5970127286142686e-20
1406.8946142457903 3.5564914986848143e-16 1.8401383144493809e-16
1407.4783671705022 2.07114669847829e-16 1.6201519466466183e-16
1408.0621190255633 -9.156587625474557e-17 1.0373599931878105e-16
1408.6458698109793 -2.6979920083431814e-17 1.209314762146477e-16
1409.2296195267559 -1.2887182776000553e-16 9.351294030268719e-17
1409.8133681728996 1.4989194296285605e-16 1.5602799521655401e-16
1410.3971157494161 8.870768268824414e-17 1.4346833625845506e-16
1410.980862256311 -2.1940159743180187e-16 5.583435385763945e-17
1411.5646076935898 2.8357021120558058e-18 1.2372750550375454e-16
1412.1483520612594 5.5492691868708094e-17 1.374539258769167e-16
1412.732095359325 5.119281844747779e-16 2.0976740498506206e-16
1413.3158375877927 2.434448923374112e-16 1.7225622004366035e-16
1413.8995787466683 3.6104534531253236e-17 1.3059886176500804e-16
1414.4833188359578 1.8882693734903304e-16 1.676256232699191e-16
1415.0670578556667 2.1904553257404475e-17 1.278293022555029e-16
1415.6507958058014 -9.726742045883678e-17 1.0050977655414253e-16
1416.2345326863672 1.2427045362294455e-16 1.4926832819032987e-16
1416.8182684973706 1.6519303728963335e-16 1.598511445984353e-16
1417.4020032388169 -1.6934580201559508e-18 1.2332778536198932e-16
1417.9857369107128 1.3427067018201663e-16 1.5288533092867315e-16
1418.569469513063 -6.260376176275701e-17 1.0665077203918111e-16
1419.1532010458745 -1.7989287388148056e-17 1.2637957889649756e-16
1419.7369315091526 -8.245015399850909e-17 1.1185792693476162e-16
1420.3206609029035 -2.746821439431697e-16 9.76733936724426e-19
1420.9043892271322 5.217203485661807e-18 1.2607828663018124e-16
1421.4881164818457 1.582833527875166e-16 1.575815859907164e-16
1422.0718426670494 2.422752192465918e-16 1.7290401495985268e-16
1422.6555677827494 3.357878816165932e-17 1.3460023217294755e-16
1423.2392918289506 -5.523212335830899e-17 1.7304083725061385e-16
1423.8230148056605 -1.0851599814603918e-16 9.685887926301929e-17
1424.4067367128837 9.479786281389236e-17 1.475231359165206e-16
1424.9904575506268 -8.832107170482666e-17 1.0231606107927253e-16
1425.5741773188954 2.888690193673932e-16 1.8916596228617157e-16
1426.157896017695 5.290571428145055e-17 1.373868646902958e-16
1426.7416136470322 -1.967124004976643e-17 1.228594158468271e-16
1427.3253302069122 2.855777405019386e-16 1.83591307588046e-16
1427.9090456973415 9.331530369329112e-17 1.4580802654722865e-16
1428.4927601183256 4.909024973833213e-16 2.18311439558906e-16
1429.0764734698703 5.833300443734409e-16 2.2623802681887093e-16
1429.6601857519815 -1.3602560333471933e-16 9.04993823648136e-17
1430.2438969646655 -6.98650244949884e-17 1.0641854604529052e-16
1430.827607107928 2.3539334124794665e-16 1.761942350341232e-16
1431.4113161817747 2.4169362524918334e-16 1.7383137045330833e-16
1431.9950241862116 -3.1752744359646964e-19 1.2712093124869208e-16
1432.5787311212443 4.00778502815374e-17 1.344450663249224e-16
1433.162436986879 6.97012096464784e-17 1.4227526388246777e-16
1433.7461417831219 2.4720037834518566e-17 1.3234742893571653e-16
1434.3298455099778 2.277598273877317e-16 1.759055953224565e-16
1434.9135481674537 2.0715594946911785e-16 1.7943674333066167e-16
1435.4972497555548 5.714456824325404e-17 1.4215495873417806e-16
1436.080950274287 8.67789886673461e-17 1.4843797120422464e-16
1436.6646497236568 -1.3561284682650027e-16 8.669051342902743e-17
1437.2483481036693 3.630549971543422e-16 2.0018600651373783e-16
1437.8320454143309 2.7660866744214042e-17 1.3482578116493361e-16
1438.4157416556473 3.104538540831561e-16 1.8827545272592149e-16
1438.9994368276243 4.196045710742644e-17 1.386599949146884e-16
1439.583130930268 6.295856103417693e-18 1.299898186061526e-16
1440.166823963584 -2.301104232257012e-16 4.057149181877435e-17
1440.7505159275781 -2.038655441063901e-17 1.2280001766140088e-16
1441.334206822257 -9.402432982714707e-17 9.759747875813524e-17
1441.9178966476256 -5.038129801828162e-17 1.1626166446242653e-16
1442.50158540369 -3.245399458215461e-17 1.1913090916191167e-16
1443.0852730904567 -1.5515711299787858e-16 7.793846609218356e-17
1443.6689597079305 -4.6851298136766674e-17 1.1769828528052903e-16
1444.252645256118 7.39284863884286e-17 1.4586428806377205e-16
1444.8363297350252 3.311889228469209e-17 1.3265422691619e-16
1445.4200131446576 -1.1358169192198333e-16 9.591320668207926e-17
1446.0036954850211 -5.455874540013162e-17 1.127761635891445e-16
1446.5873767561218 -2.1138363649265187e-16 7.60594293778183e-17
1447.1710569579657 -1.495572987742416e-16 8.006149461747236e-17
1447.754736090558 5.17517490195913e-16 2.245856772970146e-16
1448.338414153905 4.133135912005577e-16 2.221523898675694e-16
1448.922091148013 3.5056139353123927e-16 1.9810954494821331e-16
1449.505767072887 -7.052060152638363e-17 1.0922322433488222e-16
1450.0894419285337 1.5623001257447416e-16 1.6285436608737443e-16
1450.6731157149586 2.574723237354814e-17 1.3414174912046656e-16
1451.2567884321672 2.822063971706338e-17 1.352623340050146e-16
1451.8404600801662 2.289952514110817e-16 1.7785767539363264e-16
1452.4241306589606 2.983375506984958e-16 1.9169628792763658e-16
1453.0078001685572 4.720497674389271e-16 2.2508397089801655e-16
1453.5914686089611 6.53163252193348e-17 1.4399652747551712e-16
1454.1751359801785 -8.984913899400812e-17 1.184202485191653e-16
1454.7588022822154 1.147729643529577e-16 1.6801142030761383e-16
1455.3424675150773 -5.609977295515056e-17 1.69527344585403e-16
1455.9261316787704 1.0835463175214234e-16 1.5465952084603608e-16
1456.5097947733004 -5.969467342752642e-17 1.1272441517002317e-16
1457.093456798673 1.7048786671269958e-16 1.6572080499022178e-16
1457.6771177548949 4.103340469294723e-16 2.1606175975566797e-16
1458.2607776419713 3.575826018322629e-17 1.3479637323979613e-16
1458.844436459908 3.9949017232004513e-16 2.1811603964588626e-16
1459.428094208711 -2.7073578435468743e-17 1.2341542680225053e-16
1460.0117508883861 5.854987531208773e-17 1.4638005171931112e-16
1460.5954064989394 1.3510944786675765e-17 1.3208769422337488e-16
1461.1790610403768 1.2346697669802484e-16 1.5843605694603879e-16
1461.762714512704 8.335060296099962e-17 1.479491934889895e-16
1462.346366915927 1.6139394893741e-16 1.6684185309591285e-16
1462.9300182500515 2.648136542422855e-16 1.8712356732699444e-16
1463.5136685150833 7.283490729651919e-17 1.5140811870355145e-16
1464.0973177110286 4.716200040973139e-16 2.27268230640969e-16
1464.6809658378932 -1.51722288517644e-16 7.64742174416218e-17
1465.2646128956826 1.2335446689982783e-15 3.2681270727259683e-16
1465.8482588844033 -7.436802865924335e-18 1.2784878401328974e-16
1466.431903804061 1.7288804044786305e-16 1.701325496262162e-16
1467.015547654661 5.577682840912006e-16 2.415164894840888e-16
1467.59919043621 9.325208062471247e-17 1.4839854446750792e-16
1468.182832148713 8.200376763530608e-17 1.5284446158896813e-16
1468.7664727921765 2.1365952137769557e-16 1.7785944886886595e-16
1469.3501123666063 3.861481593211486e-16 2.1627567527951908e-16
1469.9337508720084 2.0786058823700482e-16 1.7481010378897087e-16
1470.5173883083883 3.426234375009354e-17 1.351048652861641e-16
1471.1010246757517 1.817944198346746e-16 1.7010068001157576e-16
1471.6846599741054 3.0112711453713976e-19 1.2647636564561116e-16
1472.2682942034542 1.2053716914281102e-16 1.5866146035423703e-16
1472.8519273638049 2.3921531272463566e-16 1.8689907712619245e-16
1473.4355594551625 2.288828077873337e-16 1.8149547014385304e-16
1474.0191904775334 4.6154362074743796e-17 1.3876145357990171e-16
1474.6028204309234 2.746743088884076e-16 1.9302459440760894e-16
1475.1864493153387 9.789851294410043e-17 1.566113626891958e-16
1475.7700771307846 9.01437145537505e-17 1.5235485007567554e-16
1476.3537038772672 -1.3949340916033764e-16 7.239959853607949e-17
1476.9373295547925 7.378673575557784e-18 1.2920436760114164e-16
1477.5209541633658 7.037538169804382e-17 1.4954395800532234e-16
1478.104577702994 1.5710874639152395e-17 1.3051671280401417e-16
1478.688200173682 7.141326837367126e-16 2.687292757992053e-16
1479.271821575436 1.4724636790100525e-16 1.6748324232544157e-16
1479.8554419082623 5.091236583864189e-16 2.336177484322648e-16
1480.4390611721665 -9.221072640795721e-17 9.732798331456546e-17
1481.022679367154 2.5539930655002756e-16 1.886249464608925e-16
1481.6062964932312 3.063618379149706e-16 1.9988160404831832e-16
1482.189912550404 1.629832209744755e-16 1.6614711402559691e-16
1482.773527538678 2.6261218914259195e-16 1.9082121024889428e-16
1483.3571414580592 3.9499508758297476e-17 1.41495649463859e-16
1483.9407543085536 1.1179115691571634e-16 1.5824100114015388e-16
1484.5243660901665 9.544177990737304e-17 1.6156769657071554e-16
1485.1079768029047 -1.2294000309082446e-16 7.874833546887708e-17
1485.6915864467733 2.969320318714253e-17 1.3321399658031689e-16
1486.2751950217785 2.03879374566232e-16 1.802719707562136e-16
1486.8588025279264 -4.681020380393504e-17 1.1307034871963775e-16
1487.442408965222 1.9357753486859858e-16 1.753551562556392e-16
1488.0260143336725 -3.3793815416253704e-17 1.1577982182944704e-16
1488.6096186332825 1.945522024461143e-15 4.127570111448728e-16
1489.1932218640584 3.376673815521015e-16 2.0830911865235557e-16
1489.7768240260064 3.97760054585719e-16 2.1623023990283277e-16
1490.360425119132 1.2674034875757888e-16 1.6100385056053e-16
1490.944025143441 -3.0863405673553946e-17 1.1580668865574276e-16
1491.5276240989392 3.474995282455926e-16 2.0759549339429383e-16
1492.1112219856332 4.011748546776849e-17 1.4200447803714241e-16
1492.694818803528 2.3222512038786035e-16 1.904236076894972e-16
1493.27841455263 6.195445145168248e-16 2.5647826770615193e-16
1493.8620092329445 1.0075603814866692e-16 1.5878347280331106e-16
1494.4456028444781 7.314650954199037e-17 1.5223827716630967e-16
1495.0291953872365 9.275625533065838e-17 1.5362185254609036e-16
1495.6127868612252 3.7354952361258616e-16 2.125493788212004e-16
1496.1963772664503 5.9344409421969e-16 2.55241043737789e-16
1496.7799666029177 4.942763354913535e-16 2.41825762388955e-16
1497.3635548706332 7.156353201851417e-16 2.80136797895471e-16
1497.9471420696027 8.245976385199349e-16 2.869643599063735e-16
1498.5307281998319 -1.1034830908196255e-17 1.2474321712152065e-16
1499.114313261327 2.7325380816608255e-16 1.9725880623181478e-16
1499.6978972540935 4.011776009173186e-17 1.3967970346917438e-16
1500.2814801781376 4.252185069253189e-16 2.3067592359711183e-16
1500.8650620334654 2.4463539714477713e-16 1.9081485750178988e-16
1501.448642820082 1.334496570281108e-16 1.667285492043278e-16
1502.032222537994 2.5637225623884713e-16 1.9626839972334789e-16
1502.6158011872064 5.110978804282319e-16 2.443103217814887e-16
1503.199378767726 8.879089044042208e-17 1.559528607471546e-16
1503.7829552795588 4.425028825759778e-17 1.3789571973335882e-16
1504.3665307227095 5.3149242871231063e-17 1.438776781651055e-16
1504.950105097185 2.3132475083470863e-16 1.9053229260454176e-16
1505.5336784029905 -1.7612496362090556e-16 2.6337778054922188e-20
1506.1172506401326 4.116363071463166e-17 1.39892123450478e-16
1506.7008218086164 3.661701990458863e-16 2.2112962405353945e-16
1507.2843919084485 -8.650695212493456e-17 8.692754368791572e-17
1507.8679609396343 1.8963491413648504e-16 1.8194810337504206e-16
1508.4515289021797 9.614568413887607e-17 1.5480354291684892e-16
1509.0350957960904 6.327519419213365e-17 1.537456384703977e-16
1509.6186616213727 9.177885210142082e-17 1.5628930488078196e-16
1510.2022263780323 2.958404181606513e-16 2.088384480699405e-16
1510.7857900660752 1.3821105421775383e-16 1.665602543456202e-16
1511.3693526855072 1.676208984142602e-16 1.7704084446490387e-16
1511.952914236334 2.3703007359983797e-16 1.9343478334720663e-16
1512.5364747185613 1.1429486719379185e-16 1.627446356160356e-16
1513.1200341321953 1.2995257231753056e-17 1.2635336057980207e-16
1513.7035924772422 2.3948648899921015e-18 1.2722751181625831e-16
1514.2871497537071 1.1052247361429681e-16 1.5829514507432915e-16
1514.8707059615965 2.294820041881773e-16 1.9762063488408017e-16
1515.454261100916 -6.717762718136692e-17 9.746963634010394e-17
1516.0378151716714 1.0614326033743288e-16 1.5418465299998164e-16
1516.6213681738686 2.1887371061720523e-16 1.9098262296490543e-16
1517.2049201075135 -6.700788310222614e-17 9.48561161813508e-17
1517.7884709726122 3.9713515602888215e-16 2.272046237605861e-16
1518.3720207691704 1.8634076329994366e-16 1.9016744639740177e-16
1518.955569497194 1.9848582610014124e-16 1.8826970878374792e-16
1519.5391171566885 2.1476783751939822e-16 1.860841652564848e-16
1520.1226637476605 -5.875869540336552e-17 1.0258173163968986e-16
1520.7062092701149 1.3294411070749798e-16 1.6730298312635401e-16
1521.2897537240585 4.767376381982815e-17 1.4471407026095992e-16
1521.8732971094964 3.394907721722991e-17 1.3420867795818945e-16
1522.4568394264354 1.6569855714046656e-16 1.7414511675092724e-16
1523.0403806748807 -9.305569471240258e-17 8.148108213240117e-17
1523.6239208548382 5.1034797171978114e-17 1.450680638584632e-16
1524.2074599663138 1.202016779212493e-16 1.689719159651308e-16
1524.7909980093134 -1.5306426663878062e-16 3.0657410533315e-20
1525.374534983843 1.480783792483356e-16 1.7283199068955646e-16
1525.9580708899084 1.6538142271105863e-16 1.8340011636998294e-16
1526.5416057275152 -5.1726012452884575e-17 1.0029412064228261e-16
1527.1251394966698 -8.268159251645653e-17 8.435753984682777e-17
1527.7086721973778 2.1260814173191617e-16 1.8934495093583825e-16
1528.292203829645 6.26036625010835e-17 1.4947336310312462e-16
1528.8757343934772 5.644884317364794e-17 1.442363569135983e-16
1529.4592638888805 -4.3242017956622196e-17 1.0439018668674719e-16
1530.0427923158607 6.221480820384478e-17 1.5236791291190898e-16
1530.6263196744237 3.0657169032765285e-16 2.1686787042365805e-16
1531.209845964575 -4.388620967406624e-17 1.0134124527099104e-16
1531.7933711863209 3.2449646920855034e-16 2.25761464906922e-16
1532.3768953396673 3.763781372003827e-16 2.329668036122999e-16
1532.9604184246198 2.5099391466113755e-16 2.0188307672823122e-16
1533.543940441184 7.896365389104709e-17 1.564815813598087e-16
1534.1274613893665 1.8063664490978619e-16 1.8544231280581306e-16
1534.7109812691729 7.648470609178897e-17 1.526788534128901e-16
1535.294500080609 1.7431874527022457e-16 1.8045041677539845e-16
1535.8780178236802 -2.901541470193903e-17 1.089077442666994e-16
1536.4615344983933 -2.9985803439582136e-17 1.0707389146611424e-16
1537.0450501047535 1.810533454151659e-16 1.8332109084298208e-16
1537.6285646427666 5.932485354879927e-16 2.822442688077989e-16
1538.212078112439 2.675215656350983e-16 2.1482777833530626e-16
1538.7955905137762 4.628563365272249e-16 2.5860633210700995e-16
1539.3791018467841 3.1728514833298245e-16 2.263715933267411e-16
1539.9626121114688 1.9584157452727052e-16 1.8982826264158563e-16
1540.5461213078358 -2.0157860477964025e-17 1.1191183264092048e-16
1541.1296294358915 1.296231724539997e-16 1.7031517787057811e-16
1541.7131364956413 1.0293383264795163e-16 1.664119838751813e-16
1542.296642487091 4.089738178953003e-16 2.402486399807267e-16
1542.8801474102465 4.1907068885458797e-16 2.5412933946429735e-16
1543.4636512651139 -1.2819972035124904e-16 3.454130139023849e-20
1544.0471540516992 2.236789020571993e-16 2.036018124573286e-16
1544.6306557700082 4.510606615828799e-16 2.588890822927153e-16
1545.2141564200463 2.1694446073093556e-16 1.9786039814771234e-16
1545.7976560018196 2.1283993759188823e-16 1.9506233068557617e-16
1546.3811545153344 2.265727901214936e-16 2.0321928443741468e-16
1546.964651960596 2.597536382340659e-16 2.112781808907187e-16
1547.5481483376109 -1.2548255777046545e-16 3.725124524336451e-20
1548.131643646384 1.464361014776177e-16 1.767495445403872e-16
1548.7151378869223 1.1555052736364734e-16 1.679454576168464e-16
1549.2986310592305 3.519561126882323e-16 2.370648813600142e-16
1549.8821231633156 1.4522256796199831e-16 1.7627449140587555e-16
1550.4656141991825 1.169287426130587e-16 1.6674073853783437e-16
1551.0491041668379 3.8047817371178753e-16 2.511463541218637e-16
1551.632593066287 3.3821594126456705e-16 2.318079037217784e-16
1552.216080897536 6.509151208722167e-16 3.070544726378082e-16
1552.7995676605904 4.799809075009835e-16 2.665530099296926e-16
1553.383053355457 2.60791280064232e-16 2.1766772098877232e-16
1553.9665379821406 6.302906626999625e-16 3.045243852243596e-16
1554.5500215406475 6.832897325853458e-18 1.2272018480612216e-16
1555.1335040309839 7.535499972119019e-16 3.286093965026212e-16
1555.7169854531548 2.406366075403488e-16 2.0381317364744815e-16
1556.300465807167 9.110759172561159e-18 1.1965131826377083e-16
1556.8839450930259 2.64397734595404e-16 2.1601244655627e-16
1557.4674233107373 1.42905853441919e-16 1.7954222540237443e-16
1558.0509004603073 -1.1224220196012926e-16 4.03480737474438e-20
1558.6343765417419 -1.089170947163437e-16 3.84999454638472e-20
1559.2178515550463 -1.0799190312737049e-16 3.8523817379337597e-20
1559.8013255002268 1.5093082887266345e-16 1.837283813417134e-16
1560.3847983772894 2.653661314821321e-16 2.1482084325305062e-16
1560.96827018624 1.4573425527147872e-16 1.7747698702340103e-16
1561.551740927084 2.8574696180293224e-16 2.2638956630709065e-16
1562.1352105998276 2.3472442344763217e-16 2.022946156265886e-16
1562.7186792044768 5.494844077461719e-16 3.0111362177378295e-16
1563.3021467410374 4.1338627721534396e-16 2.58978020752177e-16
1563.8856132095148 4.1604752238671896e-16 2.601670697216648e-16
1564.4690786099154 5.51613530938214e-16 2.9980455882358103e-16
1565.0525429422448 3.016477885435901e-17 1.3086788736998989e-16
1565.636006206509 2.83237653166471e-16 2.2217187162535627e-16
1566.2194684027138 2.685015033457327e-17 1.275422110259429e-16
1566.8029295308652 -1.0133894901761059e-16 4.2072144326203056e-20
1567.3863895909692 1.8701972638161698e-16 1.9203070712312442e-16
1567.9698485830309 2.76024876453025e-16 2.2430107422673716e-16
1568.5533065070567 3.1060065548082713e-16 2.36500016263314e-16
1569.1367633630525 3.0452840863085906e-16 2.366248477439156e-16
1569.7202191510244 3.038755050472036e-16 2.3207980129784703e-16
1570.3036738709777 1.3234106295372233e-16 1.93771095131936e-16
1570.8871275229187 -1.3973237833058176e-16 5.657998107923965e-17
1571.470580106853 3.1850161999413763e-16 2.394074303849848e-16
1572.0540316227869 4.3755678588171905e-16 2.7302590336371194e-16
1572.6374820707254 2.789107177043204e-16 2.295848392819299e-16
1573.2209314506752 1.947741144903831e-16 2.0495950039265884e-16
1573.8043797626417 2.8414006089265203e-16 2.406997379646988e-16
1574.387827006631 2.0915547662023003e-16 2.0426575393907797e-16
1574.971273182649 3.446403685321357e-16 2.5293933758274386e-16
1575.5547182907012 1.9426435947481361e-16 2.026314965115794e-16
1576.138162330794 3.171178063863405e-16 2.43101791054214e-16
1576.7216053029329 5.0915494566590815e-17 1.4376631980232116e-16
1577.3050472071238 2.0393971242883407e-16 1.985743013384599e-16
1577.8884880433727 1.93849048632863e-16 2.1197293319592445e-16
1578.4719278116854 6.112062692444943e-17 1.4892829740156648e-16
1579.0553665120674 5.808668725628254e-17 1.5014940127415196e-16
1579.6388041445252 1.8314256541445843e-16 1.9905406609374066e-16
1580.2222407090646 -6.694846506446523e-17 5.521106664863584e-17
1580.8056762056908 4.988307257696215e-16 2.932136101725381e-16
1581.3891106344106 5.942394052176026e-17 1.4798151308988318e-16
1581.972543995229 6.842085978969942e-17 1.54439755500893e-16
1582.5559762881521 3.6311079544974257e-16 2.6663075167238277e-16
1583.1394075131861 6.943185713971848e-16 3.4927123000367296e-16
1583.7228376703365 2.1444887667519777e-16 2.1275502253892599e-16
1584.3062667596098 1.0980026553019921e-16 1.760911881821338e-16
1584.8896947810108 1.1300183169513875e-16 1.7803531408453963e-16
1585.473121734546 6.837900577419322e-16 3.49942768312168e-16
1586.0565476202214 2.319827630858272e-16 2.3429518950161105e-16
1586.639972438043 6.757435623803716e-16 3.565546016193167e-16
1587.223396188016 8.420236076391282e-17 1.7014751828658097e-16
1587.8068188701463 3.863489325994275e-16 2.706945775252925e-16
1588.3902404844405 2.507574071803964e-16 2.378602982370452e-16
1588.973661030904 5.400162734617634e-16 3.110025990840789e-16
1589.5570805095426 -8.483102464689802e-17 5.1546060370448824e-20
1590.140498920362 -8.11555170781901e-17 4.904902828334998e-20
1590.7239162633687 2.4661049268931694e-16 2.3340458729713236e-16
1591.307332538568 -6.789391926972354e-17 5.065211364210903e-17
1591.8907477459663 2.53936771817695e-16 2.385823673547999e-16
1592.4741618855685 2.299393225703558e-16 2.194923490711663e-16
1593.0575749573813 4.1673833069476405e-16 2.8977148003313344e-16
1593.6409869614104 2.6361507615214105e-16 2.437179016442231e-16
1594.2243978976617 -8.274337959949179e-17 5.3231124213447375e-20
1594.807807766141 2.7070638304699485e-16 2.527525932876539e-16
1595.391216566854 2.493863784761469e-16 2.333378569827565e-16
1595.9746242998065 5.92055224883989e-16 3.3639116759838527e-16
1596.5580309650047 4.479022874808055e-16 3.065879427723283e-16
1597.1414365624544 -6.568378531721046e-17 4.776828740278581e-17
1597.7248410921613 4.786105140714445e-16 3.256177026026986e-16
1598.3082445541313 8.888299203854618e-17 1.6945295126983244e-16
1598.8916469483704 4.57965409471101e-16 3.119944481955341e-16
1599.4750482748843 2.785333115867594e-16 2.5520597127981677e-16
1600.058448533679 4.441874656719441e-16 3.022393285606839e-16
1600.64184772476 -8.216066063645023e-17 5.60726027086664e-20
1601.2252458481337 6.466093877035271e-16 3.6771857527346716e-16
1601.8086429038053 2.6043465272365836e-16 2.3893425660482484e-16
1602.3920388917813 3.241773760154519e-16 2.78133670854333e-16
1602.9754338120679 9.159931420382741e-17 1.8144755984277397e-16
1603.55882766467 4.630557598467441e-16 3.133396159251127e-16
1604.1422204495937 4.87367034801041e-16 3.30065869655425e-16
1604.7256121668452 9.81130227145036e-16 4.421341519286813e-16
1605.3090028164297 2.8410321495944647e-16 2.5885276575510175e-16
1605.892392398354 4.698416054849943e-16 3.1938518123724227e-16
1606.4757809126238 8.6437144698679985e-16 4.2415066307662723e-16
1607.059168359244 1.0762854584533309e-16 1.9004898089879438e-16
1607.6425547382214 1.0523642554061344e-16 1.8748289458508748e-16
1608.2259400495618 1.0783629391053701e-16 1.906215884060281e-16
1608.8093242932705 -9.792777528545011e-17 2.92123134662287e-18
1609.3927074693538 1.1043474614725189e-16 1.9338838182356486e-16
1609.9760895778174 1.4077932428827787e-16 2.107507043577059e-16
1610.5594706186678 8.57390995528918e-16 4.2039327786216635e-16
1611.1428505919096 -8.528124251069838e-17 6.061449635583022e-20
1611.7262294975496 1.168523375942384e-16 2.0054791457534203e-16
1612.3096073355935 2.964205033806225e-16 2.7831403593253895e-16
1612.8929841060474 -8.585934249719944e-17 6.095661308730332e-20
1613.4763598089162 1.0416963386566095e-16 1.9142882403965124e-16
1614.059734444207 1.0523390429410638e-16 1.9299575558273289e-16
1614.6431080119246 1.1385998194982577e-16 1.99449127554296e-16
1615.2264805120753 9.287651680381175e-16 4.559228953979156e-16
1615.809851944665 3.0048022641769394e-16 2.7353920532974805e-16
1616.3932223097 9.4676737102435e-16 4.648455404642924e-16
1616.9765916071854 1.1715787826018078e-16 1.9457498233843953e-16
1617.5599598371273 1.0453250145677572e-16 1.9768150214227427e-16
1618.1433269995316 1.1093111936574373e-15 4.890133492131481e-16
1618.726693094404 3.0346771162265986e-16 3.0325568868805027e-16
1619.3100581217511 -9.255437032163624e-17 6.411569339482576e-20
1619.893422081578 7.237245377709795e-16 4.0777359867882055e-16
1620.4767849738907 1.2144872217784446e-16 2.1425818838294715e-16
1621.060146798695 3.0682145916797446e-16 2.891420551439847e-16
1621.6435075559973 3.1315448628657845e-16 2.884685845415787e-16
1622.2268672458026 1.0697595328158796e-16 2.04203880829259e-16
1622.8102258681172 -9.622148697021043e-17 6.483053254043643e-20
1623.3935834229474 -8.105513043905066e-17 5.656182281043288e-17
1623.9769399102986 5.224815267832969e-16 3.611101036283279e-16
1624.5602953301761 -8.188078903927659e-17 5.757576095296568e-17
1625.143649682587 5.404861649892527e-16 3.6516937667914614e-16
1625.7270029675362 -1.0298285467977397e-16 6.749900427183543e-20
1626.3103551850297 7.150071393756342e-16 4.0745347316431763e-16
1626.8937063350738 1.2148918123596565e-16 2.2745320146082563e-16
1627.4770564176742 1.0250702730420897e-16 2.0576108472833703e-16
1628.0604054328362 1.0810386367764076e-16 2.1538729653652693e-16
1628.6437533805665 9.602880020959987e-17 2.1904125108719417e-16
1629.2271002608707 -1.0961933135173181e-16 6.898452371675263e-20
1629.810446073754 1.0492703352173901e-16 2.1109466590874015e-16
1630.393790819223 -9.863222876487987e-17 5.919283287605785e-17
1630.9771344972837 3.216880785323695e-16 3.0446268416810804e-16
1631.560477107941 7.540686990129767e-16 4.3273213915371775e-16
1632.1438186512019 9.692532370377547e-16 4.848988866718604e-16
1632.7271591270714 3.5105860187127755e-16 3.2716531120667103e-16
1633.3104985355562 1.0606889349164191e-16 2.1981873468854502e-16
1633.893836876661 5.705720870614558e-16 3.994894046964367e-16
1634.4771741503926 -1.2190533911086353e-16 7.103451638155485e-20
1635.0605103567566 1.1008768101455934e-16 2.303179992373377e-16
1635.6438454957588 3.3619883817979934e-16 3.2271073846728106e-16
1636.2271795674048 5.351271463506523e-16 3.8570894626821766e-16
1636.810512571701 5.278193166586567e-16 3.7177845712921623e-16
1637.393844508653 1.0841342775008261e-16 2.3813113702192976e-16
1637.9771753782666 3.381528637797762e-16 3.310196816935925e-16
1638.5605051805478 -1.304124880468325e-16 7.022328484518761e-20
1639.1438339155025 3.2303777259426003e-16 3.2365409494250594e-16
1639.727161583136 -1.3074240737978804e-16 6.808873234979745e-20
1640.3104881834547 9.136561251972403e-17 2.295490256701288e-16
1640.8938137164648 8.005140301399922e-17 2.1468081811895764e-16
1641.4771381821713 7.326696689151279e-17 2.1146143117490126e-16
1642.0604615805805 -1.442440993241318e-16 7.347433083471975e-20
1642.6437839116986 3.5840984200182e-16 3.5756683246106517e-16
1643.2271051755308 5.4364501554736e-16 3.9707864304943253e-16
1643.8104253720833 2.98025921983245e-16 3.160459920707086e-16
1644.3937445013617 5.324157409469321e-16 3.9427094058752134e-16
1644.977062563372 -1.5021038764635427e-16 7.095476453827737e-20
1645.5603795581205 -1.5440482862670856e-16 7.272324437617307e-20
1646.1436954856124 5.312359299305253e-16 3.978239261638979e-16
1646.727010345854 9.941752756865811e-16 5.151596681081123e-16
1647.310324138851 -1.6070717727075418e-16 7.282046394754219e-20
1647.893636864609 3.00481285208878e-16 3.2659639623369176e-16
1648.4769485231343 5.400686836253747e-16 4.096150483061514e-16
1649.0602591144325 -1.6555055136782367e-16 7.166887343850352e-20
1649.6435686385096 7.781082881494418e-16 4.775800984911096e-16
1650.2268770953715 2.7583111766634057e-16 3.1501427947117327e-16
1650.8101844850237 5.88972183774661e-17 2.3517329797011774e-16
1651.3934908074725 2.9006029179836756e-16 3.322950486143615e-16
1651.9767960627232 5.772305865900422e-17 2.3734951090007125e-16
1652.5601002507824 7.387127195981953e-17 2.593321334636885e-16
1653.1434033716555 7.681236755254449e-16 4.765780585145078e-16
1653.7267054253482 5.705281075226476e-17 2.4704758815987976e-16
1654.3100064118667 3.1565063282513277e-17 2.2133398398695435e-16
1654.8933063312168 5.1758940858709086e-17 2.4671205723364865e-16
1655.4766051834042 4.896784818349796e-16 4.008482573020694e-16
1656.0599029684352 6.192213185078881e-17 2.5184444161929927e-16
1656.6431996863146 2.1664130234515732e-16 3.1017811838904524e-16
1657.2264953370498 -2.1009975953774097e-16 7.898373499288652e-20
1657.8097899206452 -2.066951503109217e-16 7.417007374040781e-20
1658.3930834371076 3.1663497775407087e-17 2.449856717382464e-16
1658.9763758864426 3.187424685187335e-17 2.4834341622028083e-16
1659.5596672686559 1.1172093259043304e-17 2.2973127010268647e-16
1660.1429575837533 -2.1897336933740562e-16 7.424546996077231e-20
1660.726246831741 1.7639758911591324e-17 2.4211505061022195e-16
1661.3095350126246 -1.3743482627657284e-17 2.3662746825209616e-16
1661.8928221264098 2.2773105473730465e-16 3.436125469902018e-16
1662.476108173103 5.33775314854059e-17 2.64512772257553e-16
1663.0593931527096 -2.4112481615532247e-16 7.847505122790908e-20
1663.6426770652356 2.367887750889889e-16 3.402370942256138e-16
1664.2259599106872 -2.4652465119406864e-16 7.71263203144443e-20
1664.8092416890695 2.3602536017549637e-16 3.44417387108771e-16
1665.3925224003888 2.40375086117884e-16 3.500358625270272e-16
1665.975802044651 -2.6133803983168467e-16 7.989558529595259e-20
1666.5590806218618 -2.671229307542967e-16 8.142999886988992e-20
1667.142358132027 4.548382961787361e-17 2.7643775207525226e-16
1667.725634575153 -2.4356908854330237e-17 2.501271352583004e-16
1668.308909951245 -3.259352009915761e-17 2.4301782891331743e-16
1668.8921842603093 1.3993157665697433e-16 3.2310055891147525e-16
1669.4754575023512 -3.029554287431384e-17 2.575602993567101e-16
1670.058729677377 4.98343099489799e-16 4.572698895422868e-16
1670.6420007853926 -5.2947874022911154e-17 2.404046793314787e-16
1671.2252708264036 -2.996622308186627e-16 8.119900868383449e-20
1671.8085398004162 -4.0941952927912346e-17 2.601011864402362e-16
1672.3918077074359 2.1531233412069493e-16 3.743001006829719e-16
1672.9750745474687 1.8910774200593764e-16 3.5285214119752932e-16
1673.5583403205203 -3.224713722503429e-16 8.566699891314552e-20
1674.1416050265966 -3.2435779403321705e-16 8.365346035643246e-20
1674.7248686657038 1.6696861687042538e-16 3.4689720841075597e-16
1675.3081312378476 -7.146798802555286e-17 2.584710185936861e-16
1675.8913927430337 -3.3867003033363416e-16 8.437199596540548e-20
1676.474653181268 -8.736528105063388e-17 2.49185075802276e-16
1677.0579125525562 5.799165545355652e-16 4.981360528737546e-16
1677.6411708569046 1.7268214526723125e-16 3.7031592239688367e-16
1678.2244280943187 -1.0020421603586544e-16 2.5497761649119293e-16
1678.8076842648045 -9.201827787536307e-17 2.740922119651867e-16
1679.3909393683678 -1.1908843840054075e-16 2.450344820118319e-16
1679.9741934050144 -1.107890441472206e-16 2.632849450609487e-16
1680.5574463747503 1.2531990097481302e-16 3.562384995113132e-16
1681.1406982775811 -3.7995915427335746e-16 8.114215940376707e-20
1681.7239491135126 -1.1021063975825412e-16 2.847804972101151e-16
1682.3071988825513 -1.2888047014304548e-16 2.675185216104441e-16
1682.8904475847025 3.8792555208184336e-16 4.556003876032486e-16
1683.4736952199723 1.4448367729930675e-16 3.921771016116883e-16
1684.056941788366 -1.4991217910936155e-16 2.6445911801430036e-16
1684.64018728989 -1.4814357431549457e-16 2.7373905216574086e-16
1685.2234317245504 -1.6215484922184038e-16 2.6519812779100013e-16
1685.8066750923526 -1.544773425879274e-16 2.8334604691393993e-16
1686.3899173933025 -4.386759281632788e-16 8.443962444283022e-20
1686.973158627406 -4.528824176941871e-16 9.056632505781175e-20
1687.5563987946691 1.5218663462630676e-16 4.105962565662067e-16
1688.1396378950974 1.1405348927360397e-16 4.115537214339593e-16
1688.7228759286966 -4.28218141759122e-16 1.1124558828834577e-16
1689.3061128954732 -1.5161103603397806e-16 3.088309124864373e-16
1689.8893487954326 -2.240833338197336e-16 2.6399703507179353e-16
1690.4725836285807 -1.9887306574082426e-16 2.955315952420383e-16
1691.0558173949232 -5.057779311843237e-16 9.302920363290011e-20
1691.6390500944665 -5.110348294132207e-16 9.131895601765844e-20
1692.2222817272161 -5.197357636056537e-16 9.204690726844778e-20
1692.8055122931778 -5.298816301269841e-16 9.418080060428731e-20
1693.388741792357 -5.32529190422305e-16 3.290612819625365e-17
1693.9719702247605 -2.5267244279501995e-16 2.9252489297708155e-16
1694.5551975903938 2.8161512846878087e-17 4.1412391056350444e-16
1695.1384238892624 -5.618997931705518e-16 9.424882328497273e-20
1695.7216491213728 1.3147757076663945e-17 4.118007374172023e-16
1696.3048732867298 -5.536728268516668e-16 8.018962158563438e-17
1696.8880963853405 -2.9332197745022745e-16 2.980350011176484e-16
1697.4713184172101 -2.9619545731444886e-16 2.976733445189504e-16
1698.0545393823443 2.8686401297190346e-16 5.148610889942052e-16
1698.6377592807494 -2.779486735646967e-16 3.1584572171824217e-16
1699.220978112431 -3.3298900682617917e-16 2.8982304316379755e-16
1699.804195877395 -3.8922000371370514e-16 2.702763814773653e-16
1700.3874125756472 -4.3768759953251063e-17 4.2519166656880276e-16
1700.9706282071936 -6.491229579745042e-16 9.415118366094879e-20
1701.5538427720396 -1.273349658865514e-16 4.0721971854065504e-16
1702.1370562701918 -6.733650938644815e-16 9.857015051426899e-20
1702.7202687016556 -6.816614639454821e-16 9.755416592690073e-20
1703.3034800664368 -7.000355143955592e-16 1.0452148883938928e-19
1703.8866903645414 -7.029618544096452e-16 9.900330234956268e-20
1704.4698995959752 -4.093486299744603e-16 3.0463105843615444e-16
1705.0531077607443 -4.07918176615005e-16 3.173559020538578e-16
1705.636314858854 -7.343447956823315e-16 9.986143761160109e-20
1706.2195208903104 -5.574152301708732e-16 2.4503072330312847e-16
1706.8027258551197 -1.118511374362938e-16 4.59220500540695e-16
1707.3859297532872 -4.470385256328429e-16 3.2238574251333143e-16
1707.9691325848194 3.193698552348529e-16 5.902528446513503e-16
1708.5523343497214 -7.943650738687384e-16 1.0554259806914624e-19
1709.1355350479996 -1.4888872508106194e-16 4.637392624956191e-16
1709.7187346796597 5.075860818289156e-16 6.652276483402094e-16
1710.3019332447077 1.9893657997697853e-16 5.827739672435684e-16
1710.8851307431491 -1.8936817816743874e-16 4.628714243015979e-16
1711.4683271749902 3.389542297397727e-17 1.0379364744852504e-19
1712.0515225402362 2.8990507052924137e-18 1.127745347671208e-19
1712.6347168388934 1.0114223488003364e-15 5.8240481969724315e-16
1713.217910070968 3.5566794341199864e-16 3.6570478091114966e-16
1713.8011022364649 3.0148512513049276e-16 2.7264984720491063e-16
1714.3842933353908 -1.7600968773074017e-16 6.588884551071267e-20
1714.9674833677514 4.873056249123651e-16 4.708283459289864e-16
1715.5506723335523 5.843556424538882e-16 5.075535240000055e-16
1716.1338602327994 -1.799785003097696e-16 6.671386123650629e-20
