wavelength flux error
1571.6975680786356 0.0 0.0
1573.2409223814357 0.0 0.0
1574.784285592982 0.0 0.0
1576.3276577134302 0.0 0.0
1577.871038742934 0.0 0.0
1579.4144286816475 0.0 0.0
1580.9578275297254 -1.1889663244831622e-13 1.7447923260274084e-13
1582.5012352873216 -1.303075062539542e-14 8.203556106992083e-14
1584.0446519545903 -4.9821173526759174e-14 5.082410458202152e-14
1585.5880775316864 -1.548793645417268e-14 3.643028397394901e-14
1587.131512018764 -1.4155453678253889e-14 3.1108989218204056e-14
1588.6749554159771 -2.932333534517474e-14 2.4006894088217552e-14
1590.2184077234801 2.781147301388412e-14 2.3857748526865015e-14
1591.7618689414276 -5.117392326000692e-15 1.9163805335372167e-14
1593.305339069974 1.3540274824486772e-14 1.7994622041354533e-14
1594.8488181092732 -1.2708510493139678e-14 1.407674398866323e-14
1596.3923060594798 8.163285111361003e-15 1.3697274075326251e-14
1597.9358029207478 3.9953023697845026e-15 1.1951346894556111e-14
1599.4793086932318 2.1100984085302855e-15 1.0796900279754808e-14
1601.022823377086 -7.862458819044797e-15 8.623684787643394e-15
1602.5663469724655 1.4530587629933873e-14 9.346862883284277e-15
1604.1098794795232 -6.280866194437358e-15 7.210526358663368e-15
1605.6534208984153 -4.984831669755394e-15 6.514954337322925e-15
1607.1969712292944 -2.1987590411852876e-15 6.16762508916951e-15
1608.7405304723159 4.082088095010757e-15 5.990533793304685e-15
1610.284098627634 6.605727470148379e-15 5.6443522747948e-15
1611.8276756954028 4.753542547244029e-16 4.892178970819982e-15
1613.3712616757766 5.106370733291019e-15 4.801447342608943e-15
1614.9148565689109 -2.4660432523066975e-15 4.0234293693475025e-15
1616.4584603749583 -1.16126194777403e-15 3.7498080812312096e-15
1618.0020730940746 1.1291389644032396e-15 3.6649095454114374e-15
1619.5456947264138 3.013930208853907e-15 3.5653247288356966e-15
1621.08932527213 2.765379401910447e-15 3.3639227403517262e-15
1622.6329647313778 -1.0841417155088942e-15 2.8461615693648e-15
1624.176613104312 -4.312357389853628e-15 2.5205627397149573e-15
1625.7202703910864 2.3070140870091235e-15 2.791410418445466e-15
1627.263936591856 3.6574941954747e-15 2.7411877174203904e-15
1628.8076117067747 2.466504091169563e-16 2.352508014847915e-15
1630.3512957359972 -1.6495083615929986e-15 2.1781901166106378e-15
1631.8949886796777 -4.929981627739468e-16 2.1079310629764985e-15
1633.4386905379708 -1.7393862864723236e-15 1.9290078466049996e-15
1634.9824013110315 1.625277078312658e-15 2.0935018567200215e-15
1636.5261209990133 -2.556690177223011e-15 1.6886994113921527e-15
1638.0698496020711 2.1811496497283443e-15 1.9247565882427303e-15
1639.6135871203592 3.967212216154708e-16 1.7747299008668118e-15
1641.1573335540324 1.7159018744932245e-15 1.7759964268811938e-15
1642.7010889032447 3.4959256254012572e-15 1.8289031635578814e-15
1644.2448531681514 -3.200220176646795e-16 1.5317930165395163e-15
1645.788626348906 9.130241195045804e-16 1.5613844301892005e-15
1647.332408445663 -5.314186111144464e-17 1.4651918746880948e-15
1648.876199458578 1.1334495150718167e-15 1.4731420200519052e-15
1650.4199993878042 -1.6532730524666296e-16 1.364005848204688e-15
1651.9638082334968 1.8295267915652974e-15 1.4411197277227196e-15
1653.5076259958105 -1.0786971994821803e-15 1.2238332244997709e-15
1655.051452674899 8.785330437715037e-16 1.3221943961040845e-15
1656.5952882709173 2.0490421561098274e-15 1.3576093730243788e-15
1658.1391327840201 5.010936801673298e-16 1.2280985647847883e-15
1659.6829862143613 3.139602263776541e-16 1.1825613323865683e-15
1661.2268485620962 -7.757882119673531e-16 1.0851095565302506e-15
1662.770719827379 -3.472279218370996e-16 1.105235376994368e-15
1664.3146000103638 -7.186996206905117e-16 1.0509721170526526e-15
1665.8584891112057 -9.67125278516015e-16 9.98908178158483e-16
1667.402387130059 5.378553865341992e-16 1.0689207452049712e-15
1668.9462940670778 1.8267959573433495e-15 1.1470122066232526e-15
1670.4902099224178 6.072720659022941e-16 1.044188018419856e-15
1672.0341346962323 2.3831333380888416e-15 1.134332441040211e-15
1673.5780683886767 -6.415087141138393e-16 9.20383988783273e-16
1675.1220109999053 1.5437745093366652e-15 1.050562788380892e-15
1676.6659625300724 -1.382457402169439e-15 8.324588983638428e-16
1678.209922979333 5.236707610412419e-16 9.525680644053842e-16
1679.7538923478414 2.358561918140619e-16 9.31560694401412e-16
1681.2978706357526 1.2172202265223198e-15 9.5284546769561e-16
1682.8418578432204 1.6939874380818612e-15 9.85607325666867e-16
1684.3858539703997 -1.2443680559982937e-15 7.547697775955073e-16
1685.9298590174458 5.401464518378445e-16 8.917427343421713e-16
1687.4738729845121 7.843197925098944e-16 8.79317343341102e-16
1689.0178958717543 -9.17657283846943e-16 7.563890398928615e-16
1690.5619276793263 4.763263838500548e-16 8.361006635810035e-16
1692.105968407383 4.656343928359822e-16 8.406823706718204e-16
1693.6500180560788 -1.0630800295171792e-15 7.041777702054288e-16
1695.1940766255686 -2.3785203966580947e-16 7.51938887606665e-16
1696.7381441160067 -7.460590495846217e-16 7.151472703888456e-16
1698.282220527548 3.782076224873336e-16 7.760922438558582e-16
1699.826305860347 -7.519781687595939e-16 6.905474748368902e-16
1701.3704001145586 1.1151201985492665e-16 7.304093217907104e-16
1702.9145032903368 1.0943968492804204e-15 7.924922310827999e-16
1704.458615387837 3.2040662356229216e-16 7.375306983551917e-16
1706.0027364072134 1.2221735693187445e-15 7.819563588288181e-16
1707.5468663486206 8.611648449462911e-16 7.569572931213507e-16
1709.0910052122138 2.133401370170215e-16 7.041923285842097e-16
1710.6351529981469 3.1179137204642986e-16 7.049199828254604e-16
1712.1793097065752 6.363445659926666e-16 7.1698782004367e-16
1713.723475337653 1.141394684117062e-15 7.462055862844966e-16
1715.267649891535 1.8805079047155208e-16 6.603097221088918e-16
1716.8118333683763 -1.3546623336426443e-15 5.584563395421671e-16
1718.356025768331 -8.514044842950798e-16 5.911500113611702e-16
1719.9002270915541 9.534879421861024e-16 7.054928947351595e-16
1721.4444373382 -1.0507816405186388e-15 5.545687230120659e-16
1722.988656508424 7.452253574062866e-16 6.780889966113187e-16
1724.5328846023801 2.08736936465168e-16 6.247055921435637e-16
1726.0771216202238 3.0710696221075836e-16 6.329916390105197e-16
1727.621367562109 7.006706832268816e-16 6.453439204803292e-16
1729.165622428191 -5.499938451243862e-16 5.636012706033489e-16
1730.7098862186242 -1.8893121504577392e-16 5.762953298673755e-16
1732.2541589335633 3.393053182789647e-17 5.836610224975805e-16
1733.7984405731634 7.120827051856795e-16 6.165835520310198e-16
1735.342731137579 1.190096643364461e-16 5.843725831128333e-16
1736.8870306269644 1.235450387250482e-15 6.502526352283454e-16
1738.4313390414752 4.4319420704472514e-17 5.59422486497629e-16
1739.9756563812657 -9.444668295396073e-16 4.943595035388621e-16
1741.5199826464905 3.5051282148567016e-17 5.465865492149374e-16
1743.0643178373045 2.373564459823269e-16 5.596005751747892e-16
1744.6086619538623 -2.1889709666748333e-16 5.268237353082776e-16
1746.1530149963194 -6.940423327772614e-16 4.822527557446379e-16
1747.6973769648296 4.678855946515473e-16 5.601075243937209e-16
1749.2417478595482 2.291639962560425e-16 5.490414095147579e-16
1750.7861276806298 5.137690517669575e-16 5.56046371988551e-16
1752.3305164282294 -5.672577662528579e-17 5.127103135224489e-16
1753.8749141025019 9.645008660429558e-18 5.111845954262071e-16
1755.4193207036012 -5.346921419926781e-16 4.615943633149344e-16
1756.9637362316832 7.88519328922822e-16 5.50808479061408e-16
1758.508160686902 5.57899706546923e-17 5.001759729085389e-16
1760.0525940694124 -1.1130402032681651e-16 4.740646470622082e-16
1761.5970363793701 4.435867604936632e-16 5.200087729124656e-16
1763.141487616929 -9.979214774191603e-17 4.778560194736777e-16
1764.6859477822438 -9.17348593277228e-17 4.691073867384024e-16
1766.2304168754702 -4.725163237741866e-16 4.405773847809667e-16
1767.7748948967624 7.528138726411787e-16 5.16449540468103e-16
1769.3193818462753 2.3623711841230994e-16 4.820087573162695e-16
1770.8638777241638 9.223519639571e-16 5.210495646464043e-16
1772.4083825305827 1.3957111384533638e-15 5.380690505951441e-16
1773.952896265687 -1.5206181638059495e-16 4.420442076175947e-16
1775.4974189296315 2.7292441822871904e-16 4.649593605165797e-16
1777.0419505225707 6.369551179289594e-16 4.842844701477458e-16
1778.58649104466 -7.444743303496477e-17 4.392504017899744e-16
1780.1310404960539 -1.226553073763184e-16 4.239072999229692e-16
1781.6755988769075 -9.08750203010972e-16 3.7132182696130735e-16
1783.2201661873753 5.405693330367612e-16 4.588446296703509e-16
1784.7647424276126 1.0065563562765972e-15 4.93803796985904e-16
1786.3093275977744 -4.606177872663094e-16 3.938865729179251e-16
1787.853921698015 -2.3514407533343747e-16 4.0001279164850103e-16
1789.3985247284897 4.665054074035556e-16 4.464434320478375e-16
1790.9431366893534 -2.4302304345989896e-16 4.003820450739447e-16
1792.4877575807607 6.730990196399252e-16 4.575045176686762e-16
1794.0323874028666 4.4035080346757616e-16 4.433108130413155e-16
1795.5770261558264 1.9359310240772683e-17 4.042502857253775e-16
1797.1216738397945 7.237084970845408e-16 4.552443161280465e-16
1798.6663304549259 -6.736243918254597e-16 3.493251489447216e-16
1800.210996001376 6.409260613252467e-16 4.3427988010658817e-16
1801.7556704792994 6.109769747786946e-17 3.9846078906111474e-16
1803.3003538888509 -5.989484848878629e-16 3.4222370412428037e-16
1804.8450462301853 5.929600148903342e-16 4.2470459615435194e-16
1806.3897475034578 4.823179243420173e-16 4.1241102465569904e-16
1807.9344577088239 2.3782501402083614e-16 3.9417469646888957e-16
1809.4791768464372 9.928331255118771e-17 3.867908455698778e-16
1811.023904916454 5.0588317502802e-16 4.035420603023545e-16
1812.568641919028 -7.68315859360243e-17 3.7182753210059777e-16
1814.1133878543158 -3.946770531810604e-17 3.6310266922740485e-16
1815.6581427224708 4.175721816917767e-16 3.887884404270791e-16
1817.2029065236486 5.572788578663652e-16 4.009532893875289e-16
1818.7476792580046 3.480022952393472e-16 3.824308228832251e-16
1820.292460925693 1.5135793200142663e-16 3.6455316021001864e-16
1821.8372515268693 2.5629284690004204e-16 3.77007191512617e-16
1823.3820510616881 3.8227817166426213e-16 3.7297687640068305e-16
1824.9268595303047 -3.138634594808752e-17 3.4744444463424146e-16
1826.4716769328743 6.29396460605458e-16 3.892911544812745e-16
1828.0165032695513 3.6965116696941155e-17 3.4791367441724074e-16
1829.5613385404909 -1.1498432554307725e-16 3.3318186564035713e-16
1831.1061827458484 4.989597924149594e-16 3.7412007971190074e-16
1832.6510358857786 -1.5374285914353952e-16 3.2712330366644314e-16
1834.195897960437 5.2698899275977593e-17 3.434269408956347e-16
1835.7407689699774 3.640064864693497e-17 3.361966941276516e-16
1837.2856489145563 -1.432786670527191e-17 3.296342798990193e-16
1838.830537794328 -2.0327803411324065e-16 3.1455497585552463e-16
1840.3754356094473 -7.330902075385499e-17 3.2394129205118435e-16
1841.9203423600698 3.3145529485649765e-16 3.500747466332621e-16
1843.4652580463496 3.6780920779882337e-16 3.495617623045812e-16
1845.0101826684431 4.942984112875414e-16 3.566191878815448e-16
1846.5551162265044 3.894205652337472e-16 3.4069322146771026e-16
1848.1000587206893 1.671093169838982e-16 3.290383128112871e-16
1849.645010151152 1.4700905309198624e-16 3.2692575970127567e-16
1851.1899705180483 -4.546086179011322e-16 2.803242304048306e-16
1852.7349398215329 -2.256195074789181e-16 3.0003243715617204e-16
1854.2799180617608 4.543934715325296e-16 3.400670258916729e-16
1855.8249052388871 3.4238440215624227e-16 3.332190027411383e-16
1857.3699013530672 2.0882023686157454e-16 3.22235314755855e-16
1858.9149064044561 -5.30675723515035e-16 2.6511593912533686e-16
1860.4599203932084 2.1800041964858605e-16 3.205527367456935e-16
1862.0049433194804 2.920468222876953e-16 3.246939072945994e-16
1863.5499751834257 3.8574187467404217e-16 3.280847919406952e-16
1865.0950159852005 -7.662848993458539e-17 2.9297281458750147e-16
1866.6400657249594 -2.3928500434560448e-17 2.9587083193741365e-16
1868.1851244028576 1.2931569949414638e-16 3.057485595913789e-16
1869.73019201905 1.9823186179975276e-16 3.066507290895435e-16
1871.2752685736928 -1.5763213665231075e-17 2.917375758526087e-16
1872.8203540669397 4.051993332032167e-16 3.202139500365714e-16
1874.3654484989463 1.406376050882904e-16 2.9939811535779697e-16
1875.9105518698686 8.452443842466137e-17 2.960743580727711e-16
1877.4556641798604 3.1037640350804155e-16 3.134826056745211e-16
1879.000785429078 6.0085929857264e-17 2.8772671602868196e-16
1880.5459156176757 2.4155525116759302e-17 2.884915073707138e-16
1882.0910547458095 4.517044066227932e-16 3.1100037562259235e-16
1883.6362028136339 3.0233994019294996e-16 3.021920800040949e-16
1885.181359821304 1.2567172405038898e-16 2.8869971865706074e-16
1886.7265257689755 2.7453306614445296e-16 2.9552923943165375e-16
1888.2717006568034 -3.0420380972360345e-16 2.558457458527898e-16
1889.8168844849424 -6.257739786227372e-17 2.6952530148116713e-16
1891.3620772535485 4.830865008625322e-16 3.0827361774670315e-16
1892.9072789627764 -2.994923742429586e-16 2.497932454584046e-16
1894.4524896127812 9.854636079985196e-17 2.7843550575113113e-16
1895.9977092037182 3.18095282407472e-16 2.946411518562372e-16
1897.5429377357427 2.453117264833801e-16 2.824205575399462e-16
1899.0881752090102 -3.279107002002548e-16 2.4401325144501884e-16
1900.6334216236753 1.699328880786806e-16 2.746191988072769e-16
1902.1786769798937 1.9245882933840227e-16 2.802584530025204e-16
1903.7239412778204 2.043605455285541e-17 2.6766606416194394e-16
1905.2692145176106 2.8718384731883076e-16 2.815144175748413e-16
1906.8144966994196 7.38318121358783e-17 2.6996869675927516e-16
1908.3597878234023 4.491690781929835e-16 2.8834560594554923e-16
1909.9050878897147 4.940180963215594e-16 2.93065485285887e-16
1911.4503968985114 -3.769135811370556e-17 2.5395794764137636e-16
1912.9957148499484 -1.0751030533985231e-16 2.4658071418726503e-16
1914.5410417441794 -2.799773439431504e-17 2.507376342550339e-16
1916.0863775813616 -2.444012190046409e-16 2.355592008869309e-16
1917.6317223616493 5.615085698280388e-16 2.9202241715090254e-16
1919.177076085197 6.551120103071842e-16 2.94304165092128e-16
1920.7224387521615 5.268081181383126e-16 2.84327069885538e-16
1922.2678103626972 1.4075658674760002e-16 2.573713580699132e-16
1923.8131909169592 6.85255901196715e-16 2.9097582853523105e-16
1925.3585804151037 1.0909874357886034e-15 3.0873720946664727e-16
1926.9039788572852 -1.6730119972495335e-17 2.4567311838428205e-16
1928.4493862436589 -1.0549821166087422e-16 2.3468381880572316e-16
1929.9948025743806 -3.832603593061627e-16 2.142432329574722e-16
1931.5402278496056 -2.7095594674652454e-17 2.4137233506437794e-16
1933.085662069489 9.527476883297613e-17 2.468721464606797e-16
1934.6311052341857 -3.673886824102912e-16 2.1231252723332442e-16
1936.1765573438515 -1.0266106156915614e-16 2.314946868197515e-16
1937.7220183986424 3.745091987069355e-17 2.3954094395329574e-16
1939.2674883987122 2.1743226154586726e-18 2.38711751637493e-16
1940.8129673442174 -9.535307967592775e-17 2.2997555969863053e-16
1942.3584552353127 2.1297648194996358e-16 2.4910026662843215e-16
1943.9039520721537 2.466689644324571e-16 2.475756602629336e-16
1945.4494578548963 5.2245759810253694e-17 2.3771947900956417e-16
1946.9949725836948 9.586032667987997e-17 2.414745613531997e-16
1948.5404962587052 -1.7802186743650196e-16 2.1661683103391555e-16
1950.0860288800825 4.474246667776724e-16 2.6259636021439014e-16
1951.631570447982 4.516716370356463e-16 2.580300055957422e-16
1953.17712096256 2.742263078686489e-16 2.450642869836634e-16
1954.7226804239706 -2.7106695438472916e-16 2.1055547649825358e-16
1956.26824883237 1.6621478401714865e-16 2.368975129435927e-16
1957.8138261879137 4.3614078502192627e-16 2.5465156174605923e-16
1959.359412490756 -4.3351360645689865e-16 1.934731248229597e-16
1960.905007741054 5.606690576069138e-18 2.247897063581845e-16
1962.4506119389614 1.8445786199775655e-16 2.3438598084564487e-16
1963.9962250846345 9.844341320953607e-17 2.2894135893981264e-16
1965.5418471782289 3.336824356424048e-16 2.419365913561473e-16
1967.0874782198991 -2.2046794573794603e-16 2.0545113684409096e-16
1968.6331182098008 2.4367666172760366e-16 2.3657450222311317e-16
1970.1787671480902 2.2962666153370057e-16 2.29764066159613e-16
1971.7244250349218 -2.1203499490292308e-17 2.1681152949777583e-16
1973.2700918704518 4.259583107954067e-16 2.429612100547494e-16
1974.8157676548349 1.500189979049442e-16 2.253671181304159e-16
1976.361452388227 2.4288413005654926e-16 2.3370562810054246e-16
1977.9071460707833 3.0978538626909486e-16 2.29533329090825e-16
1979.4528487026594 3.466343105597519e-16 2.370776397937822e-16
1980.9985602840109 2.4414168281564627e-16 2.2584532116870016e-16
1982.544280814993 -1.3802515695561111e-16 1.9825414935417738e-16
1984.0900102957607 -5.743397557852919e-17 2.0591123455312765e-16
1985.6357487264706 -7.964422501183121e-17 2.0003369940190967e-16
1987.1814961072769 2.1020416958337986e-16 2.2028363666257942e-16
1988.7272524383359 -6.005530432226484e-17 2.0042673592432546e-16
1990.2730177198034 -2.9670965925299143e-16 1.8101803472917724e-16
1991.8187919518336 2.2512436378168874e-16 2.1711875099472293e-16
1993.364575134583 2.889018683638789e-16 2.2156143880307173e-16
1994.9103672682072 -2.0622285003348863e-16 1.8569144637142423e-16
1996.4561683528607 1.6173787078377485e-16 2.1056315273433807e-16
1998.0019783887 -2.6683039998502857e-17 1.9595925916737967e-16
1999.5477973758802 -1.8945411230691564e-16 1.838937909944444e-16
2001.0936253145564 1.6189105139832987e-16 2.0634304930265994e-16
2002.639462204885 1.7991968445949463e-16 2.0773121718920153e-16
2004.1853080470207 2.3401080149829287e-17 1.9690735373315325e-16
2005.7311628411194 2.7709928480705787e-16 2.1135852990669966e-16
2007.2770265873364 1.084426255713445e-17 1.951986368156351e-16
2008.822899285828 2.672348449824527e-16 2.0907469085288565e-16
2010.3687809367486 1.9553042226805258e-16 2.0575485109524083e-16
2011.9146715402544 -1.459648996960381e-16 1.7893266608281675e-16
2013.460571096501 1.630628817761868e-16 1.9662035514782185e-16
2015.0064796056438 -1.5830720205893772e-16 1.7769238485490984e-16
2016.552397067838 2.7140674694547614e-16 2.0337378854094979e-16
2018.0983234832397 -2.539416951967009e-16 1.6722116503760517e-16
2019.6442588520044 -1.5133173353706585e-17 1.8437726151886939e-16
2021.190203174287 -1.8483639308095062e-16 1.6815991577117935e-16
2022.7361564502437 6.527554852385839e-17 1.8922386492905028e-16
2024.28211868003 5.312310065515194e-17 1.8511910356198654e-16
2025.8280898638016 1.2122975092608942e-16 1.8815471082626834e-16
2027.374070001714 1.2363352455127872e-16 1.884144720083896e-16
2028.9200590939224 1.0742065881378627e-16 1.85799985702681e-16
2030.466057140583 1.598175643742881e-17 1.7908963187585481e-16
2032.0120641418505 2.4770707610121114e-17 1.7955294566311312e-16
2033.5580800978814 6.28189279836943e-17 1.834118160125669e-16
2035.104105008831 1.1252013795466953e-17 1.7550878685644746e-16
2036.6501388748545 2.361815318751464e-16 1.9277204624042915e-16
2038.1961816961084 -3.9295756306324434e-16 1.437231078871214e-16
2039.7422334727476 1.2651227190164086e-16 1.8188453619932859e-16
2041.288294204928 -1.9458887897273042e-16 1.5898515928898619e-16
2042.8343638928052 7.067947976099792e-17 1.760803620422767e-16
2044.380442536535 7.818952533426076e-17 1.7775280212685071e-16
2045.926530136272 -3.872723308608327e-17 1.6859505247805164e-16
2047.4726266921737 -2.7935588645766174e-16 1.4709619160643503e-16
2049.018732204394 4.4312419447767865e-17 1.72541074576844e-16
2050.5648466730895 8.968014268614108e-17 1.7718818849305672e-16
2052.1109700984157 4.212625983638453e-16 1.9485152536082825e-16
2053.6571024805285 3.713331560269769e-16 1.9124479289697044e-16
2055.203243819583 2.5568896534820893e-16 1.845459401893812e-16
2056.7493941157345 1.4722435827926644e-16 1.7263870835890487e-16
2058.29555336914 5.961210095005892e-17 1.6836844469488152e-16
2059.8417215799545 2.4921268378240056e-16 1.835165039908916e-16
2061.3878987483336 -1.3198779727515808e-16 1.520735160231789e-16
2062.9340848744328 -1.3101570785417556e-16 1.5560152736250127e-16
2064.480279958408 -2.644227485371276e-16 1.4009239380294444e-16
2066.0264840004147 1.1212475554803653e-16 1.687580533808389e-16
2067.5726970006094 3.712413588313182e-16 1.8395833755200313e-16
2069.1189189591464 -5.783581330266255e-17 1.5265493796701998e-16
2070.665149876183 3.4248371676930784e-16 1.826879337149095e-16
2072.2113897518743 3.0681380940166957e-16 1.779055195202627e-16
2073.7576385863754 2.298284141938247e-16 1.7373241318226738e-16
2075.3038963798426 5.9810352981830734e-18 1.5705645203319834e-16
2076.850163132431 5.12196315070337e-18 1.5446970605651232e-16
2078.3964388442973 8.367998628091823e-17 1.610352304842478e-16
2079.942723515597 2.1687559959930174e-16 1.6734454068032868e-16
2081.4890171464854 1.8497701378508463e-16 1.6691768901447171e-16
2083.0353197371182 -1.826507304396793e-16 1.3932477019449523e-16
2084.581631287652 2.0513774788849667e-16 1.6530017372257122e-16
2086.1279517982416 2.703951778482177e-16 1.7059235616767728e-16
2087.6742812690427 1.4203293305021424e-16 1.5945068330284123e-16
2089.2206197002124 -2.0941084712765985e-17 1.4805238592476672e-16
2090.766967091905 1.375646754347702e-16 1.5736413675128847e-16
2092.3133234442766 -3.50409026862407e-17 1.4535785500554259e-16
2093.859688757484 4.269015283042887e-17 1.5067661310936875e-16
2095.4060630316812 -2.1400881658931956e-16 1.2983801442013686e-16
2096.9524462670256 1.9634466908454772e-17 1.476466042034727e-16
2098.498838463672 1.0057526278887713e-16 1.5189593027183112e-16
2100.045239621777 3.189676270814704e-17 1.4549492875920997e-16
2101.5916497414955 2.227951555256374e-16 1.6031390252032197e-16
2103.1380688229838 -8.194728774308096e-17 1.3712150514978878e-16
2104.684496866398 9.066729341171697e-17 1.477009201912154e-16
2106.2309338718937 4.237453958616742e-19 1.419621793293389e-16
2107.777379839626 -5.644597120256116e-17 1.3585897607212665e-16
2109.323834769752 -2.4255984878664887e-16 1.2370542970756673e-16
2110.8702986624257 1.5012714018950693e-16 1.4835906479123198e-16
2112.416771517805 -5.532957846935754e-17 1.348834852844653e-16
2113.963253336045 -1.6071301385715635e-16 1.2757629086718007e-16
2115.5097441173007 -2.400398992987877e-16 1.1979565797193888e-16
2117.0562438617285 -3.4710554046547236e-18 1.3924812694765851e-16
2118.602752569485 2.244968182468917e-16 1.5075037115022888e-16
2120.149270240725 4.393439790783113e-17 1.3785724590870775e-16
2121.6957968756046 -6.928199451203653e-17 1.305842372117781e-16
2123.2423324742804 -2.211756814700464e-16 1.1881051894961273e-16
2124.788877036907 1.3789881669757221e-16 1.4488941931593136e-16
2126.3354305636412 3.043073065618461e-16 1.527130920728049e-16
2127.8819930546383 5.910183639123211e-17 1.387564243217774e-16
2129.428564510055 1.2934292366246673e-17 1.3510831959240212e-16
2130.975144930046 9.991784279907714e-18 1.3316251285899159e-16
2132.5217343147688 3.1584087774857506e-16 1.5511243200991092e-16
2134.0683326643775 1.871540605130956e-16 1.4436335891612723e-16
2135.6149399790297 -1.7162617973213586e-17 1.3004639776005122e-16
2137.16155625888 2.869864886421205e-16 1.5149864534978925e-16
2138.7081815040847 -2.712234966612936e-16 1.1031101977994866e-16
2140.2548157148003 4.3580374531825786e-17 1.3314596924674053e-16
2141.8014588911815 2.581202410744044e-16 1.4748393417293048e-16
2143.348111033385 1.8215516322597633e-17 1.2948468256712361e-16
2144.894772141567 -1.9321496506250434e-16 1.1470319001392762e-16
2146.441442215883 3.0271689632425773e-16 1.4718198016212413e-16
2147.9881212564887 5.1413126423102717e-17 1.3151457055543894e-16
2149.534809263541 6.441207784347143e-17 1.325107210060794e-16
2151.081506237195 4.3704194866846604e-16 1.5486279551848732e-16
2152.628212177606 5.831779490198495e-16 1.615638055131141e-16
2154.1749270849314 1.1192584838921958e-16 1.327994268921951e-16
2155.721650959327 2.2946088130405514e-16 1.4060760159311186e-16
2157.2683838009475 2.6223626533268866e-16 1.4281905903460503e-16
2158.81512560995 1.852976819300694e-16 1.3848586346957865e-16
2160.36187638649 4.049557053517627e-16 1.5029877024044433e-16
2161.908636130724 -8.058898934845866e-18 1.235476301164712e-16
2163.4554048428076 2.7921114970279966e-16 1.3912704094087055e-16
2165.002182522897 2.8373165866317745e-16 1.4181355151687537e-16
2166.5489691711473 6.378434702021719e-17 1.263430108959778e-16
2168.0957647877153 7.904459847706907e-17 1.257517554290147e-16
2169.6425693727574 1.2390215310956654e-16 1.3091285952553317e-16
2171.189382926428 2.860740951915847e-17 1.2222705281214255e-16
2172.7362054488854 -6.512099830500413e-19 1.2078869822347614e-16
2174.2830369402836 -1.3901109007132532e-16 1.1071271192029421e-16
2175.82987740078 9.390094756697866e-17 1.2469734499347091e-16
2177.376726830529 2.595219780317143e-17 1.21139065461174e-16
2178.923585229689 2.796404167360453e-17 1.2123303317876003e-16
2180.470452598414 3.122222206490067e-16 1.3729066027633343e-16
2182.0173289368604 3.4171006466855434e-17 1.2035161598780312e-16
2183.5642142451848 -1.7443038156569473e-16 1.037428880789224e-16
2185.111108523543 -1.209348114068775e-16 1.0858099468985115e-16
2186.658011772091 -1.3411325440272533e-16 1.0793644893910493e-16
2188.204923990985 -2.0271990309390723e-18 1.1627782426287337e-16
2189.7518451803808 1.1052132217888414e-16 1.2323802633935996e-16
2191.298775340435 -7.525341135405683e-17 1.1118002264427236e-16
2192.8457144713025 1.6718483526510184e-16 1.2618036733521518e-16
2194.392662573141 2.262372856650421e-16 1.3082979735714304e-16
2195.9396196461057 -3.345870403602928e-16 8.818577804383748e-17
2197.486585690352 -1.5632153514616948e-17 1.138932941674545e-16
2199.033560706037 2.6853356486627525e-17 1.1616858348245716e-16
2200.580544693317 -5.471256128939708e-17 1.1006187959689258e-16
2202.1275376523463 5.057717273297295e-18 1.1507039203145216e-16
2203.6745395832836 3.268808338678467e-17 1.1504475604990792e-16
2205.2215504862825 3.6033109801464997e-16 1.3730408045459149e-16
2206.768570361501 -1.285187473698985e-16 1.0309954670314805e-16
2208.315599209094 -1.7999356161436296e-16 9.958668269520276e-17
2209.862637029219 4.432532346532369e-17 1.1265859806304355e-16
2211.4096838220303 -1.5145502315300566e-16 1.002254580339958e-16
2212.956739587685 1.125596275571128e-16 1.1945329784257054e-16
2214.5038043263394 9.627512136112836e-17 1.1690454923450274e-16
2216.0508780381497 -1.1936949452035156e-16 1.0222217277102531e-16
2217.597960723271 9.306032030638797e-17 1.17891276443605e-16
2219.1450523818608 9.728592283477836e-17 1.1666114637617534e-16
2220.6921530140744 3.10834191728808e-17 1.1098957919748306e-16
2222.239262620068 -4.191363537603349e-17 1.074243513480407e-16
2223.7863811999982 6.836877388088818e-17 1.1290149799555852e-16
2225.3335087540213 6.726857072663345e-17 1.1308143955729086e-16
2226.880645282292 -1.1464536678038772e-16 9.94673370764236e-17
2228.4277907849682 1.3438687251446808e-16 1.1632299494176366e-16
2229.974945262205 1.7654248468945293e-16 1.1927366068330362e-16
2231.5221087141595 7.689724422432632e-17 1.115048465446546e-16
2233.0692811409876 2.063384005476174e-17 1.0942666444345596e-16
2234.616462542844 7.576204802143814e-17 1.116375527846877e-16
2236.1636529198877 8.229819761126065e-17 1.1047593312431213e-16
2237.710852272272 1.7316459670514158e-16 1.1831356207248067e-16
2239.258060600155 6.827726123536022e-17 1.096846786201235e-16
2240.8052779036925 1.3323525181333705e-16 1.1361047780730017e-16
2242.3525041830403 1.0595195662280651e-16 1.1206991016470181e-16
2243.899739438355 -1.0611444136489153e-16 9.785947001918793e-17
2245.4469836697926 -1.722492055520659e-16 9.14150779203547e-17
2246.99423687751 1.1512801674164506e-16 1.1368787544285553e-16
2248.541499061662 -1.882507431866633e-16 8.938055772060908e-17
2250.0887702224054 7.651518604300032e-17 1.0842219586457567e-16
2251.636050359898 -4.816635649204838e-17 1.0096540748787144e-16
2253.183339474294 2.953596607886355e-17 1.0513361691664045e-16
2254.7306375657504 1.8208643444324053e-16 1.1524977772781286e-16
2256.2779446344234 -3.7402993026002226e-17 1.0148699449492288e-16
2257.8252606804695 -7.151047202181359e-17 9.794908345802948e-17
2259.3725857040445 -1.5883376538455428e-16 9.055126975027783e-17
2260.9199197053053 9.103697035363426e-17 1.1040146701684765e-16
2262.4672626844076 4.6955066290250226e-17 1.0546326493435508e-16
2264.0146146415077 2.847530215788885e-17 1.046727118793259e-16
2265.5619755767625 1.3619920538423706e-16 1.1280947580677322e-16
2267.1093454903275 1.3805054147424914e-16 1.0886132289072292e-16
2268.6567243823597 1.9059437747259754e-16 1.1475452815146511e-16
2270.2041122530145 1.536552574079477e-16 1.1190156236643502e-16
2271.751509102449 1.5941858869507417e-16 1.1251146579312752e-16
2273.2989149308187 2.366386120293085e-16 1.18627480423667e-16
2274.8463297382814 1.4951608532740176e-16 1.1049395242677598e-16
2276.3937535249916 3.746668394793534e-16 1.2428100183011582e-16
2277.9411862911065 1.1465811197926593e-16 1.0814045153049521e-16
2279.4886280367828 1.421963045299159e-16 1.0894384904607611e-16
2281.036078762176 -2.417196450425318e-16 8.141404741555987e-17
2282.5835384674433 -3.870342021060909e-17 9.586908155948323e-17
2284.1310071527405 1.1506095555502416e-16 1.0813441642074602e-16
2285.6784848182233 1.729871433026918e-16 1.1018764413722515e-16
2287.2259714640495 -2.3470612952120494e-17 9.76016609833123e-17
2288.773467090374 1.703790229789774e-17 9.99384065091052e-17
2290.3209716973543 -1.48518558448222e-16 8.79083284314974e-17
2291.868485285146 5.978424716169856e-17 1.0304376826008238e-16
2293.416007853906 8.311831741010493e-17 1.0441734468061853e-16
2294.9635394037905 1.4215342348696116e-16 1.0764129104421131e-16
2296.5110799349554 1.228190229631549e-16 1.0650387137983659e-16
2298.0586294475575 -2.798427285702635e-18 9.580244388933596e-17
2299.6061879417534 2.375622352838403e-17 9.996074038564414e-17
2301.1537554176994 -4.2533031527435645e-18 9.653215615595064e-17
2302.701331875551 -3.447772834671255e-17 9.37595658566811e-17
2304.2489173154654 1.0008362220154195e-18 9.710480336785375e-17
2305.796511737599 -2.821081487933778e-18 9.552581484016353e-17
2307.344115142108 -6.400414545258478e-17 9.315449316476591e-17
2308.891727529149 2.839246498262534e-17 9.736377045658695e-17
2310.4393488988785 9.314081490615673e-17 1.0155763571923491e-16
2311.986979251453 1.733160303142429e-16 1.0777135692372915e-16
2313.5346185870276 1.026619946288871e-16 1.0213510043102553e-16
2315.0822669057607 1.2749623301877474e-16 1.047975168901479e-16
2316.629924207807 3.320006517256314e-17 9.845516579167922e-17
2318.1775904933247 2.1138771283871053e-16 1.0778876742126216e-16
2319.7252657624686 9.681499898588457e-17 1.0152139859096018e-16
2321.2729500153964 1.6373641855304177e-16 1.0692137921349416e-16
2322.8206432522634 9.235340513745526e-17 1.0091346054540311e-16
2324.3683454732263 -2.0393506036506907e-17 9.369053267147987e-17
2325.916056678442 3.1592343699115275e-16 1.1399714834772176e-16
2327.4637768680673 2.5602190223603907e-16 1.136560984724437e-16
2329.0115060422577 9.794990402119713e-17 9.933513376220293e-17
2330.5592442011707 2.426974122312389e-16 1.1030016717031196e-16
2332.1069913449614 2.0475053471759325e-16 1.0786767383425482e-16
2333.6547474737877 2.262217479044159e-16 1.0863035421136341e-16
2335.202512587805 2.7007658758093167e-16 1.1163626900037701e-16
2336.7502866871705 1.5210647089878302e-16 1.0282743075139771e-16
2338.2980697720404 3.047332053156374e-16 1.144437729389412e-16
2339.8458618425716 4.708530157635752e-16 1.2217521174879263e-16
2341.39366289892 4.484493119460541e-16 1.203481352117855e-16
2342.9414729412424 4.994033729815246e-16 1.245725135128693e-16
2344.4892919696954 2.419782547892404e-16 1.086425832495394e-16
2346.037119984435 2.3742428802744605e-16 1.0778516753123633e-16
2347.584956985618 3.550961697028224e-16 1.164500895885212e-16
2349.1328029734013 3.6536750297946484e-16 1.150039131799825e-16
2350.6806579479417 3.270024426527818e-16 1.1307712498321578e-16
2352.2285219093947 3.8636992313465163e-16 1.1683653513581618e-16
2353.776394857917 2.4801116754672033e-16 1.0688369948223114e-16
2355.3242767936654 2.9278879667971047e-16 1.1234343563221595e-16
2356.872167716797 2.193989636887315e-16 1.063776634706957e-16
2358.4200676274677 3.77737280973591e-16 1.1570867106187768e-16
2359.967976525834 3.8608182605346676e-16 1.1660005412485462e-16
2361.515894412053 1.1986529996207095e-16 9.903739506379814e-17
2363.063821286281 2.2973277888012377e-16 1.0644753045395438e-16
2364.6117571486743 7.774497862074006e-17 9.68995633142671e-17
2366.159701999389 -2.723560988257808e-17 8.865486886049386e-17
2367.7076558385834 3.2072807256577516e-16 1.120573237845012e-16
2369.2556186664124 7.102471847889795e-17 9.567059791713991e-17
2370.803590483034 -6.22480211598e-17 8.732016992874769e-17
2372.3515712886033 1.4030186240382246e-16 1.0043028118855374e-16
2373.8995610832776 8.662185082074063e-17 9.506605462081675e-17
2375.4475598672143 2.274498662685958e-16 1.0612412268678085e-16
2376.995567640568 1.8158235719539561e-16 1.0231139578061773e-16
2378.543584403498 1.8894668663195112e-16 1.0255916615257941e-16
2380.091610156158 2.3849610234307796e-16 1.0772615977505925e-16
2381.639644898707 3.5330670672262927e-16 1.112258550676527e-16
2383.1876886313 -4.81175958492996e-17 8.728397250514237e-17
2384.735741354095 1.8724274750965108e-16 1.0133933282941481e-16
2386.2838030672474 -5.515320371042653e-17 8.605751511963245e-17
2387.8318737709146 2.56092417728898e-16 1.0600560424861425e-16
2389.379953465253 3.154745889384468e-16 1.1069456688637724e-16
2390.928042150419 3.0918809569238257e-16 1.0862578155693722e-16
2392.47613982657 1.2680685407882815e-16 9.811670333735722e-17
2394.024246493862 2.542532709723925e-16 1.0644869512425686e-16
2395.572362152452 1.4079013719324517e-16 9.750766017850178e-17
2397.120486802496 -8.703604331450308e-17 8.23676278431559e-17
2398.668620444152 6.51291904949957e-17 9.346303815069309e-17
2400.2167630775753 1.46156898242379e-16 9.874161512908388e-17
2401.7649147029233 3.677489625804499e-16 1.1229868846979928e-16
2403.3130753203523 2.7223527751678886e-16 1.0606362600550117e-16
2404.8612449300194 2.603559845386821e-16 1.0568880069145134e-16
2406.409423532081 1.377315806300487e-16 9.787847532094195e-17
2407.957611126694 3.5743361006032983e-16 1.0969312247981644e-16
2409.5058077140147 1.9058973202627745e-16 1.0125567509098365e-16
2411.0540132942 2.0565206894104744e-16 1.0065105900276659e-16
2412.6022278674072 1.621362144970008e-16 9.895481596888575e-17
2414.150451433792 1.023311620885353e-16 9.515822239338986e-17
2415.698683993512 4.1331593046733e-18 8.869338900725922e-17
2417.246925546723 1.947943638717784e-16 9.9791618346324e-17
2418.795176093583 1.1752697286694685e-16 9.51946778973463e-17
2420.3434356342477 1.0690319447490779e-16 9.48141284934576e-17
2421.8917041688737 2.393857781052706e-16 1.0363711483963402e-16
2423.439981697619 9.08596559175274e-17 9.298304840228572e-17
2424.988268220639 1.0419243096334291e-16 9.374590745040662e-17
2426.536563738091 2.0202238717827495e-16 1.0005954545545237e-16
2428.0848682501323 1.718109057065312e-16 9.790855822545928e-17
2429.6331817569185 9.516022086174979e-17 9.349114243918519e-17
2431.181504258607 2.0316552431504364e-16 9.968464734950864e-17
2432.7298357553545 2.0184766016312415e-16 1.0067337964441572e-16
2434.2781762473182 3.382855832546991e-16 1.0645108402186591e-16
2435.8265257346543 -8.023906713393035e-17 8.04504018542703e-17
2437.3748842175196 8.175705605452846e-17 9.200017254611551e-17
2438.9232516960715 -1.265452747537205e-17 8.489223601222695e-17
2440.471628170466 1.6842646645176844e-16 9.708197318294729e-17
2442.0200136408603 2.9745391004605234e-16 1.0456728936461725e-16
2443.5684081074114 6.924751100666042e-17 9.12839995717671e-17
2445.1168115702753 -2.0271710308753374e-17 8.501885420295166e-17
2446.66522402961 1.6048819278410934e-17 8.695766629710245e-17
2448.2136454855713 1.5378841363423404e-16 9.533364424025521e-17
2449.7620759383162 1.7809137707773602e-16 9.745769185205867e-17
2451.3105153880024 3.902631247882488e-16 1.0922462061575621e-16
2452.8589638347853 -2.4505066828205835e-17 8.341801487220024e-17
2454.407421278823 8.907427590083784e-17 9.201456548877393e-17
2455.9558877202717 1.6635361801115955e-16 9.606918647582716e-17
2457.5043631592885 1.899120659638046e-16 9.839809694685796e-17
2459.052847596029 2.388681350953798e-16 1.0075628961157314e-16
2460.6013410306527 1.5794739834481186e-16 9.454621461921903e-17
2462.149843463314 2.947325586226468e-17 8.67385163743351e-17
2463.698354894171 1.5839223622590818e-16 9.528792431343818e-17
2465.24687532338 2.23262770652081e-16 9.864864664567782e-17
2466.7954047510984 4.642881398454399e-17 8.901690927099606e-17
2468.343943177483 2.7920757628255343e-16 1.0169731012874816e-16
2469.89249060269 1.304609806830628e-16 9.3829750477295e-17
2471.441047026877 1.835646128153177e-16 9.710113068593402e-17
2472.9896124502006 1.385801885291893e-16 9.302541328453824e-17
2474.5381868728173 3.1331838716187215e-16 1.0420853782423055e-16
2476.086770294885 9.942734785689034e-17 9.17316432495012e-17
2477.6353627165595 2.0452637538903628e-16 9.521529123821112e-17
2479.183964137999 2.932167071367515e-16 1.0362417773485369e-16
2480.7325745593585 9.357965076472837e-17 9.037830297547054e-17
2482.281193980797 1.7991263026323077e-16 9.54738943674748e-17
2483.82982240247 1.9075174031232963e-16 9.653032974115812e-17
2485.378459824535 2.3850573734285297e-16 1.0005774551043945e-16
2486.927106247149 1.3590565552845424e-16 9.199260218914943e-17
2488.4757616704687 1.6768930955964078e-16 9.486074839278109e-17
2490.0244260946506 2.215235870182413e-16 9.709894031167198e-17
2491.573099519853 8.38401946219575e-17 8.90127866028231e-17
2493.1217819462313 1.253257243263254e-16 9.186093488796569e-17
2494.670473373944 2.049292454345741e-16 9.715110562982202e-17
2496.2191738031465 3.1142455384070955e-16 1.0191452114015969e-16
2497.767883233996 2.4136031778443877e-16 9.966077822575281e-17
2499.3166016666505 2.0843397660273678e-16 9.683151612835603e-17
2500.8653291012665 3.435607323966315e-17 8.464881991900974e-17
2502.414065538001 -5.807858750372442e-17 7.946447535600099e-17
2503.96281097701 2.0377743944498586e-16 9.603441180287543e-17
2505.5115654184524 1.1902254188422232e-16 9.15773310518682e-17
2507.0603288624834 2.91193674821353e-16 1.0053676249444646e-16
2508.6091013092605 1.491000862711815e-16 9.175800714998449e-17
2510.1578827589415 2.6143785737056267e-16 9.982051672820415e-17
2511.7066732116823 1.1675191125042956e-16 9.001206048745656e-17
2513.255472667641 1.5271731400265138e-16 9.184176415008916e-17
2514.8042811269734 2.48863891496589e-16 9.933701973399955e-17
2516.353098589838 3.0339865196767903e-16 9.966292889534544e-17
2517.9019250563897 2.1786623110089525e-16 9.727442833298633e-17
2519.4507605267877 2.327532189606938e-16 9.714364115197434e-17
2520.999605001188 1.7108502494051387e-16 9.33353280815598e-17
2522.5484584797473 5.251537436783168e-17 8.576792911334498e-17
2524.0973209626236 2.312293537490241e-16 9.598824188980517e-17
2525.646192449973 2.475879157708892e-16 9.942321857127248e-17
2527.195072941953 1.7217220496320456e-16 9.332493207562124e-17
2528.7439624387207 5.081347474204996e-16 1.1218922269625646e-16
2530.2928609404335 1.8128810589045335e-16 9.390894805786328e-17
2531.8417684472474 9.461316330927662e-17 8.738242023292598e-17
2533.3906849593204 1.2857091930549343e-16 9.044610531592029e-17
2534.9396104768093 7.799892306879384e-17 8.655354555447845e-17
2536.488544999871 6.022138895437568e-17 8.534025026687547e-17
2538.037488528663 1.571635222916872e-16 9.296803341980666e-17
2539.586441063342 3.551162801178748e-17 8.198903058551283e-17
2541.135402604065 1.7233343569948095e-17 8.264201357850709e-17
2542.6843731509894 1.4081623639593244e-16 9.012255858240384e-17
2544.2333527042724 7.737025256836374e-17 8.654129666396776e-17
2545.7823412640705 -1.148721433084028e-17 8.125631399891336e-17
2547.3313388305414 1.6972617233488116e-16 9.032574061062647e-17
2548.880345403842 1.9401525237898204e-16 9.482463699595948e-17
2550.4293609841297 1.6347581033797327e-16 9.15225783127621e-17
2551.9783855715605 -2.7097108415173426e-17 7.732766269298461e-17
2553.5274191662934 6.751839250651427e-17 8.678257532248213e-17
2555.0764617684836 2.673847962838963e-16 9.688220575629328e-17
2556.6255133782897 -3.6861543758082165e-17 7.77970248248819e-17
2558.1745739958683 6.166105379713238e-17 8.610997160535811e-17
2559.723643621376 8.222390355736359e-17 8.513830570084922e-17
2561.272722254971 1.40397458012854e-16 9.035719332623819e-17
2562.82180989681 2.1662285290877494e-16 9.483686603413546e-17
2564.3709065470493 1.0445282742017461e-16 8.661894576242934e-17
2565.920012205848 1.392852508135499e-16 9.09580043836375e-17
2567.469126873361 1.5861946604889894e-16 9.065002849797176e-17
2569.018250549747 1.669797474127479e-16 9.224772454239548e-17
2570.5673832351627 -1.8718452061197225e-17 7.945489991323008e-17
2572.1165249297655 1.3221215512706206e-16 8.899024096804736e-17
2573.665675633712 1.2957253576562165e-16 8.922445881285297e-17
2575.21483534716 1.5629581644656398e-16 9.033497194626256e-17
2576.7640040702663 2.615446099916963e-16 9.724465644837932e-17
2578.313181803189 1.509159396216375e-16 9.1117067906709e-17
2579.862368546084 2.1854301042575143e-16 9.443621283263928e-17
2581.4115642991087 1.5290383330461473e-16 9.212610252257058e-17
2582.9607690624216 1.59116422926031e-16 8.972109805262981e-17
2584.5099828361786 2.251886555676188e-17 8.15221433780083e-17
2586.059205620537 1.5304737891939474e-16 9.074146173416092e-17
2587.608437415655 1.0127244369636132e-16 8.715665948270311e-17
2589.157678221689 1.187383226257491e-16 8.894450118889562e-17
2590.706928038796 9.819841554698766e-17 8.74123774059902e-17
2592.256186867134 1.04468351945911e-16 8.715852560216503e-17
2593.8054547068605 2.290390853661021e-16 9.49481846922504e-17
2595.3547315581313 1.0786471583638433e-16 8.740057188428785e-17
2596.904017421105 1.5617807886689563e-16 9.17645253332114e-17
2598.4533122959383 6.178714259226506e-17 8.500467963597495e-17
2600.002616182788 1.4590632207377955e-16 9.033159704936334e-17
2601.551929081813 1.6277837135013796e-16 9.034840535941042e-17
2603.1012509931684 2.274389342496203e-16 9.479470629267486e-17
2604.650581917013 1.0975474908981287e-17 8.152821819242689e-17
2606.1999218535034 1.8412843235572363e-16 9.09767714573751e-17
2607.7492708027976 1.728561708332226e-16 9.280075103016883e-17
2609.2986287650515 1.2046445665824516e-16 8.834580771386444e-17
2610.8479957404243 2.054765743022882e-16 9.307691685819824e-17
2612.397371729072 2.0702021243932035e-16 9.550610808925006e-17
2613.9467567311517 8.819932395354865e-17 8.746718970210042e-17
2615.496150746822 2.5908350282388974e-16 9.633269313176205e-17
2617.045553776239 2.236166186657965e-16 9.424093203362776e-17
2618.5949658195605 2.1871903446010272e-16 9.445699160962661e-17
2620.1443868769434 2.7142384642309884e-16 9.799082630046135e-17
2621.693816948546 2.0940875270634887e-16 9.306873107885641e-17
2623.2432560345246 1.0718985557054927e-16 8.805692977418132e-17
2624.7927041350367 3.3039311554064075e-16 1.014076844177913e-16
2626.3421612502407 8.554012357264788e-17 8.599101641582809e-17
2627.8916273802924 1.1929590853305885e-16 8.945099380412919e-17
2629.4411025253503 2.196483354823591e-16 9.488026323779244e-17
2630.990586685571 3.797723040991491e-16 1.0388855127607053e-16
2632.5400798611126 2.5851572605143334e-16 9.712211460371326e-17
2634.089582052132 1.5038218975085908e-16 9.016847703256789e-17
2635.639093258786 2.8400601792874904e-16 9.91021666144835e-17
2637.1886134812335 1.4845659269417444e-16 9.039608404991798e-17
2638.7381427196306 2.466725643224829e-16 9.595786781771223e-17
2640.2876809741347 1.4803380413948633e-16 9.110207277656464e-17
2641.8372282449036 1.148837668503704e-16 8.740346370770933e-17
2643.386784532095 2.7972926916872327e-16 1.0032778358449107e-16
2644.936349835866 3.591442989764283e-16 1.0187516057789196e-16
2646.4859241563736 8.403924736456226e-17 8.574220710501703e-17
2648.035507493776 2.7617382190284374e-16 9.819684721254626e-17
2649.5850998482297 2.4788530374471427e-16 9.58280600185455e-17
2651.134701219892 2.7516614386318675e-16 9.778603623312792e-17
2652.6843116089217 3.207211110137399e-16 1.0024966464744156e-16
2654.233931015475 1.5201444870999772e-16 9.156678284469693e-17
2655.78355943971 1.4485087931683129e-16 9.017540549737863e-17
2657.333196881784 1.6548828121131068e-16 9.124457945249527e-17
2658.882843341854 7.762323086946206e-17 8.596904649875868e-17
2660.432498820078 1.208395863747604e-16 8.818086128227647e-17
2661.982163316612 -2.7458769976955086e-17 7.849223373378576e-17
2663.531836831616 -6.364774310513774e-17 7.595923464458098e-17
2665.081519365245 1.872633674679608e-16 9.423049632301979e-17
2666.6312109176583 3.708330757158518e-17 8.326343797677123e-17
2668.180911489013 1.2683646052731264e-16 8.962322604255253e-17
2669.730621079465 1.1497143476041122e-16 8.895575746267124e-17
2671.2803396891736 9.101206229102907e-17 8.616650443714244e-17
2672.8300673182953 7.901434351898434e-17 8.617471006881896e-17
2674.379803966988 7.415072004051955e-17 8.586309458845798e-17
2675.92954963541 9.078289355668248e-17 8.668783998128766e-17
2677.479304323717 -4.604600803194425e-17 8.004473262953959e-17
2679.0290680320672 -7.533140455965323e-17 7.483144336253638e-17
2680.5788407606183 1.2165770108779985e-16 8.977170827122825e-17
2682.128622509528 1.6280640284673615e-16 9.19017909927809e-17
2683.6784132789535 1.2996246208893424e-16 8.986770754439871e-17
2685.2282130690523 1.5193861279143886e-16 9.121588621140703e-17
2686.778021879982 2.2083194491213877e-16 9.639763673601482e-17
2688.3278397119 8.27964978297075e-17 8.604256631160239e-17
2689.8776665649643 2.271675660691437e-16 9.646854265812286e-17
2691.4275024393323 3.2846791553065014e-16 1.0310429141114166e-16
2692.977347335161 1.284674886416998e-16 8.960332076829206e-17
2694.527201252608 -6.14462052135503e-17 7.681377839179726e-17
2696.077064191831 -9.091538803847877e-18 8.221258772658386e-17
2697.6269361529885 6.281173482108754e-17 8.577270029111819e-17
2699.176817136237 1.7635895647258456e-16 9.348073319835682e-17
2700.726707141734 -4.958164597651436e-17 7.769133099493232e-17
2702.276606169637 1.9114378421801036e-16 9.383422387004769e-17
2703.826514220105 6.769850612181402e-17 8.67836274962213e-17
2705.3764312932935 1.8535600808942173e-16 9.399852179203542e-17
2706.9263573893613 -8.560016530459065e-18 8.121118302469247e-17
2708.4762925084656 -1.4125475461714885e-17 8.074902729029174e-17
2710.026236650765 2.088118062367714e-16 9.537144970297133e-17
2711.576189816415 3.0138019892415164e-16 1.0109675053425506e-16
2713.1261520055755 -7.336394554652851e-17 7.7670684566843e-17
2714.676123218402 2.2258503841515915e-16 9.659513437906798e-17
2716.2261034550543 -4.7026514842840106e-17 7.848052747375691e-17
2717.776092715688 -7.977848635141592e-17 7.675852272687872e-17
2719.3260910004615 4.506651369011816e-17 8.529357081054787e-17
2720.8760983095326 -1.2969744665556205e-16 7.211347345347494e-17
2722.426114643059 1.5623585577832124e-17 8.354923880457565e-17
2723.976140001198 9.272328722016447e-17 8.818456705142071e-17
2725.5261743841074 1.0257434657118098e-16 8.982849256591879e-17
2727.076217791945 3.947089161782559e-17 8.545814004777652e-17
2728.626270224868 1.0051217206919649e-16 9.070116149471734e-17
2730.1763316830343 2.0482532507985784e-16 9.653054149939494e-17
2731.7264021666015 1.9505906166779536e-16 9.589235511319803e-17
2733.276481675727 3.0620953080314243e-16 1.0260531621331497e-16
2734.8265702105696 2.576245415118034e-16 9.954945956763787e-17
2736.3766677712856 9.261719634352087e-17 8.976711576446736e-17
2737.9267743580326 1.0500972511321471e-16 8.99736131325851e-17
2739.47688997097 1.9517940321203202e-17 8.496825060179812e-17
2741.027014610254 1.2657402589745162e-16 9.261333175569902e-17
2742.5771482760424 2.723047606882433e-16 1.0128594990140309e-16
2744.1272909684926 2.2856575276726456e-16 9.979868577747765e-17
2745.6774426877637 2.5644457167671897e-16 9.990658321657906e-17
2747.227603434012 2.4071627495950498e-17 8.530779169963889e-17
2748.7777732073964 2.1349348968514393e-16 9.88619533645981e-17
2750.327952008073 2.6276343746323605e-16 9.939872740769601e-17
2751.8781398362007 2.265836427311303e-16 9.966730964386952e-17
2753.428336691937 3.9666071169930134e-16 1.0940008216729096e-16
2754.97854257544 2.841055178302718e-16 1.0206666281586534e-16
2756.528757486866 3.0635929681612883e-16 1.0452877583529678e-16
2758.078981426375 3.6508337636522023e-16 1.0526463570822395e-16
2759.6292143941223 2.787593370347783e-16 1.0383301106102127e-16
2761.179456390267 3.1698077233734254e-16 1.0557145354103212e-16
2762.7297074149674 1.4175069902521114e-16 9.24258860114496e-17
2764.2799674683793 2.0611219311986374e-16 9.97668161628372e-17
2765.8302365506624 2.828917725564156e-16 1.0226519939776787e-16
2767.380514661974 4.066243867276333e-16 1.1026400945137604e-16
2768.9308018024713 1.8359253843279748e-16 9.84563966364307e-17
2770.4810979723115 3.996891721230907e-16 1.0891375952411388e-16
2772.0314031716543 1.2050642449380365e-16 9.358666525632282e-17
2773.581717400655 2.1188416679003016e-16 9.987051152442685e-17
2775.1320406594737 2.321902067485657e-16 9.935157811278048e-17
2776.6823729482676 3.095256383218634e-16 1.0669414939050339e-16
2778.2327142671934 3.011552322673168e-16 1.0421780886453604e-16
2779.78306461641 2.196312492396262e-16 1.0058997336889077e-16
2781.333423996075 6.307903327295038e-17 9.076439779818579e-17
2782.883792406345 1.4280238307345596e-16 9.615819110973787e-17
2784.43416984738 2.6357460385913005e-16 1.0310211427176942e-16
2785.9845563193358 1.7596156567142428e-16 9.8272292701856e-17
2787.5349518223716 2.3374022410248187e-16 1.0257116358018388e-16
2789.085356356644 2.588785208506542e-16 1.0379973854806194e-16
2790.6357699223117 6.9868042049863e-17 9.237082886987807e-17
2792.1861925195326 8.880791050870597e-17 9.438094393283093e-17
2793.736624148464 3.0726609852572376e-16 1.0493128192136508e-16
2795.2870648092644 2.0404684886177193e-16 1.0176532422743472e-16
2796.837514502091 1.634826924806697e-16 9.929128657229272e-17
2798.3879732271016 4.3029207546069453e-16 1.139448440632288e-16
2799.9384409844547 4.66922200553164e-16 1.1784164560685182e-16
2801.488917774308 5.402380902148256e-16 1.2187577236704843e-16
2803.039403596819 6.98091944358525e-16 1.2876098555792342e-16
2804.5898984521455 6.71044805924156e-16 1.2688666046432726e-16
2806.1404023404452 8.692702090976859e-16 1.3654520510830064e-16
2807.6909152618773 1.5128375838502676e-15 1.642843694605765e-16
2809.241437216598 2.233009030165752e-15 1.8981242047849401e-16
2810.791968204767 2.265340066004212e-15 1.9252211858142992e-16
2812.3425082265403 2.844932312800097e-15 2.1093711778055085e-16
2813.893057282077 2.9859251820353117e-15 2.1193984597142233e-16
2815.4436153715337 3.3135158096606228e-15 2.2274131599392757e-16
2816.99418249507 2.219298743123257e-15 1.890291929349696e-16
2818.544758652843 2.2161350750652623e-15 1.9160382898748786e-16
2820.095343845011 2.6606941764428143e-15 2.05517258353536e-16
2821.645938071731 2.402065795009396e-15 1.9543117382943601e-16
2823.196541333162 1.8558191177645445e-15 1.7914658160666786e-16
2824.747153629461 1.5151431016535754e-15 1.6475760941518544e-16
2826.2977749607867 1.1089425225671449e-15 1.4906383590801696e-16
2827.8484053272964 1.1347888859196626e-15 1.5157678413917346e-16
2829.3990447291485 1.1346472196592343e-15 1.4982739640529731e-16
2830.9496931665008 8.708750718349368e-16 1.3952371705798158e-16
2832.500350639511 6.626476918619912e-16 1.2885562825488929e-16
2834.0510171483375 2.4894928300558407e-16 1.0781925398991842e-16
2835.601692693138 1.206070361260697e-16 9.904104789338318e-17
2837.15237727407 1.0062339808308282e-16 9.717301598988732e-17
2838.7030708912926 3.684086424276834e-17 9.503352326168627e-17
2840.2537735449628 1.0833030602468838e-16 9.874584367637525e-17
2841.8044852352396 2.522818811969969e-16 1.0804619264533357e-16
2843.35520596228 1.933548710825891e-16 1.0569737028259739e-16
2844.905935726242 -7.674759070790322e-17 8.58758728745607e-17
2846.4566745272837 2.585667597865054e-16 1.1032433407908831e-16
2848.007422365564 2.489731058072256e-16 1.0834059615150854e-16
2849.55817924124 -2.686154681546272e-18 9.243779079482547e-17
2851.108945154469 1.3082824887503634e-16 1.0250228921366027e-16
2852.6597201054105 6.377855675592932e-17 9.801231976149793e-17
2854.2105040942224 1.0723065211836038e-16 1.014530337676939e-16
2855.761297121062 1.1750414268204038e-16 1.019006708279831e-16
2857.312099186087 3.3751721849242106e-16 1.1495688961652009e-16
2858.8629102894565 2.0806223501801055e-16 1.0780999618450272e-16
2860.413730431328 3.513670277431965e-16 1.1707449845443544e-16
2861.964559611859 3.1845815661603165e-16 1.1404515129302944e-16
2863.5153978312087 3.8160803625408597e-16 1.195992125026249e-16
2865.0662450895347 2.1981786118581816e-16 1.11601778877556e-16
2866.617101386994 5.718713826629847e-16 1.3071870369215472e-16
2868.1679667237463 5.031553583609467e-16 1.2748422897372537e-16
2869.718841099949 5.611782799181688e-16 1.2914365916162515e-16
2871.2697245157597 3.7478449764968293e-16 1.1863911389180194e-16
2872.8206169713367 1.0895949930326561e-16 1.0423447820824021e-16
2874.371518466839 1.7897946465315255e-16 1.0867182573855437e-16
2875.922429002423 2.3836020649460284e-16 1.137777535794931e-16
2877.473348578248 1.7066169375534393e-16 1.086691125861452e-16
2879.024277194472 1.980704490837416e-16 1.1190787540887003e-16
2880.5752148512524 8.260680215419194e-17 1.0324987519895099e-16
2882.1261615487488 2.2197864223426388e-16 1.12652986469768e-16
2883.677117287117 1.7310186332748556e-16 1.1017514378380825e-16
2885.2280820665173 1.8141498877897408e-16 1.113926940884822e-16
2886.7790558871066 2.1124930236117326e-16 1.1376009823649876e-16
2888.330038749043 1.0574285859884291e-16 1.0690187098592771e-16
2889.8810306524847 -9.191679770345384e-18 9.896108930665135e-17
2891.4320315975906 -1.4359478239561236e-17 9.940730361628696e-17
2892.9830415845186 1.2102241314246933e-16 1.0819043970927301e-16
2894.5340606134255 9.862302389902338e-17 1.0816771540348496e-16
2896.085088684471 2.538056405295482e-16 1.1887736837799682e-16
2897.636125797813 -1.5950222658117063e-17 1.0141011963751465e-16
2899.187171953609 1.573632103090024e-16 1.1313918338149196e-16
2900.7382271520178 2.255929053504184e-16 1.156573726290096e-16
2902.2892913931964 1.5226794978924317e-16 1.1470541347541417e-16
2903.8403646773045 2.709410111733843e-16 1.1855234595426758e-16
2905.3914470044992 1.5578080717974357e-16 1.1378757386772533e-16
2906.9425383749394 5.0805681377190726e-17 1.0802129120017327e-16
2908.493638788783 1.490191549200493e-16 1.1259296624452114e-16
2910.0447482461877 2.388260481458131e-16 1.204758651332535e-16
2911.5958667473124 5.523946541342601e-17 1.0837826926532665e-16
2913.146994292315 6.43756686616293e-17 1.0847852355556808e-16
2914.698130881354 7.729901577401067e-17 1.1082319016290679e-16
2916.249276514586 3.653979035213374e-17 1.0905088621734047e-16
2917.8004311921723 1.6456862842371912e-16 1.168179136458664e-16
2919.351594914268 -1.3271265068285462e-17 1.0568731176634875e-16
2920.902767681033 -5.4290355069860216e-17 1.0347324705156481e-16
2922.453949492625 1.950558555157411e-17 1.0850278972601794e-16
2924.005140349202 3.492921014248889e-17 1.1027216214349337e-16
2925.556340250923 5.2932131121493045e-17 1.1216553224351294e-16
2927.107549197946 1.0774387467505769e-16 1.1592212336458576e-16
2928.6587671904285 2.1842503461806667e-16 1.24770441289841e-16
2930.2099942285295 1.311722898354094e-16 1.179239930911927e-16
2931.7612303124074 8.98680367622825e-18 1.1098118165990442e-16
2933.3124754422197 -1.425339894344621e-17 1.0970200970831771e-16
2934.863729618125 1.9707272368121485e-16 1.2389433128969424e-16
2936.4149928402812 1.7772789406424552e-17 1.124285889131946e-16
2937.966265108848 -4.723108322576937e-17 1.0811046788765139e-16
2939.5175464239815 -1.0671588769700128e-16 1.0425033360622163e-16
2941.0688367858415 3.362312835121461e-17 1.1553758364142211e-16
2942.6201361945855 1.5114623993906206e-16 1.2451905779296368e-16
2944.171444650373 1.9384341056980783e-16 1.2555622316709697e-16
2945.722762153361 1.6269432979990257e-16 1.2480720781370776e-16
2947.2740887037085 8.155988266627542e-17 1.1898729737268266e-16
2948.825424301573 -2.173079735229281e-17 1.131352923238905e-16
2950.3767689471133 2.563608212940592e-16 1.3283174649308878e-16
2951.928122640488 2.1222415787412415e-16 1.3230561991883565e-16
2953.4794853818553 6.578609763281592e-17 1.2109401389629192e-16
2955.030857171373 -9.406789246692657e-17 1.1073814937849144e-16
2956.5822380092 1.2593979674330516e-16 1.2694447046297737e-16
2958.1336278954936 6.962755748473668e-17 1.2304019120661688e-16
2959.685026830414 1.8365427919371844e-16 1.3304186360356705e-16
2961.236434814118 6.739812706289396e-17 1.2198259116263108e-16
2962.787851846764 5.767086025362968e-17 1.260338703400096e-16
2964.339277928512 -9.35801801603204e-17 1.139214050733915e-16
2965.8907130595176 1.75245915475223e-16 1.336244634526004e-16
2967.4421572399415 -7.723307293557794e-17 1.1741467482698665e-16
2968.993610469941 1.9017540056617208e-16 1.3411091182723058e-16
2970.5450727496745 4.75612229196401e-16 1.5505463524615061e-16
2972.0965440793 1.7595133510160823e-16 1.363854599884044e-16
2973.6480244589775 4.0032821877712465e-17 1.264926313251764e-16
2975.1995138888637 3.135811526639782e-16 1.4974158137982861e-16
2976.7510123691177 2.217388922055215e-16 1.3998458239062673e-16
2978.3025198998976 1.3427702292912103e-16 1.3700298671162219e-16
2979.8540364813616 4.0912614485946316e-17 1.3180332938111385e-16
2981.405562113668 -1.5297073567255802e-16 1.1812749275677054e-16
2982.957096796977 3.2454993816334577e-16 1.5056544003504163e-16
2984.5086405314446 2.544859138653118e-16 1.4856791135228937e-16
2986.06019331723 1.925826682022688e-16 1.4444057126322538e-16
2987.6117551544926 3.6723190190571036e-16 1.559608281508147e-16
2989.16332604339 -6.168066128637233e-17 1.288839112143937e-16
2990.71490598408 3.349754579061681e-16 1.550498574509325e-16
2992.266494976722 -1.5745474280686508e-16 1.2279903827955562e-16
2993.8180930214744 1.1546635346451395e-16 1.4481644213356948e-16
2995.3697001184946 -1.0678685979355833e-16 1.2878993026191787e-16
2996.921316267942 4.4569889339592346e-18 1.3711001726544165e-16
2998.4729414699755 1.3435820574315944e-16 1.4830122832280228e-16
3000.024575724752 7.764815878440195e-17 1.457138603062956e-16
3001.576219032431 -7.555354556751558e-17 1.3548790946678026e-16
3003.1278713931715 3.1705457008287207e-16 1.6267741561073708e-16
3004.6795328071303 1.4480834238101136e-16 1.500830812413599e-16
3006.2312032744676 7.485450515801436e-17 1.4821312366139803e-16
3007.78288279534 2.0804160182481102e-16 1.5937398711644531e-16
3009.334571369908 7.076899393816595e-17 1.500001646567576e-16
3010.8862689983284 -5.446329206616545e-17 1.446997236404158e-16
3012.437975680761 2.008687150692248e-16 1.6007318634462414e-16
3013.9896914173637 1.1690629623995646e-16 1.5439058788528284e-16
3015.5414162082952 2.3317996474743236e-16 1.6521017647192545e-16
3017.0931500537135 4.263930107509156e-17 1.523964340994298e-16
3018.6448929537773 9.331361624484151e-17 1.5811292711155107e-16
3020.196644908646 -5.642780631630949e-17 1.4823370391503835e-16
3021.7484059184762 3.537703778519122e-16 1.7768286896914303e-16
3023.3001759834274 4.2078793565858275e-17 1.5686904599361833e-16
3024.8519551036593 -1.415635080525904e-17 1.5483803303966993e-16
3026.403743279329 -6.445708970368412e-18 1.5763010509672632e-16
3027.955540510595 -1.8229743829133546e-16 1.436485425179834e-16
3029.5073467976167 -6.050695155416369e-17 1.553960556983431e-16
3031.059162140552 -1.4158830692735473e-17 1.5991471177414878e-16
3032.6109865395597 -5.856475794566878e-17 1.586467166869989e-16
3034.1628199947986 1.002830893616336e-16 1.6971247422393728e-16
3035.7146625064265 -1.9806179346581185e-16 1.4814892121097411e-16
3037.2665140746026 -1.946260954828504e-16 1.5358408017059874e-16
3038.8183746994855 -5.031081230392475e-17 1.62451337223159e-16
3040.370244381233 1.5615388548833968e-16 1.7950187222337164e-16
3041.922123120005 1.9122486115293036e-16 1.8483685630209365e-16
3043.474010915959 -1.2271564523892047e-16 1.615028853153608e-16
3045.0259077692535 5.2292912413891667e-17 1.7894223490814276e-16
3046.5778136800477 1.0122021220376228e-16 1.8213822256703125e-16
3048.1297286485 2.235536503688465e-17 1.7752525466650473e-16
3049.681652674769 1.8788768368964643e-16 1.9179662162721681e-16
3051.2335857590133 7.030549486245044e-17 1.8473828284285693e-16
3052.785527901391 2.3582876912239456e-16 1.966804415475177e-16
3054.3374791020615 -7.142263205820536e-17 1.79214357477338e-16
3055.8894393611827 -1.7340905835465305e-16 1.711230884835811e-16
3057.4414086789143 2.938981451428176e-16 2.0665969404114523e-16
3058.9933870554137 1.553491644837787e-16 1.9784988964521047e-16
3060.5453744908405 4.888537331334275e-18 1.9018437382145706e-16
3062.097370985353 4.0169335795541277e-16 2.202675959761408e-16
3063.6493765391083 2.267214444037367e-16 2.0578359727588827e-16
3065.201391152268 -1.383930207176257e-16 1.8672390012478842e-16
3066.753414824989 -1.4821189281664655e-16 1.8351821129167591e-16
3068.3054475574295 2.8345692882069144e-16 2.1477666519089539e-16
3069.8574893497494 3.577697762612714e-16 2.2195219892444178e-16
3071.4095402021067 -2.0599105417351657e-16 1.8538304696928486e-16
3072.96160011466 2.482505337636585e-16 2.1776335630247325e-16
3074.513669087568 -2.632042387029431e-16 1.8282296929554755e-16
3076.0657471209897 1.5923596045071226e-16 2.1907646912895423e-16
3077.6178342150833 -1.6934053411586403e-16 1.9644445022747877e-16
3079.169930370008 5.7457580004489e-17 2.1482233879559811e-16
3080.722035585922 -1.5318455855218053e-16 2.0242212055492998e-16
3082.274149862985 -2.812567607401984e-16 1.9246826581483027e-16
3083.826273201354 2.0832130798586216e-16 2.313116218240262e-16
3085.3784056011896 5.471377559053631e-17 2.2457527467363114e-16
3086.9305470626487 3.1186281398157484e-16 2.4145055326310096e-16
3088.482697585891 4.7082048440444467e-17 2.2487988889728747e-16
3090.0348571710756 2.3915927620121887e-16 2.4283230222808914e-16
3091.5870258183604 -1.2216270477793083e-16 2.1598850464062027e-16
3093.1392035279046 3.836739760822188e-16 2.5594524575431256e-16
3094.691390299866 4.177861369202972e-16 2.5979334290346845e-16
3096.2435861344043 -1.0249381226674282e-16 2.265445998062178e-16
3097.7957910316786 4.198372073497388e-17 2.397630518739336e-16
3099.348004991847 -8.468647979793806e-17 2.325365902844335e-16
3100.900228015068 -2.0704668221892204e-16 2.273125410520222e-16
3102.4524601015005 -5.274473169935793e-17 2.361926756523587e-16
3104.004701251304 -7.112340443469797e-17 2.4224327022261257e-16
3105.5569514646363 6.491764269292996e-16 2.917831303433032e-16
3107.109210741657 1.5824859796689957e-16 2.6178683494483144e-16
3108.661479082524 2.0709723949796128e-16 2.738601778771982e-16
3110.2137564873965 6.738104743760596e-17 2.6064810502636644e-16
3111.7660429564335 -2.181883153790887e-16 2.3941005089316535e-16
3113.318338489794 -1.8649330863978824e-16 2.497467380556444e-16
3114.8706430876355 1.498226053751894e-16 2.7541758029962326e-16
3116.422956750118 2.2450248277972647e-16 2.861444055436517e-16
3117.9752794774 5.1872463125975863e-17 2.752462149464819e-16
3119.52761126964 -1.6212323107010616e-16 2.603870071203753e-16
3121.079952126998 -1.2322886779561777e-16 2.6965831212366566e-16
3122.632302049631 1.0125874558541745e-16 2.8484516288168203e-16
3124.1846610376992 4.288051025043447e-17 2.85318998406332e-16
3125.7370290913605 1.9667029038704045e-16 2.986173097991061e-16
3127.2894062107744 7.043300640823672e-17 2.9507178870057723e-16
3128.841792396099 2.253908085831594e-16 3.0477489521851006e-16
3130.3941876474946 -6.702975375762204e-17 2.8952022888515414e-16
3131.946591965119 -3.0198122173978777e-16 2.7510560747723766e-16
3133.49900534913 -1.101525915315876e-16 2.866868242672497e-16
3135.051427799689 -4.92184322930313e-16 2.6559025110601967e-16
3136.6038593169524 7.177125626091645e-16 3.5323436481497783e-16
3138.1562999010803 -1.5029329099606678e-17 3.0746732179025586e-16
3139.7087495522314 3.7833549799258937e-16 3.408875625895459e-16
3141.261208270565 -2.6283783077880662e-17 3.15684176653333e-16
3142.8136760562393 -2.3451181817787134e-16 2.9521549313403484e-16
3144.366152909413 8.422451993990638e-16 3.8070769317071385e-16
3145.918638830246 -3.47172335299936e-16 3.1076394755119e-16
3147.4711338188954 -6.001482011785302e-16 3.1036570971708247e-16
3149.0236378755217 6.253725247104081e-16 2.961193302283144e-16
3150.5761510002835 4.6605473293605715e-16 3.1266442478703263e-16
3152.1286731933396 6.588901213590732e-17 3.7055256222652284e-16
3153.681204454849 3.528405739038434e-16 5.029249124597344e-16
3155.2337447849704 1.0017629041838565e-16 8.350651658029851e-17
