wavelength flux error
1581.0974557714708 -2.556085768393168e-13 3.859779791788587e-13
1582.640658487608 -1.814451095882158e-13 1.6383758499188827e-13
1584.1838696422437 8.385362750570977e-15 6.232106573422075e-14
1585.727089235515 1.2110667862704014e-14 5.913494791499191e-14
1587.2703172675608 -8.544108752754284e-14 4.391338638207176e-14
1588.81355373852 4.522066653967795e-14 4.003169188282127e-14
1590.3567986485311 -1.5257989031849765e-14 3.391515855048072e-14
1591.9000519977317 -7.358958718274317e-15 2.830788006075429e-14
1593.4433137862607 4.257078833869686e-14 2.7420880710916744e-14
1594.986584014257 -5.1297057286582223e-14 1.9211959158423574e-14
1596.5298626818583 1.9735525469714507e-14 2.093956925170934e-14
1598.0731497892036 -1.3592662965241503e-14 1.6889820027591804e-14
1599.6164453364308 -5.312641467155807e-15 1.5235039521176857e-14
1601.1597493236795 1.6847430263746462e-15 1.4002065328868555e-14
1602.7030617510868 -8.120473525107929e-15 1.223803112478496e-14
1604.246382618792 -5.744683750913545e-15 1.108303732669973e-14
1605.7897119269333 8.000905507240565e-15 1.0408354408387999e-14
1607.3330496756498 2.8131745065086916e-15 9.44587934075241e-15
1608.8763958650786 7.767588587853473e-15 8.974831613290084e-15
1610.4197504953595 6.493219895412853e-15 7.93230684994128e-15
1611.9631135666307 9.996837003491653e-15 7.608966421887055e-15
1613.50648507903 1.3830353962768216e-15 6.735466659646373e-15
1615.049865032697 -3.181927123722299e-15 6.009105414189709e-15
1616.5932534277692 9.775201727238382e-16 5.807472609227612e-15
1618.136650264386 -8.237121714526989e-16 5.290215422844302e-15
1619.6800555426853 1.7675311796063343e-15 5.02322640270501e-15
1621.2234692628058 -4.391632897453052e-15 4.551622598112813e-15
1622.766891424886 -3.5103181974827655e-15 4.288200433714409e-15
1624.310322029064 -2.136580046593244e-15 4.10138816423042e-15
1625.8537610754795 2.297263043720332e-15 3.962963075374807e-15
1627.39720856427 -1.0521462105966654e-15 3.6517716408830496e-15
1628.9406644955743 -4.421492502909661e-15 3.358017650159943e-15
1630.4841288695309 1.1888934330628862e-15 3.445057273512137e-15
1632.0276016862788 4.472614329408247e-15 3.3261291890364234e-15
1633.5710829459556 3.679515358037417e-15 3.2461396326624635e-15
1635.114572648701 2.092776584758935e-15 3.0118001327497992e-15
1636.6580707946528 1.9999839136289896e-15 2.8833554213534467e-15
1638.2015773839494 2.9013569890649687e-15 2.758437755149461e-15
1639.74509241673 -7.498044069312315e-15 2.283080112293269e-15
1641.2886158931326 -5.248776453482254e-15 2.2496981203255035e-15
1642.8321478132964 -1.8962379352032987e-17 2.3844780028926078e-15
1644.3756881773595 3.6020639358899046e-15 2.4811200152513504e-15
1645.9192369854607 -2.22694236843928e-15 2.118808871843375e-15
1647.4627942377383 1.5633022186609027e-15 2.2211126641798022e-15
1649.0063599343312 3.619754642509784e-15 2.244262286386499e-15
1650.549934075378 -1.5199111559927882e-15 1.9759146253998114e-15
1652.0935166610168 1.0348572093520211e-15 2.033338800542443e-15
1653.6371076913867 -3.4868032923175652e-15 1.7723126805935848e-15
1655.180707166626 2.7588551306342206e-16 1.892847374812003e-15
1656.7243150868737 7.530227721417953e-16 1.8584908714384214e-15
1658.267931452268 9.007698820984156e-16 1.792345009796149e-15
1659.8115562629478 -1.6462126622743506e-15 1.6844341769862536e-15
1661.3551895190515 9.727731883291883e-16 1.7328812851956474e-15
1662.898831220718 -1.4476722157840012e-16 1.678506111025776e-15
1664.4424813680855 -1.3104819950863664e-16 1.6107399812345245e-15
1665.9861399612928 1.6737826317954124e-16 1.5951415518734814e-15
1667.529807000479 9.008833845133477e-16 1.5964932046990624e-15
1669.073482485782 1.7510315071894125e-15 1.5963641380537246e-15
1670.617166417341 7.466647840210269e-16 1.5194502641903635e-15
1672.160858795294 -1.1530127997798388e-15 1.4314606933878236e-15
1673.7045596197804 1.0725533518783897e-15 1.491754933793108e-15
1675.2482688909386 4.6452282091138854e-15 1.5979639715328511e-15
1676.7919866089069 4.962003178914825e-16 1.414892623060411e-15
1678.3357127738243 -9.047220451860756e-17 1.3659689529390683e-15
1679.8794473858295 -1.6233972739746844e-16 1.3364929475284475e-15
1681.4231904450612 1.1957518588368043e-15 1.3627581686733825e-15
1682.9669419516574 3.379077271508849e-16 1.3184765567403486e-15
1684.5107019057577 4.043020341444988e-16 1.2947152708666157e-15
1686.0544703075004 -3.168799224770601e-17 1.2576824610170657e-15
1687.598247157024 4.2454876856183675e-16 1.2615962826289726e-15
1689.1420324544672 2.1104357394015295e-15 1.3293230253881767e-15
1690.685826199969 3.622177315557609e-16 1.2018220145741838e-15
1692.229628393668 1.5749160991589432e-15 1.2592413192773688e-15
1693.773439035703 -1.562499866701616e-15 1.0826086917534823e-15
1695.3172581262122 -2.0442638579659087e-16 1.153231228401112e-15
1696.8610856653347 -6.889270478692335e-16 1.1103661731932425e-15
1698.404921653209 5.47045058737198e-16 1.1489476769077286e-15
1699.948766089974 -9.60755908390018e-16 1.0599806300840573e-15
1701.4926189757684 -1.5772617451481272e-15 1.04184650171629e-15
1703.036480310731 2.819543982513807e-16 1.0942800646128177e-15
1704.580350095 -4.744106070816024e-16 1.037491481817982e-15
1706.124228328715 1.8404778687821114e-15 1.1357755734240954e-15
1707.668115012014 1.2843250353400024e-15 1.101708543560238e-15
1709.2120101450362 -1.4025602998044213e-16 1.0278038601211161e-15
1710.75591372792 1.1946427750714932e-15 1.0608662030304116e-15
1712.2998257608044 3.22772148355957e-16 1.013110697222451e-15
1713.8437462438278 9.231301754773899e-16 1.040793957400208e-15
1715.387675177129 -1.3195616588853405e-16 9.727026728363294e-16
1716.9316125608473 -7.659752823338528e-16 9.451814077097347e-16
1718.475558395121 5.544940252940299e-16 9.88682267023637e-16
1720.0195126800888 -6.834629971451736e-16 9.24281716769182e-16
1721.5634754158898 -6.80140086893095e-16 9.126355431400275e-16
1723.107446602662 1.2862717288110296e-15 9.899049590829986e-16
1724.6514262405453 9.480902247297244e-16 9.445814966248418e-16
1726.195414329678 -1.1656192440733838e-16 9.11061226528437e-16
1727.7394108701985 1.338789253848454e-15 9.597967494563708e-16
1729.283415862246 -1.2160061106715491e-15 8.481143965697073e-16
1730.8274293059592 8.500643193538459e-16 9.096892449121218e-16
1732.371451201477 -1.2646549186015078e-15 8.228222045229307e-16
1733.9154815489376 1.887920766492976e-16 8.655293939652557e-16
1735.4595203484805 -1.0023093066092846e-16 8.534470513078243e-16
1737.0035676002442 2.1968028185936038e-15 9.234766119528169e-16
1738.5476233043678 -1.1211677490948662e-15 8.020576682770243e-16
1740.0916874609898 1.1179673409827842e-15 8.708644309835369e-16
1741.6357600702488 -3.975995153724347e-16 8.014839622739372e-16
1743.1798411322843 -1.6080103116828792e-15 7.333378852662829e-16
1744.7239306472343 -9.370858506116823e-17 8.09396467611154e-16
1746.268028615238 4.610317746192799e-16 8.162938039610866e-16
1747.812135036435 1.396292944209009e-15 8.436007168124667e-16
1749.3562499109626 -3.1283496957700636e-16 7.74241847443022e-16
1750.9003732389613 -6.247618668949969e-16 7.387011390696196e-16
1752.4445050205682 -1.0772679372628071e-15 7.144624971905497e-16
1753.9886452559233 -4.16279318246691e-16 7.48797030647062e-16
1755.5327939451656 1.2690253968511032e-15 8.004638169680878e-16
1757.0769510884331 -5.846896910724616e-16 7.208032270150178e-16
1758.6211166858652 1.9312647658929587e-15 8.232704437707058e-16
1760.1652907376008 9.917728784899311e-16 7.70137496357542e-16
1761.7094732437786 -1.993072760054105e-16 7.1959366396633865e-16
1763.2536642045372 5.258674880503867e-16 7.441409964151235e-16
1764.797863620016 -1.1302172373450943e-15 6.574621561589004e-16
1766.3420714903536 -4.1950259624834885e-16 6.918286121696123e-16
1767.8862878156888 -1.853056096290601e-16 6.914770405569426e-16
1769.4305125961607 -2.029389363842082e-17 6.833445713512356e-16
1770.9747458319082 1.169116166656564e-15 7.41544311036197e-16
1772.5189875230697 4.274666647162298e-16 7.028583046318434e-16
1774.0632376697845 -2.735865597654555e-16 6.555165744186165e-16
1775.6074962721918 6.277501461933509e-16 7.013449743924552e-16
1777.1517633304297 4.673557226034806e-16 6.857982669807537e-16
1778.696038844638 2.856462442915478e-16 6.76888909743737e-16
1780.240322814955 1.1028004749083671e-15 6.991743995255568e-16
1781.7846152415198 -1.5350491170678803e-15 5.729314443964734e-16
1783.3289161244713 4.0059053429297747e-17 6.53097924777291e-16
1784.873225463948 -1.6156486430429816e-16 6.252125413624954e-16
1786.41754326009 -1.8114661168359248e-16 6.283246992293853e-16
1787.961869513035 1.6216793058691954e-15 7.025311381559664e-16
1789.5062042229224 1.3202614669184502e-15 6.672504159578119e-16
1791.0505473898918 -1.528940791908315e-16 6.215758583430183e-16
1792.5948990140805 -5.455298226736784e-16 5.856692846759612e-16
1794.139259095629 6.992820256494173e-16 6.404412408420621e-16
1795.6836276346758 2.383140961385367e-16 6.155514423847905e-16
1797.2280046313592 -5.407760090758913e-16 5.770990053156422e-16
1798.7723900858189 3.9501982359201255e-16 6.102099996798456e-16
1800.3167839981938 -1.593846676725146e-16 5.895459956568665e-16
1801.8611863686226 1.1345432463649588e-15 6.310595039182734e-16
1803.405597197244 2.1413571006575214e-15 6.659552496419009e-16
1804.9500164841977 4.038560712977694e-16 5.916291673115201e-16
1806.4944442296223 9.711564141911167e-16 6.244953162144078e-16
1808.038880433657 3.2432216570987317e-16 5.83806129829357e-16
1809.5833250964401 8.973801224179529e-17 5.638266343068778e-16
1811.1277782181114 5.445750577234452e-16 5.876137017459427e-16
1812.6722397988092 5.531138380460382e-16 5.770072081199835e-16
1814.216709838673 -1.3402427623859423e-16 5.520481647192739e-16
1815.7611883378418 1.204040182104806e-15 5.978119254913252e-16
1817.3056752964542 1.6123422697857092e-17 5.438548679600422e-16
1818.8501707146495 9.548115370453056e-16 5.835568374450682e-16
1820.3946745925668 9.040428174066062e-16 5.668688060765008e-16
1821.939186930345 -8.246084778946818e-17 5.377854533764916e-16
1823.483707728123 3.268732436585459e-16 5.385617590726501e-16
1825.0282369860395 3.2725491141062278e-16 5.346551372407949e-16
1826.5727747042342 -5.088942183368314e-16 5.038767657342114e-16
1828.117320882846 1.2561231792402889e-15 5.687102557038316e-16
1829.6618755220134 -7.269598330525765e-16 4.768068632893848e-16
1831.206438621876 5.944674158990916e-16 5.407885557514225e-16
1832.7510101825726 3.4179139968382546e-16 5.16833987547038e-16
1834.2955902042427 -4.303427121490726e-16 4.840181312253935e-16
1835.8401786870243 7.657814441378296e-17 5.042537483352988e-16
1837.3847756310574 -2.2178292137516648e-17 4.969276015558187e-16
1838.9293810364807 1.884618694574889e-17 4.898609644955537e-16
1840.4739949034333 2.5211689506073954e-16 5.027943635067388e-16
1842.018617232054 8.789195025536885e-16 5.209424149785766e-16
1843.5632480224824 -5.989860322702279e-17 4.856875802248725e-16
1845.1078872748571 2.2585958837990547e-16 4.940468425022068e-16
1846.6525349893175 3.514105440608617e-16 4.932537020262216e-16
1848.1971911660028 6.550685469290782e-16 5.007584668784539e-16
1849.7418558050513 3.5793275069427902e-16 4.941418160714177e-16
1851.2865289066028 -8.090087118097687e-17 4.684456951879192e-16
1852.8312104707961 6.075384048246464e-16 4.9302860302048875e-16
1854.3759004977705 -2.226839030419715e-16 4.585537267925283e-16
1855.9205989876652 2.1274496402267734e-16 4.650936681782787e-16
1857.4653059406187 -2.2895861723611294e-16 4.49009412482426e-16
1859.010021356771 -7.835212919035398e-17 4.5569541411201865e-16
1860.55474523626 7.224928989261125e-17 4.565781812617352e-16
1862.0994775792258 2.800919051492665e-16 4.68838930233682e-16
1863.644218385807 2.3793880760334383e-16 4.607906878666677e-16
1865.1889676561432 2.408272164232606e-16 4.554762972764758e-16
1866.7337253903734 3.922935157023766e-17 4.477376983912421e-16
1868.2784915886364 5.757010303757582e-16 4.614135217806956e-16
1869.8232662510713 6.173159178930396e-16 4.69533338431753e-16
1871.368049377818 2.1422417471615897e-16 4.499958882286221e-16
1872.9128409690145 2.650850224227621e-16 4.45863637995442e-16
1874.4576410248005 3.3783099125981957e-16 4.478804234428545e-16
1876.0024495453154 -3.5531556447105105e-17 4.294480865380944e-16
1877.547266530698 -4.1057214259698955e-16 4.121231658025306e-16
1879.092091981088 2.350805213926138e-16 4.3502185449860334e-16
1880.6369258966236 4.517825454121774e-16 4.4208335642162563e-16
1882.1817682774445 -2.1406114734359212e-16 4.175266536708618e-16
1883.7266191236902 4.9604228007237055e-17 4.2130436767605676e-16
1885.2714784354994 6.085148882290428e-17 4.262573663653467e-16
1886.8163462130112 -4.062489129039832e-16 4.0276316056779495e-16
1888.361222456365 7.242417572643966e-16 4.428344628876034e-16
1889.9061071657002 -5.42674421668925e-16 3.9100814320491817e-16
1891.4510003411553 4.72260837461471e-16 4.2674967779615864e-16
1892.9959019828702 4.224278245316916e-16 4.274946432732688e-16
1894.5408120909835 -6.960321190494802e-16 3.7581284858720886e-16
1896.0857306656353 1.3386560314477186e-16 4.0960477803166594e-16
1897.6306577069638 4.776079976388098e-16 4.237152881417385e-16
1899.1755932151086 -3.2513161157009306e-16 3.8912031852372515e-16
1900.7205371902091 2.1476164359097142e-16 4.0823351109940003e-16
1902.265489632404 9.92013859363425e-16 4.3707146247272193e-16
1903.810450541833 3.4818226327085916e-16 4.093767673501769e-16
1905.3554199186353 6.180726359522929e-16 4.2398440639094897e-16
1906.9003977629495 -1.3063760028745512e-16 3.8082344551691207e-16
1908.4453840749156 1.8768080912716936e-16 3.983181963584004e-16
1909.9903788546726 -4.187246229560754e-16 3.6701148805096703e-16
1911.5353821023598 7.8581668501615e-17 3.923750690933294e-16
1913.0803938181161 -2.5137317366327066e-16 3.759525560839466e-16
1914.6254140020806 -1.7978406654370533e-16 3.717408171026226e-16
1916.1704426543931 9.926397637718867e-17 3.8770241183980105e-16
1917.7154797751928 4.071630732123074e-16 3.9499205679321037e-16
1919.2605253646188 -1.430290173264057e-16 3.720590367929942e-16
1920.80557942281 7.033767417351222e-16 4.048946395702216e-16
1922.3506419499063 3.492029379723006e-16 3.857831410604412e-16
1923.8957129460464 3.0219896214679133e-16 3.83221660488385e-16
1925.4407924113702 6.590610367259613e-16 3.973403497603545e-16
1926.985880346016 -5.371556711453182e-17 3.703192046495543e-16
1928.5309767501244 3.3351766126438426e-16 3.821264998271444e-16
1930.0760816238335 6.474853256501064e-16 3.971530495998929e-16
1931.6211949672831 2.641682416062573e-16 3.7252757836172385e-16
1933.1663167806123 5.971028480722713e-18 3.625966464507592e-16
1934.7114470639608 6.1283606651413e-16 3.823759245603312e-16
1936.256585817467 -1.140662080027026e-16 3.5740256100885704e-16
1937.8017330412713 3.9637735270866517e-16 3.7483751661822513e-16
1939.3468887355127 4.2517460679584947e-17 3.5772858928421114e-16
1940.8920529003299 5.105393680786361e-16 3.7581716316128393e-16
1942.4372255358628 3.129949793946986e-16 3.6428496840309424e-16
1943.9824066422502 2.46183773372358e-16 3.6193585487278245e-16
1945.527596219632 2.3243316954680723e-17 3.5067153428416193e-16
1947.0727942681474 -5.2195401054561466e-17 3.4664841895227963e-16
1948.6180007879352 -3.170241298363301e-16 3.344290157760707e-16
1950.1632157791357 -2.368993128886056e-16 3.373400297877673e-16
1951.7084392418872 7.166785471388038e-16 3.7435105500870515e-16
1953.2536711763294 7.363436875587332e-16 3.6912867337240876e-16
1954.798911582602 2.998306580262683e-16 3.54675459025833e-16
1956.3441604608438 -1.9952502964730386e-16 3.3235402328331406e-16
1957.8894178111946 -1.4777923103416701e-16 3.3328838003347436e-16
1959.4346836337936 2.868930238503469e-16 3.54830968980993e-16
1960.97995792878 1.9715271535517118e-16 3.4277260794388076e-16
1962.5252406962934 1.8626386859020073e-17 3.2916555304183246e-16
1964.0705319364731 -5.912165563870888e-16 3.0789464991214566e-16
1965.6158316494582 1.2676843319373628e-16 3.3464379156775885e-16
1967.1611398353884 3.4697052970025268e-16 3.453671492706595e-16
1968.706456494403 5.34628614521634e-16 3.5301035107020867e-16
1970.251781626641 3.4283985276459765e-18 3.2987176676160573e-16
1971.7971152322425 6.347626260845508e-16 3.527548912272727e-16
1973.3424573113464 5.136404086380933e-16 3.473515886473987e-16
1974.887807864092 4.3132362924155226e-16 3.3862013479908496e-16
1976.433166890619 6.38331122951774e-16 3.5000761927219217e-16
1977.9785343910667 3.3651089041152374e-16 3.3401058150012706e-16
1979.5239103655747 2.1609697779742803e-16 3.2569592080142163e-16
1981.0692948142819 5.582995325678066e-16 3.4436177410182784e-16
1982.614687737328 2.279349779193561e-16 3.248451291454639e-16
1984.1600891348523 3.4801240669515507e-16 3.2850216742545473e-16
1985.7054990069948 1.5536435813727007e-16 3.2179456645570713e-16
1987.2509173538942 2.2935677566088167e-16 3.1767218945031846e-16
1988.7963441756901 -8.697964283161676e-17 3.059734468388749e-16
1990.341779472522 -1.1963738192481054e-16 3.0133326800491783e-16
1991.887223244529 -1.3712531679805143e-16 2.9781252262009613e-16
1993.4326754918511 -9.727604960698693e-17 3.022361257173521e-16
1994.9781362146277 1.1385495269170145e-16 3.047208439285634e-16
1996.5236054129978 4.662349391955855e-16 3.2022249977538275e-16
1998.0690830871013 3.441598096834669e-16 3.1439001618904685e-16
1999.6145692370771 7.780143204318558e-17 2.989271915089032e-16
2001.1600638630653 -6.907649637809875e-17 2.936252681849037e-16
2002.7055669652048 5.3510544113137895e-16 3.165140042438462e-16
2004.2510785436357 4.5756402173322084e-17 2.9571653959211536e-16
2005.7965985984965 3.863332360201237e-16 3.0765623660727317e-16
2007.3421271299276 4.3621566802841947e-16 3.079014261757237e-16
2008.8876641380684 1.7514816257915394e-16 2.9677715719097575e-16
2010.4332096230576 6.986982081905223e-16 3.148648046257625e-16
2011.9787635850353 3.7405356115576167e-16 3.02225034879699e-16
2013.524326024141 1.8652025487542277e-16 2.931622323303312e-16
2015.0698969405141 -7.54493605150033e-17 2.785972096347179e-16
2016.615476334294 -4.0138742024277635e-16 2.644242837843445e-16
2018.1610642056198 3.860696234850704e-16 2.9788804090129977e-16
2019.706660554632 -3.7556016807113106e-16 2.6347605686967293e-16
2021.2522653814692 3.311439573088225e-16 2.9117366366797413e-16
2022.7978786862716 1.1108174035261126e-16 2.778839814233502e-16
2024.3435004691785 -1.0942204546691547e-16 2.719517597074751e-16
2025.8891307303286 1.2568106788258838e-16 2.774602531914862e-16
2027.4347694698627 5.526371173154116e-16 2.953255809473983e-16
2028.9804166879192 8.720726970130156e-17 2.7841845921306764e-16
2030.5260723846386 1.1735419138059677e-16 2.699425975565879e-16
2032.0717365601597 3.511871060337989e-17 2.7197965885517527e-16
2033.6174092146225 2.881627791778403e-16 2.795240224976917e-16
2035.1630903481666 2.1284693884859288e-16 2.7481838389877965e-16
2036.708779960931 -9.052661976802375e-17 2.608998326303786e-16
2038.2544780530552 5.372611399821411e-16 2.8495281547532213e-16
2039.8001846246796 5.447773927187206e-16 2.855649291286114e-16
2041.345899675943 4.415541725878285e-16 2.81047914179141e-16
2042.891623206985 -5.818490337349463e-17 2.5805276960619967e-16
2044.4373552179459 1.4526817539225204e-16 2.6507522860430945e-16
2045.9830957089646 -8.340902176458056e-17 2.5400646674738627e-16
2047.5288446801803 4.4372660033929897e-16 2.7510674567776054e-16
2049.0746021317336 1.6200312444516346e-16 2.6304115839081705e-16
2050.6203680637636 -3.449427857640851e-16 2.406043144092347e-16
2052.1661424764097 2.247746185838115e-16 2.5982338610331637e-16
2053.7119253698115 3.6494472765966654e-16 2.6726840866298765e-16
2055.2577167441086 -3.9400708982445163e-16 2.3570102596603677e-16
2056.803516599441 -1.8557208090031038e-17 2.4713483255344696e-16
2058.3493249359476 -1.0363631412880106e-16 2.4366866785416395e-16
2059.8951417537687 -1.3038120076734329e-16 2.4508797743640694e-16
2061.4409670530436 1.630145876633035e-16 2.533471839468468e-16
2062.9868008339117 5.3761856141610286e-17 2.4781613821061503e-16
2064.532643096513 3.4617892447148433e-16 2.6075075483166182e-16
2066.0784938409865 -1.448586812843689e-17 2.3804066331525116e-16
2067.624353067473 2.382001437373514e-16 2.527309674777193e-16
2069.1702207761114 6.637990213955466e-16 2.7176533304974033e-16
2070.7160969670404 1.8134060869829332e-16 2.459875528961706e-16
2072.261981640401 -1.663183867345097e-16 2.333160988239239e-16
2073.8078747963323 -6.620563040461301e-17 2.332478332623311e-16
2075.353776434974 3.1705565534383574e-16 2.481881180233577e-16
2076.899686556466 -5.926330204680246e-17 2.3083704514554736e-16
2078.4456051609473 2.493127924888542e-16 2.411718000141155e-16
2079.9915322485585 -4.987930526558034e-17 2.321431699502135e-16
2081.537467819438 -4.860865856825885e-16 2.0834665279983078e-16
2083.083411873727 -4.638458711873262e-18 2.3213279379660963e-16
2084.6293644115635 3.5150752933332233e-16 2.453163057552512e-16
2086.1753254330883 4.50921165844379e-16 2.4370149038087006e-16
2087.721294938441 1.1306747674855096e-16 2.329593920740114e-16
2089.2672729277606 -4.634395187114095e-17 2.2215432216148034e-16
2090.813259401187 -2.973850290620838e-17 2.234013399482959e-16
2092.3592543588607 6.750804944013491e-16 2.5392957203764334e-16
2093.9052578009205 4.9941797106497495e-17 2.235090454814952e-16
2095.4512697275063 2.5063495797995894e-16 2.333897112809962e-16
2096.9972901387578 9.90367068495285e-17 2.2375944959652724e-16
2098.5433190348144 -3.905954793409277e-17 2.18919847443051e-16
2100.089356415817 4.912675685835879e-16 2.3781612017488997e-16
2101.6354022819037 2.650918516258993e-16 2.296689073019449e-16
2103.181456633215 -3.860437856714567e-18 2.1734729107180398e-16
2104.727519469891 -4.59206948013539e-16 1.9233219791278775e-16
2106.2735907920705 -1.9023097386844585e-16 2.0678216971136229e-16
2107.819670599894 5.284972606538153e-16 2.3466338413587065e-16
2109.3657588935007 -3.5621748912375437e-17 2.1106699175416657e-16
2110.9118556730305 -9.676376176438181e-18 2.1236109927889353e-16
2112.457960938623 3.965990371128294e-16 2.2879929563269033e-16
2114.0040746904187 -1.9450867554053728e-16 2.0178336506847163e-16
2115.5501969285565 3.023510905876072e-17 2.1018368197396815e-16
2117.096327653176 -7.277288198546752e-17 2.050930404307494e-16
2118.642466864418 4.317966706728142e-16 2.274541808426709e-16
2120.188614562421 1.2653025811688022e-16 2.1120879036349286e-16
2121.7347707473255 8.48929970183905e-17 2.0969960264461231e-16
2123.2809354192714 -9.528151862677457e-17 2.0297544482772385e-16
2124.8271085783977 1.6228993774203764e-16 2.1022606009111046e-16
2126.373290224845 2.205905405221713e-16 2.1684251237479962e-16
2127.9194803587525 6.10904579931484e-17 2.05067880905238e-16
2129.46567898026 3.406283969774657e-16 2.16186895638735e-16
2131.011886089507 2.4261535591447363e-16 2.1037115418799716e-16
2132.5581016866345 4.666652319327907e-16 2.215469730685194e-16
2134.1043257717815 5.039725333968103e-16 2.225994909148217e-16
2135.650558345087 2.605198854139758e-16 2.0854426293944725e-16
2137.1967994066918 2.4244761692113767e-16 2.1192148917926855e-16
2138.7430489567364 1.2288830761126234e-16 2.05763943464534e-16
2140.289306995359 2.3521514669166803e-16 2.068962809312252e-16
2141.8355735226996 5.808840779195665e-16 2.2297483238957374e-16
2143.3818485388992 3.3270204794551717e-16 2.0963676338783788e-16
2144.928132044096 3.745628661850779e-16 2.1077754471422202e-16
2146.4744240384316 5.478224232245406e-16 2.2029812886691135e-16
2148.0207245220445 4.3081617709680813e-16 2.134666228588482e-16
2149.567033495075 3.991899256100231e-16 2.11366748773266e-16
2151.113350957663 -4.9619676432357095e-17 1.9173019571530636e-16
2152.6596769099483 7.275040517211874e-16 2.218822260620647e-16
2154.2060113520697 4.907949771385792e-16 2.1339434712564577e-16
2155.752354284169 -6.61857358837005e-18 1.9052600603188636e-16
2157.2987057063847 4.818709556436631e-16 2.1101067729806396e-16
2158.845065618857 2.671571297095421e-16 2.0239227587842907e-16
2160.3914340217257 5.613168756841633e-16 2.1142958803004042e-16
2161.9378109151303 2.321323173405768e-16 1.9693563669265766e-16
2163.4841962992114 -1.1969859329013946e-17 1.851947144874188e-16
2165.0305901741085 -3.479772151231746e-17 1.8455006947499906e-16
2166.5769925399613 5.508414074672325e-16 2.0898671854037941e-16
2168.1234033969095 2.4620950199813084e-16 1.9766503793936202e-16
2169.669822745094 -2.32447307717837e-16 1.7528896857174517e-16
2171.216250584653 -4.92828286345908e-17 1.8126354193498298e-16
2172.762686915728 -1.865046277792904e-17 1.7902740142401122e-16
2174.3091317384583 1.4191097354069942e-17 1.8481519078748966e-16
2175.8555850529838 -2.180010284535169e-16 1.7055907041982815e-16
2177.4020468594435 1.2276105414582718e-16 1.8659155122677994e-16
2178.9485171579786 -1.4351500909733775e-17 1.8197268056540224e-16
2180.4949959487285 2.4940744842070984e-16 1.9016752580674058e-16
2182.0414832318334 1.8068695072591921e-16 1.8907251072928778e-16
2183.5879790074323 1.0847301784141093e-16 1.8570724882984645e-16
2185.1344832756654 -9.680727642768578e-17 1.728576663757701e-16
2186.6809960366736 3.713989996037361e-17 1.7977789908505814e-16
2188.227517290596 -3.424801367316167e-17 1.7599960274471192e-16
2189.774047037573 1.8703800376443196e-16 1.8351584224640156e-16
2191.320585277744 2.6708396723872303e-16 1.8870561311422866e-16
2192.8671320112485 2.151014890912776e-16 1.851043069551892e-16
2194.4136872382273 1.2215375799242545e-16 1.8044839183725892e-16
2195.960250958821 1.8971264264428542e-16 1.8543075874701692e-16
2197.5068231731675 -7.568163283100819e-17 1.7091421545274412e-16
2199.053403881408 -5.093210104456843e-17 1.718796477241568e-16
2200.5999930836833 6.033483842974856e-17 1.761647344647571e-16
2202.146590780131 -2.6183571801031088e-17 1.7114348344876421e-16
2203.6931969708935 3.380766572843029e-16 1.8704671232192091e-16
2205.2398116561094 -1.3892557944832204e-16 1.659614020519114e-16
2206.786434835919 -1.2177469255055568e-17 1.699264029826782e-16
2208.333066510462 8.777966545029845e-17 1.7423994473635032e-16
2209.879706679879 3.0419327475132197e-16 1.8332682155026585e-16
2211.426355344309 2.2839425506522516e-16 1.812594258842549e-16
2212.9730125038927 1.289370757667237e-16 1.7451230553356198e-16
2214.51967815877 1.8415621238941561e-16 1.771269771277278e-16
2216.0663523090807 -7.59204299476849e-17 1.653702524640667e-16
2217.6130349549658 2.9098453709272e-16 1.806960563301022e-16
2219.159726096563 2.5497287840064423e-16 1.7784380522912135e-16
2220.706425734015 4.3787685845666276e-16 1.8412746620876817e-16
2222.2531338674594 2.896818268896225e-16 1.7865952442710684e-16
2223.799850497038 -1.5781126426832033e-16 1.5831534151616525e-16
2225.34657562289 3.338319104878156e-16 1.7948461392707133e-16
2226.8933092451557 9.319156409109809e-17 1.7025764580461383e-16
2228.4400513639744 2.0677634635984991e-16 1.7307825228408085e-16
2229.9868019794867 -4.9742128941516995e-17 1.603286197177805e-16
2231.5335610918332 -1.3132855417928802e-16 1.5861990280026237e-16
2233.080328701153 7.025379938288833e-17 1.6409356205431767e-16
2234.627104807587 -1.064603881493959e-16 1.5775263370650257e-16
2236.173889411274 2.0072086811525952e-16 1.7002524113971093e-16
2237.720682512355 2.7655011628966147e-16 1.7296932914101986e-16
2239.2674841109697 5.469020011589794e-18 1.610833922482331e-16
2240.8142942072586 6.358455312378358e-17 1.6310786716661988e-16
2242.3611128013613 -7.058301726668443e-17 1.5897155382227091e-16
2243.9079398934173 1.9759174311964492e-16 1.694631950745383e-16
2245.454775483568 2.0434829994676586e-16 1.6719298795721916e-16
2247.0016195719527 2.5115625381943475e-16 1.7071624797110303e-16
2248.5484721587113 7.271752044143057e-17 1.6194077487931166e-16
2250.0953332439844 1.6934238700043615e-16 1.6408069774143124e-16
2251.6422028279117 1.9530803641472892e-16 1.677085266196316e-16
2253.189080910633 7.070330256263944e-17 1.6179512491705332e-16
2254.7359674922895 4.401017757810834e-16 1.7539364331518008e-16
2256.28286257302 1.393335449264332e-17 1.595015582192357e-16
2257.829766152965 9.83159413684192e-18 1.5808878667255432e-16
2259.376678232265 -1.7546304707729573e-16 1.4805230651542792e-16
2260.92359881106 3.4340287324853186e-17 1.581774074946608e-16
2262.47052788949 3.0547224156211676e-16 1.6775228116531322e-16
2264.0174654676944 1.1566507533487369e-16 1.6030324843403228e-16
2265.5644115458144 7.835942823207915e-17 1.601303081290046e-16
2267.1113661239897 3.234226167198891e-16 1.6946974634498972e-16
2268.65832920236 -1.834316642113651e-18 1.5449814783469434e-16
2270.205300781066 7.323099446103408e-17 1.592068172233708e-16
2271.752280860248 2.0778451409042954e-16 1.6237305284998697e-16
2273.2992694400455 1.4153836176196878e-17 1.5422733551958938e-16
2274.846266520599 3.562148619981289e-16 1.7056091006951047e-16
2276.3932721020483 3.2974903301103756e-17 1.5149413225236716e-16
2277.9402861845333 2.028310124753272e-16 1.6144751053643404e-16
2279.4873087681954 1.6626474572614686e-16 1.6029528103037217e-16
2281.0343398531736 1.076800767159533e-18 1.523197643828135e-16
2282.581379439609 1.138198008243904e-16 1.5969018186867738e-16
2284.128427527641 1.054994425056257e-16 1.5467272926605733e-16
2285.6754841174097 4.4510185097339493e-17 1.5254060175403045e-16
2287.222549209055 2.4234269071479655e-16 1.615577571684751e-16
2288.769622802718 1.1596704258056984e-16 1.5458082619128024e-16
2290.3167048985383 2.375502577085705e-16 1.6219147016191933e-16
2291.863795496657 1.6036161429805403e-16 1.565690375116127e-16
2293.410894597213 3.207849825919188e-16 1.654542278398531e-16
2294.9580022003465 7.26196881360227e-17 1.5224713130758643e-16
2296.5051183061987 4.077698399701171e-16 1.6626334282782797e-16
2298.0522429149087 1.9257272549130592e-17 1.4894040732573425e-16
2299.599376026618 8.177837084455273e-17 1.523325625212509e-16
2301.1465176414654 -3.6817382239539184e-17 1.4823190397002543e-16
2302.6936677595922 1.9639430323002336e-16 1.5587807038489e-16
2304.240826381138 3.81178127328685e-17 1.4961712047614143e-16
2305.7879935062433 1.9494853710306847e-16 1.5673514861350315e-16
2307.3351691350476 6.606461927122987e-17 1.4821930435493502e-16
2308.882353267693 4.572800009980946e-16 1.6721667840996268e-16
2310.429545904317 3.587999536135898e-16 1.6222783963909206e-16
2311.9767470450615 3.3716755270388264e-16 1.602925811128528e-16
2313.523956690067 1.237191542882902e-16 1.530391071132692e-16
2315.0711748394733 1.6061838439508029e-16 1.5169382026968236e-16
2316.61840149342 3.454311531977364e-16 1.6135760593001688e-16
2318.1656366520483 1.5152054909240966e-16 1.5068169530705228e-16
2319.712880315498 4.1426148062553936e-17 1.471458753827474e-16
2321.2601324839093 1.7882077832444038e-16 1.5455720191298573e-16
2322.8073931574227 5.706503846695176e-16 1.666788654280154e-16
2324.354662336178 4.77811073787914e-16 1.6498101435502376e-16
2325.901940020316 6.939009047448496e-17 1.4926996931666518e-16
2327.4492262099766 4.604049702383118e-16 1.616090953060126e-16
2328.9965209053 4.695630904640253e-16 1.6284731189111058e-16
2330.543824106427 4.470076618698273e-16 1.634763397335653e-16
2332.0911358134977 4.646329351945316e-16 1.632641844500577e-16
2333.6384560266515 6.322019396058827e-16 1.69246500223829e-16
2335.18578474603 7.228764460325411e-16 1.70878137143147e-16
2336.733121971773 6.995162302593332e-16 1.7365839044361124e-16
2338.2804677040203 7.841712441067697e-16 1.7125178455200456e-16
2339.8278219429126 4.93559110343266e-16 1.6317744298230294e-16
2341.3751846885903 7.937453104491443e-16 1.741194940042728e-16
2342.9225559411934 8.771478802049469e-16 1.760241402304027e-16
2344.4699357008626 7.925606289932907e-16 1.7447242881059202e-16
2346.0173239677383 5.839781304572088e-16 1.6411927744520072e-16
2347.56472074196 6.431835100087979e-16 1.7027469234267732e-16
2349.1121260236687 4.275676733951899e-16 1.591805459671161e-16
2350.6595398130044 2.7263139776852825e-16 1.5122836243027632e-16
2352.2069621101077 5.718556596139013e-16 1.6606934581312713e-16
2353.7543929151193 4.322322573659397e-16 1.572678529279873e-16
2355.3018322281782 3.3354230462919344e-16 1.5498053309815566e-16
2356.849280049426 2.389288832395657e-16 1.524431532604268e-16
2358.3967363790025 2.7030073367459884e-16 1.5130959818387393e-16
2359.9442012170484 2.61477509100406e-16 1.5051997818857571e-16
2361.491674563704 6.465260608373409e-16 1.6689795579377865e-16
2363.0391564191086 2.8924462553994127e-16 1.5034452325448586e-16
2364.586646783405 6.04022159302357e-16 1.6479412447614598e-16
2366.1341456567307 -2.752496758701648e-17 1.3867677675495589e-16
2367.6816530392275 3.453441999717448e-16 1.5240470590555534e-16
2369.2291689310355 1.7044227251733566e-16 1.477306722234877e-16
2370.776693332296 3.5659451804695604e-16 1.5279001325232744e-16
2372.3242262431477 -1.3879818039909907e-16 1.32279679534826e-16
2373.871767663732 5.24817326014469e-16 1.5881564682041692e-16
2375.419317594189 6.496773807431516e-17 1.406067810299442e-16
2376.9668760346594 2.6248269898078045e-16 1.5041662693412089e-16
2378.5144429852844 4.877654579236057e-16 1.579057746163882e-16
2380.062018446202 1.660519286981492e-16 1.4684044059592343e-16
2381.6096024175545 2.517967166066774e-16 1.479523036880927e-16
2383.157194899482 3.179485074795806e-17 1.3688981516893513e-16
2384.704795892125 1.4788124556475195e-16 1.4444570640046811e-16
2386.252405395623 2.6836481340386954e-16 1.4856542319300681e-16
2387.800023410118 1.8121594927125912e-16 1.4408571739788503e-16
2389.3476499357484 1.4508275458614215e-16 1.4557083085221784e-16
2390.895284972656 2.494721935016156e-16 1.4599105183828458e-16
2392.442928520981 3.496521830717006e-16 1.5373687697334954e-16
2393.9905805808635 3.5661659384314385e-16 1.4983405355486714e-16
2395.5382411524442 4.3103465865764053e-16 1.5512839328701074e-16
2397.0859102358636 6.94995615419837e-16 1.6438067975365727e-16
2398.6335878312625 7.077788778411212e-17 1.3913975966996917e-16
2400.1812739387806 2.5491723892392146e-16 1.4692343658986455e-16
2401.728968558559 2.1886485647592847e-16 1.4387405180530007e-16
2403.276671690737 2.1664281112259462e-16 1.45220926835663e-16
2404.824383335457 2.7952447248394494e-16 1.459881931020876e-16
2406.372103492857 2.0077603113594945e-16 1.4405912850427513e-16
2407.9198321630797 5.042737065491184e-16 1.5729339626530293e-16
2409.4675693462646 2.924504070172824e-16 1.4711832034218204e-16
2411.0153150425517 2.1660482698886618e-16 1.4433211134130743e-16
2412.5630692520826 2.1955059582117983e-16 1.430728248116465e-16
2414.1108319749974 2.402797684415383e-16 1.4492308887558472e-16
2415.6586032114355 2.630952361505433e-16 1.4571326473625457e-16
2417.2063829615386 2.240455879140216e-16 1.4165133147258637e-16
2418.754171225447 2.9071653057425283e-16 1.4702191740487266e-16
2420.301968003301 2.6276026108968385e-16 1.4504826446332114e-16
2421.8497732952414 3.654981908988033e-18 1.3487021068999506e-16
2423.397587101408 7.844626234406252e-17 1.3637963663689202e-16
2424.9454094219423 1.8359818973074244e-16 1.4382876201240156e-16
2426.4932402569843 4.258923745744189e-16 1.5034607173659256e-16
2428.041079606674 4.350806174093191e-16 1.5037745166031038e-16
2429.5889274711526 2.6781572429581194e-16 1.4535690209347693e-16
2431.1367838505603 2.5871051715952223e-16 1.445015708703175e-16
2432.684648745038 2.505515252346544e-16 1.4285053160255145e-16
2434.2325221547258 3.8014012815649426e-16 1.4809685515449757e-16
2435.7804040797646 2.8334805861718966e-16 1.4495653344211146e-16
2437.3282945202945 3.3251472793272086e-17 1.3325742025375347e-16
2438.8761934764566 2.895772977299754e-16 1.4552288084646937e-16
2440.4241009483917 4.531707265336088e-16 1.5102176580048508e-16
2441.9720169362386 4.808840547266322e-18 1.338148341074958e-16
2443.5199414401395 4.0727787264643997e-16 1.4761710363410662e-16
2445.067874460235 3.5893431421484803e-16 1.4707341436108777e-16
2446.6158159966644 2.6206476763064926e-16 1.4279794938537268e-16
2448.16376604957 2.9752156680271427e-16 1.4363881487397979e-16
2449.711724619091 2.3385684995140695e-16 1.4060790599557728e-16
2451.2596917053684 4.162882385624168e-16 1.4799510532170865e-16
2452.8076673085425 3.797744746210764e-16 1.4821821909397136e-16
2454.3556514287543 -6.578602484092201e-17 1.2828201489603071e-16
2455.9036440661444 2.697834083020633e-16 1.433923944607778e-16
2457.4516452208527 3.9601045509360605e-16 1.4682041620765475e-16
2458.9996548930208 1.3799151386573736e-16 1.3634096428889395e-16
2460.5476730827886 2.947191582967234e-16 1.4142215612079488e-16
2462.095699790297 9.502713742735736e-17 1.3404119042775971e-16
2463.6437350156866 3.59801173027024e-16 1.4666016816194607e-16
2465.191778759098 4.3889812872814523e-17 1.3139003024241296e-16
2466.7398310206713 3.0322146326302527e-16 1.4335425150837174e-16
2468.287891800548 6.581456588077754e-17 1.3330228653017835e-16
2469.8359610988678 2.1431486018107438e-16 1.3803653896083984e-16
2471.384038915772 3.116357297423719e-16 1.4296255170982583e-16
2472.932125251402 8.260524705464034e-17 1.3152038067206151e-16
2474.4802201058965 2.7688959121305323e-16 1.4054637699289314e-16
2476.028323479397 3.6886146094732963e-16 1.461940221082704e-16
2477.576435372044 1.8878998553670907e-16 1.3629850676241282e-16
2479.124555783979 1.1611786738474031e-16 1.3432764638260928e-16
2480.6726847153413 3.3859371795904247e-16 1.442145987547657e-16
2482.220822166273 2.6761765093505244e-16 1.3876874600418198e-16
2483.768968136914 5.56994241561198e-17 1.30623055143564e-16
2485.3171226274044 1.3979651460655667e-16 1.3652858208671077e-16
2486.8652856378862 2.3022082867641986e-16 1.345869046389181e-16
2488.413457168499 1.9009892937290278e-16 1.3721724634260812e-16
2489.9616372193836 4.493556901391754e-16 1.471987487675018e-16
2491.509825790681 1.879822469772735e-16 1.3615513320120023e-16
2493.0580228825315 2.189900585334445e-16 1.3751570634250705e-16
2494.6062284950763 2.3302996050642954e-16 1.3847805488459615e-16
2496.154442628456 1.1025799419396156e-16 1.323017950356832e-16
2497.702665282811 4.963115439053688e-16 1.4844646800347679e-16
2499.2508964582817 1.8953375987373715e-16 1.3562748461462e-16
2500.7991361550094 1.5764142092750604e-16 1.3413841392823675e-16
2502.3473843731344 2.0028644609243647e-16 1.3618026625693204e-16
2503.8956411127974 2.8321049517259964e-16 1.3938783444439627e-16
2505.4439063741397 9.997807809128325e-17 1.3018257154121215e-16
2506.992180157302 2.3914177967690215e-16 1.3775593282728225e-16
2508.540462462424 2.7576502262667514e-16 1.3822169506915371e-16
2510.088753289647 3.3663548366410893e-16 1.3969501623667396e-16
2511.6370526391124 2.526339027959199e-16 1.3901132829934173e-16
2513.1853605109595 3.073881506794672e-16 1.3957820509929167e-16
2514.7336769053304 -5.488964576929366e-18 1.2665553958373505e-16
2516.282001822365 2.027703040358107e-16 1.3382015453319575e-16
2517.8303352622047 4.910781508407581e-16 1.4532504571372628e-16
2519.37867722499 4.457405005807349e-16 1.452505332841475e-16
2520.927027710861 7.392611866664323e-16 1.5375383086718442e-16
2522.4753867199584 3.763188978336341e-16 1.4174418745942913e-16
2524.023754252424 2.6692186630844223e-16 1.3867720027142951e-16
2525.5721303083983 5.875810909774734e-16 1.4734019003480347e-16
2527.1205148880217 3.6663736418607665e-16 1.4191647925485657e-16
2528.6689079914354 2.0908399498041565e-16 1.3493253378606726e-16
2530.2173096187794 3.763985454004556e-16 1.4144780533722893e-16
2531.765719770195 1.8540438161164383e-16 1.3297997725885828e-16
2533.314138445823 2.915322497722383e-16 1.3632591621919038e-16
2534.8625656458044 1.1559440102333716e-16 1.3052569929418895e-16
2536.4110013702793 5.152996403026461e-16 1.4467850811206504e-16
2537.959445619389 2.1596972433199287e-16 1.3421202638530907e-16
2539.507898393274 1.8830778556170496e-16 1.3404035662970226e-16
2541.056359692075 1.971859613983509e-16 1.3235858594781865e-16
2542.604829515934 7.543186399068657e-17 1.282880632406697e-16
2544.1533078649904 1.057927475159472e-16 1.2932423599806793e-16
2545.7017947393856 1.8128602801275462e-16 1.318664862752435e-16
2547.2502901392604 4.457218129163361e-16 1.4439360063932217e-16
2548.798794064755 2.455193289647962e-16 1.326806437562325e-16
2550.347306516011 -4.3501269595486115e-17 1.2238413771918882e-16
2551.8958274931692 1.79707198303742e-16 1.3080500840854605e-16
2553.4443569963696 2.8450248511495847e-16 1.3666042805890683e-16
2554.992895025754 1.8132847230434594e-16 1.3299215335747506e-16
2556.541441581463 3.639882686435388e-16 1.3692091715996712e-16
2558.089996663637 4.958744616696958e-17 1.2778974316988816e-16
2559.638560272417 -5.121292555380773e-17 1.213169820847668e-16
2561.187132407945 3.151570045227856e-16 1.3523716124461338e-16
2562.73571307036 -6.05397873157596e-17 1.2219632139802498e-16
2564.284302259804 3.3835953981890625e-16 1.3691187773023314e-16
2565.832899976417 2.0437656967138047e-16 1.31936763540086e-16
2567.381506220341 8.285787463115893e-17 1.290383756132594e-16
2568.930120991716 1.607215503610779e-16 1.291474046354388e-16
2570.4787442906836 6.368644854036032e-17 1.2652199954564449e-16
2572.0273761173835 1.744797079999825e-16 1.3135088143838205e-16
2573.576016471958 1.7357430918870645e-16 1.290787552620418e-16
2575.1246653545472 1.8697234547612995e-16 1.3247347802617981e-16
2576.673322765292 7.335366865459815e-17 1.2614683012445983e-16
2578.2219887043334 4.899727728445913e-16 1.43823282768024e-16
2579.7706631718124 3.402527378653584e-16 1.3876854748083497e-16
2581.3193461678698 2.491304157073985e-16 1.3292695829031609e-16
2582.868037692646 1.7129086718158646e-16 1.3016344712544993e-16
2584.4167377462827 1.5577706170592993e-16 1.3039362832886628e-16
2585.9654463289203 6.17394771366473e-17 1.250404992162273e-16
2587.5141634407 1.7555415605868477e-16 1.3118699379797814e-16
2589.062889081763 1.781080662737749e-16 1.3083783093525216e-16
2590.6116232522495 1.744644680243768e-17 1.2532442730712491e-16
2592.1603659523007 1.03365376082243e-16 1.2593499247830745e-16
2593.709117182058 3.41715669644385e-16 1.3759383189700146e-16
2595.257876941662 2.2048210707003294e-16 1.3337695777843473e-16
2596.806645231253 3.8585715718165246e-17 1.2519569153403206e-16
2598.3554220509727 2.0553962531729943e-16 1.325417038831032e-16
2599.9042074009617 5.037157235951147e-16 1.452630534898991e-16
2601.4530012813616 2.8651916468325255e-16 1.3418101703850568e-16
2603.0018036923125 1.3002678365336637e-16 1.28395636424971e-16
2604.5506146339562 3.991871462831649e-16 1.3858292815137807e-16
2606.0994341064325 4.0650672855730373e-16 1.4023042046867748e-16
2607.648262109884 3.2415948244444114e-16 1.3795596495173228e-16
2609.19709864445 2.4541707620619484e-16 1.3398445245518348e-16
2610.7459437102725 1.9172251947922186e-16 1.3145046074924363e-16
2612.294797307492 2.776160278444422e-16 1.3464521756338064e-16
2613.8436594362493 5.417588319925023e-16 1.4662236931667485e-16
2615.3925300966857 2.5117036221196246e-16 1.331641142806575e-16
2616.941409288943 4.56724400324255e-16 1.416347084509965e-16
2618.4902970131607 2.972132732796933e-16 1.3620116414792758e-16
2620.0391932694806 4.428359716650407e-16 1.4142588835971872e-16
2621.588098058044 5.470389706878896e-16 1.4683782008774286e-16
2623.1370113789917 2.144635144633175e-16 1.334873499942636e-16
2624.6859332324643 1.2803431069851803e-16 1.280180582538426e-16
2626.2348636186025 3.6129777436570394e-16 1.3805682804690454e-16
2627.783802537548 4.780931357593497e-16 1.4309541676853655e-16
2629.332749989442 4.3872074150014446e-16 1.4224021789427513e-16
2630.881705974425 3.3407601479530245e-16 1.3634924932990928e-16
2632.430670492639 5.0171413180119355e-16 1.4435738998082705e-16
2633.979643544223 4.2040280698282296e-16 1.4152088839870921e-16
2635.52862512932 4.0572714060847456e-16 1.3962624774926875e-16
2637.07761524807 4.666156805053763e-16 1.4325299136650545e-16
2638.6266139006148 6.923940596014638e-16 1.5101047643948496e-16
2640.1756210870944 5.329825648073229e-16 1.4524537167712518e-16
2641.7246368076508 2.9451200580156054e-16 1.3587591673107173e-16
2643.2736610624247 2.347891685285379e-16 1.3315261316142055e-16
2644.8226938515572 -4.341025987577058e-17 1.2229911678710817e-16
2646.3717351751893 2.0886817363243321e-16 1.318943986578335e-16
2647.920785033462 3.6606977270207746e-16 1.383417090498678e-16
2649.469843426516 3.531680050775164e-17 1.260511551060895e-16
2651.018910354494 3.364101199605801e-16 1.375852159837411e-16
2652.567985817535 2.9959751220753656e-16 1.3866558003818437e-16
2654.1170698157816 1.2576526825150137e-16 1.2804255603486396e-16
2655.666162349374 1.3729116320214586e-16 1.290539398436652e-16
2657.215263418453 -2.767161016600988e-17 1.2279031648717686e-16
2658.764373023161 2.4724645230530486e-17 1.2470463741775118e-16
2660.313491163639 1.902473718969091e-16 1.3186777005955418e-16
2661.862617840026 3.4044789458727806e-19 1.236520401621101e-16
2663.411753052465 2.22629375295992e-16 1.347912513374432e-16
2664.960896801097 1.5730487091476027e-17 1.2532004655860083e-16
2666.5100490860627 2.3794706617457956e-16 1.3485172154894328e-16
2668.0592099075034 3.821827547262429e-17 1.2562406521221612e-16
2669.60837926556 -1.811892280287512e-16 1.1558287343432062e-16
2671.157557160374 7.756744580895148e-17 1.281256976125929e-16
2672.7067435920853 3.509662488102472e-17 1.2516083083429663e-16
2674.2559385608374 3.125656925091183e-16 1.3961483927426042e-16
2675.805142066769 2.9387646804768502e-18 1.2426710519582493e-16
2677.354354110023 -3.813460449930333e-17 1.2427857984528227e-16
2678.9035746907393 3.182970615373757e-16 1.3903188208320245e-16
2680.45280380906 1.5540767593158825e-16 1.3037266426342174e-16
2682.0020414651253 3.970107480647542e-16 1.4201707765223282e-16
2683.5512876590774 7.310083593728764e-17 1.277716378406406e-16
2685.1005423910565 8.140545797207912e-17 1.2757908342892805e-16
2686.649805661205 1.5523464298233195e-16 1.3429001959090547e-16
2688.1990774696624 1.8245198209953996e-16 1.3273624352828586e-16
2689.748357816571 1.8335386043012898e-16 1.3420347664649772e-16
2691.2976467020717 1.3131407024676221e-17 1.2556068332495986e-16
2692.846944126306 6.849982575969619e-17 1.2963091486453319e-16
2694.396250089414 8.79381003161044e-17 1.2948406052730297e-16
2695.945564591538 -1.083431968073544e-16 1.2317112397141667e-16
2697.49488763282 9.338571992447653e-17 1.283207534184778e-16
2699.0442192133987 1.7817867441086242e-16 1.3267990260240365e-16
2700.593559333417 -1.963261898696633e-17 1.2625158427723355e-16
2702.142907993016 2.229474427851309e-17 1.2681967868704517e-16
2703.6922651923364 4.319002138331711e-17 1.2847336493277138e-16
2705.2416309315195 2.300903856025427e-16 1.38709863979458e-16
2706.791005210707 1.5603375901106228e-17 1.2655319418090509e-16
2708.3403880300393 1.7577597281174699e-16 1.3462214915045776e-16
2709.8897793896585 9.242397356987338e-17 1.3092470475190493e-16
2711.439179289706 4.768268413555392e-17 1.2967710462993815e-16
2712.988587730322 2.4128548771750477e-16 1.3890284190764418e-16
2714.538004711648 6.54442668990396e-17 1.297201312566807e-16
2716.087430233825 6.73520100893829e-17 1.2953821769636805e-16
2717.6368642969956 -1.956526332404736e-17 1.266360313561686e-16
2719.1863069012998 3.2364344747366116e-17 1.2833420006651546e-16
2720.735758046879 1.1553404992584529e-16 1.3329801166077267e-16
2722.2852177338746 -5.981326465758692e-17 1.2641027060594572e-16
2723.8346859624285 -3.818879144687045e-17 1.2462006647192376e-16
2725.384162732681 -8.429069041844368e-17 1.237503886282202e-16
2726.933648044773 2.1689186527886698e-16 1.3805034295090213e-16
2728.483141898847 4.870347464228111e-17 1.2953251345886388e-16
2730.032644295044 2.602399674946879e-16 1.3973517089232974e-16
2731.5821552335046 3.834917184147713e-17 1.29812087271017e-16
2733.131674714371 1.940132009710629e-16 1.3664829166495945e-16
2734.6812027377837 2.398196707325016e-16 1.389436318380104e-16
2736.230739303884 4.1498317254893473e-16 1.4555513427291403e-16
2737.780284412814 -2.7437436988957344e-17 1.2852273107172855e-16
2739.3298380647143 2.5145586525474636e-16 1.3918016578853116e-16
2740.879400259726 2.7365800170060046e-16 1.4087878448513125e-16
2742.428970997991 6.946550949401509e-17 1.322815324193981e-16
2743.9785502796503 3.699265254691631e-16 1.4483047111675838e-16
2745.5281381048453 4.416788717195321e-16 1.4707788775384045e-16
2747.0777344737176 5.310972282854124e-16 1.5166989158892243e-16
2748.627339386408 3.212465890783928e-16 1.4420577108326853e-16
2750.176952843058 3.2839012084840075e-16 1.4402400310674368e-16
2751.7265748438085 1.535867403834487e-16 1.3698470932880721e-16
2753.2762053888023 4.920924198555359e-16 1.5150049823436137e-16
2754.825844478179 5.519255037605996e-16 1.531186090963029e-16
2756.375492112081 4.683163638447853e-16 1.4989472228971423e-16
2757.925148290649 4.476000025977541e-16 1.5109933548960785e-16
2759.474813014025 3.031471361219037e-16 1.418905124010673e-16
2761.0244862823497 4.1205548257608905e-16 1.4850010901183963e-16
2762.574168095765 4.462126685092699e-16 1.5011676403590306e-16
2764.1238584544117 4.563866988760966e-16 1.49628978937403e-16
2765.673557358432 2.6396429195442623e-16 1.4412188835171075e-16
2767.223264807966 2.371727192421115e-16 1.3958731070347466e-16
2768.7729808031563 4.651935121869363e-16 1.5255666891024868e-16
2770.3227053441437 5.357559624348703e-16 1.5482556577347753e-16
2771.87243843107 3.7283634834077764e-16 1.4551115473410581e-16
2773.4221800640753 4.0857399187441666e-16 1.5197258675355763e-16
2774.971930243303 1.349551786825165e-16 1.368723054097286e-16
2776.5216889688927 6.000400985986369e-16 1.586655367002957e-16
2778.071456240987 1.8373198123173922e-16 1.4471943039132926e-16
2779.621232059726 3.1876086501555665e-16 1.4522260766666772e-16
2781.171016425253 2.6236861423069714e-16 1.4476288053454545e-16
2782.720809337708 3.7656178453125927e-16 1.494200662018966e-16
2784.270610797232 3.7901378609488286e-16 1.4761334492540318e-16
2785.820420803968 8.814216246449879e-17 1.403913831984354e-16
2787.370239358056 2.5247121953048785e-16 1.447435311256566e-16
2788.920066459638 3.6696183074443425e-16 1.512841474907869e-16
2790.4699021088554 2.5259403930783973e-16 1.4648335003420674e-16
2792.01974630585 3.4160428481182106e-16 1.5114261357925663e-16
2793.5695990507625 2.6894518979141634e-16 1.465920084794717e-16
2795.1194603437348 4.316926709087591e-16 1.5474799608435476e-16
2796.669330184908 3.226301909279531e-16 1.5084398152579028e-16
2798.219208574424 9.763303031911827e-16 1.745517190353889e-16
2799.769095512424 1.2152078879978804e-15 1.84221513335693e-16
2801.3189909990497 1.2722334282597105e-15 1.8743211231292162e-16
2802.868895034442 1.8529840984900844e-15 2.0019455625254918e-16
2804.418807618743 2.2830591482278246e-15 2.1729527795488665e-16
2805.9687287520933 2.622431792391206e-15 2.281002552231891e-16
2807.518658434635 2.936672757251316e-15 2.3444500845415665e-16
2809.06859666651 3.841545137550639e-15 2.5939110813264106e-16
2810.6185434478584 4.184034862959917e-15 2.6746791139184564e-16
2812.1684987788235 4.3059309508828095e-15 2.7092663808306057e-16
2813.718462659545 4.555083574735294e-15 2.743546333601579e-16
2815.2684350901654 3.583214488198181e-15 2.498501290147686e-16
2816.8184160708265 3.578831516212614e-15 2.52997676976986e-16
2818.368405601669 3.861834541252695e-15 2.5999649846191147e-16
2819.9184036828347 3.440956787014479e-15 2.539445804026775e-16
2821.4684103144655 2.715233145608861e-15 2.3233007306398107e-16
2823.0184254967016 1.6769906632040196e-15 1.9913007406586694e-16
2824.568449229686 1.992504612704734e-15 2.105822374454309e-16
2826.11848151356 1.7155290741173142e-15 2.0251735882193688e-16
2827.6685223484633 1.0951461558013852e-15 1.833181262276667e-16
2829.21857173454 8.212360294500786e-16 1.7329406039717348e-16
2830.7686296719303 5.447373704119628e-16 1.6237423075517925e-16
2832.3186961607757 4.493833245890796e-16 1.6137851705590222e-16
2833.8687712012184 3.965882639125315e-16 1.5604440647990706e-16
2835.4188547933986 7.046311445904467e-16 1.6944039135941143e-16
2836.9689469374594 2.90447703492618e-16 1.5385906147599097e-16
2838.5190476335415 1.97904814437884e-16 1.5101672330747096e-16
2840.0691568817865 -2.542048114233867e-17 1.418404315780609e-16
2841.6192746823363 2.1262551914222468e-16 1.5024972173884239e-16
2843.169401035332 8.063091251626407e-17 1.470678027678122e-16
2844.7195359409156 2.610183113638758e-16 1.533915654635556e-16
2846.2696793992286 -8.362689452048213e-17 1.391292776372469e-16
2847.819831410412 2.0699044717215824e-16 1.5346700433542044e-16
2849.3699919746077 3.3924823619925363e-16 1.5793830597551868e-16
2850.9201610919577 1.318697023534651e-16 1.5020390255035185e-16
2852.4703387626037 2.9804699192780796e-16 1.5924514546423405e-16
2854.0205249866863 4.673621812297034e-16 1.6317548421861241e-16
2855.5707197643474 3.0407625185570287e-16 1.5979242139238894e-16
2857.1209230957293 6.303971770930798e-16 1.7111550489172522e-16
2858.671134980973 4.941264106596895e-16 1.6615156094857e-16
2860.22135542022 4.523617571294217e-16 1.6712877227190544e-16
2861.7715844136123 4.94423507465939e-16 1.6717733108258476e-16
2863.321821961291 7.29853509358634e-16 1.7799079191524957e-16
2864.872068063398 5.054281065771076e-16 1.6720741398710209e-16
2866.422322720075 4.2804015896108017e-16 1.6456097865741423e-16
2867.9725859314635 5.100916052868938e-16 1.696596802485217e-16
2869.5228576977056 1.0450512508722266e-15 1.8944041419597177e-16
2871.0731380189422 2.691830207611376e-16 1.5906149813335748e-16
2872.623426895316 4.704442694269657e-16 1.6978343970304943e-16
2874.1737243269667 2.648592616725392e-16 1.6246634558819315e-16
2875.724030314038 4.474527247440502e-16 1.7088613101658672e-16
2877.2743448566703 3.0008569435273065e-16 1.6432905044854416e-16
2878.824667955005 1.578108407518467e-16 1.5649346629084985e-16
2880.3749996091847 1.4127197982622466e-16 1.5756469827133053e-16
2881.925339819351 3.043868151623247e-17 1.5275851421460142e-16
2883.475688585646 3.001336046538097e-16 1.645933511978671e-16
2885.026045908209 3.6408408924569697e-16 1.699718780640339e-16
2886.5764117871845 1.622313998244485e-16 1.5899851329279524e-16
2888.126786222713 1.7741782706599124e-16 1.630677522156335e-16
2889.6771692149355 1.6038862670813756e-16 1.6081697391654202e-16
2891.2275607639945 2.1144234646380843e-16 1.641672142160594e-16
2892.7779608700316 2.158354596836857e-17 1.5634036508563364e-16
2894.3283695331884 2.5476429653738285e-16 1.6682174929830536e-16
2895.8787867536066 2.9322030702677734e-16 1.696988422874424e-16
2897.4292125314278 4.7151730135245934e-17 1.5888420354958531e-16
2898.9796468667937 1.5137260949421577e-16 1.6452701793018526e-16
2900.530089759846 2.059572787347448e-16 1.6619029947101708e-16
2902.0805412107266 1.744394342303185e-16 1.6548334459741496e-16
2903.6310012195772 -1.417088271426037e-17 1.6015155012713496e-16
2905.181469786539 1.59706024031769e-16 1.6638311858052564e-16
2906.731946911754 3.7488296522980124e-16 1.777495860486291e-16
2908.2824325953648 1.0969629223592375e-17 1.5859777406451535e-16
2909.8329268375114 1.1923705297811447e-16 1.6537503025928482e-16
2911.3834296383375 2.865715946991986e-17 1.645541759240566e-16
2912.933940997983 2.394076421432216e-16 1.7152057192897e-16
2914.4844609165907 3.0558590279572645e-16 1.7597035363825205e-16
2916.034989394302 1.1793913380512487e-16 1.6898215976983666e-16
2917.585526431259 1.3118224247253964e-16 1.6854809508903823e-16
2919.1360720276034 8.289821457527192e-17 1.6857939560341724e-16
2920.686626183476 2.3025515998056326e-16 1.7667883052418127e-16
2922.23718889902 2.4772921145440306e-16 1.7563708587817688e-16
2923.7877601743758 1.253989397367037e-16 1.7217618866503462e-16
2925.3383400096864 -5.373586943548632e-18 1.6843817932924219e-16
2926.888928405093 2.2421893519191065e-17 1.6877015007011687e-16
2928.439525360737 5.780780165839906e-17 1.7281477209792555e-16
2929.9901308767608 2.506873152040111e-16 1.7920142699000258e-16
2931.5407449533054 7.142750911509697e-18 1.707001543451052e-16
2933.0913675905135 -1.1981242161423288e-17 1.708779253849102e-16
2934.6419987885265 4.241175692346802e-17 1.745313637748752e-16
2936.192638547486 2.814723306252746e-16 1.848468883485627e-16
2937.743286867534 3.809704388204852e-17 1.7553462136133871e-16
2939.2939437488126 2.858744667312736e-16 1.8511563602085872e-16
2940.8446091914625 2.2256791246775686e-16 1.8455771924130395e-16
2942.3952831956267 1.1296581955999065e-16 1.7961881570965194e-16
2943.945965761447 9.231772387455217e-17 1.78315867278538e-16
2945.4966568890645 4.222938609771274e-16 1.9428099573129328e-16
2947.047356578621 1.725673855377681e-16 1.8428523933008409e-16
2948.598064830259 3.8286209500227556e-16 1.9437587665627556e-16
2950.1487816441195 1.8532456199125491e-16 1.870231674529652e-16
2951.699507020345 1.110277022975544e-16 1.8580858838105154e-16
2953.2502409590775 9.643706347273155e-17 1.8389917759459334e-16
2954.8009834604586 2.928715941503046e-16 1.9402205511233968e-16
2956.351734524629 1.7361503294462366e-16 1.897856462964269e-16
2957.9024941517323 1.8860911753269068e-16 1.90576735364493e-16
2959.45326234191 1.2082346627898297e-16 1.9032946791834376e-16
2961.0040390953027 1.7188495491496695e-16 1.9392136407073482e-16
2962.5548244120537 1.2194680402060959e-16 1.9177479729393522e-16
2964.105618292304 1.514792032966718e-16 1.9470636508949255e-16
2965.6564207361957 3.052405780510427e-16 2.0053100038617655e-16
2967.207231743871 7.626918914627195e-17 1.9205623722555026e-16
2968.758051315471 4.0067771251209566e-16 2.0975485830953086e-16
2970.3088794511386 2.223030823228419e-16 1.9635163394530542e-16
2971.8597161510147 5.240358851810677e-16 2.1634551579299816e-16
2973.4105614152422 6.212770674708743e-16 2.1871441548356222e-16
2974.961415243962 2.03963773458492e-16 2.0277063490805572e-16
2976.512277637317 1.5082730556464121e-16 2.039292701007812e-16
2978.0631485954477 1.8051129726848235e-16 2.0079343501603757e-16
2979.614028118497 4.449244902151738e-16 2.1842521990652388e-16
2981.164916206607 6.312382014003645e-17 2.0192223876715193e-16
2982.715812859919 9.953023589020214e-17 2.0221402838259124e-16
2984.2667180785747 7.869340405875866e-17 2.0645517528905272e-16
2985.8176318627175 4.487933132017578e-16 2.1979324429078858e-16
2987.368554212487 3.796309025365168e-17 2.0597836191419756e-16
2988.9194851280276 9.451938088014781e-17 2.1063492554172807e-16
2990.4704246094793 1.2855110667546156e-16 2.1288496268699072e-16
2992.021372656985 -2.410812998376573e-16 1.973310157905682e-16
2993.572329270686 3.9822232281668305e-16 2.286260773949768e-16
2995.123294450725 -3.327168246999798e-17 2.1023970526249514e-16
2996.6742681972437 2.2409302175906782e-16 2.21459344863148e-16
2998.225250510384 2.7645665149788788e-16 2.252451189162317e-16
2999.776241390287 2.66350621994858e-16 2.2650950087846594e-16
3001.3272408370963 9.323167242463956e-17 2.19759190919331e-16
3002.8782488509523 3.617199938201306e-16 2.3521104387582976e-16
3004.4292654319984 5.531610601328476e-16 2.4155926464792513e-16
3005.9802905803754 5.272001355742138e-16 2.423386937780767e-16
3007.5313242962256 -4.024583412033467e-17 2.22373386057464e-16
3009.082366579691 5.232195571781514e-16 2.452338259220123e-16
3010.6334174309145 2.8622122084405585e-16 2.3844930377274216e-16
3012.1844768500364 3.0833481587714227e-16 2.4120126087881217e-16
3013.7355448372 1.222184898384414e-16 2.299545426936268e-16
3015.2866213925463 3.484030741722965e-16 2.445474380671607e-16
3016.8377065162176 5.436441155748535e-16 2.552718545612454e-16
3018.3888002083568 1.976241421298774e-16 2.4125565627589366e-16
3019.939902469105 -2.2051348037630585e-17 2.36764978757127e-16
3021.4910132986047 1.2346229154703534e-16 2.4056275685526004e-16
3023.042132696997 1.6936066438325112e-16 2.4453613547127076e-16
3024.5932606644246 2.9072002954824393e-18 2.416668907717856e-16
3026.14439720103 1.5377561549579662e-16 2.4839061183731066e-16
3027.695542306955 -4.378403632480369e-17 2.4026957757639165e-16
3029.24669598234 -2.666642888831381e-16 2.348485402441845e-16
3030.7978582273295 5.758111446589013e-16 2.734465611011421e-16
3032.3490290420636 2.0556369958184717e-16 2.5767160477993523e-16
3033.9002084266854 1.119541710533934e-16 2.565310749164573e-16
3035.451396381337 -3.116858899747171e-16 2.4145830890852425e-16
3037.0025929061594 -5.539595144170879e-17 2.542724350928241e-16
3038.553798001296 -7.572033164878587e-17 2.5494021469261573e-16
3040.1050116668875 -2.6061417076891707e-16 2.5084584271404566e-16
3041.656233903077 -5.5433186149802254e-18 2.622506384230124e-16
3043.2074647100067 2.4160518971553407e-16 2.758769368548311e-16
3044.758704087818 -8.734924698164016e-17 2.5994919696576324e-16
3046.3099520366527 1.105862260784675e-16 2.7613049087363577e-16
3047.8612085566533 2.4585552163551734e-16 2.809850749223666e-16
3049.412473647962 -1.7619207774708566e-16 2.6588001578331944e-16
3050.9637473107214 2.5060999697779454e-16 2.899251900432805e-16
3052.515029545072 -2.86906708726401e-16 2.6176041810478895e-16
3054.0663203511576 -2.968904743174506e-17 2.819121260133568e-16
3055.6176197291197 -1.0438840659406898e-16 2.7752777759925014e-16
3057.1689276791 1.0740641410189361e-15 3.2820464710273166e-16
3058.720244201241 9.543039128469941e-17 2.967078328381989e-16
3060.271569295684 3.236344278962619e-16 3.043671812033051e-16
3061.8229029625722 2.5618410904543827e-16 3.0149550128409663e-16
3063.374245202047 -1.1211915718965077e-16 2.9493298117634593e-16
3064.925596014251 -3.0435638153322763e-16 2.8062421241705664e-16
3066.4769553993265 2.422308558959794e-16 3.169222741244228e-16
3068.0283233574146 1.9998618614752462e-16 3.094491671285941e-16
3069.5796998886585 7.693624744456942e-17 3.093051979973405e-16
3071.1310849931997 1.1532132554207625e-16 3.169738107853073e-16
3072.6824786711804 2.329306988329232e-16 3.1850696688961717e-16
3074.2338809227435 3.5059199259645883e-16 3.3683675986820023e-16
3075.78529174803 1.1473539050081309e-16 3.208318605715934e-16
3077.3367111471825 1.0041285480915296e-15 3.5923575206495216e-16
3078.8881391203436 -1.7571004982564896e-16 3.153891444898925e-16
3080.439575667655 1.6245697528621415e-16 3.3192351878787206e-16
3081.991020789259 -1.2035683053438466e-16 3.226361201585839e-16
3083.542474485297 1.2184472331557564e-16 3.3613480778294283e-16
3085.0939367559126 5.795282958083675e-16 3.648178844758152e-16
3086.645407601247 -9.309827135289191e-17 3.3681484289069003e-16
3088.1968870214423 1.6443999852974468e-16 3.481468467057521e-16
3089.7483750166416 5.578380584302307e-16 3.6956208954360694e-16
3091.2998715869862 8.96723923346737e-16 3.8396202022384447e-16
3092.8513767326185 6.058694322812002e-17 3.5323447069409623e-16
3094.4028904536804 -2.6774302835485833e-17 3.5747429411157763e-16
3095.9544127503154 6.704081018456167e-16 3.884908671647968e-16
3097.5059436226643 -8.880973692349848e-17 3.5684627212074777e-16
3099.0574830708692 5.828979516912228e-16 3.9267986860544294e-16
3100.609031095074 2.4801159106319396e-16 3.7834118899520374e-16
3102.1605876954186 4.160009620443996e-16 3.935125814019327e-16
3103.712152872047 5.471998010687495e-16 4.0190021928300003e-16
3105.2637266251004 5.999104496181478e-16 4.0797828948448047e-16
3106.8153089547213 8.891944357203568e-16 4.272406392682109e-16
3108.3668998610533 -1.511360490739154e-16 3.858433598090351e-16
3109.9184993442364 -1.0343700330584519e-16 3.915890225182774e-16
3111.4701074044137 -3.678750646104724e-16 3.787444825572152e-16
3113.021724041728 2.5007787499846162e-17 4.0492375632778346e-16
3114.573349256321 -3.040909161136022e-16 3.9404454456258803e-16
3116.1249830483343 1.8519677913022772e-16 4.1898654142523417e-16
3117.676625417912 1.307306680325347e-16 4.2468024395711837e-16
3119.228276365195 -2.6707608917056907e-17 4.179244944582753e-16
3120.7799358903253 -3.105285253314125e-16 4.036137669352955e-16
3122.331603993446 1.4560661799423933e-16 4.374545595928973e-16
3123.883280674699 1.2290470299274763e-15 4.813275310684402e-16
3125.434965934227 1.11795897653243e-15 4.87582287048762e-16
3126.986659772171 5.196751478103658e-16 4.65494579460126e-16
3128.538362188675 3.214293364367629e-16 4.588913223615683e-16
3130.0900731838797 1.202857724110439e-16 4.624811538711505e-16
3131.641792757929 5.381457600164299e-16 4.747983364132081e-16
3133.193520910964 2.6124425740255586e-16 4.736187371550381e-16
3134.745257643127 1.0409901514066159e-15 5.073560065046176e-16
3136.2970029545604 2.78330711893688e-16 4.843087694054202e-16
3137.848756845407 7.551133553347373e-16 5.048389951622923e-16
3139.4005193158087 -3.471083446077489e-17 4.755457900496008e-16
3140.952290365908 1.1977599092569482e-16 4.855822305020578e-16
3142.5040699958477 -3.338205814221461e-16 4.6946906980688e-16
3144.055858205769 4.990245374958651e-16 5.143817742251776e-16
3145.6076549958148 1.5081655883412293e-16 5.083397293937351e-16
3147.159460366127 5.028059572702043e-16 5.273151202968035e-16
3148.7112743168495 2.6657143289629537e-16 5.275480014177393e-16
3150.263096848122 6.837637467810081e-16 5.470938160712243e-16
3151.8149279600893 -1.235342602307944e-15 5.000590294222586e-16
3153.366767652892 -7.781582101537706e-16 5.312500118532734e-16
3154.918615926674 -7.863364720781885e-16 5.350877063790458e-16
3156.470472781576 -8.796802440194412e-16 5.33820439210835e-16
3158.0223382177423 -2.1069337081508862e-16 4.336828542276719e-16
3159.5742122353136 5.571655142701107e-16 4.941671741202761e-16
3161.1260948344325 8.332545799386699e-16 6.269310123937968e-16
3162.677986015241 7.10520352914469e-17 8.37680168269396e-16
3164.2298857778833 2.700960428689389e-16 3.9699012810644446e-16
