wavelength flux error
1119.1468959266233 0.0 0.0
1119.7309509449108 0.0 0.0
1120.315004695286 0.0 0.0
1120.899057177757 0.0 0.0
1121.483108392332 0.0 0.0
1122.0671583390197 0.0 0.0
1122.6512070178276 0.0 0.0
1123.2352544287648 0.0 0.0
1123.8193005718385 0.0 0.0
1124.4033454470582 0.0 0.0
1124.9873890544313 0.0 0.0
1125.5714313939661 0.0 0.0
1126.1554724656712 0.0 0.0
1126.7395122695548 0.0 0.0
1127.3235508056252 0.0 0.0
1127.9075880738903 0.0 0.0
1128.4916240743587 0.0 0.0
1129.0756588070383 0.0 0.0
1129.6596922719377 0.0 0.0
1130.2437244690652 0.0 0.0
1130.8277553984287 0.0 0.0
1131.411785060037 0.0 0.0
1131.9958134538977 0.0 0.0
1132.5798405800194 0.0 0.0
1133.1638664384102 0.0 0.0
1133.7478910290788 0.0 0.0
1134.331914352033 0.0 0.0
1134.915936407281 0.0 0.0
1135.4999571948315 0.0 0.0
1136.0839767146924 0.0 0.0
1136.6679949668721 0.0 0.0
1137.2520119513788 0.0 0.0
1137.8360276682208 -3.972329057485777e-14 3.3871837897426343e-14
1138.4200421174064 -1.0268636535496639e-15 1.9648231948236373e-14
1139.0040552989435 -9.066692336419813e-15 8.701666875932362e-15
1139.5880672128408 -1.2853120193059668e-14 1.552831112167342e-18
1140.1720778591064 -5.2732209773070655e-15 4.892524136745988e-15
1140.7560872377485 -5.52746278686489e-16 5.471752794649265e-15
1141.3400953487755 -7.017676014814877e-15 8.677456531902047e-19
1141.9241021921953 -5.666513833068525e-16 3.758158555541716e-15
1142.5081077680165 -2.7011736692338605e-15 2.256307306654692e-15
1143.0921120762473 -4.2556904621658415e-15 5.072124691616438e-19
1143.676115116896 -8.193321243777775e-17 2.5043645051481397e-15
1144.2601168899707 -1.6408490378940995e-15 1.518162244714945e-15
1144.8441173954798 -1.3639000749653997e-15 1.4170961792726931e-15
1145.4281166334313 9.092828808556766e-16 1.9296022519757353e-15
1146.0121146038337 -1.1691682591828201e-15 9.847166705228292e-16
1146.596111306695 -1.943009301223113e-15 2.2295464339236316e-19
1147.180106742024 -9.53949575142356e-16 7.95846746251723e-16
1147.7641009098284 -1.5771333137774997e-15 1.7577732773359035e-19
1148.3480938101168 5.030701786101885e-16 1.12014739203078e-15
1148.932085442897 -1.5661664341022635e-16 8.193639807575282e-16
1149.5160758081777 -6.661754252686278e-16 5.530099706308811e-16
1150.100064905967 7.93566957074188e-16 9.584071919064002e-16
1150.6840527362729 -8.24768421537925e-17 6.874176351572264e-16
1151.2680392991042 -9.631692111358638e-16 7.428363803878947e-17
1151.852024594469 -5.13139282770674e-16 4.0789996540663905e-16
1152.4360086223749 -1.327650558833823e-16 5.216384643029828e-16
1153.0199913828308 1.2451623611445814e-15 9.00939182808748e-16
1153.6039728758453 -4.576237375560023e-16 3.2706607600294427e-16
1154.1879531014256 5.691800413522026e-16 6.627037019156284e-16
1154.7719320595806 -1.0741910371423467e-16 4.352196896313464e-16
1155.3559097503187 2.0735981971161012e-16 5.220231231401547e-16
1155.9398861736481 -9.078123919545737e-17 4.117705618684564e-16
1156.5238613295764 2.1171033974738581e-16 4.997060284414904e-16
1157.1078352181128 4.633339572303579e-16 5.481312726129332e-16
1157.6918078392646 4.602236522480401e-16 5.390731022749957e-16
1158.2757791930408 4.122120513224331e-16 5.069486365965475e-16
1158.8597492794493 -3.3975574128355696e-16 2.431893266153568e-16
1159.4437180984985 -1.6917983608390213e-16 3.254274378269216e-16
1160.0276856501964 -1.0521112043131422e-16 3.209860735075529e-16
1160.6116519345517 1.6595706100805673e-16 4.114539568346405e-16
1161.1956169515722 1.6863930994954568e-16 4.0840191183722603e-16
1161.7795807012662 -3.1042325501793656e-16 2.1685242530726046e-16
1162.3635431836426 9.257836517684518e-17 3.5039738677682716e-16
1162.9475043987088 -5.951449363777767e-17 3.196664491152899e-16
1163.5314643464733 8.968960827932665e-16 5.261206979620566e-16
1164.1154230269444 -3.166432297078617e-16 2.1068786510093147e-16
1164.6993804401309 -9.089076452600429e-17 2.750097339355203e-16
1165.28333658604 -2.809698547990956e-16 1.921020961187102e-16
1165.8672914646806 -2.769002320644531e-16 1.9209992559678286e-16
1166.451245076061 -4.602924736750046e-16 4.63705948416834e-20
1167.035197420189 -7.329315212098377e-17 2.672334156143542e-16
1167.6191484970736 6.49415449039103e-16 4.480603650045868e-16
1168.2030983067223 7.662377831381628e-17 2.9851982160083307e-16
1168.7870468491435 4.227496970516482e-16 3.8276958312256763e-16
1169.370994124346 -2.5788270127225876e-16 1.7113760715769264e-16
1169.9549401323372 -2.538679503907306e-16 1.6952584904285551e-16
1170.5388848731263 3.959803060146397e-16 3.6339600732495086e-16
1171.1228283467206 7.418263597727429e-17 2.799980433107989e-16
1171.7067705531292 -2.5278766574562614e-16 1.5430534196007558e-16
1172.2907114923594 8.243993666358284e-17 2.792427810894237e-16
1172.8746511644204 2.3127747580834e-16 3.139787022838161e-16
1173.45858956932 2.3915239405852243e-16 3.173683957898298e-16
1174.0425267070664 9.671910294485457e-16 4.517717986816591e-16
1174.626462577668 3.129992674989941e-16 3.278510373170326e-16
1175.210397181133 4.4626744771815566e-17 2.44171673075935e-16
1175.7943305174695 2.076856494636172e-16 2.919360991996214e-16
1176.3782625866859 3.545585684791119e-16 3.251964360603376e-16
1176.9621933887906 -8.654599504984706e-17 1.9655905113826432e-16
1177.5461229237917 4.826796074104949e-16 3.4456188563561667e-16
1178.1300511916975 4.711610710585797e-16 3.3667193255062047e-16
1178.7139781925157 -2.173352340871954e-16 1.3504962285613536e-16
1179.2979039262552 -2.2131049205755785e-16 1.2493600976124961e-16
1179.8818283929245 4.446680774601721e-17 2.2405323768032647e-16
1180.465751592531 -8.956254407281564e-17 1.7560745295991278e-16
1181.0496735250838 6.279305377413364e-17 2.320031977556797e-16
1181.6335941905902 1.6006970556860651e-16 2.451624633962061e-16
1182.2175135890593 -2.004975558196498e-16 1.3130512842434052e-16
1182.8014317204988 4.0578669761257838e-16 2.9858631368719253e-16
1183.3853485849174 -9.461541324054277e-17 1.6634877404149244e-16
1183.969264182323 3.01131230794663e-17 2.0688246370627312e-16
1184.5531785127241 1.7136226941206204e-16 2.433905498798889e-16
1185.1370915761286 3.753456305074593e-16 2.85350100397364e-16
1185.721003372545 5.153155304422132e-18 2.0788724330506373e-16
1186.3049139019815 3.581288388215684e-17 1.9711036370780846e-16
1186.8888231644466 5.05744281477005e-17 2.0360234185292064e-16
1187.4727311599481 1.4355908789781947e-16 2.2108392397905712e-16
1188.0566378884944 1.5617250697828948e-16 2.274446517220143e-16
1188.6405433500938 2.21615715086145e-17 1.8148624542566185e-16
1189.2244475447546 2.4664360638359866e-16 2.4104678324505667e-16
1189.808350472485 3.430696253407914e-16 2.57330965186241e-16
1190.3922521332931 4.680087320662544e-16 2.855265214784093e-16
1190.9761525271877 2.391659730554581e-16 2.323103266083982e-16
1191.560051654176 2.999830379299904e-17 1.785776533987988e-16
1192.1439495142672 -7.299673691155907e-17 1.4367214032649832e-16
1192.727846107469 5.217567312782432e-16 2.9013689534053487e-16
1193.3117414337903 2.2148259856452808e-16 2.204064299701517e-16
1193.8956354932386 3.2469644839344116e-17 1.7355379510951513e-16
1194.4795282858227 1.0651919738222598e-16 2.113030757184341e-16
1195.0634198115504 1.430461697435876e-16 2.1853247545346996e-16
1195.6473100704302 1.9934720566793966e-16 2.0577107707013667e-16
1196.2311990624703 3.932950659880558e-17 1.7255258893097075e-16
1196.8150867876789 1.920881730146397e-16 1.998765483204144e-16
1197.3989732460643 -6.671472367569245e-17 1.323609152884236e-16
1197.9828584376348 1.1373136529074112e-16 1.8343121836101494e-16
1198.5667423623986 5.203855437553161e-16 2.581842979410405e-16
1199.1506250203638 7.856706512420874e-16 2.9973642561088626e-16
1199.7345064115389 7.843508680311468e-16 2.967264940328181e-16
1200.318386535932 6.228428608134331e-16 2.7338300716031843e-16
1200.902265393551 3.5332849135124146e-16 2.2404071747457487e-16
1201.486142984405 3.7583113920491363e-16 2.3204417297450315e-16
1202.0700193085017 3.824372285698887e-16 2.2342608919222347e-16
1202.653894365849 3.684728051734379e-16 2.2788108544808706e-16
1203.2377681564558 4.934817127077106e-16 2.411653943274519e-16
1203.8216406803303 1.710903453662138e-16 1.78721318127587e-16
1204.40551193748 4.119951579483768e-16 2.255404157774682e-16
1204.989381927914 7.780475135354763e-16 2.817308609626444e-16
1205.5732506516404 5.816391019129253e-16 2.5452879490826656e-16
1206.1571181086667 6.442822176205051e-16 2.6109131501601726e-16
1206.7409842990023 5.419716490204999e-16 2.402392696787477e-16
1207.3248492226546 2.3269196789069547e-16 1.8677068546023442e-16
1207.9087128796323 1.0290387382052618e-17 1.2847137969930125e-16
1208.4925752699432 1.20958038638478e-16 2.519027016042026e-16
1209.0764363935957 6.856322088184225e-17 2.3708145144204487e-16
1209.6602962505983 6.854482835548601e-16 3.1078340283919724e-16
1210.244154840959 6.033931314599022e-16 3.371560648195355e-16
1210.8280121646865 -6.713983363005162e-16 3.739794193030973e-16
1211.411868221788 -1.780323918208716e-15 4.726459727546757e-16
1211.9957230122727 -5.029449977284961e-15 5.699637056470904e-16
1212.5795765361484 -4.3160415596577104e-15 9.160390274012137e-16
1213.1634287934237 -9.029068403452198e-16 1.3162998938241418e-15
1213.7472797841067 1.781815860866186e-17 1.4534727503463579e-15
1214.3311295082055 -1.470646793338192e-16 1.459117483785979e-15
1214.9149779657282 -5.729101229890043e-17 1.4833128740451796e-15
1215.4988251566833 -1.6797416144584648e-15 1.4288734312504353e-15
1216.082671081079 1.9711471004561906e-15 1.511458720091256e-15
1216.6665157389239 3.518532511247001e-15 1.3787192340149689e-15
1217.2503591302254 5.239412080733884e-15 1.220837163086214e-15
1217.8342012549926 1.858290124629922e-15 8.858150918981673e-16
1218.4180421132332 1.792483711441262e-15 5.832603759135292e-16
1219.0018817049558 4.643075898394912e-15 6.387956146442246e-16
1219.5857200301682 4.0613645869232336e-15 5.950643623686691e-16
1220.169557088879 5.015463769259898e-15 5.812143148898772e-16
1220.7533928810965 4.952735897318034e-15 5.9204347230184585e-16
1221.3372274068288 3.6459720062931994e-15 5.125427068780109e-16
1221.9210606660838 2.9416164650479656e-15 4.838838235636945e-16
1222.5048926588704 1.5880888379172869e-15 3.7565201820634895e-16
1223.0887233851965 7.823151831610987e-16 2.8007697619357116e-16
1223.6725528450702 -6.265404772655533e-17 1.7439499147036726e-16
1224.2563810385 6.562680514615087e-16 2.240989509896986e-16
1224.8402079654936 5.424028946697708e-16 1.9724704041478182e-16
1225.42403362606 7.236644513712836e-16 2.3060286700541115e-16
1226.0078580202073 7.092989314045283e-16 2.1905860202772309e-16
1226.5916811479433 1.455859795070839e-15 3.0562780445683594e-16
1227.1755030092766 2.467223804476933e-15 3.8471505898373315e-16
1227.7593236042153 1.7922855057316044e-15 3.310696036979213e-16
1228.3431429327677 2.6921752147187044e-15 3.923310763196314e-16
1228.926960994942 2.6152889753052475e-15 3.9336620352073534e-16
1229.5107777907465 2.4410828854170077e-15 3.7350857486354234e-16
1230.0945933201895 1.7493325708554572e-15 3.225660281821986e-16
1230.6784075832788 1.4947983231725927e-15 2.974814386168381e-16
1231.2622205800233 1.2419471299559225e-15 2.750749554724589e-16
1231.8460323104307 1.3210642423942104e-15 2.804610262258122e-16
1232.4298427745098 1.2767205852977901e-15 2.783941070158341e-16
1233.0136519722682 9.756293834273298e-16 2.3991565015333736e-16
1233.5974599037145 7.130433464269843e-16 2.1761794456823133e-16
1234.1812665688572 5.11081257406642e-16 1.8368543412430963e-16
1234.7650719677038 6.113231597912154e-16 2.0059497784347385e-16
1235.348876100263 3.1814650143100127e-16 1.5603066866429378e-16
1235.9326789665433 1.540185021934218e-16 1.291021810169893e-16
1236.5164805665524 3.294469797385577e-16 1.5630676170042928e-16
1237.100280900299 3.451579321326877e-16 1.6396552773038426e-16
1237.684079967791 2.524064744495821e-16 1.4735367638751053e-16
1238.2678777690367 1.5660208503144542e-16 1.2158849584903122e-16
1238.8516743040443 2.700424680350251e-16 1.471941165560715e-16
1239.4354695728225 2.3871041160490065e-17 9.865491336599852e-17
1240.0192635753788 2.4970825099610353e-16 1.412570773403089e-16
1240.603056311722 1.4970960588606976e-16 1.2208494980035084e-16
1241.18684778186 3.9104340095134763e-16 1.6529699734901902e-16
1241.7706379858016 4.873309300216643e-16 1.7774516559543562e-16
1242.3544269235545 2.5208934002017417e-16 1.414363174528818e-16
1242.9382145951272 5.291894453903997e-16 1.8068806245666248e-16
1243.5220010005273 4.875683639446915e-16 1.7595189096697986e-16
1244.1057861397637 1.0617527288888317e-15 2.4155473831561323e-16
1244.6895700128448 4.1969717559820093e-16 1.6469740390148138e-16
1245.2733526197783 9.73937329236071e-16 2.3747264831477835e-16
1245.857133960573 1.6986514132476802e-15 2.981427331206273e-16
1246.4409140352363 1.505339012926462e-15 2.7985087133621347e-16
1247.0246928437773 2.4236505238460406e-15 3.5789402540672174e-16
1247.6084703862036 2.26896007306254e-15 3.3467158483634063e-16
1248.192246662524 2.0262772986194208e-15 3.2359474969663894e-16
1248.7760216727463 1.831569623275838e-15 3.1184404690783724e-16
1249.359795416879 1.8241644377344672e-15 3.05525525228455e-16
1249.94356789493 9.274668782882135e-16 2.2302470145434334e-16
1250.5273391069081 8.272274111233635e-16 2.1385118905179146e-16
1251.111109052821 1.0091905228634397e-15 2.3588469976669295e-16
1251.6948777326772 1.848412449915516e-15 3.059639441879979e-16
1252.2786451464847 1.3719880749413758e-15 2.662411165166458e-16
1252.8624112942525 1.0826054095008117e-15 2.39794656790778e-16
1253.4461761759876 6.586379437688078e-16 1.9365303991491242e-16
1254.0299397916992 7.485820960366962e-16 2.020528009550373e-16
1254.6137021413952 4.334611433537281e-16 1.644155669231723e-16
1255.1974632250838 2.7805974075990544e-16 1.3878347643653033e-16
1255.7812230427735 2.922585011151701e-16 1.411199506470823e-16
1256.364981594472 4.084542425914986e-16 1.5760094863449505e-16
1256.948738880188 1.1853817138729087e-16 1.1042163037145925e-16
1257.5324948999298 3.0536773887224926e-16 1.396675141356678e-16
1258.1162496537056 7.04094284520565e-17 9.559906995521122e-17
1258.700003141523 2.734820835453676e-16 1.3920515326047516e-16
1259.283755363391 2.0467855015196643e-16 1.2572576210544584e-16
1259.8675063193177 1.7822793467070117e-16 1.153906763646327e-16
1260.4512560093108 2.2172841017279924e-16 1.2920712045822022e-16
1261.035004433379 2.784019420705962e-16 1.3485251564233133e-16
1261.6187515915308 3.236219738649593e-17 8.758275675984143e-17
1262.2024974837739 9.925242893583743e-17 1.0046644552493455e-16
1262.7862421101167 2.820152853619095e-17 8.498134652525606e-17
1263.3699854705674 1.2305273622778686e-17 7.880435213995917e-17
1263.9537275651346 2.473055891016575e-16 1.2954757476345724e-16
1264.537468393826 2.1232695326320734e-16 1.2177498868121497e-16
1265.12120795665 6.458340349194342e-17 9.587934521652379e-17
1265.7049462536152 1.844475255488221e-16 1.1650378353644325e-16
1266.2886832847294 2.2448895672235e-16 1.2592220757475984e-16
1266.872419050001 -3.3724414652667775e-19 7.575416664456174e-17
1267.456153549438 3.8085137113439186e-16 1.5028378834518977e-16
1268.0398867830493 -4.350691427598618e-17 7.491865466887907e-17
1268.6236187508423 1.520438434002454e-16 1.1241714073351687e-16
1269.2073494528258 3.409040598796827e-17 8.372066371472114e-17
1269.791078889008 2.0578897064114742e-16 1.23444371506245e-16
1270.3748070593967 1.0903671826780867e-16 1.0103238264770863e-16
1270.9585339640007 2.53827186930144e-16 1.3100813749720948e-16
1271.5422596028282 1.1986230887697596e-16 1.015044182273457e-16
1272.1259839758866 3.565610999502089e-17 8.378315886436075e-17
1272.7097070831849 2.320385084416684e-16 1.233198576629986e-16
1273.2934289247312 2.1969651048123418e-16 1.2522969196593044e-16
1273.877149500534 4.903569022861711e-16 1.6227733812694724e-16
1274.4608688106007 3.1471300043974676e-16 1.3787618503601276e-16
1275.0445868549405 2.686076471619355e-16 1.2904724298942597e-16
1275.628303633561 4.3180731152421407e-16 1.553242961258429e-16
1276.2120191464708 6.450617790995547e-17 9.095255160903955e-17
1276.7957333936777 1.3580462037971456e-16 1.0777294511050525e-16
1277.3794463751906 6.426861825547514e-17 9.423921149795365e-17
1277.963158091017 -9.033949662421323e-19 7.262500194427774e-17
1278.5468685411656 2.8836011138477096e-16 1.31437477322349e-16
1279.1305777256443 1.3574252227676898e-16 1.0790500945838302e-16
1279.7142856444618 2.1167218356008997e-16 1.1949674798578672e-16
1280.297992297626 1.112116275611168e-16 1.0156271129947353e-16
1280.8816976851451 1.3243292632383001e-16 1.0558461563893906e-16
1281.4654018070273 5.024980607938774e-16 1.6223960545612502e-16
1282.0491046632812 8.436817408078275e-17 9.423046985324019e-17
1282.6328062539146 1.558234235249023e-16 1.061935793884557e-16
1283.2165065789363 4.50989881392225e-16 1.5684802898861458e-16
1283.800205638354 1.702983728692535e-17 7.630091317712459e-17
1284.3839034321759 3.277310498060981e-16 1.3644254206811546e-16
1284.9675999604106 1.00702734629994e-16 1.0020278005032205e-16
1285.551295223066 2.6146387716391114e-16 1.2961794467252836e-16
1286.1349892201508 2.4010456497035467e-16 1.2294609114013285e-16
1286.7186819516728 1.198598207176934e-16 1.0346027024211508e-16
1287.3023734176404 9.256655965514282e-17 9.503163728988965e-17
1287.8860636180614 9.690193401390267e-19 7.237740362588346e-17
1288.469752552945 1.527675668792252e-16 1.0808741932706321e-16
1289.0534402222984 2.1287090723402221e-16 1.1915575105006786e-16
1289.6371266261306 9.190870754619083e-16 2.0860183471008094e-16
1290.2208117644493 1.6635823698770005e-16 1.0954974891860385e-16
1290.804495637263 -4.1068574427359514e-17 5.849428215747927e-17
1291.3881782445799 8.824816731435868e-17 9.475674201128113e-17
1291.971859586408 1.0029953371221115e-16 9.630099557068902e-17
1292.555539662756 1.1514532797750457e-16 1.0409096568068471e-16
1293.139218473632 3.076844533923286e-16 1.3148304504793332e-16
1293.722896019044 1.6792597585905955e-16 1.254848606412908e-16
1294.306572299 1.754328185889906e-16 1.1204247423814465e-16
1294.890247313509 2.7144271937595485e-16 1.2107843643099632e-16
1295.4739210625787 4.214528366698427e-16 1.520516916898973e-16
1296.057593546217 1.0621604561389264e-16 1.0883857873260016e-16
1296.6412647644331 -5.2626865079514025e-17 9.400376942584146e-17
1297.2249347172344 3.3749540739402926e-16 1.3906311642313245e-16
1297.8086034046294 3.3655318911932726e-16 1.4752056834789923e-16
1298.3922708266266 -7.063979494393007e-17 8.225763929146595e-17
1298.9759369832336 -7.991717476163901e-17 1.4334347830807385e-16
1299.5596018744593 4.520352457805899e-17 1.4256464474796332e-16
1300.1432655003116 2.0232296476054202e-16 1.843197559226847e-16
1300.7269278607987 1.8945587254725916e-16 1.7219973353399033e-16
1301.3105889559288 5.393129085520197e-18 1.6262988912146224e-16
1301.8942487857103 2.865931477172393e-16 2.2007314897518672e-16
1302.4779073501513 4.049995393067831e-16 2.436597475384382e-16
1303.0615646492604 7.67035185248664e-16 2.683099944903144e-16
1303.6452206830452 1.3222241216665772e-16 2.3667860786628664e-16
1304.2288754515143 2.9516557112970604e-16 2.280048051979454e-16
1304.812528954676 8.670652764568645e-17 2.2632130074549787e-16
1305.3961811925383 3.526146013953837e-16 2.575263386294811e-16
1305.9798321651094 2.4919526666742264e-16 2.3484856671396413e-16
1306.563481872398 3.424239744767468e-16 2.0545101773008275e-16
1307.1471303144117 7.475311399073904e-16 2.371645665499942e-16
1307.7307774911592 3.8516252399045493e-17 1.3261284141578275e-16
1308.3144234026483 4.356698611730325e-16 1.564520410857732e-16
1308.8980680488876 3.6520548145852285e-16 1.4223293870488466e-16
1309.481711429885 4.2246175878914096e-16 1.5479795779335296e-16
1310.0653535456495 3.935696237769744e-16 1.490860837577722e-16
1310.6489943961885 4.9508136089837995e-17 8.551759117276194e-17
1311.2326339815104 8.343535919528425e-17 9.36924782002806e-17
1311.8162723016235 1.1353063171713165e-16 1.0436561611383192e-16
1312.3999093565362 1.7820052521392362e-16 1.1314955953509583e-16
1312.9835451462563 2.739608159792439e-16 1.3011834262100863e-16
1313.5671796707925 9.421635484326758e-17 9.636198856033623e-17
1314.1508129301526 2.0655218703129294e-16 1.1910606727375548e-16
1314.7344449243456 3.0408858677299726e-16 1.3443818418222596e-16
1315.3180756533786 1.0777919197849125e-16 1.041063975621925e-16
1315.9017051172605 -8.751183760284358e-17 3.966489855869378e-17
1316.4853333159997 5.382646887361803e-17 8.756430070601414e-17
1317.068960249604 1.5695030821699554e-16 1.1487368186434215e-16
1317.6525859180817 3.0910839518600187e-16 1.4246795064307833e-16
1318.2362103214414 -5.233226635871449e-17 5.742594200042008e-17
1318.819833459691 4.7437354939016e-16 1.5912313301516003e-16
1319.4034553328386 1.7978116810283895e-16 1.1348511693110654e-16
1319.9870759408927 5.60644291819374e-17 8.671918681778097e-17
1320.5706952838616 7.24200596757116e-18 7.774212650198798e-17
1321.1543133617529 2.334735410729948e-16 1.3589780723880234e-16
1321.7379301745755 5.049521270003099e-16 1.665228260772634e-16
1322.3215457223375 1.2300207472399044e-16 1.0123345371100802e-16
1322.905160005047 1.0154077446962863e-16 9.948826143719875e-17
1323.4887730227124 9.666679468989467e-17 9.577169262288369e-17
1324.0723847753416 1.8578505674698563e-16 1.1450724747042606e-16
1324.6559952629427 8.841550926100061e-17 9.457983123931318e-17
1325.2396044855248 1.8852731267883163e-16 1.179818957340714e-16
1325.8232124430956 7.216695895188262e-19 7.846291845287689e-17
1326.4068191356628 1.5082915844921333e-16 1.0987784845421179e-16
1326.9904245632354 2.1731299947232998e-16 1.1923174578730433e-16
1327.5740287258213 3.5811282460490937e-16 1.4418242473765983e-16
1328.1576316234289 1.5071548398071385e-16 1.1063427534588948e-16
1328.741233256066 1.9196057544206973e-16 1.180427100527063e-16
1329.3248336237414 2.019652521590047e-16 1.2003861084401306e-16
1329.908432726463 -4.2940335261056756e-17 6.32883430551508e-17
1330.492030564239 1.9953569696848334e-16 1.243571156813605e-16
1331.0756271370774 1.5956057590158012e-17 7.765094472870503e-17
1331.6592224449873 1.0089651326901312e-16 9.950598957208698e-17
1332.242816487976 3.1340854323119553e-16 1.3733736620244062e-16
1332.8264092660522 4.735352250003947e-17 8.350698641888644e-17
1333.4100007792238 1.8386018760924004e-16 1.1748820787472016e-16
1333.9935910274996 5.729382471298311e-17 8.924961833836438e-17
1334.577180010887 2.7037416084321395e-16 1.3018124805223207e-16
1335.1607677293948 1.496788082975032e-16 1.1018257517443142e-16
1335.7443541830314 1.872897975428931e-16 1.1612641712355166e-16
1336.3279393718046 1.105691199833999e-16 1.0339160101638338e-16
1336.9115232957224 5.379744476028477e-17 8.642044226775131e-17
1337.4951059547936 9.891478042723818e-17 1.0332193917391661e-16
1338.0786873490265 3.162452565715502e-16 1.3983021063598963e-16
1338.6622674784287 5.99237164304199e-17 9.0181228848891e-17
1339.2458463430087 1.9011707440681975e-16 1.1715587979182086e-16
1339.8294239427746 1.1901248336797368e-16 1.0743621642674716e-16
1340.4130002777351 5.819091863090912e-17 8.882498351654906e-17
1340.9965753478982 1.6724893183640735e-16 1.1767777120133771e-16
1341.5801491532718 2.8061304217006473e-16 1.3598386049228745e-16
1342.1637216938643 1.5497460386752488e-16 1.12275646526656e-16
1342.7472929696842 2.385936699506898e-16 1.273051212100505e-16
1343.3308629807395 3.3149621713576187e-16 1.4686917354168107e-16
1343.9144317270384 5.131698288963343e-16 1.7225739794885262e-16
1344.497999208589 -8.04972136594959e-17 4.829120120753978e-17
1345.0815654253997 2.390694112994711e-16 1.2750854146628953e-16
1345.6651303774788 6.50027774450629e-17 9.366399671742917e-17
1346.2486940648344 2.8035750291778995e-16 1.3475003789060336e-16
1346.8322564874748 2.9764602770640145e-16 1.4131537702988164e-16
1347.415817645408 1.4646063896330848e-16 1.0886596833704302e-16
1347.9993775386429 -7.551946572627839e-17 4.462293643227537e-17
1348.5829361671863 2.4263886107875993e-16 1.2821705805688815e-16
1349.166493531048 2.7019930147916514e-16 1.354902917469444e-16
1349.7500496302353 6.606711934191325e-16 1.8945577990303055e-16
1350.333604464757 2.5089886168258785e-16 1.3116650618856643e-16
1350.9171580346206 6.728302322629598e-17 9.377032582208919e-17
1351.500710339835 1.4190832656273925e-17 8.134361133203976e-17
1352.084261380408 2.6229685465819694e-16 1.3518550546972067e-16
1352.6678111563479 6.761897766900072e-17 9.412682081376484e-17
1353.251359667663 -6.061057577822066e-18 7.945889023250503e-17
1353.834906914362 2.1876924763200714e-16 1.303189703154997e-16
1354.418452896452 2.1720210433068867e-16 1.2650155164090217e-16
1355.0019976139422 1.112178479593232e-16 1.036400662200596e-16
1355.5855410668405 5.625709609021325e-17 8.97177694778449e-17
1356.1690832551549 3.7768656487587417e-16 1.5607736135551118e-16
1356.7526241788937 2.651258917624671e-16 1.386831030322807e-16
1357.3361638380657 2.5964823557169195e-16 1.338910406029691e-16
1357.9197022326784 3.100896960902858e-17 8.40819100318353e-17
1358.5032393627403 1.688673073961449e-16 1.1768818705961098e-16
1359.0867752282595 1.7403990930317784e-17 7.880034196834952e-17
1359.6703098292446 2.8333863537565146e-16 1.378222528600743e-16
1360.2538431657033 8.276034011077158e-17 1.0125208181840272e-16
1360.837375237644 1.669081334240355e-16 1.167447114703779e-16
1361.420906045075 2.2863859760072843e-16 1.2944528230018649e-16
1362.004435588005 1.976677907964406e-16 1.1939715544003534e-16
1362.587963866441 4.2440665231515524e-16 1.641379121700403e-16
1363.1714908803924 4.7983159147425034e-17 9.533536477592932e-17
1363.755016629867 1.2077165168541265e-16 1.070732561914038e-16
1364.3385411148727 2.1928850529845362e-16 1.3281309853335939e-16
1364.9220643354183 2.6836777801918493e-16 1.3704348547441278e-16
1365.5055862915112 7.789457919760395e-17 9.82818085876228e-17
1366.0891069831607 1.6498262901157946e-16 1.2024278548897075e-16
1366.6726264103745 3.0487172167229307e-16 1.4116306991805347e-16
1367.25614457316 1.643218903731619e-16 1.1814292463827833e-16
1367.8396614715273 1.2196162709718654e-17 8.15579371374747e-17
1368.4231771054829 1.4355119990349817e-16 1.1781082154850564e-16
1369.006691475036 1.2856487096085445e-16 1.1066010985078074e-16
1369.590204580194 2.978013523731042e-16 1.413193210270423e-16
1370.173716420966 4.105008859503018e-16 1.5961899139643862e-16
1370.7572269973593 4.412934717285314e-16 1.6905111354569908e-16
1371.340736309383 -1.916358441859161e-17 7.064240221722084e-17
1371.924244357045 1.2358984941493592e-16 1.1309188188534373e-16
1372.507751140353 1.0031855886629987e-16 1.0518384994087957e-16
1373.0912566593163 -4.652556433771064e-17 6.395028606854023e-17
1373.6747609139422 1.3707245664818684e-16 1.1470861631874597e-16
1374.2582639042391 6.964281731267706e-17 9.522797688008523e-17
1374.8417656302156 2.0185969067795312e-16 1.2737980569319668e-16
1375.4252660918796 1.4229671763883495e-16 1.1243884595279026e-16
1376.0087652892394 1.3660412683769402e-16 1.1410817583826108e-16
1376.592263222303 2.1608911627288632e-16 1.41813975033349e-16
1377.1757598910788 2.6438296445838627e-16 1.412025363594396e-16
1377.7592552955753 -1.6817493406238086e-17 8.415490706653188e-17
1378.3427494358 2.9361502438019784e-16 1.458806860922353e-16
1378.926242311762 2.301797211086984e-16 1.3151525876970859e-16
1379.509733923469 -3.218642812377331e-17 6.910307203681886e-17
1380.093224270929 -9.707055147304916e-17 3.2591117966658753e-17
1380.6767133541507 1.0059439382208426e-17 8.044910483506981e-17
1381.2602011731424 1.843728145958963e-16 1.2512119233934308e-16
1381.8436877279116 1.3353054867457358e-16 1.1548932923320822e-16
1382.4271730184673 5.4131695210927645e-17 9.29686157549579e-17
1383.0106570448174 -6.599431553660777e-17 5.3077175587542993e-17
1383.59413980697 2.598345298805287e-16 1.3749820981819033e-16
1384.1776213049332 1.689670455256841e-16 1.2329742452478617e-16
1384.7611015387156 1.7079608082638174e-16 1.2300126739571258e-16
1385.3445805083254 5.483815179092876e-16 1.865833588299932e-16
1385.9280582137703 5.899169563830945e-17 9.946044831628226e-17
1386.5115346550594 3.282879011770239e-17 8.730604830133019e-17
1387.0950098322 4.263156528200296e-17 9.323364442321988e-17
1387.678483745201 2.484564686489597e-16 1.3873915279058729e-16
1388.26195639407 9.791637342788668e-17 1.0836817766185351e-16
1388.845427778816 3.850837102216909e-17 9.079370646164977e-17
1389.4288978994466 2.1283600682961738e-16 1.3541883657690963e-16
1390.01236675597 -6.497265483587617e-17 5.3938244135431093e-17
1390.5958343483949 4.0278216586954897e-17 9.155886176315112e-17
1391.1793006767289 2.0877844107958346e-16 1.3384387145571887e-16
1391.7627657409807 1.3716511411168258e-16 1.140943189086396e-16
1392.3462295411582 1.0719953027499369e-16 1.1322650718439796e-16
1392.9296920772701 3.612225273997412e-17 8.890103119334474e-17
1393.513153349324 1.1246245699619498e-16 1.1551614311994474e-16
1394.0966133573286 2.0142340253566815e-16 1.304406783621083e-16
1394.6800721012914 4.6179905412059433e-17 9.513950825921146e-17
1395.2635295812217 -7.917693414018776e-18 7.769442134170082e-17
1395.846985797127 2.0433460183582198e-16 1.3177063920330576e-16
1396.4304407490156 4.678599388176684e-17 9.559585387698962e-17
1397.013894436896 1.7252609268158945e-16 1.2271645256719833e-16
1397.597346860776 1.510346698180409e-16 1.203061938460066e-16
1398.1807980206638 -5.320950959630045e-18 7.969603298795664e-17
1398.764247916568 2.627593346473978e-16 1.4365579523759427e-16
1399.3476965484967 4.008330901183576e-16 1.7084422935547723e-16
1399.9311439164578 2.2909911882623875e-16 1.4188936096565463e-16
1400.51459002046 2.188061597396617e-16 1.372432926057362e-16
1401.0980348605115 2.2988415954966587e-16 1.421148437831917e-16
1401.68147843662 3.8948527060998355e-17 9.447689026644219e-17
1402.264920748794 -1.5286711972030718e-16 7.979930483307266e-17
1402.8483617970417 -4.726847509817922e-17 6.555037101057301e-17
1403.4318015813715 7.297865143464621e-17 1.033187429480297e-16
1404.0152401017913 1.1365858663172626e-16 1.1570402561555758e-16
1404.5986773583093 2.896665538267923e-16 1.541573626572123e-16
1405.182113350934 2.2125478640638608e-16 1.3817366565406643e-16
1405.7655480796736 6.132562213257477e-17 1.0329693184963791e-16
1406.3489815445364 2.814468402275182e-16 1.506039006248029e-16
1406.93241374553 -3.593406584189586e-18 7.98982157819993e-17
1407.5158446826633 1.09116908465112e-16 1.1288638375140595e-16
1408.0992743559443 2.0669852189909847e-17 9.725890380724993e-17
1408.6827027653808 3.121348174367619e-16 1.6623450400295192e-16
1409.2661299109816 1.1067492134682911e-17 9.868657783984705e-17
1409.849555792755 1.152083392878464e-16 1.1612733033094792e-16
1410.4329804107085 1.6458302798382245e-16 1.2926524809422555e-16
1411.0164037648508 3.531438116989604e-16 1.663373655664841e-16
1411.5998258551901 4.870249393694687e-16 1.8450925307485325e-16
1412.1832466817343 2.5252434437814846e-16 1.4714825766291156e-16
1412.7666662444922 1.130992537189628e-16 1.1444467291144765e-16
1413.3500845434714 2.285847845387982e-16 1.4462539649929423e-16
1413.9335015786805 1.1591681617377562e-16 1.159524842017889e-16
1414.5169173501274 5.54832429845709e-18 8.655347276258454e-17
1415.1003318578205 4.1014621737341865e-16 1.7535834586408121e-16
1415.6837451017684 1.8118636929255423e-16 1.3292354368874747e-16
1416.2671570819787 4.6122648631803e-16 1.8245947304716724e-16
1416.85056779846 1.383478235689558e-16 1.2337610594465221e-16
1417.4339772512199 4.171756114537841e-16 1.8028065284392297e-16
1418.0173854402674 6.217343593832732e-17 1.0751405743111085e-16
1418.6007923656105 7.05855451306364e-17 1.0280529539820579e-16
1419.184198027257 1.2273719163951625e-16 1.2370581351937095e-16
1419.7676024252155 3.959130727744514e-16 1.7263980685475834e-16
1420.351005559494 3.8102898335551924e-16 1.7595829665364347e-16
1420.934407430101 1.460646907651365e-16 1.2706244627066213e-16
1421.5178080370445 7.104015697785064e-17 1.0765424800132634e-16
1422.1012073803327 1.2027517126431342e-16 1.2139038278360232e-16
1422.684605459974 -5.2642928927009805e-17 6.301307719962785e-17
1423.268002275976 2.3661833948685603e-17 9.636697811379115e-17
1423.8513978283477 1.3855123059030504e-16 1.2705794640812984e-16
1424.4347921170972 2.406338546832702e-16 1.4804481556780064e-16
1425.0181851422321 1.2663719602647107e-16 1.2624852701768955e-16
1425.601576903761 1.235894656031317e-16 1.3125604021806917e-16
1426.1849674016926 6.840699624263303e-17 1.0581723867952368e-16
1426.7683566360342 1.3354641565308357e-17 9.114019587663598e-17
1427.3517446067947 1.2760051071551563e-16 1.247003096087863e-16
1427.9351313139819 1.9265396455362598e-16 1.3754662304508184e-16
1428.5185167576044 1.4674902721206897e-16 1.3132430577966194e-16
1429.1019009376696 2.109692256232077e-16 1.4320739717114153e-16
1429.6852838541868 1.9183021508625382e-17 9.535898243677893e-17
1430.2686655071636 8.417993424314528e-17 1.1157342974360258e-16
1430.852045896608 7.927721490020879e-17 1.1233718876422995e-16
1431.435425022529 1.8054201213898767e-18 9.374584127595762e-17
1432.018802884934 -1.1511288926260269e-16 1.6590171856672205e-20
1432.6021794838314 3.3168754070272294e-16 1.686054418665453e-16
1433.1855548192298 1.4276979877476628e-16 1.2864568319797843e-16
1433.7689288911372 7.720854206733207e-17 1.1040768741505405e-16
1434.3523016995616 2.1585121912871607e-16 1.4559906087216305e-16
1434.9356732445115 1.2061914605023747e-17 8.910992407651643e-17
1435.519043525995 -3.943392987933427e-17 7.052890641973366e-17
1436.1024125440201 9.232021203383473e-17 1.1665996847098307e-16
1436.6857802985953 1.4846968200018748e-16 1.3879901419715652e-16
1437.2691467897287 -6.034433446318067e-17 6.198479243655093e-17
1437.8525120174286 2.3139566337426157e-16 1.5237737585811658e-16
1438.4358759817032 1.2769163127743324e-17 8.851024460219508e-17
1439.0192386825604 -2.7293912053692655e-18 9.354177251011834e-17
1439.6026001200087 2.1538490102147298e-16 1.467652134822954e-16
1440.1859602940563 -4.869017688675371e-17 6.353476346835279e-17
1440.769319204711 5.0924261853903265e-18 9.151767478609088e-17
1441.3526768519819 1.667030819676285e-17 9.039102170456915e-17
1441.9360332358767 8.888062299327183e-17 1.163749021795626e-16
1442.5193883564032 1.5519650333864836e-17 9.012896426906745e-17
1443.1027422135703 7.901628904778506e-17 1.1478469046532125e-16
1443.6860948073854 9.76046983905216e-17 1.2152978587787465e-16
1444.2694461378578 1.2730669450757556e-17 8.990454686015937e-17
1444.8527962049948 1.5973655692253956e-16 1.33873901420677e-16
1445.4361450088052 1.7699358267342504e-16 1.4479600746371697e-16
1446.0194925492965 9.518610168875535e-17 1.1959534791480304e-16
1446.6028388264776 2.3109674346194206e-17 9.454986744880406e-17
1447.1861838403563 1.005279083531697e-16 1.2094948889966665e-16
1447.7695275909412 2.9701702633372633e-16 1.666553602637291e-16
1448.3528700782401 2.1678964560749013e-17 9.556330928296933e-17
1448.9362113022612 2.9003702486209767e-16 1.6342432661664797e-16
1449.5195512630132 -3.766445489146289e-17 7.353981076220218e-17
1450.102889960504 1.0305477968839668e-16 1.2171874039956137e-16
1450.6862273947415 9.675206046743664e-17 1.19494934805884e-16
1451.2695635657342 1.0330681831231914e-16 1.2226105324404093e-16
1451.8528984734908 1.7055778663551747e-16 1.4053737726782856e-16
1452.4362321180183 8.656482829803367e-17 1.2010524851416033e-16
1453.0195644993264 1.5981345163228249e-16 1.3651726625593105e-16
1453.602895617422 -1.0612517486052002e-16 1.4656508871361678e-17
1454.1862254723137 3.3372181605700725e-17 1.0029138763753873e-16
1454.7695540640104 1.0232599386406806e-16 1.2241451179128177e-16
1455.352881392519 1.79036255565288e-16 1.4432278074399783e-16
1455.936207457849 2.854826941408338e-17 9.694875078221195e-17
1456.519532260008 3.269257332314961e-17 1.011208380336926e-16
1457.1028557990041 8.732623812572138e-17 1.185621397727202e-16
1457.6861780748457 -2.868598175118366e-17 8.112156958585092e-17
1458.2694990875411 3.057752212768827e-17 9.765358807344593e-17
1458.852818837098 1.674790998049339e-16 1.4399537604010444e-16
1459.4361373235256 9.791546683793532e-17 1.190345459292717e-16
1460.0194545468312 1.1140156146464877e-16 1.271712502997149e-16
1460.6027705070233 -1.0821774328693216e-16 1.851029393412933e-20
1461.18608520411 2.42808452956668e-16 1.5665910093670747e-16
1461.7693986380998 3.793095594121522e-17 1.030518878649752e-16
1462.3527108090007 1.0908487341434905e-16 1.249683823017025e-16
1462.9360217168205 3.6950148036576396e-17 1.0249877535041814e-16
1463.5193313615682 -3.527164306375114e-17 7.216854382993627e-17
1464.1026397432513 -2.9998412980839894e-17 7.749535536420626e-17
1464.6859468618786 4.509353602636904e-17 1.0776462036482052e-16
1465.2692527174581 1.8594005054144337e-16 1.4643854993223087e-16
1465.8525573099978 4.749145321282146e-17 1.0888740885852039e-16
1466.435860639506 3.712356479763691e-17 1.011534620370517e-16
1467.0191627059912 -1.06770799254785e-16 1.958819105164262e-20
1467.6024635094611 1.942423498530748e-16 1.4982738317040751e-16
1468.1857630499244 -2.919939952250552e-17 7.725938389650203e-17
1468.769061327389 -1.0541971552946539e-16 1.9102852520749935e-20
1469.352358341863 2.8161802029220235e-16 1.8348143153291936e-16
1469.935654093355 4.6563528619104376e-17 1.0699991504957239e-16
1470.5189485818728 -1.0514342396998288e-16 1.948772253454724e-20
1471.1022418074247 -1.2248114946142904e-16 1.982029179229389e-18
1471.6855337700192 1.1409389539216596e-16 1.3339444106786165e-16
1472.2688244696642 1.9740914134506261e-16 1.5103535803231055e-16
1472.8521139063678 4.733278342772154e-17 1.0750274821777603e-16
1473.4354020801386 4.3205191875751335e-17 1.038256259925124e-16
1474.0186889909846 -3.0761056962001534e-17 7.320499452002032e-17
1474.6019746389138 3.6117429284386203e-16 1.8979002704495098e-16
1475.185259023935 2.0288994743961037e-16 1.5420522001873216e-16
1475.7685421460558 -2.4381633282839447e-17 7.982713780632384e-17
1476.3518240052845 3.561755279056408e-16 1.8730679114139739e-16
1476.9351046016297 5.859730253968907e-17 1.1413483090631999e-16
1477.5183839350989 1.32114402230993e-16 1.3511956924873285e-16
1478.101662005701 3.920020503417374e-17 1.1140647160876488e-16
1478.684938813444 -4.173493789394243e-17 7.73993560910358e-17
1479.2682143583359 1.4462906256376907e-16 1.4320976621641588e-16
1479.8514886403846 -2.531356804816619e-17 7.645128137759693e-17
1480.4347616595994 1.4035441815122163e-16 1.4046870142465196e-16
1481.0180334159875 1.2817853129267788e-16 1.3327289183993066e-16
1481.6013039095574 2.964020804140197e-16 1.7798135543882157e-16
1482.1845731403173 -1.0022919027291965e-16 1.939737728643283e-20
1482.7678411082757 5.312687590746763e-17 1.0915948510560134e-16
1483.3511078134404 -1.8172777554708244e-17 8.411542077281105e-17
1483.93437325582 -4.366065737335773e-17 7.921872330473394e-17
1484.517637435422 -1.0033371943256675e-16 2.0403299997131202e-20
1485.1009003522552 -3.4104100790189695e-17 7.928174784996558e-17
1485.6841620063276 -1.0020602259832326e-16 2.078167211947599e-20
1486.2674223976478 1.505742280018694e-16 1.4313455233767766e-16
1486.850681526223 2.23147600641034e-16 1.619913056885713e-16
1487.4339393920625 2.3024851606588323e-16 1.6382361000704976e-16
1488.017195995174 1.3991962555148416e-16 1.3787627768024137e-16
1488.6004513355658 2.2515758335508887e-16 1.6216255192770448e-16
1489.1837054132461 3.0738441844054335e-16 1.8209252249254892e-16
1489.7669582282228 6.822195263088247e-17 1.1639802353204467e-16
1490.3502097805049 3.8865267692750197e-16 1.9893549471601486e-16
1490.9334600700995 -9.880165520666543e-17 2.1455058530405243e-20
1491.5167090970153 2.248679774964667e-16 1.6387681426404917e-16
1492.0999568612608 3.093522877352519e-16 1.8337467891178571e-16
1492.683203362844 2.4270156798663635e-16 1.7085651133321242e-16
1493.2664486017732 6.40025559423197e-16 2.4621746940179095e-16
1493.849692578056 8.611571157706474e-16 2.8952679339049536e-16
1494.4329352917016 9.876409458941062e-16 3.01032941885557e-16
1495.0161767427173 1.4580600690304504e-15 3.670750155220111e-16
1495.5994169311116 1.4650450203508645e-15 3.584129919055926e-16
1496.182655856893 1.635115683632372e-15 3.873164030438695e-16
1496.7658935200695 2.2939039228097582e-15 4.527065524785134e-16
1497.349129920649 2.8029868177355905e-15 5.052008370494475e-16
1497.93236505864 2.699238622465858e-15 4.863994055379214e-16
1498.5155989340508 1.2525798286636873e-15 3.480813075314583e-16
1499.0988315468894 6.75663517766856e-16 2.577040302599473e-16
1499.682062897164 5.973954499790721e-16 2.456285168056532e-16
1500.2652929848832 1.6623695245756507e-16 1.5248955478406858e-16
1500.8485218100543 3.290365128662742e-16 1.9017837841637728e-16
1501.4317493726865 -7.45606955675192e-18 8.942716438504276e-17
1502.0149756727874 1.6418522690107834e-16 1.5252977561417335e-16
1502.5982007103655 1.5656935514896792e-16 1.4715295604879086e-16
1503.1814244854286 9.884595900027377e-17 1.364804732622847e-16
1503.7646469979852 8.002159804216771e-17 1.260588181072842e-16
1504.3478682480438 7.870233099192933e-17 1.2609381115591764e-16
1504.9310882356117 8.868546792571342e-17 1.3006032086412172e-16
1505.5143069606981 9.320619526177293e-17 1.3088587358522924e-16
1506.0975244233107 3.537312290478813e-16 2.0069511301970707e-16
1506.6807406234573 8.60488859714823e-17 1.2793984005511958e-16
1507.2639555611472 2.7514944143225807e-16 1.8465487656733198e-16
1507.8471692363876 5.591493713116987e-16 2.460168284724101e-16
1508.430381649187 2.85524615654278e-16 1.8996110123051675e-16
1509.0135927995536 -1.0513792487327063e-16 1.761420730246956e-18
1509.5968026874957 1.853212003292455e-16 1.6110729445921343e-16
1510.1800113130216 1.9326036073452125e-16 1.6610670790703492e-16
1510.763218676139 -3.632019375183561e-18 8.863752453740984e-17
1511.346424776857 1.822171554498035e-16 1.591274608241249e-16
1511.9296296151829 9.592055204591873e-17 1.3379259949263038e-16
1512.512833191125 -1.048053122402406e-16 1.819495219897926e-18
1513.096035504692 1.9312332668552327e-16 1.6482856165940779e-16
1513.6792365558917 -9.369294142142363e-17 2.5361879415520076e-20
1514.2624363447324 -1.1689104302946098e-18 9.025957277906713e-17
1514.8456348712225 7.156702966901629e-18 1.0079132898232088e-16
1515.42883213537 -9.316305613846706e-17 2.5534650303618554e-20
1516.012028137183 -7.964316622064715e-18 8.275154552649891e-17
1516.5952228766698 1.3907513783897469e-18 9.42213708665021e-17
1517.1784163538387 -9.21622800938412e-17 2.5313841547680912e-20
1517.7616085686975 2.772024110683861e-16 1.923532546224609e-16
1518.344799521255 3.2970971877088414e-16 2.1173785508328178e-16
1518.9279892115192 1.0732205226732504e-16 1.4051788227515191e-16
1519.5111776394979 -3.300915312795682e-18 9.068679502183852e-17
1520.0943648051996 9.074472413449683e-18 1.0252822298022503e-16
1520.6775507086327 4.104945332031974e-16 2.241769309604052e-16
1521.260735349805 4.2385301040500614e-16 2.3029258824892006e-16
1521.843918728725 4.709693107402552e-17 1.7201743616187344e-16
1522.4271008454007 1.8014913774397194e-16 1.6869133630135282e-16
1523.0102816998403 1.1324624040509102e-16 1.459150703359379e-16
1523.593461292052 2.2465206350425566e-16 1.7963651075731567e-16
1524.1766396220446 1.2377957156023108e-16 1.489239298879322e-16
1524.7598166898251 1.468819650626736e-17 1.0542982036782834e-16
1525.3429924954028 8.059609482992049e-18 9.775508644332864e-17
1525.926167038785 1.1390478205180164e-16 1.443441947956956e-16
1526.5093403199808 1.744292797611188e-17 1.0815952300669823e-16
1527.0925123389977 4.8821667998466975e-18 9.528746770974005e-17
1527.6756830958443 1.0138235780179615e-17 9.945175961112801e-17
1528.2588525905285 -8.990251530457494e-17 2.731979492280035e-20
1528.8420208230586 1.2072641483207335e-16 1.4874277071633818e-16
1529.4251877934428 1.4308424652154463e-17 1.0422690785127412e-16
1530.0083535016893 1.1260822607246152e-16 1.435406252265473e-16
1530.5915179478066 3.3915845070684467e-16 2.1444037987594563e-16
1531.1746811318021 1.2698950879296966e-16 1.527208212484486e-16
1531.757843053685 2.2664666727636193e-16 1.8191054275778725e-16
1532.3410037134627 1.2676577298088631e-16 1.5345965897158097e-16
1532.9241631111436 2.1936697496008285e-17 1.047381120872768e-16
1533.5073212467364 1.2390388688013045e-16 1.5075959586842007e-16
1534.0904781202485 -8.843321092610925e-17 2.863330926792054e-20
1534.6736337316884 3.370153514711729e-16 2.1265275654543483e-16
1535.2567880810645 1.263942960939561e-16 1.5124125321294235e-16
1535.839941168385 1.2885986341962556e-16 1.5311309014725595e-16
1536.4230929936577 1.210281967893123e-16 1.4715265164632545e-16
1537.0062435568914 1.3151106330964172e-16 1.5443292629775576e-16
1537.5893928580938 -8.648405576557909e-17 2.844250196505929e-20
1538.1725408972732 3.588886273752555e-16 2.2343665063428455e-16
1538.7556876744377 -8.677773135281502e-17 2.916982313686641e-20
1539.3388331895956 2.767964870720267e-17 1.1582832770056715e-16
1539.9219774427552 2.5251047421363717e-16 1.96064370662178e-16
1540.5051204339245 -1.7872820027028344e-16 5.484747196576264e-18
1541.0882621631122 1.4063563308971006e-16 1.6005954117323946e-16
1541.6714026303257 -8.738541793546588e-17 3.0835625950054695e-20
1542.2545418355737 1.378471212180101e-16 1.574926342963649e-16
1542.8376797788644 2.5655955639930874e-16 1.9858387016378592e-16
1543.4208164602057 3.1820241884040985e-17 1.1738048910663106e-16
1544.0039518796061 2.7058343092074496e-16 2.0616699879852905e-16
1544.5870860370735 2.753447354661594e-16 2.0888327464169598e-16
1545.1702189326165 7.428392655938712e-16 3.1295180718416825e-16
1545.753350566243 1.554645197832829e-16 1.7023178482994297e-16
1546.336480937961 4.024126477463093e-16 2.402593337716858e-16
1546.919610047779 3.883583065085515e-16 2.369008746056021e-16
1547.5027378957052 5.127352480548337e-16 2.6808235438573983e-16
1548.0858644817476 3.7277076284436954e-17 1.2208521449814686e-16
1548.6689898059149 7.475638565549781e-16 3.147822189134052e-16
1549.2521138682143 -8.550268868684618e-17 3.219863865378309e-20
1549.835236668655 3.815098267543188e-17 1.2344083779066816e-16
1550.4183582072444 7.768027986194861e-16 3.222462732446101e-16
1551.0014784839914 3.027977350311613e-16 2.1943570374281866e-16
1551.5845974989038 1.6258348759782046e-16 1.847283566755063e-16
1552.1677152519899 1.8069883565696037e-16 1.8132840612989693e-16
1552.7508317432575 1.6874529494707087e-16 1.7803719343889135e-16
1553.3339469727157 3.8037242032483385e-17 1.22499228320897e-16
1553.9170609403718 4.0877817975426415e-16 2.4623742761561063e-16
1554.5001736462343 4.037670534289689e-16 2.49300907557813e-16
1555.0832850903114 4.1832450576761613e-16 2.5640237884803387e-16
1555.6663952726115 2.9265250378454134e-16 2.167110634492976e-16
1556.2495041931427 4.165800414127459e-16 2.491805759397437e-16
1556.8326118519126 4.7983506563282306e-17 1.2976122558951234e-16
1557.41571824893 3.0039472902958046e-16 2.2169730818176724e-16
1557.9988233842034 5.854384152582752e-16 2.995510842141152e-16
1558.5819272577403 2.7366213098621833e-16 2.181571339787179e-16
1559.1650298695488 5.715622156372369e-16 2.924321693391368e-16
1559.7481312196378 1.870916580076846e-16 1.912145908784449e-16
1560.3312313080153 3.161522152962502e-16 2.2977957745045957e-16
1560.9143301346887 4.1877232149891764e-16 2.560132201483297e-16
1561.4974276996677 2.816734744804679e-16 2.166657868912889e-16
1562.0805240029588 4.2699327917783306e-16 2.5335253084232635e-16
1562.6636190445713 7.388577872253024e-16 3.3588204785752623e-16
1563.246712824513 5.536249364029225e-17 1.3759879498067678e-16
1563.8298053427925 4.451194666117199e-16 2.6331565000528665e-16
1564.412896599417 -8.15751689639954e-17 3.5707794075000187e-20
1564.9959865943956 5.4186160091180586e-17 1.3457106247582648e-16
1565.5790753277365 1.883023857266662e-16 1.9057149434813188e-16
1566.1621627994475 -8.094634626233259e-17 3.583124755024946e-20
1566.7452490095372 5.934393561291413e-17 1.4141671658108673e-16
1567.328333958013 1.8449159773185892e-16 1.8734380912817036e-16
1567.9114176448838 -8.095927013222312e-17 3.648641336948267e-20
1568.4945000701575 1.0920715552430277e-17 1.4245280992914615e-16
1569.0775812338422 5.865327950610176e-17 1.3908692598988418e-16
1569.6606611359468 -8.115412741476101e-17 3.7364588374329884e-20
1570.2437397764786 -8.08482492591287e-17 3.729960945980472e-20
1570.8268171554462 -7.980352014547423e-17 3.661885920271919e-20
1571.409893272858 -8.067100099747084e-17 3.759247986426251e-20
1571.9929681287213 5.822608373310997e-17 1.3866947109578582e-16
1572.5760417230456 3.473221542524816e-16 2.467436356807135e-16
1573.1591140558378 5.825794011286061e-17 1.3866962991446343e-16
1573.742185127107 -8.10432190382299e-17 3.8849309719202945e-20
1574.325254936861 6.664080019870981e-17 1.4591141750635287e-16
1574.908323485108 2.0993251023532764e-16 2.0542138481181865e-16
1575.4913907718562 7.641475308174658e-17 1.5656954043742513e-16
1576.0744567971137 -8.02571129061738e-17 3.9070444823741633e-20
1576.6575215608893 -8.11759186608181e-17 4.0109154259735223e-20
1577.2405850631906 2.0748547175537937e-16 2.0185286147481589e-16
1577.8236473040254 7.378844140200092e-17 1.5644818973284115e-16
1578.4067082834028 -7.8394460985382e-17 3.8374640525742487e-20
1578.9897680013307 5.387131132724126e-16 3.104476601547293e-16
1579.5728264578167 -8.018318281174627e-17 4.0691870689536154e-20
1580.1558836528698 7.542420098949188e-17 1.5805667882989746e-16
1580.7389395864977 -4.249689696955688e-17 7.598164131301382e-17
1581.3219942587089 6.982393016215677e-17 1.5081682353191894e-16
1581.905047669511 2.414417652962732e-16 2.264186830646525e-16
1582.488099818913 4.962205937426574e-16 2.988416676510101e-16
1583.0711507069227 -7.967788795403967e-17 4.1299767660405934e-20
1583.6542003335476 3.758617647399128e-16 2.62940679107449e-16
1584.2372486987974 1.16534237017875e-16 1.7511209750444663e-16
1584.8202958026789 3.956585658435811e-16 2.745369042624952e-16
1585.4033416452012 -7.895548796403996e-17 4.150160619221741e-20
1585.986386226372 -4.33605959517929e-17 8.15860546608566e-17
1586.5694295461992 6.418267749855333e-17 1.5449174214803073e-16
1587.152471604692 -8.095815178403495e-17 4.38487634920793e-20
1587.7355124018577 -7.944687957001076e-17 4.271252752316115e-20
1588.3185519377046 -1.0089527580681675e-16 3.1840406893013803e-18
1588.9015902122412 9.146353746936051e-17 1.699561682498403e-16
1589.4846272254754 1.0019906766373291e-16 1.808412827758869e-16
1590.0676629774155 9.15460173025994e-17 1.7019402568934115e-16
1590.65069746807 -8.048929257795009e-17 4.458586542839501e-20
1591.2337306974468 -8.086343629517517e-17 4.5094142065414706e-20
1591.8167626655536 1.2314197809709724e-15 4.871177424167522e-16
1592.3997933723992 2.456804240434521e-16 2.2962801149246025e-16
1592.982822817992 -2.9134843038779434e-17 9.885749982418011e-17
1593.5658510023395 9.199669838754279e-17 1.705160967326448e-16
1594.1488779254505 2.7387637738231446e-16 2.5080867914348487e-16
1594.7319035873327 4.5075207689228335e-16 3.0923587364456364e-16
1595.3149279879945 2.661211819452705e-16 2.4497878959554994e-16
1595.897951127444 8.76494804567724e-17 1.6791206598987886e-16
1596.4809730056895 2.0768007757501105e-16 2.643784910656336e-16
1597.0639936227392 -7.980352676291913e-17 4.591445643264869e-20
1597.6470129786012 -2.6110495356995703e-17 1.0612876151565605e-16
1598.230031073284 9.244804783442112e-17 1.736016657059248e-16
1598.8130479067947 4.508911491143107e-16 3.0789438521434964e-16
1599.396063479143 -8.278334234924545e-17 4.9179658196648e-20
1599.979077790336 2.2070809281338243e-16 2.3095822379656393e-16
1600.5620908403826 -8.242568930471222e-17 4.917589387862603e-20
1601.1451026292902 -8.2483055934554e-17 4.9385364444058014e-20
1601.7281131570676 1.0546178924414229e-16 1.849750153167247e-16
1602.311122423723 -8.449169530729407e-17 5.14235245486916e-20
1602.8941304292644 2.8990287601907627e-16 2.6413616023338005e-16
1603.4771371736995 3.135249573218838e-16 2.791771889755707e-16
1604.060142657037 1.1364015043023368e-16 1.9805513631624203e-16
1604.6431468792855 -8.156998750463837e-17 4.935850692354418e-20
1605.2261498404523 1.5894986183788732e-16 2.113904789306789e-16
1605.8091515405463 1.1098153900192904e-16 1.950691995933828e-16
1606.3921519795754 -8.334455461636063e-17 5.128115254810445e-20
1606.9751511575473 -1.1428443810062878e-16 4.187534022239473e-18
1607.558149074471 1.0974197907551628e-16 1.9255274411642909e-16
1608.1411457303543 1.0165391292509118e-16 1.847455752671372e-16
1608.7241411252053 5.247615806586278e-16 3.520034935937193e-16
1609.3071352590323 3.019084563156627e-16 2.719586418501715e-16
1609.8901281318438 1.250637264478278e-16 2.104558177780532e-16
1610.4731197436472 1.0398811073459742e-16 1.856893420239459e-16
1611.0561100944515 1.059471655926986e-16 1.9087814674481753e-16
1611.6390991842643 1.0459860973133095e-16 1.8743936503253249e-16
1612.222087013094 2.6483504182420365e-16 2.8604064400761307e-16
1612.805073580949 3.2561468504782403e-16 2.89595932454815e-16
1613.3880588878371 5.173745533860639e-16 3.485492402952571e-16
1613.9710429337667 -8.51956326260216e-17 5.430115019044434e-20
1614.554025718746 -8.321440932750399e-17 5.2650349719381383e-20
1615.137007242783 1.1806485202334313e-16 2.0453227814988745e-16
1615.7199875058864 1.1359797083643837e-16 1.9651077026027082e-16
1616.3029665080635 3.3488583123243677e-16 2.9838511689244003e-16
1616.885944249323 1.207552668918392e-16 2.022258339042936e-16
1617.4689207296733 -8.854841402438073e-17 5.767283530243851e-20
1618.0518959491224 -8.350863416266665e-17 5.322948277691934e-20
1618.6348699076782 -8.735201307360853e-17 5.66984811643364e-20
1619.217842605349 5.268187060501533e-16 3.5353432035742426e-16
1619.8008140421434 5.28117419316531e-16 3.539564339327325e-16
1620.383784218069 -8.491970502600861e-17 5.464775825414966e-20
1620.9667531331343 -8.598218212688602e-17 5.560584666098774e-20
1621.5497207873475 1.202590246987564e-16 2.0609009085389632e-16
1622.1326871807164 1.2863385120649647e-16 2.167702895811564e-16
1622.7156523132496 -8.562403939143016e-17 5.528733042636654e-20
1623.2986161849556 -8.618742218047268e-17 5.578382620200589e-20
1623.8815787958415 3.4613429642307587e-16 3.0797596507508207e-16
1624.4645401459165 -8.661391650430502e-17 5.613045365275682e-20
1625.047500235188 5.511252164441219e-16 3.6843572101221593e-16
1625.630459063665 1.2691555222876252e-16 2.1589260462912332e-16
1626.2134166313554 1.2155293370013634e-16 2.069242462533744e-16
1626.7963729382668 -9.018189721082595e-17 5.917348956762602e-20
1627.379327984408 -8.727755358358896e-17 5.652176824363123e-20
1627.962281769787 7.783864855330557e-16 4.332993865305821e-16
1628.545234294412 4.875734990819342e-16 3.6245847420123835e-16
1629.128185558291 -9.069161252172602e-17 5.940767215385803e-20
1629.7111355614327 -8.758433832917263e-17 5.658495708761204e-20
1630.2940843038448 -9.228893798923532e-17 6.067015656376709e-20
1630.8770317855353 -1.8156134680783677e-17 1.3232781482903168e-16
1631.459978006513 -8.849765822199448e-17 5.710303064501165e-20
1632.0429229667857 -9.104477232117186e-17 5.923132758701938e-20
1632.6258666663614 -9.368052047734553e-17 6.145515742742845e-20
1633.2088091052487 1.2960645678818122e-16 2.1880563034406967e-16
1633.7917502834557 7.649423256546762e-16 4.461644405708357e-16
1634.3746902009905 1.351860216304229e-16 2.2921013308188827e-16
1634.957628857861 3.281443754145786e-16 2.971319581167569e-16
1635.5405662540757 -9.093482347415132e-17 5.827924270197085e-20
1636.1235023896431 1.2023672390944196e-16 2.1566057054113485e-16
1636.7064372645705 -9.032731556251277e-17 5.738285679895039e-20
1637.2893708788665 3.5914075202596167e-16 3.2206024363356936e-16
1637.87230323254 5.79126272795777e-16 3.891989602389218e-16
1638.4552343255982 1.295891720221013e-16 2.2465031649880195e-16
1639.0381641580493 1.3405998397127692e-16 2.303711240849983e-16
1639.621092729902 3.3621744643485933e-16 3.041485143540155e-16
1640.2040200411643 3.5650134442275806e-16 3.2048915633509025e-16
1640.7869460918444 -9.492763090838968e-17 5.991102448129362e-20
1641.3698708819502 5.867731803644704e-16 3.9499946833149884e-16
1641.95279441149 1.32055123159575e-16 2.3125974105600686e-16
1642.5357166804724 -1.0008098597692974e-16 6.36546048268128e-20
1643.1186376889054 1.3307148328694135e-16 2.3062020471105026e-16
1643.7015574367967 3.841352914011172e-16 3.422400624480742e-16
1644.284475924155 5.938427820400508e-16 3.9975254077545715e-16
1644.8673931509882 1.4173322897067402e-16 2.406980438988043e-16
1645.4503091173044 5.145004117773524e-16 3.762942809386045e-16
1646.0332238231122 -1.0265685949164437e-16 6.415068701214588e-20
1646.6161372684196 -1.0073974599932208e-16 6.209956989869847e-20
1647.1990494532342 3.7481922600052036e-16 3.375962307845321e-16
1647.7819603775652 3.473888051575187e-16 3.1743496728552805e-16
1648.3648700414196 -1.0482423813265582e-16 6.467221146366349e-20
1648.9477784448068 9.70912362823189e-16 4.975180893991734e-16
1649.5306855877343 1.406829875254175e-16 2.4860570526635405e-16
1650.1135914702104 8.075056783146456e-16 4.550787211868583e-16
1650.696496092243 6.174376788792074e-16 4.1820592115500053e-16
1651.2793994538408 5.27266045325422e-16 3.914046605033516e-16
1651.8623015550115 1.0864703149600146e-15 5.336698791044605e-16
1652.4452023957638 3.6982128162546676e-16 3.3906625646449196e-16
1653.0281019761053 1.5522967195772275e-15 6.276890539420302e-16
1653.6110002960445 1.4863437696886923e-16 2.595386771539205e-16
1654.1938973555896 6.09448252362468e-16 4.1447820856347316e-16
1654.7767931547487 4.163898825160873e-16 3.736200920450043e-16
1655.3596876935296 1.2157027140577545e-16 2.3163884123946236e-16
1655.9425809719412 1.245613565007672e-16 2.381772209082163e-16
1656.5254729899912 3.659531203833728e-16 3.365367513861946e-16
1657.1083637476877 2.500831854979942e-17 1.8661504315617644e-16
1657.6912532450394 4.839202459804264e-16 3.825910973987134e-16
1658.2741414820541 1.2343019693926828e-16 2.3929337210468107e-16
1658.85702845874 -1.1753801076504075e-16 6.777233576549592e-20
1659.439914175105 1.3238152201184352e-16 2.4907403507684687e-16
1660.022798631158 1.3309164002410804e-16 2.490452094868606e-16
1660.6056818269062 -1.1844882264624534e-16 6.667201752973847e-20
1661.1885637623589 -1.1935493614157063e-16 6.684769647467795e-20
1661.7714444375235 -1.224026268602406e-16 6.891743161425634e-20
1662.3543238524082 1.0898631319000213e-16 2.295256263849609e-16
1662.9372020070216 -1.237704659560481e-16 6.876360833206415e-20
1663.5200789013713 -1.2336758267562047e-16 6.772834655901429e-20
1664.1029545354659 -1.239453650247663e-16 6.749731759886764e-20
1664.6858289093138 1.3304983100722716e-16 2.578064947767855e-16
1665.2687020229225 -1.2526702759005863e-16 6.705235905279947e-20
1665.8515738763003 1.2461575189784868e-16 2.5256762246779723e-16
1666.4344444694561 1.3774078384154396e-17 1.9233966239063543e-16
1667.0173138023974 1.1803830283440263e-16 2.4707233740380735e-16
1667.6001818751324 -1.3227001806527137e-16 7.009593134259712e-20
1668.1830486876697 6.5663439321119615e-16 4.547517664692182e-16
1668.7659142400166 1.2633553318324033e-16 2.581387963899052e-16
1669.3487785321822 -1.3615983158707953e-16 7.105755465408416e-20
1669.9316415641745 -1.3801358966192517e-16 7.183085866689614e-20
1670.5145033360013 -1.36070284322687e-16 6.919816249699006e-20
1671.097363847671 -1.3837811823170994e-16 7.039463401660826e-20
1671.6802230991918 -1.3773303646792679e-16 6.890224509519775e-20
1672.2630810905719 1.148477150105529e-16 2.5927202059421303e-16
1672.8459378218195 -1.3914865351591534e-16 6.846721917882875e-20
1673.4287932929421 1.2269347679850405e-16 2.68000668645889e-16
1674.011647503949 -1.4614947346920073e-16 7.316193444416174e-20
1674.5945004548475 1.1205360478046717e-16 2.5486059359557383e-16
1675.1773521456464 1.1951130636456765e-16 2.6459919608795254e-16
1675.7602025763533 -1.4807423672782792e-16 7.179592967306138e-20
1676.3430517469767 -1.4555392989794216e-16 6.852306679487315e-20
1676.925899657525 1.0454720541934446e-16 2.569533208406636e-16
1677.5087463080056 6.454052774294459e-16 4.603324430422031e-16
1678.0915916984277 3.726284811615655e-16 3.707061928273311e-16
1678.6744358287988 1.2164555145896267e-16 2.7920008533492615e-16
1679.2572786991268 6.145657077924233e-16 4.434381856207589e-16
1679.8401203094206 3.822056709379331e-16 3.8214936971672027e-16
1680.4229606596878 1.2033615763651573e-16 2.786078240163382e-16
1681.005799749937 6.184320426197247e-16 4.478104902851468e-16
1681.588637580176 4.199790522811794e-16 4.141589830214767e-16
1682.1714741504134 3.773049765331361e-16 3.8299947315840837e-16
1682.7543094606572 -1.6308683692672633e-16 7.181476095669403e-20
1683.3371435109154 1.1025457959239294e-16 2.783503789399321e-16
1683.9199763011961 7.771766842563601e-17 2.5165653265390683e-16
1684.5028078315077 3.622551862938973e-16 3.7668648366296286e-16
1685.0856381018582 1.0170331215127285e-16 2.726289625488049e-16
1685.6684671122562 -1.7646907075572762e-16 7.704672356753168e-20
1686.2512948627093 9.910676573868929e-17 2.727242802251506e-16
1686.8341213532262 9.582513510789952e-17 2.768252167090619e-16
1687.4169465838145 -1.784591217257424e-16 7.435310037563224e-20
1687.999770554483 1.0718667257955217e-16 2.8420729413284034e-16
1688.5825932652394 9.420323245003004e-17 2.7861039158495954e-16
1689.1654147160918 -1.880727074490623e-16 7.835810210646086e-20
1689.7482349070488 6.604580058142205e-16 4.897752024096442e-16
1690.3310538381186 -1.9024690867576607e-16 7.701441182485383e-20
1690.9138715093086 1.0899806577214529e-16 3.0395769371286687e-16
1691.496687920628 -1.9494405047542599e-16 7.787019479202529e-20
1692.079503072084 8.659876255548305e-17 2.847451600543468e-16
1692.6623169636855 -1.4758968094243926e-16 1.2209790675746587e-16
1693.2451295954402 1.228578673647204e-16 3.2640771964469086e-16
1693.8279409673564 -2.0458728235189978e-16 7.956411205251757e-20
1694.410751079443 8.329395763265199e-17 2.904745967886933e-16
1694.993559931707 -2.1017853360183562e-16 8.100688952422051e-20
1695.5763675241574 2.875150901407664e-16 3.8057844123691876e-16
1696.1591738568015 -2.1326947594037477e-16 8.004139526596067e-20
1696.7419789296484 6.559003597530615e-17 2.864197706608482e-16
1697.324782742706 8.248496175868532e-17 3.013954984567614e-16
1697.907585295982 -2.2260200554388384e-16 8.264575403753827e-20
1698.490386589485 9.524006033447341e-17 3.2246372248403803e-16
1699.0731866232236 8.272460590830929e-17 3.0964962276951776e-16
1699.655985397205 3.6363148248428755e-16 4.1927302384986334e-16
1700.2387829114377 7.510498868238522e-17 3.094254237362914e-16
1700.8215791659306 -2.3238708896924313e-16 8.113737726585075e-20
1701.4043741606908 -2.4093447197020667e-16 8.683231545047374e-20
1701.9871678957272 7.581559638557237e-17 3.170566611954606e-16
1702.5699603710477 -2.4302772861088846e-16 8.432893733711297e-20
1703.1527515866603 7.229195255988429e-17 3.240153544945099e-16
1703.7355415425736 -2.494236479258261e-16 8.562059278831159e-20
1704.3183302387954 5.73374601446565e-17 3.103037704328145e-16
1704.901117675334 6.856977876973857e-16 5.442632437197372e-16
1705.4839038521977 -2.575943394932779e-16 8.60507331691877e-20
1706.0666887693944 -2.604822453873822e-16 8.631680098309421e-20
1706.6494724269323 -2.680740958145041e-16 9.0925999990256e-20
1707.2322548248194 3.4319333185575993e-17 3.025538954214705e-16
1707.815035963065 -2.6986710574516384e-16 8.761234030576271e-20
1708.3978158416755 3.825869813479853e-17 3.132986936458485e-16
1708.9805944606605 -2.7665768947396276e-16 8.862785314168787e-20
1709.5633718200274 3.533478010554609e-17 3.2109605544179795e-16
1710.1461479197847 -2.8406848660860904e-16 8.992610665074132e-20
1710.7289227599404 2.796083552155027e-16 4.3364280545113453e-16
1711.311696340503 1.0300577420018659e-17 8.917966015844317e-20
1711.89446866148 -2.976593949451003e-16 9.62719196551699e-20
1712.47723972288 5.806762372101339e-16 4.813853940066495e-16
1713.0600095247114 -2.2290810207519786e-16 3.0818322344936336e-16
1713.642778066982 -6.818789396546897e-16 6.640089615927714e-20
1714.2255453497 8.071597182952514e-16 5.809632755001347e-16
1714.8083113728735 8.897576067511625e-16 5.90140083390247e-16
1715.3910761365114 -1.3293051847567251e-16 5.752676683848901e-20
1715.9738396406208 -1.3348356481578057e-16 5.776609345415533e-20
