wavelength flux error
1570.8536378108806 0.0 0.0
1572.397227399772 0.0 0.0
1573.9408260140872 0.0 0.0
1575.484433653983 0.0 0.0
1577.0280503196184 0.0 0.0
1578.5716760111522 0.0 0.0
1580.1153107287419 -1.132992557737432e-13 5.277743303153115e-13
1581.6589544725466 -1.001201583390645e-14 9.225877440482977e-14
1583.2026072427243 -6.794951157729906e-14 5.1367794702073324e-14
1584.7462690394332 -5.600827063283664e-15 3.463472320356861e-14
1586.2899398628315 7.702694005632532e-15 2.7200384482219293e-14
1587.8336197130782 7.110094509140373e-15 2.1559560099649808e-14
1589.3773085903313 -1.743446221267632e-14 1.739705046146199e-14
1590.9210064947492 7.774368239563297e-15 1.5658108761407857e-14
1592.4647134264899 -1.936154263580984e-15 1.3508104513150054e-14
1594.0084293857124 -1.0992662564057281e-16 1.1825249099698364e-14
1595.5521543725747 8.092495179827172e-15 1.052666797046048e-14
1597.0958883872354 1.956883277382665e-14 9.73027404092483e-15
1598.6396314298524 -1.0595172607102618e-14 8.037128871229895e-15
1600.1833835005848 1.019620568938574e-14 7.433635684003098e-15
1601.7271445995907 -4.16477291022288e-15 6.469458503660002e-15
1603.2709147270282 4.910127175455827e-15 6.07173714789206e-15
1604.814693883056 -3.241277451786987e-15 5.223046557159983e-15
1606.3584820678325 1.6715242301997956e-15 4.912620840452544e-15
1607.9022792815158 1.0268915844610996e-14 4.657458094322817e-15
1609.4460855242648 6.542921353538012e-16 4.013990881216248e-15
1610.9899007962379 -2.38583823192678e-16 3.7528637525884295e-15
1612.5337250975933 -3.1893422619008e-15 3.370816741509429e-15
1614.0775584284893 2.510788614778353e-15 3.2702218381440874e-15
1615.6214007890846 1.2785709287710671e-15 2.9386255917112107e-15
1617.1652521795374 -1.0244263162439396e-15 2.7048574155214694e-15
1618.7091126000066 1.4197203932224053e-15 2.6102000013581437e-15
1620.2529820506506 -5.131239620622405e-15 2.296568900220057e-15
1621.796860531627 1.079100810681547e-15 2.244600887807164e-15
1623.3407480430951 1.8848601982265298e-16 2.1487921441102828e-15
1624.8846445852132 8.475834524955666e-17 2.0024940957681777e-15
1626.4285501581398 -6.828002997430656e-16 1.880282064555959e-15
1627.9724647620333 1.1766738181284405e-15 1.793277593071076e-15
1629.5163883970522 -8.534835266641155e-16 1.7120132521114984e-15
1631.0603210633546 -9.088787402607179e-16 1.597698956099479e-15
1632.6042627610996 3.878568947675125e-15 1.6326113248446962e-15
1634.1482134904456 1.6347002139717438e-15 1.5291196746788633e-15
1635.6921732515505 -1.1695089781858532e-16 1.399709875118233e-15
1637.2361420445736 -1.203825459252677e-15 1.3143321304085517e-15
1638.780119869673 4.491432436880922e-16 1.3140975022821622e-15
1640.3241067270071 6.259682006305646e-16 1.2651608090292555e-15
1641.8681026167349 -1.515477864956198e-16 1.2032376183872826e-15
1643.4121075390142 6.727187944908367e-17 1.1704727958007101e-15
1644.956121494004 -2.9243611912656175e-18 1.1281885934364203e-15
1646.5001444818631 6.654772583618534e-16 1.105081005239731e-15
1648.0441765027492 4.2237432910711655e-16 1.0496021471395871e-15
1649.5882175568217 1.6120370004350077e-15 1.0689085691063544e-15
1651.1322676442387 1.1371350613044386e-15 1.0161788623156429e-15
1652.676326765159 -2.1065154591633998e-15 9.124669835835239e-16
1654.2203949197408 -4.2459858468704714e-16 9.26272561832585e-16
1655.7644721081429 1.0311794319997123e-16 9.14749419739019e-16
1657.3085583305235 1.1487810231753564e-15 9.239028812835226e-16
1658.8526535870417 -9.270623141767811e-16 8.358917640803869e-16
1660.3967578778556 4.595814424553438e-16 8.525376026202692e-16
1661.9408712031245 1.328414476673128e-15 8.695802760959402e-16
1663.4849935630061 3.9377383812660147e-16 8.264129889445785e-16
1665.0291249576596 -5.827220864755491e-16 7.739478740707655e-16
1666.5732653872435 8.035457463466725e-16 7.922393388084853e-16
1668.117414851916 1.0266873648175166e-15 7.930192443946697e-16
1669.6615733518363 -3.8256121301754307e-16 7.381310329565582e-16
1671.2057408871622 1.39570674446995e-16 7.314391020963348e-16
1672.7499174580532 -9.013695814250717e-16 6.945103714201786e-16
1674.294103064667 5.156939341395929e-16 7.169984079555107e-16
1675.8382977071633 -1.7424073882973837e-16 6.867208976185505e-16
1677.3825013857 1.6653638654535335e-15 7.206209561126805e-16
1678.926714100436 1.0646229000306029e-15 7.072222183760976e-16
1680.4709358515295 2.146551821374134e-16 6.528785961835114e-16
1682.0151666391394 -1.0005304580107117e-15 6.224726544759238e-16
1683.5594064634247 2.6164781566236333e-16 6.288549947939257e-16
1685.1036553245435 1.7094870557556513e-16 6.380340790850837e-16
1686.6479132226546 -1.3637496802951478e-17 6.155353487587926e-16
1688.1921801579167 -6.238719926094573e-17 6.038620171357667e-16
1689.7364561304892 -5.338078395957446e-16 5.784211178671878e-16
1691.2807411405295 1.751804689451578e-16 6.034414652774549e-16
1692.8250351881968 1.3207611369479914e-16 5.858999952749696e-16
1694.3693382736503 -5.304107080816628e-16 5.529679366208737e-16
1695.9136503970476 7.433799902515747e-16 5.882898457960884e-16
1697.4579715585483 6.203248965590421e-16 5.760050622642633e-16
1699.0023017583105 -4.556234692510612e-16 5.37006553641932e-16
1700.5466409964936 -1.0982671545746621e-16 5.333682294961196e-16
1702.0909892732552 -7.146514914169058e-16 5.145462574356226e-16
1703.635346588755 5.130658026624997e-16 5.44958128373841e-16
1705.1797129431516 1.1076283509494798e-15 5.463020520237783e-16
1706.724088336603 -5.076402919375399e-16 5.041971030069511e-16
1708.268472769269 -2.563511598245046e-16 5.054569586368735e-16
1709.8128662413073 1.9560744932669351e-16 5.109806722441556e-16
1711.3572687528772 -3.0874808854606357e-16 4.905856011819297e-16
1712.901680304137 9.584995714372101e-17 4.98223879602473e-16
1714.4461008952462 -1.8086510888625088e-17 4.790441949404387e-16
1715.990530526363 -7.174576056920409e-16 4.656717681647798e-16
1717.5349691976458 -1.4670447857299931e-16 4.752364112656162e-16
1719.079416909254 5.686612336720093e-16 4.883761686785761e-16
1720.623873661346 -6.164100690955103e-16 4.473077762309513e-16
1722.1683394540808 9.728031951330893e-18 4.639515501280247e-16
1723.7128142876168 3.704802203188714e-16 4.605622007291458e-16
1725.2572981621133 1.5208537448444046e-16 4.566683902706178e-16
1726.8017910777282 -1.829407730496649e-16 4.3634912865717123e-16
1728.346293034621 1.7094249841224853e-16 4.504763147283929e-16
1729.8908040329507 6.012819547784301e-16 4.516187504160021e-16
1731.4353240728753 3.298679286435635e-16 4.3749892294350974e-16
1732.9798531545541 2.2651320664761017e-16 4.298520153748163e-16
1734.524391278146 5.583282258088949e-16 4.4338286378139133e-16
1736.0689384438092 7.855190852840881e-16 4.4193385510643524e-16
1737.6134946517034 1.1931772624889554e-17 4.111238786830073e-16
1739.1580599019865 -2.488310954396625e-16 4.071972986373324e-16
1740.7026341948178 1.1173235430033117e-16 4.048650198868473e-16
1742.2472175303562 -6.180371350147633e-18 4.001886039246155e-16
1743.7918099087603 1.8576132658957271e-16 4.0719205762097127e-16
1745.3364113301889 -9.233807913506587e-16 3.6654074949053045e-16
1746.8810217948012 -3.3470432795370793e-16 3.8342836299729466e-16
1748.4256413027551 2.469105541108818e-16 4.0363838383032505e-16
1749.9702698542108 2.453553486801637e-16 3.9300327637261647e-16
1751.5149074493258 -2.590701885247501e-17 3.811236922269341e-16
1753.05955408826 9.435503663604577e-17 3.7863481826032536e-16
1754.604209771172 1.4407215163583917e-16 3.7258242374505856e-16
1756.14887449822 -2.25274870948504e-16 3.6495618907423407e-16
1757.693548269564 4.8976683795929005e-16 3.7786735347055376e-16
1759.238231085362 2.003867797920167e-16 3.629239452755342e-16
1760.7829229457732 4.487501476086723e-17 3.6367190183773934e-16
1762.327623850956 3.4583420853173143e-16 3.666179088980694e-16
1763.87233380107 7.934409609232839e-16 3.721759802792745e-16
1765.4170527962735 2.90238698112883e-16 3.5938999147069124e-16
1766.961780836726 3.0746216018323353e-16 3.5326139045995116e-16
1768.506517922586 2.9560724587213995e-16 3.5300103370778887e-16
1770.0512640540126 -1.6730334046837864e-16 3.367878172457167e-16
1771.5960192311638 -9.548035795678129e-18 3.3485464983206597e-16
1773.1407834542001 3.1161326351693494e-17 3.3738158734174196e-16
1774.6855567232797 -5.229331938675304e-17 3.3058631846195354e-16
1776.2303390385607 4.38463587591314e-16 3.405378438614483e-16
1777.7751304002031 2.053520207543724e-16 3.364368279681982e-16
1779.3199308083656 -2.3083704514554736e-16 3.1477361623503464e-16
1780.8647402632068 2.2171320328441806e-16 3.3080495884146356e-16
1782.4095587648862 -2.407132904918549e-16 3.090654876732675e-16
1783.9543863135623 1.5966519770545583e-17 3.1787804492628086e-16
1785.499222909394 4.97487013877921e-16 3.2695167361550574e-16
1787.0440685525405 1.769490472692452e-16 3.144154007076849e-16
1788.5889232431605 5.084347559025052e-16 3.227833715425081e-16
1790.1337869814133 2.1268538054879392e-16 3.1568309139236935e-16
1791.6786597674577 2.22414255397169e-16 3.110148016524753e-16
1793.2235416014523 4.0059343273384385e-16 3.1279410023730134e-16
1794.7684324835568 -1.5398387310425787e-17 2.979980493053244e-16
1796.3133324139296 2.1947448196993515e-16 3.0840485491396836e-16
1797.8582413927302 5.404072321064804e-16 3.1037629762892315e-16
1799.4031594201172 -8.334903462655822e-17 2.900519008782338e-16
1800.9480864962493 6.647345163462298e-16 3.0883707994508447e-16
1802.4930226212864 2.3163585015436737e-16 2.921872179987027e-16
1804.0379677953867 -4.830654309179692e-16 2.753507705759086e-16
1805.58292201871 3.3558251583155343e-16 2.9199719145094213e-16
1807.127885291414 5.530467636245275e-16 2.9491169947354616e-16
1808.672857613659 -1.2980239933168278e-16 2.776224335311058e-16
1810.2178389856037 3.632233184828294e-16 2.840898477207476e-16
1811.7628294074068 1.8233638857201935e-16 2.8514154500388223e-16
1813.3078288792276 -1.3495576101766774e-16 2.6794074106487075e-16
1814.8528374012253 -4.004772304013924e-16 2.568644617905407e-16
1816.3978549735582 -1.4115375255563368e-16 2.661119175224099e-16
1817.942881596386 3.963540593026157e-16 2.768935352102139e-16
1819.4879172698675 -6.133995551822909e-17 2.613232167551077e-16
1821.032961994162 2.65975942264596e-16 2.7362793203097294e-16
1822.5780157694285 4.506380980213184e-16 2.7106531325839386e-16
1824.1230785958262 -7.01784928599215e-17 2.5778095143946984e-16
1825.6681504735138 1.0222378742758101e-16 2.6188403197552888e-16
1827.2132314026503 -2.694515831449764e-16 2.480950238084985e-16
1828.7583213833952 3.9145987646360073e-16 2.6375232195937584e-16
1830.3034204159073 -1.6404547969967119e-16 2.4905034462410335e-16
1831.8485285003458 8.691375293274324e-18 2.5054797828418776e-16
1833.3936456368695 -1.4941937798762696e-16 2.474538992767658e-16
1834.938771825638 -2.57408918687168e-16 2.419937396103074e-16
1836.4839070668104 1.4902728114238702e-16 2.4982111813632516e-16
1838.0290513605453 2.434512980240748e-16 2.497422911326713e-16
1839.5742047070025 3.7622921822034355e-16 2.54694972184606e-16
1841.1193671063406 3.5205045098273273e-16 2.522721138483239e-16
1842.6645385587185 1.3777806156302927e-16 2.44259393925535e-16
1844.209719064296 2.535999968118226e-16 2.460859940065093e-16
1845.7549086232316 -6.504546658211554e-17 2.312167806037133e-16
1847.3001072356847 5.6460632813482535e-16 2.4989076012645723e-16
1848.8453149018146 -2.295989741442372e-16 2.2859182550017223e-16
1850.3905316217802 7.04841724922068e-17 2.336657910822419e-16
1851.935757395741 2.4818581515253233e-16 2.410922583264124e-16
1853.4809922238558 4.759246255352603e-16 2.4253311430925116e-16
1855.026236106284 4.975572117334247e-16 2.420798722731313e-16
1856.5714890431843 2.5966096753568036e-16 2.357109521333874e-16
1858.1167510347166 -2.342119155749841e-16 2.1871359492039457e-16
1859.6620220810396 -1.4007909273869458e-16 2.2309476696094903e-16
1861.2073021823123 2.3802456968925333e-16 2.326795535640623e-16
1862.7525913386942 4.667518410516474e-16 2.347230205493133e-16
1864.2978895503443 5.989039097790136e-17 2.2414146145573893e-16
1865.8431968174218 3.548579681561867e-16 2.3030516139423086e-16
1867.3885131400866 5.80330594828095e-17 2.222365637667028e-16
1868.9338385184972 -5.663593819331763e-17 2.1573579765476287e-16
1870.4791729528124 9.251824568992482e-17 2.1910328301569075e-16
1872.0245164431922 -1.4627659458573788e-16 2.1428056858160038e-16
1873.5698689897959 6.810708702230091e-17 2.1582621842188227e-16
1875.115230592782 9.566290182872072e-17 2.190105064381868e-16
1876.6606012523102 1.5222844364318764e-16 2.2047629695341037e-16
1878.2059809685395 1.275674764305727e-16 2.1414418304220264e-16
1879.7513697416293 1.4834340791659758e-16 2.1631451968108457e-16
1881.2967675717389 -1.0275144924905104e-16 2.05779229762254e-16
1882.842174459027 -3.078171993370311e-16 2.011029461489202e-16
1884.3875904036536 7.381482680918014e-18 2.0798849021204022e-16
1885.9330154057775 1.5515445278502861e-16 2.1095073648215592e-16
1887.4784494655585 -1.37639651085492e-16 2.0197519156124513e-16
1889.0238925831545 2.7465456243282475e-16 2.11784958056083e-16
1890.5693447587266 5.3527085740155485e-17 2.058962129532037e-16
1892.1148059924333 -5.916218748872398e-17 2.017298828787864e-16
1893.6602762844332 1.0570302819798725e-17 2.0144305634702241e-16
1895.2057556348861 1.117327116423558e-16 2.0668611088118773e-16
1896.7512440439516 1.8260579798880542e-16 2.0311580083406185e-16
1898.2967415117882 -1.458681394167041e-16 1.9513898716730268e-16
1899.8422480385564 9.289172104521497e-17 1.9867049251753247e-16
1901.3877636244144 1.2033590617360952e-16 2.0050124835390424e-16
1902.933288269522 3.5875815783159874e-16 2.0813555630750725e-16
1904.4788219740385 -6.351489789876172e-17 1.9228835072287754e-16
1906.024364738123 6.509309233306389e-18 1.9687438562265933e-16
1907.569916561935 -6.541581188596778e-17 1.9040540971602103e-16
1909.1154774456338 -2.042196022239812e-18 1.9325281684733477e-16
1910.6610473893786 5.3490881699105265e-17 1.9363521251835068e-16
1912.2066263933289 -3.1815540189439234e-17 1.880525639467854e-16
1913.7522144576437 -6.079124360453082e-17 1.8668266020816898e-16
1915.297811582483 -3.586028960306225e-18 1.8804693911862004e-16
1916.8434177680053 -1.4747751525137707e-16 1.8606915689145065e-16
1918.3890330143709 -7.732319591767682e-17 1.8566955586369363e-16
1919.9346573217383 2.4278396841053644e-16 1.929630257002554e-16
1921.480290690267 -1.309942938024778e-16 1.8044628748978058e-16
1923.0259331201173 6.837420680315143e-17 1.8500331151111892e-16
1924.5715846114472 7.714397565743863e-17 1.8279791564915454e-16
1926.117245164417 3.2651971989963054e-17 1.8481982299891996e-16
1927.6629147791855 -8.374882756021735e-17 1.7770167574755004e-16
1929.208593455913 -1.2500520176512845e-16 1.7628744836299058e-16
1930.7542811947576 3.961497986308743e-17 1.803420892023785e-16
1932.2999779958795 6.389925895091306e-17 1.8042982328686833e-16
1933.8456838594382 1.4418904218256026e-16 1.8247336968145813e-16
1935.3913987855924 -2.417598526377468e-16 1.701482329706302e-16
1936.9371227745023 2.8770659899618467e-16 1.839109434116263e-16
1938.482855826327 2.2415414048016814e-16 1.8220519110942354e-16
1940.0285979412256 -1.249855479537742e-16 1.734285798171093e-16
1941.5743491193582 2.0822076583676756e-17 1.7594596173634908e-16
1943.1201093608834 1.2360275343249174e-16 1.751692589934965e-16
1944.6658786659611 -2.7478124679799847e-16 1.6526606741155443e-16
1946.2116570347512 -5.5423579274168063e-17 1.7231712700652385e-16
1947.7574444674121 -1.85117644415386e-17 1.7146268252098108e-16
1949.3032409641044 -2.167312598911337e-16 1.6757388808568758e-16
1950.8490465249863 -1.5942349883919029e-16 1.6514282411772893e-16
1952.394861150218 2.617378658525683e-16 1.7495196857274616e-16
1953.940684839959 -2.2496569730531127e-17 1.7017711150017566e-16
1955.4865175943683 -5.801218806159356e-17 1.6563772958694186e-16
1957.0323594136057 -1.4627512882169244e-17 1.6810377336864415e-16
1958.5782102978312 -1.215122012588227e-18 1.6837311661098122e-16
1960.1240702472028 -4.806514267229639e-17 1.649708499596567e-16
1961.6699392618814 1.7944922383174387e-16 1.7043953289514689e-16
1963.215817342026 -2.1547332332023245e-16 1.5941629905913863e-16
1964.7617044877961 1.214385445475876e-16 1.6619209941603e-16
1966.307600699351 -1.5239054126474598e-17 1.635699633440165e-16
1967.8535059768508 -1.3121020779468883e-16 1.6017661700841777e-16
1969.3994203204538 3.478596231272941e-17 1.6091628852960758e-16
1970.9453437303205 -7.947675733373618e-17 1.604298269200876e-16
1972.4912762066106 3.62615334115158e-16 1.700045550069522e-16
1974.037217749483 1.0304767917001853e-16 1.620974098001047e-16
1975.583168359097 1.9297914579603282e-16 1.6614610817397205e-16
1977.1291280356133 -8.557129835557378e-17 1.5377809042018938e-16
1978.6750967791902 -1.3805011795777551e-16 1.5459713157551488e-16
1980.2210745899881 -1.9869959604020454e-16 1.5007265214819684e-16
1981.7670614681658 4.2985225360283273e-16 1.6561766549400377e-16
1983.313057413883 -2.9435427238491403e-16 1.4773661468900828e-16
1984.8590624272997 -1.4879184568771973e-16 1.4867524630857425e-16
1986.4050765085753 -1.7187457876136308e-16 1.4840071498943525e-16
1987.9510996578692 -1.6476881936684676e-16 1.481610973095909e-16
1989.4971318753414 3.654602067650749e-17 1.5198162618329161e-16
1991.043173161151 2.0444899098837071e-16 1.5675828320087503e-16
1992.5892235154572 -5.753403796286851e-17 1.4875431154024452e-16
1994.1352829384205 -1.3262379990453785e-16 1.462893133148365e-16
1995.6813514301998 4.348698650241304e-16 1.6029861622260199e-16
1997.227428990955 -9.002874968349543e-18 1.4707614074838674e-16
1998.773515620846 -1.3477783115918514e-16 1.4330184134476038e-16
2000.3196113200315 1.5161273009987257e-16 1.495308951690889e-16
2001.8657160886717 3.468458040987695e-16 1.5516431277793024e-16
2003.4118299269264 1.1821707972583249e-16 1.4838620955021352e-16
2004.957952834955 1.321068451089167e-16 1.4628859863078725e-16
2006.5040848129167 1.2513887415211702e-16 1.4830030188051622e-16
2008.0502258609718 -7.212540470663041e-17 1.4033174678499278e-16
2009.5963759792796 -2.8197845928103866e-16 1.3444608541143707e-16
2011.1425351679995 -2.4181551858424915e-16 1.3386200325474603e-16
2012.6887034272913 3.8068609383055886e-16 1.4815747094978546e-16
2014.234880757315 1.4342017449446977e-16 1.4354630299427185e-16
2015.78106715823 2.9467873894327163e-16 1.463515305317903e-16
2017.3272626301957 -8.849560019663045e-17 1.3535833989562995e-16
2018.8734671733723 1.7317679927353796e-16 1.4338046982506722e-16
2020.419680787919 6.94625581135895e-17 1.3595442609737037e-16
2021.9659034739952 -2.1627632378911932e-16 1.297324661739751e-16
2023.5121352317612 2.4713822068523597e-16 1.4291753984961315e-16
2025.058376061377 -6.791446643613936e-17 1.315904858833366e-16
2026.604625963001 2.0487236187821006e-16 1.394006458177235e-16
2028.1508849367938 1.87737388281068e-16 1.3685913669437676e-16
2029.6971529829148 1.6839507329316082e-16 1.3687300685888805e-16
2031.243430101524 -7.314300891363804e-17 1.3074997773675413e-16
2032.7897162927807 -4.826718649999614e-17 1.3052614928044218e-16
2034.3360115568448 1.3961522308606465e-16 1.3459816753013862e-16
2035.8823158938756 8.836742690635413e-17 1.3257823217895353e-16
2037.4286293040336 1.8087034659388957e-16 1.3422478481907708e-16
2038.9749517874777 1.771007191063629e-16 1.338851378421179e-16
2040.5212833443686 -3.0548620437085666e-17 1.277606793518855e-16
2042.067623974865 2.084939753212877e-18 1.2664812804544657e-16
2043.6139736791276 1.7299362508997177e-17 1.2742255438725342e-16
2045.1603324573152 1.2845360524229871e-16 1.313407038081252e-16
2046.706700309588 2.8959188257853593e-16 1.3301556587753277e-16
2048.2530772361056 2.850008118031849e-17 1.2660747046397837e-16
2049.7994632370273 1.1127367272450317e-16 1.29584341287324e-16
2051.3458583125143 5.906586396075341e-17 1.2570883468139056e-16
2052.8922624627253 -1.2455121857517975e-16 1.2051877264598784e-16
2054.4386756878203 1.4655548018362136e-16 1.2822008884665254e-16
2055.9850979879584 -4.058429326593422e-17 1.1967536605853897e-16
2057.5315293633003 -8.343158063424611e-17 1.2028485920364764e-16
2059.0779698140054 7.201030748747733e-17 1.2450776843196356e-16
2060.6244193402335 2.2255163686202426e-17 1.2101293696137192e-16
2062.170877942144 -1.3955280734576385e-16 1.1828099100868078e-16
2063.7173456198975 1.4145963732871089e-16 1.2355096530870102e-16
2065.263822373653 -6.005175075435331e-17 1.1720823701587301e-16
2066.810308203571 4.511751433796573e-17 1.1961787369724409e-16
2068.3568031098107 1.4004131374575806e-17 1.1705631371584907e-16
2069.9033070925325 4.58728658948471e-17 1.1968746274781695e-16
2071.449820151896 -3.38678811683017e-17 1.158416022950374e-16
2072.99634228806 3.700587023136042e-17 1.1833243502533668e-16
2074.542873501186 1.1702421910808202e-16 1.1871210430905362e-16
2076.0894137914333 2.797657180552348e-16 1.2179772622189283e-16
2077.635963158961 -2.106917363061982e-17 1.1480202817096036e-16
2079.1825216039297 -2.759892745994607e-16 1.0527583242499547e-16
2080.729089126499 5.866657395290671e-17 1.15255018744174e-16
2082.2756657268283 2.1346557068510904e-17 1.1400031148638416e-16
2083.822251405078 -3.2918430026323536e-17 1.1109055478921863e-16
2085.368846161408 1.1431276241916382e-17 1.1285037161625785e-16
2086.915449995978 1.0587703391164391e-17 1.1148197665507872e-16
2088.4620629089477 -3.366253523559664e-17 1.1057473819412036e-16
2090.008684900477 1.0255155609094392e-16 1.1236981276758904e-16
2091.555315970726 -1.1298878209379512e-16 1.0686722866187399e-16
2093.1019561198545 3.231320844189809e-17 1.1058182547760872e-16
2094.648605348022 1.2062170038396904e-16 1.1089427475602715e-16
2096.1952636553897 8.082955001420133e-18 1.0877301308852676e-16
2097.741931042116 -2.9699995994332814e-17 1.057754892196469e-16
2099.2886075083616 7.936228215440374e-17 1.0860856296530632e-16
2100.835293054285 -3.4682359595368366e-17 1.0576228079962565e-16
2102.3819876800485 5.3429756360560046e-17 1.075460329248697e-16
2103.92869138581 2.0547949921293418e-16 1.1010975019330225e-16
2105.4754041717306 1.1175996228045574e-16 1.0750505770604628e-16
2107.0221260379694 -4.3442159268913076e-17 1.0239594025666555e-16
2108.5688569846875 -1.3035909850137587e-16 1.011192366120267e-16
2110.1155970120435 1.7299278136574697e-16 1.075678969628207e-16
2111.662346120198 -6.697880604933368e-17 1.0097898648480711e-16
2113.2091043093105 -5.697528738525629e-17 1.018850271882385e-16
2114.7558715795417 -8.111628886482038e-17 9.933576903691337e-17
2116.3026479310506 -5.4965926711022075e-17 1.0194188427482294e-16
2117.8494333639983 -7.23701575237175e-17 9.911213910394843e-17
2119.3962278785434 -9.403279188481349e-18 9.971303618813146e-17
2120.9430314748474 -2.999646414331672e-17 9.948611738505101e-17
2122.489844153069 1.7963194472033438e-16 1.0545845405191248e-16
2124.036665913369 9.759962281028297e-17 1.02942713259008e-16
2125.5834967559063 4.532237140692877e-18 9.842657842970939e-17
2127.130336680842 -1.8116605373670993e-17 9.860529576413514e-17
2128.6771856883356 1.7962935068193341e-16 1.0382119892187402e-16
2130.224043778547 5.5679069722786704e-18 9.748114407678578e-17
2131.7709109516372 7.492016344631637e-17 1.0080731011175541e-16
2133.317787207765 1.5326856039774651e-16 1.0069556131972194e-16
2134.8646725470903 1.8523048839455048e-16 1.0179817984136533e-16
2136.411566969774 -3.336135215712118e-17 9.694273552479746e-17
2137.958470475976 8.426931607141531e-17 9.908708545755543e-17
2139.505383065855 3.937538865302267e-17 9.784301243372058e-17
2141.0523047395727 8.64248693383897e-17 9.8128813261525e-17
2142.5992354972886 2.386825025310331e-16 1.0129927743543254e-16
2144.1461753391623 -8.067990146086191e-17 9.331751391988786e-17
2145.6931242653545 -1.1588437745887374e-16 9.135698337157388e-17
2147.240082276024 -1.5354952056460628e-17 9.427638830340423e-17
2148.7870493713326 1.7584504570161761e-16 9.914031618433444e-17
2150.334025551439 7.314611249529634e-17 9.573484668967813e-17
2151.8810108165044 -8.274635083225208e-17 9.012586068740916e-17
2153.4280051666883 4.524327887829829e-17 9.350918159398375e-17
2154.97500860215 -2.9090057495182343e-16 8.437557900162633e-17
2156.5220211230503 3.8530486523026306e-17 9.372330887607168e-17
2158.0690427295494 2.033075446087741e-17 9.328604796938634e-17
2159.6160734218074 1.4239151915447843e-16 9.593620230310824e-17
2161.163113199984 1.4358030342617023e-16 9.521408024579434e-17
2162.7101620642397 2.237794607499061e-16 9.565856078486604e-17
2164.257220014734 -2.379182207322586e-17 9.065112699382523e-17
2165.8042870516274 7.724262190856926e-17 9.198216647854146e-17
2167.35136317508 -5.0685270349782607e-17 8.811366774675756e-17
2168.8984483852523 -1.9582524929070118e-17 9.012587392229896e-17
2170.4455426823038 7.658126784777596e-17 9.017234823783464e-17
2171.9926460663946 9.626968678450389e-18 8.973847546293832e-17
2173.5397585376854 3.4531812723883715e-17 8.989183474850565e-17
2175.0868800963353 5.1150909341742795e-18 8.714180993634656e-17
2176.634010742506 1.1618275804943387e-16 9.115902912482259e-17
2178.1811504763564 -6.779742368818556e-17 8.52767823528355e-17
2179.7282992980467 1.6342419426774996e-16 9.11232816874705e-17
2181.2754572077374 2.3663723229204674e-17 8.821182430696555e-17
2182.8226242055885 -5.162393174785063e-17 8.511906878852369e-17
2184.369800291761 9.409352183102591e-17 8.94588685635607e-17
2185.9169854664133 -1.7493318826411876e-16 8.178330084100354e-17
2187.464179729707 -4.254451693024094e-18 8.638255077825149e-17
2189.0113830818023 5.2045820330032277e-17 8.651176300737717e-17
2190.558595522858 -1.1385283345497208e-17 8.600399322527782e-17
2192.105817053036 -1.7319674425246784e-16 7.984310570086856e-17
2193.6530476724956 2.663753844736754e-17 8.602878217387481e-17
2195.2002873813963 1.9105297963908674e-16 8.98082564194133e-17
2196.7475361799 1.340674352142348e-16 8.769753634163928e-17
2198.294794068165 1.0767958619785006e-16 8.779064379138825e-17
2199.8420610463536 -7.354037324501872e-17 8.190715955720478e-17
2201.389337114624 1.742178689401625e-16 8.943101573797481e-17
2202.936622273138 -7.8474190443084145e-19 8.274488837692909e-17
2204.4839165220546 -6.160289969134745e-17 8.172436587672037e-17
2206.0312198615343 6.000590509608317e-17 8.538780984337482e-17
2207.5785322917377 8.547422705632946e-17 8.542374256918412e-17
2209.125853812825 1.212249334262019e-16 8.542864609585533e-17
2210.6731844249566 6.631074851685625e-17 8.339961837537706e-17
2212.2205241282923 1.624186073406815e-16 8.665209916138046e-17
2213.7678729229924 1.0156176500485277e-16 8.42441565459039e-17
2215.3152308092167 1.917478775280803e-16 8.686430738444727e-17
2216.8625977871266 1.6619389936104291e-16 8.610175935623668e-17
2218.4099738568816 -3.7775148201034733e-17 7.966669785471306e-17
2219.9573590186424 -1.7571111192555548e-17 7.959943152730024e-17
2221.504753272569 1.111929663664976e-16 8.432337397880688e-17
2223.0521566188213 9.288668516964574e-17 8.201697605532732e-17
2224.5995690575605 1.6461494722929964e-17 8.013834962254589e-17
2226.1469905889453 7.109282522181311e-17 8.144027896714515e-17
2227.6944212131384 -1.9232470365643802e-17 7.853154135649428e-17
2229.241860930298 5.791974235633463e-17 8.044626595120753e-17
2230.789309740585 7.885032352968242e-17 8.085628283723782e-17
2232.3367676441603 1.382027559418487e-16 8.281767365338885e-17
2233.8842346411834 6.249044463628215e-17 8.044639168266064e-17
2235.4317107318147 1.5532846511613017e-16 8.152150148585296e-17
2236.979195916215 8.310266053547052e-17 8.076691424385759e-17
2238.5266901945447 6.251985256141963e-17 7.889912718582305e-17
2240.074193566963 5.1670813036247686e-17 7.786007583989314e-17
2241.6217060336317 -2.8552574061991106e-17 7.651976531487142e-17
2243.1692275947103 -7.521249569223751e-17 7.583733469207027e-17
2244.716758250359 -3.3195786994435017e-17 7.588870591683226e-17
2246.264298000739 1.3638958927402226e-16 8.056477115448433e-17
2247.8118468460098 1.1924595178714432e-17 7.723118696378132e-17
2249.3594047863317 -3.629787311018648e-17 7.453248043682502e-17
2250.906971821866 -3.9250547246253716e-17 7.515625402802881e-17
2252.4545479527724 2.9481785748741325e-17 7.626115556816284e-17
2254.002133179211 2.2779437375883436e-17 7.640772535526233e-17
2255.549727501342 5.425560355796564e-18 7.691470104397363e-17
2257.0973309193278 3.763864520199001e-18 7.541868865788983e-17
2258.6449434333263 2.8462831582974003e-17 7.609133207968325e-17
2260.192565043499 4.0933333705929544e-17 7.701588177650112e-17
2261.740195750006 1.0372755545908811e-16 7.712592988519518e-17
2263.2878355530083 8.12491274537515e-17 7.739581575801408e-17
2264.8354844526652 4.54590919544746e-18 7.581179135475463e-17
2266.383142449138 9.775657536843123e-17 7.571634132951091e-17
2267.930809542587 3.3220850566995373e-17 7.551107480614465e-17
2269.4784857331724 2.3945758730860754e-17 7.558258953318354e-17
2271.0261710210552 1.312844555264716e-16 7.774814837684736e-17
2272.573865406395 2.0167440222074125e-16 8.09106716168744e-17
2274.1215688893526 -2.495711937860484e-17 7.276466973634609e-17
2275.6692814700878 9.580382693532015e-17 7.585909946834776e-17
2277.217003148762 4.048676039990809e-18 7.402952815461318e-17
2278.7647339255354 1.1397798422729013e-16 7.58814730495561e-17
2280.312473800568 1.1675461116794893e-16 7.755354917466059e-17
2281.860222774021 -9.516275534314665e-17 7.008912426654127e-17
2283.407980846054 9.72022187742329e-17 7.651825653743412e-17
2284.9557480168282 -5.69146252678541e-17 7.081118676685106e-17
2286.503524286504 1.0209423770876541e-16 7.560458592003255e-17
2288.0513096552413 5.060375335477673e-17 7.391819626160844e-17
2289.599104123201 3.491113459174338e-17 7.333299575672922e-17
2291.1469076905437 1.3482310895796476e-18 7.29597718643453e-17
2292.6947203574296 5.762386315994687e-17 7.359222092581354e-17
2294.2425421240187 -4.466250875277991e-17 7.0771184312428e-17
2295.7903729904724 1.0109825269424746e-16 7.497331476375658e-17
2297.338212956951 1.3388223940125153e-16 7.450656652259496e-17
2298.8860620236146 5.953984424201058e-18 7.246874421784402e-17
2300.4339201906246 2.6819329584949544e-17 7.19272056144178e-17
2301.98178745814 -7.392602469892564e-18 7.097897208230132e-17
2303.529663826322 1.0645656988368836e-16 7.420751757009989e-17
2305.0775492953326 -5.557097293315766e-17 6.916952441850892e-17
2306.6254438653305 1.0390381110401091e-16 7.439561182394954e-17
2308.1733475364767 1.0906871361390222e-16 7.341556823419672e-17
2309.7212603089315 1.5693614688490863e-16 7.448756122084094e-17
2311.269182182856 5.862684943116946e-17 7.262861506919337e-17
2312.817113158411 1.4169167141669936e-16 7.342251655134216e-17
2314.3650532357556 2.9716417183853216e-17 7.130721058425216e-17
2315.9130024150522 5.1228582428442136e-17 7.219143357184684e-17
2317.4609606964605 1.4903377947327924e-16 7.27415152966395e-17
2319.0089280801403 1.3465315849726115e-17 7.037588462385625e-17
2320.5569045662537 1.3861998584282045e-16 7.381202597562603e-17
2322.1048901549602 -4.065794873639839e-17 6.880993246261987e-17
2323.6528848464204 2.786811519232798e-17 7.023329853858681e-17
2325.2008886407953 -2.6690150443048363e-17 6.822123794683323e-17
2326.7489015382457 8.715410514897155e-17 7.276607263466498e-17
2328.296923538932 1.071372071789215e-16 7.10613526538667e-17
2329.8449546430143 1.9369160307506965e-17 6.990931505370694e-17
2331.3929948506534 -1.0892277082970704e-17 6.851792447149885e-17
2332.9410441620107 2.9774422397127885e-17 6.948972272490574e-17
2334.489102577246 1.1734598574892024e-16 7.180517993045398e-17
2336.0371700965193 -8.460490159156685e-18 6.806253838323125e-17
2337.5852467199925 3.710373893271524e-17 7.054253835622854e-17
2339.1333324478255 1.639286553273991e-16 7.341192863950148e-17
2340.68142728018 2.2409143357229172e-17 6.820481344859037e-17
2342.2295312172146 -9.972246273839211e-18 6.841675035641626e-17
2343.7776442590925 -3.694054943274833e-17 6.671900516254302e-17
2345.325766405972 1.4512518233412122e-17 6.802441528315991e-17
2346.873897658015 7.71168904554612e-17 7.090936979683865e-17
2348.4220380153824 2.121633071595423e-17 6.796551340610123e-17
2349.970187478233 6.193023822079183e-17 6.949858348362741e-17
2351.5183460467306 2.3631102534568033e-17 6.821252277189937e-17
2353.066513721033 7.702294920765477e-17 6.86467661237101e-17
2354.6146905013024 1.1631984172926861e-17 6.789156345933899e-17
2356.162876387699 -1.7117973381192874e-16 6.240789862859425e-17
2357.7110713803836 1.590665935659308e-16 7.132949152123189e-17
2359.2592754795164 -2.3240229916634675e-17 6.676274647333483e-17
2360.807488685259 -4.476489386027927e-17 6.526179085591041e-17
2362.355710997771 1.5398248344082878e-17 6.691287644579075e-17
2363.9039424172147 1.0432876356318145e-16 6.975827849129966e-17
2365.4521829437494 8.364161171794067e-17 6.825025544272159e-17
2367.0004325775362 -6.576972607413227e-17 6.517673683660525e-17
2368.548691318736 3.5991111525659965e-17 6.775014866181693e-17
2370.096959167509 -3.5020368754714684e-17 6.63457746527142e-17
2371.6452361240167 -9.316741703465644e-17 6.37439276667654e-17
2373.193522188419 6.966892975025413e-17 6.72177553672431e-17
2374.7418173608776 4.285101960723573e-17 6.780609254100511e-17
2376.2901216415526 -5.601025877798252e-17 6.431648885188481e-17
2377.8384350306046 2.851724683239019e-17 6.665291674032249e-17
2379.386757528195 3.49790403297697e-18 6.689039036801911e-17
2380.9350891344843 4.571811115558639e-18 6.531587523308157e-17
2382.4834298496326 3.261197946170734e-17 6.738741341960017e-17
2384.0317796738013 2.6570308929491986e-18 6.52211597442218e-17
2385.580138607151 6.418644944214657e-17 6.78323902670394e-17
2387.128506649843 5.610390885821333e-17 6.686427131299714e-17
2388.676883802038 1.5775230283425755e-16 7.00615229038616e-17
2390.225270063895 1.2368418770943636e-16 6.88713489687407e-17
2391.7736654355767 2.6363093155012246e-17 6.589218189201462e-17
2393.322069917244 8.817277476460815e-17 6.809953651766952e-17
2394.8704835090566 1.636862219247496e-17 6.492350045515582e-17
2396.418906211176 -4.262882317827235e-18 6.472275364665655e-17
2397.967338023763 1.3985228643217744e-16 6.896880407978925e-17
2399.5157789469777 1.2746722214033128e-16 6.838327270266501e-17
2401.0642289809816 7.228653287251084e-17 6.694615557619499e-17
2402.6126881259356 9.064496615262293e-17 6.676326925148196e-17
2404.1611563819997 -2.698959644223746e-17 6.368973741047583e-17
2405.709633749336 4.350070380394713e-17 6.594527365245072e-17
2407.258120228104 -3.804740063758615e-18 6.346240170836665e-17
2408.806615818466 8.37605801423605e-17 6.689900628127946e-17
2410.3551205205813 6.079522730636087e-17 6.586737309108293e-17
2411.9036343346115 9.513921709163584e-17 6.728377761501463e-17
2413.4521572607177 3.434763599741511e-17 6.507567521808598e-17
2415.0006892990605 -8.006765876739711e-18 6.469965876395407e-17
2416.5492304498007 6.412415943329888e-17 6.531612669598779e-17
2418.097780713099 8.686710656364015e-17 6.60619325886003e-17
2419.646340089117 1.8649222007010212e-17 6.470977021976192e-17
2421.1949085780147 5.647961429243491e-17 6.573673149385875e-17
2422.743486179953 5.0196684540449585e-17 6.492443351488678e-17
2424.292072895094 1.290382829690308e-16 6.69292546219193e-17
2425.8406687235965 3.946037980660127e-17 6.481335970223316e-17
2427.3892736656235 4.8919739359071875e-17 6.459800157539375e-17
2428.9378877213353 8.734187514802108e-17 6.628926167326457e-17
2430.486510890892 -4.497736678114209e-17 6.20263566079705e-17
2432.0351431744552 -6.230589071545421e-17 6.183818956222693e-17
2433.5837845721853 6.891421677680565e-17 6.438793078702979e-17
2435.1324350842447 3.3101369290595764e-17 6.404831689729512e-17
2436.681094710792 2.9127537379609365e-17 6.390847705165935e-17
2438.2297634519896 2.485990084121148e-16 6.939572853754012e-17
2439.7784413079985 8.306672780966122e-17 6.482123446166466e-17
2441.327128278979 6.85515741788175e-17 6.443256545288315e-17
2442.8758243650927 1.2686933599357795e-16 6.672087128200494e-17
2444.4245295665 1.3644991390173453e-16 6.660232637405874e-17
2445.973243883362 3.269445267750133e-17 6.407634177644841e-17
2447.5219673158394 6.954029985627969e-17 6.415484452530214e-17
2449.0706998640944 1.2031754772709451e-17 6.269121129711612e-17
2450.619441528286 1.0174406734005333e-17 6.221421925124864e-17
2452.1681923085775 8.948940145433125e-17 6.440912646304585e-17
2453.7169522051277 1.053216648483758e-16 6.576758863942943e-17
2455.265721218099 8.277123242507768e-17 6.452968307424177e-17
2456.8144993476512 3.049295118186085e-17 6.366420730804999e-17
2458.363286593946 6.573996742441506e-17 6.370872947734005e-17
2459.9120829571452 6.479854324310111e-17 6.353735750675376e-17
2461.4608884374084 2.933649188773669e-18 6.201962666650676e-17
2463.009703034897 7.31970072640255e-17 6.362815546823248e-17
2464.5585267497727 2.3077296842657655e-17 6.231086041657443e-17
2466.1073595821954 1.2310059524366795e-16 6.585798955421413e-17
2467.6562015323275 8.98020823433212e-17 6.379239383321611e-17
2469.2050526003286 5.660717877778039e-17 6.369745335122972e-17
2470.7539127863606 2.161425753015144e-17 6.241230584689794e-17
2472.302782090584 9.713373483695841e-17 6.391756942095253e-17
2473.8516605131604 3.4353853086899056e-17 6.213776791031404e-17
2475.4005480542505 2.3632376392711365e-17 6.307403710205056e-17
2476.949444714016 -4.503658960427844e-17 5.839095075535914e-17
2478.4983504926163 8.399958901727402e-17 6.37063935192902e-17
2480.0472653902143 1.4746937579414955e-16 6.621230078907264e-17
2481.59618940697 4.25711356023529e-18 6.18017472931603e-17
2483.145122543045 1.0507331214126288e-16 6.415986716598157e-17
2484.6940647986003 -1.0690920642359983e-17 6.123913212772623e-17
2486.2430161737966 5.1762054366534735e-17 6.215812978827264e-17
2487.791976668795 1.1590431582035872e-17 6.122972873852273e-17
2489.340946283757 1.2308816768214495e-16 6.394885670044174e-17
2490.8899250188438 1.393915534484303e-16 6.452003483957696e-17
2492.438912874216 1.2490024908900772e-16 6.421416991883445e-17
2493.9879098500346 3.368708264745476e-17 6.176826302196415e-17
2495.536915946461 1.4307793347910963e-16 6.389189373473889e-17
2497.0859311636564 9.30685656427339e-17 6.323119480099073e-17
2498.634955501782 1.0633573037672294e-17 6.106388895187319e-17
2500.1839889609987 5.0154279953527667e-17 6.136428786312795e-17
2501.7330315414674 9.491791649927586e-17 6.373202950083444e-17
2503.28208324335 9.195642461787881e-17 6.266190263365214e-17
2504.8311440668067 1.4133528230414211e-16 6.464575305779521e-17
2506.3802140119988 1.2561842714916096e-16 6.332137734009371e-17
2507.929293079088 5.85541435640485e-17 6.140530940406568e-17
2509.4783812682354 5.142429667009463e-17 6.194086583730191e-17
2511.0274785796014 -1.3025166428341748e-17 5.94121350000579e-17
2512.5765850133484 1.041002234861004e-16 6.289414847987743e-17
2514.1257005696366 1.1348482576353092e-16 6.39092909973821e-17
2515.674825248627 5.4952824170119235e-17 6.06039103568447e-17
2517.2239590504814 1.1537803704487289e-16 6.352759015808073e-17
2518.7731019753605 -6.8888784281692096e-18 5.941083798085742e-17
2520.322254023426 6.10249519060791e-17 6.169326751890764e-17
2521.871415194839 1.8693950971453404e-16 6.474241407545571e-17
2523.4205854897596 9.320479236345404e-17 6.171026111741193e-17
2524.969764908351 8.594836698344485e-17 6.247583331794201e-17
2526.5189534507726 1.771846150728105e-16 6.421610221274537e-17
2528.068151117187 1.3703627245947132e-16 6.327499566878664e-17
2529.617357907754 8.266997890065629e-17 6.2538037300006e-17
2531.1665738226357 1.3055993795410374e-16 6.289099195865992e-17
2532.7157988619933 1.3222447680946665e-16 6.347171907078645e-17
2534.265033025988 8.841443723492674e-17 6.185764485023418e-17
2535.8142763147803 1.566469116032009e-16 6.326059610868332e-17
2537.363528728533 8.673465840395816e-17 6.254760612533201e-17
2538.9127902674054 1.0764391858342708e-18 5.810823365687832e-17
2540.4620609315602 1.3164787236551309e-16 6.279822199860088e-17
2542.0113407211584 8.415385489279271e-17 6.121591813101554e-17
2543.5606296363603 9.339845188846495e-17 6.163675453945802e-17
2545.1099276773284 1.0049583359773734e-16 6.272000379987786e-17
2546.6592348442236 6.273193008994965e-18 5.842522911994334e-17
2548.2085511372065 1.0991362897878838e-16 6.285189609418822e-17
2549.7578765564394 6.06614953623682e-17 6.084917271718913e-17
2551.3072111020824 9.671672827475205e-18 5.829487207284988e-17
2552.856554774298 4.249895168619846e-17 6.111295068836494e-17
2554.4059075732466 1.0040500916647902e-16 6.109174839490398e-17
2555.95526949909 6.297164537710629e-17 5.998567556702257e-17
2557.504640551989 9.508361731958248e-17 6.254810905114444e-17
2559.0540207321055 6.147158311474343e-17 5.973431192247996e-17
2560.6034100396 1.5032358565882092e-16 6.29842516096416e-17
2562.1528084746355 -7.883147042916111e-17 5.674644952315472e-17
2563.702216037371 2.408547284504341e-17 5.821026803979796e-17
2565.2516327279695 6.735604011332726e-17 6.174034402192926e-17
2566.801058546592 2.7280686262878545e-17 5.917617676724348e-17
2568.350493493399 3.7554886547524113e-17 6.014849779879751e-17
2569.8999375685526 1.1425386550518882e-16 6.244238875141526e-17
2571.449390772214 -4.5463302303792494e-17 5.687948001798795e-17
2572.9988531045447 3.2517217650733266e-17 5.932641923626271e-17
2574.5483245657056 1.0921850609666822e-16 6.159374114760526e-17
2576.097805155858 6.699496584978051e-17 6.025408574962868e-17
2577.6472948751643 -1.2062637871071848e-19 5.922042100384772e-17
2579.196793723785 1.5299777455242116e-16 6.267955797664647e-17
2580.7463017018817 8.189703486650713e-17 6.183325294833121e-17
2582.295818809615 5.885656079599789e-17 5.910758033340568e-17
2583.845345047148 1.1854556969068954e-16 6.194441940521344e-17
2585.39488041464 1.009069886842905e-16 6.146358262385882e-17
2586.9444249122544 1.1526558018623508e-16 6.168931690430209e-17
2588.4939785401507 8.174083007963262e-18 5.914444611894594e-17
2590.0435412984916 7.833127100402785e-17 6.1026619502194e-17
2591.593113187438 2.328944385435913e-17 5.929304746162987e-17
2593.1426942071516 3.0863577727121357e-17 5.923675285786196e-17
2594.6922843577936 8.56620698472729e-17 6.017510654474212e-17
2596.2418836395254 4.840431981066763e-17 6.006784438035114e-17
2597.7914920525086 8.746138620292275e-17 6.120522434005645e-17
2599.341109596904 1.0433159582959884e-16 6.160327026826187e-17
2600.890736272874 5.839995709786862e-17 6.000073025417104e-17
2602.440372080579 5.70908478255524e-17 5.985797873277909e-17
2603.9900170201818 6.939740936854483e-17 6.098792730186122e-17
2605.539671091842 4.0675660327674375e-17 5.89831260471634e-17
2607.089334295723 1.351547211160439e-16 6.215980400183245e-17
2608.639006631985 7.850963099642898e-18 5.872656109092906e-17
2610.1886881007895 2.3294347381030345e-17 5.90890581051294e-17
2611.7383787022986 1.7314994568213204e-16 6.394257674523124e-17
2613.2880784366735 1.6924200036129672e-16 6.34911280366794e-17
2614.837787304075 1.5810023485223206e-16 6.239474976557711e-17
2616.3875053046654 1.0197624039438472e-17 5.839629765083868e-17
2617.9372324386063 1.1836909567008503e-16 6.165266949444354e-17
2619.4869687060586 2.1888216440306553e-17 5.966543093851144e-17
2621.036714107184 5.733659325937455e-17 5.975661271179439e-17
2622.5864686421437 1.7209202800079102e-16 6.344782347725102e-17
2624.1362323111002 1.3423938290252742e-16 6.272203535546229e-17
2625.6860051142135 1.0711153811015275e-16 6.148291218041296e-17
2627.2357870516466 1.5088240241088215e-16 6.300098712779477e-17
2628.78557812356 1.0693734710803888e-16 6.150765480689564e-17
2630.3353783301154 9.084608353803663e-17 6.143416808127643e-17
2631.885187671475 4.059319703804774e-17 5.991374394095496e-17
2633.4350061477994 1.6345639475463542e-16 6.283813842624023e-17
2634.9848337592507 1.3451931405670517e-16 6.258635126522399e-17
2636.5346705059897 7.597031059298307e-18 5.860418468238551e-17
2638.0845163881795 8.88771025125848e-17 6.089831386301968e-17
2639.63437140598 8.449581797546703e-17 6.112576867913706e-17
2641.1842355595536 7.245611151552911e-17 6.026706255907841e-17
2642.7341088490616 9.908635753861638e-17 6.27549703787317e-17
2644.283991274666 1.0640222080872118e-16 6.113345153266645e-17
2645.8338828365277 1.614891872044169e-16 6.267880358792782e-17
2647.383783534808 1.7790303136098015e-16 6.364377263819748e-17
2648.93369336967 4.854698530527588e-17 5.99517016049038e-17
2650.4836123412742 9.768299599858342e-17 6.119613858820817e-17
2652.033540449782 1.6296802732098411e-16 6.286374793800488e-17
2653.583477695355 7.890293221664079e-17 6.178683818979964e-17
2655.1334240781557 9.934440480250842e-17 6.145139329035224e-17
2656.6833795983453 2.523230582478898e-17 5.969029267900234e-17
2658.2333442560844 -1.056428094493934e-17 5.851472344477668e-17
2659.783318051536 1.4012373402199285e-16 6.198160282810893e-17
2661.3333009848607 6.573916009613721e-17 6.070819467103049e-17
2662.883293056221 9.05601371264444e-17 6.129137685521508e-17
2664.433294265778 4.092268623708476e-17 6.121511080273769e-17
2665.9833046136932 1.4591732026720405e-16 6.274787647779845e-17
2667.5333241001285 1.1907876369609633e-16 6.234276311843938e-17
2669.0833527252453 1.5987715115689397e-16 6.364898718477902e-17
2670.6333904892062 7.76722727536191e-17 6.065481836046367e-17
2672.1834373921715 1.7201433919766004e-16 6.342977108756266e-17
2673.7334934343035 8.63858793530364e-17 6.119735619806985e-17
2675.2835586157635 1.285546139212588e-16 6.17674490762414e-17
2676.8336329367135 5.490559877458736e-17 6.209988965570401e-17
2678.3837163973158 2.0105066833420686e-16 6.428024510616518e-17
2679.9338089977305 1.764141989026133e-16 6.434790848027202e-17
2681.4839107381204 1.158135972682188e-16 6.228627660876936e-17
2683.034021618647 4.847045786372492e-17 6.071868993864256e-17
2684.584141639472 7.221945845100014e-17 6.116883501054902e-17
2686.134270800757 4.9394411990501754e-17 6.164507266769785e-17
2687.6844091026637 2.1355345035338667e-17 5.916443741999013e-17
2689.2345565453534 5.821523112347328e-17 6.071092105832947e-17
2690.7847131289886 5.65901123873822e-17 6.149267291164108e-17
2692.3348788537305 -2.4685544402975104e-17 5.876884656384277e-17
2693.8850537197413 4.490246392231419e-17 6.073884667580926e-17
2695.435237727182 8.766127274358496e-17 6.291172441353295e-17
2696.9854308762147 2.2707449832406416e-16 6.54629942681078e-17
2698.535633167001 3.828382126436299e-18 5.992201574708049e-17
2700.085844599703 1.9492808919832616e-16 6.46283888823765e-17
2701.6360651744817 1.7641601208251602e-16 6.445575297981423e-17
2703.1862948914995 5.06297665306803e-17 6.183737561650418e-17
2704.7365337509186 5.669849951740624e-17 6.120541624595857e-17
2706.2867817528995 8.572860163830176e-17 6.204698318372512e-17
2707.8370388976045 1.757731934848888e-16 6.484495138418778e-17
2709.3873051851956 4.664552868758798e-17 6.120546918551777e-17
2710.937580615835 9.627860213714599e-17 6.260458894336956e-17
2712.4878651896834 1.07987482674177e-16 6.364495716083466e-17
2714.0381589069025 4.844736298102244e-17 6.10452740793683e-17
2715.588461767655 1.1428074556637434e-16 6.323751446087064e-17
2717.1387737721025 2.1061709814516633e-16 6.647091053578122e-17
2718.6890949204067 -1.4654216960679447e-18 6.006108135166291e-17
2720.239425212729 3.707595228157836e-17 6.134246352984635e-17
2721.7897646492315 1.3991282281812652e-16 6.372895238895574e-17
2723.340113230076 1.5369793992755544e-16 6.451829445156814e-17
2724.890470955425 8.270468078171411e-17 6.265235366066082e-17
2726.4408378254393 4.89458948100408e-17 6.148661133211229e-17
2727.9912138402806 1.1968938180683807e-16 6.417991802402985e-17
2729.5415990001115 1.0024026125823805e-16 6.319919283745228e-17
2731.091993305093 1.6102640281275064e-16 6.473234232431727e-17
2732.6423967553883 6.565568764616326e-17 6.254262980676689e-17
2734.192809351158 1.5792172265859821e-16 6.491330959000917e-17
2735.7432310925637 1.0520354345690323e-16 6.358403034563645e-17
2737.2936619797683 6.814021395147243e-17 6.274373395729078e-17
2738.844102012934 3.718106046765425e-17 6.196429820969432e-17
2740.3945511922207 5.043906169481742e-17 6.260842044396691e-17
2741.945009517792 1.0788005507366352e-16 6.434403065756037e-17
2743.495476989809 2.520042396787547e-16 6.849398255584911e-17
2745.045953608435 1.5329289936009028e-16 6.526995016547263e-17
2746.596439373829 1.5844701543479389e-16 6.54597980422209e-17
2748.146934286155 1.3348764116183923e-16 6.580807416733023e-17
2749.697438345575 1.299243059016384e-16 6.3859322670939e-17
2751.24795155225 1.5819857008345236e-16 6.619177347499152e-17
2752.7984739063413 1.9321411802955709e-16 6.70556478195174e-17
2754.3490054080135 1.904906556412283e-16 6.659896471204933e-17
2755.899546057425 1.033966038047281e-16 6.496832040946639e-17
2757.45009585474 2.336126662345813e-16 6.683323549641415e-17
2759.0006548001206 6.131784001737187e-17 6.439774445781712e-17
2760.551222893727 1.465107330212047e-16 6.604614998251279e-17
2762.1018001357224 4.9335437321549173e-17 6.235945893192315e-17
2763.6523865262684 1.6702107997359594e-16 6.77028471656687e-17
2765.202982065527 1.6782940086818276e-16 6.588325495884395e-17
2766.75358675366 2.961134539372428e-16 6.993655907436199e-17
2768.3042005908296 3.1052024029039717e-16 7.119372802165478e-17
2769.8548235771973 3.647647860979342e-16 7.121371932269896e-17
2771.4054557129257 3.065566290230595e-16 7.016229335480526e-17
2772.956096998176 2.143433681337054e-16 6.850484840037561e-17
2774.5067474331113 2.5462675956257244e-16 6.822174749009056e-17
2776.0574070178923 1.7108894246789492e-16 6.832311351107526e-17
2777.608075752681 2.086540992899045e-16 6.774410031717794e-17
2779.15875363764 3.793201208542133e-16 7.288598073626067e-17
2780.7094406729316 3.609100450340983e-16 7.241358781459898e-17
2782.2601368587175 2.460485657381525e-16 6.996052745979133e-17
2783.8108421951592 1.9760165605210576e-16 6.848312994621242e-17
2785.3615566824187 2.5671546340116274e-16 7.005021369052678e-17
2786.9122803206587 3.731274365070575e-16 7.356232330975342e-17
2788.4630131100407 4.0082263455541495e-16 7.418416460704629e-17
2790.0137550507275 3.3383752208109116e-16 7.276046765883432e-17
2791.5645061428795 2.9516885338237665e-16 7.272324453126943e-17
2793.11526638666 1.0098083275193433e-16 6.59886840909975e-17
2794.6660357822307 3.618256082407414e-16 7.41999736829134e-17
2796.2168143297536 2.1364101900175398e-16 7.03985295203055e-17
2797.767602029391 1.5633155064902627e-16 6.857737559648426e-17
2799.318398881305 2.6100563233944656e-16 7.200109600417594e-17
2800.8692048856565 2.119424664796029e-16 7.102883452962601e-17
2802.4200200426085 2.1405503282450412e-16 7.064463229615228e-17
2803.970844352323 1.2326089622893583e-16 6.781100930256613e-17
2805.5216778149625 1.0245335320862163e-16 6.724200830280315e-17
2807.0725204306887 2.0254544325809428e-16 7.088293972190636e-17
2808.6233721996628 1.0508927341836271e-16 6.809022577269463e-17
2810.174233122048 6.997090361339519e-17 6.79853657408025e-17
2811.725103198006 1.6556422300898795e-16 7.004805640348924e-17
2813.2759824276986 2.334579239030298e-16 7.09850204269403e-17
2814.8268708112887 1.479848350472232e-16 6.925018445440019e-17
2816.377768348937 5.981282790622349e-17 6.717329937240205e-17
2817.928675040807 1.4180537235497845e-16 6.983013732547337e-17
2819.4795908870606 1.4117029616788474e-16 6.93735270098992e-17
2821.0305158878587 1.8000940377745458e-16 7.02985597801948e-17
2822.581450043365 1.9687752229154213e-16 7.183470035215477e-17
2824.13239335374 1.0622726880044376e-16 6.822585030592882e-17
2825.6833458191472 2.1069994855531964e-16 7.132008813202838e-17
2827.234307439748 1.6766331623607191e-16 7.058188568360646e-17
2828.785278215705 1.5098044647452683e-16 7.000988036385869e-17
2830.33625814718 1.7192608895246798e-16 7.095283317494464e-17
2831.8872472343355 1.3496630922483902e-16 6.956568437491771e-17
2833.438245477333 1.5994261092184897e-16 7.137875839851554e-17
2834.9892528763353 2.4223212644540026e-16 7.279398501725497e-17
2836.5402694315044 9.426996938185082e-17 6.878112672496832e-17
2838.091295143002 2.8155835740898013e-16 7.447806518740883e-17
2839.6423300109905 1.5441413275423855e-16 7.089896055601029e-17
2841.193374035632 1.8246537580801842e-16 7.194152576518232e-17
2842.744427217089 2.583918474828974e-16 7.460537159240319e-17
2844.295489555524 2.581880665759113e-17 6.729299571576092e-17
2845.8465610510984 1.585874640853605e-16 7.239151201841117e-17
2847.3976417039744 6.304752100033456e-17 6.924780879168094e-17
2848.9487315143147 1.4129870106873257e-16 7.136635730677215e-17
2850.4998304822816 2.457890030793783e-16 7.524213522794651e-17
2852.050938608036 2.7537226403694516e-16 7.546479239651109e-17
2853.602055891742 1.262133222108193e-16 7.24356239061174e-17
2855.153182333561 1.1455581951599518e-16 7.129763514148124e-17
2856.7043179336542 1.5713293646135745e-16 7.233035359264145e-17
2858.255462692186 3.536284468936879e-16 7.81106520084926e-17
2859.8066166093163 6.648572699491327e-17 7.079184397540712e-17
2861.3577796852082 2.0790444866180483e-16 7.395367238371961e-17
2862.908951920025 2.000746613858433e-16 7.517252632503895e-17
2864.4601333139276 2.2646307288504456e-16 7.636569134525484e-17
2866.0113238670788 2.1740574958005433e-16 7.648336275047418e-17
2867.5625235796406 1.2154984997081274e-16 7.359372970325084e-17
2869.1137324517754 1.8891767575350766e-16 7.484543925850078e-17
2870.6649504836455 2.658216234495181e-16 7.719906588623466e-17
2872.2161776754133 3.3898801179598934e-16 7.885594835784778e-17
2873.76741402724 3.166431502985229e-16 7.881024828336545e-17
2875.31865953929 1.85684617168287e-16 7.703771272722762e-17
2876.8699142117243 2.636457546266994e-16 7.747390160783908e-17
2878.4211780447044 2.85790107543683e-16 7.98108258046443e-17
2879.9724510383944 1.9011814643289361e-16 7.618772178210283e-17
2881.523733192955 1.584893670821566e-16 7.627873811926326e-17
2883.0750245085487 2.0852537675170144e-16 7.761201430035584e-17
2884.6263249853387 2.396884865047956e-16 7.886647009523946e-17
2886.177634623487 1.5562339140045227e-16 7.698415774564849e-17
2887.7289534231554 1.9648029030905947e-16 7.800652651298443e-17
2889.2802813845065 2.1900065968017497e-16 7.869603118438413e-17
2890.8316185077033 2.887971009762154e-16 8.039044118602755e-17
2892.3829647929065 2.2070682226396155e-16 7.896209879149549e-17
2893.93432024028 3.198453848253974e-16 8.266334822086606e-17
2895.485684849986 1.9115426625073264e-16 7.898248052178879e-17
2897.037058622186 1.350813071823186e-16 7.798930792135352e-17
2898.588441557042 1.4920611097337609e-16 7.730240390579969e-17
2900.139833654718 1.2472868521251932e-16 7.75740831061866e-17
2901.6912349153754 2.0896236634314585e-16 8.107170713852623e-17
2903.2426453391763 1.944966317908185e-16 7.940935203998046e-17
2904.794064926283 1.5352685250709987e-16 7.961360609427695e-17
2906.3454936768594 1.565783151693631e-16 8.04426726786266e-17
2907.8969315910663 2.6600667367871356e-16 8.221758389748368e-17
2909.448378669066 2.148159595787141e-16 8.264850529195441e-17
2910.999834911022 2.9971630857838897e-16 8.470857544646057e-17
2912.5513003170954 1.7803753754602617e-16 8.114184543702582e-17
2914.1027748874494 7.61498567623826e-17 7.917774808591051e-17
2915.6542586222467 2.663565512254888e-16 8.487184766448874e-17
2917.205751521649 3.7069465200342475e-16 8.724956840910507e-17
2918.7572535858194 2.3487376594414494e-16 8.424840494552997e-17
2920.308764814919 1.8167834985112117e-16 8.327775151009085e-17
2921.8602852091117 3.0269370879732664e-16 8.645114721208928e-17
2923.4118147685585 9.864600628516255e-17 8.196927751248507e-17
2924.9633534934237 1.9606197514712405e-16 8.449935830848876e-17
2926.5149013838686 1.5204204345523249e-16 8.377196876503413e-17
2928.066458440055 3.0119438107134773e-16 8.818217153636675e-17
2929.618024662147 1.676881051846689e-16 8.425561134302653e-17
2931.1696000503057 1.840701061963713e-16 8.55856979156771e-17
2932.721184604694 2.737237261633515e-16 8.806788826293643e-17
2934.2727783254736 1.259387644219007e-16 8.420552390257522e-17
2935.824381212809 2.996150616714125e-16 8.947074687715696e-17
2937.3759932668604 1.7225439362886783e-16 8.613251062268896e-17
2938.9276144877913 1.1499219203070262e-17 8.264183490749478e-17
2940.4792448757644 2.8209982322051244e-16 8.98613349449596e-17
2942.0308844309416 2.7486195315600404e-16 9.047011340601902e-17
2943.5825331534857 1.4483323720872676e-16 8.688384208179332e-17
2945.1341910435594 2.4980380690046565e-16 9.020468107361811e-17
2946.6858581013244 4.814893937707046e-17 8.475950991985914e-17
2948.237534326944 2.998885739040368e-16 9.160188177244878e-17
2949.789219720581 2.477208734738285e-16 9.158265147756815e-17
2951.340914282396 5.097532156244657e-16 9.878155140905794e-17
2952.892618012554 2.440860433389235e-16 9.193467969393601e-17
2954.444330911216 3.572632240890337e-16 9.568426294085929e-17
2955.9960529785453 2.8228744101832927e-16 9.297794635226749e-17
2957.5477842147034 2.3354630649711984e-16 9.258096583269104e-17
2959.0995246198536 5.139015065440844e-16 1.0137328032175399e-16
2960.6512741941588 2.0411245421051474e-16 9.082614517655165e-17
2962.2030329377803 1.1358809760864694e-16 9.208318177494643e-17
2963.7548008508825 3.583736842828841e-16 9.801911587741066e-17
2965.3065779336257 3.108405510933573e-16 9.710798635885086e-17
2966.8583641861737 1.1454183023747568e-16 9.334136319130899e-17
2968.4101596086894 4.527874441249762e-16 9.998347130887709e-17
2969.961964201335 1.5503082567939889e-16 9.58466815084953e-17
2971.513777964273 5.439061134533511e-16 1.0503754485157609e-16
2973.0656008976653 2.981520504830471e-16 9.819343261097764e-17
2974.6174330016756 3.59233634482584e-16 1.0304836076684327e-16
2976.169274276466 2.574698521198111e-16 9.80087728110313e-17
2977.721124722199 2.614979437702585e-16 1.0098779430396958e-16
2979.272984339037 9.984494833477651e-17 9.664780262303045e-17
2980.8248531271433 3.8584290982278185e-16 1.0477853144072859e-16
2982.376731086681 1.5545496419284668e-16 9.890319989866244e-17
2983.9286182178107 2.779002603378052e-16 1.0389952961716034e-16
2985.480514520696 2.841005415117067e-16 1.0333858866528608e-16
2987.0324199955007 2.238277945674588e-16 1.0219445229433743e-16
2988.584334642386 1.6929990300417543e-16 1.0186354696209172e-16
2990.136258461515 3.0859975190117566e-16 1.0565188858379678e-16
2991.6881914530495 2.763276377921092e-16 1.0526595919720403e-16
2993.2401336171533 1.4395526108911807e-16 1.0405552926324294e-16
2994.7920849539887 2.2468144495961355e-16 1.0571331832480741e-16
2996.344045463719 4.563239654984405e-16 1.1213476112472597e-16
2997.8960151465044 2.429703950682712e-16 1.0813039963169146e-16
2999.4479940025108 2.895928884301608e-16 1.0968255442031047e-16
3000.999982031899 3.7657676642651383e-16 1.1328918762249478e-16
3002.551979234832 4.161727509140146e-16 1.145017549911587e-16
3004.1039856114717 2.3974047315193333e-16 1.0880419448889756e-16
3005.6560011619827 3.5516414409683954e-16 1.1410499946470888e-16
3007.208025886526 3.4067437498463385e-16 1.1455899588954738e-16
3008.7600597852647 2.6193670683693625e-16 1.1363014485354423e-16
3010.3121028583623 3.814901663255196e-16 1.185884507336443e-16
3011.86415510598 1.497708701909579e-16 1.1116048794692631e-16
3013.416216528282 1.7207889899010858e-16 1.1173346603107444e-16
3014.9682871254295 3.144607963797018e-16 1.1769521478609523e-16
3016.520366897587 2.362844728480174e-16 1.1588899643541424e-16
3018.0724558449156 3.93051689599508e-16 1.2034285449075496e-16
3019.6245539675792 2.2598209051990213e-16 1.17676090370333e-16
3021.1766612657393 4.56789992438108e-16 1.2466167696545763e-16
3022.72877773956 2.220054958256698e-16 1.1845206519424655e-16
3024.280903389203 4.557575651545234e-16 1.260776778252504e-16
3025.8330382148315 2.254808323035848e-16 1.2150444106390603e-16
3027.385182216608 3.502326918081454e-16 1.2447916783510393e-16
3028.9373353946958 3.4005050874920146e-16 1.2622609387947712e-16
3030.4894977492568 3.667004681406471e-16 1.2767303791162427e-16
3032.0416692804542 1.0355617687105693e-16 1.2150372637985678e-16
3033.593849988451 1.9917566826123086e-16 1.2500169451933122e-16
3035.14603987341 4.392284848124642e-16 1.3129337584219736e-16
3036.698238935493 3.251896862665392e-16 1.3098449998402516e-16
3038.2504471748643 3.158568919652341e-16 1.2984925084157778e-16
3039.8026645916857 6.284197654428248e-17 1.255520674116995e-16
3041.3548911861194 4.610553327231255e-16 1.3744042628931983e-16
3042.9071269583296 1.3359608784886738e-16 1.274800599834381e-16
3044.459371908478 5.093010588493095e-16 1.4115647894293265e-16
3046.0116260367286 3.4666271263326454e-16 1.3652242786295338e-16
3047.563889343243 3.840933897400077e-16 1.3896476795702235e-16
3049.116161828184 3.863410247527715e-17 1.331454795558179e-16
3050.6684434917156 2.715680537823689e-16 1.3848222387488341e-16
3052.220734334 2.1631886072493925e-16 1.3733604271346054e-16
3053.7730343551993 3.1265100460877457e-16 1.433753479227143e-16
3055.3253435554775 1.8490361308624913e-16 1.382934414067641e-16
3056.877661934997 3.6547391149346366e-16 1.4653831453154966e-16
3058.42998949392 1.827210474091912e-16 1.4147038405922917e-16
3059.98232623241 2.6172431332541224e-16 1.4489665880065242e-16
3061.5346721506294 3.684800578930488e-16 1.5057727202652359e-16
3063.087027248742 1.992574466453103e-16 1.4476969650279288e-16
3064.63939152691 1.652296317599327e-16 1.483202600943359e-16
3066.1917649852962 3.0612551572268664e-16 1.5081855730248285e-16
3067.7441476240638 2.3851325476025986e-16 1.4902299303809155e-16
3069.296539443375 3.475261833136515e-16 1.546723586891429e-16
3070.8489404433926 2.40952259662099e-16 1.528798516842956e-16
3072.4013506242813 4.3218138244954525e-16 1.584674368697566e-16
3073.9537699862017 1.2733253066682805e-16 1.52483810841895e-16
3075.506198529318 4.1741113955268e-16 1.624391875943218e-16
3077.0586362537933 2.5335088971599105e-16 1.5998288469151295e-16
3078.6110831597894 7.24300414295994e-16 1.719107629500786e-16
3080.16353924747 3.2520011535970225e-16 1.6475931671596975e-16
3081.716004516998 6.17128882430374e-16 1.7117572364031908e-16
3083.2684789685363 4.522064854022782e-16 1.6917229219671565e-16
3084.820962602247 6.49903167963154e-17 1.629957808848965e-16
3086.3734554182943 4.564619789292838e-16 1.7245328755279498e-16
3087.9259574168404 2.513489008753759e-16 1.695225932599645e-16
3089.478468598048 3.105250048507255e-16 1.7337896221524592e-16
3091.0309889620808 2.9948978020455765e-16 1.7296752919600695e-16
3092.5835185091005 2.9290529017973754e-16 1.7655986209976144e-16
3094.136057239272 3.1162580357502125e-16 1.7732861067384372e-16
3095.6886051527567 4.0395535944105537e-16 1.8247785630910062e-16
3097.2411622497175 4.719075188433476e-16 1.8658893071859937e-16
3098.7937285303187 1.551153436856671e-16 1.7951416743599663e-16
3100.346303994722 3.7688000422163087e-16 1.8752127576550994e-16
3101.898888643091 3.235315133931705e-16 1.846051266165706e-16
3103.4514824755884 8.210996042060114e-16 2.0178472826212112e-16
3105.0040854923773 1.992947822694385e-16 1.8884138984869557e-16
3106.55669769362 1.3348001786531394e-16 1.8774744679731664e-16
3108.1093190794813 5.674792521336751e-16 2.044347634818348e-16
3109.6619496501226 1.824215550878878e-16 1.9169276744694956e-16
3111.214589405707 4.642906280047225e-16 1.9830808153011584e-16
3112.7672383463982 9.356396080286946e-17 1.9506632762229602e-16
3114.3198964723592 2.581313054422779e-17 1.9550154373850712e-16
3115.8725637837524 2.9120818026057474e-16 2.0481281810899604e-16
3117.425240280741 2.4578873838158226e-16 2.052723070131019e-16
3118.9779259634884 2.2237314782944757e-16 2.05127490848901e-16
3120.5306208321576 1.4375079527658476e-16 2.0760003296149552e-16
3122.083324886911 1.540824399460497e-16 2.0758699659504168e-16
3123.6360381279123 -1.124330755408371e-16 2.040994840185099e-16
3125.1887605553243 4.724416789957098e-16 2.215686385831234e-16
3126.74149216931 2.389210481848036e-16 2.1881051401840618e-16
3128.294232970032 4.3187401536881034e-16 2.2433495554462733e-16
3129.8469829576547 4.1885861298041917e-16 2.2695898420588235e-16
3131.3997421323406 4.1187638804730396e-16 2.2749412374008986e-16
3132.9525104942522 1.327805804091187e-16 2.1964300182176935e-16
3134.505288043553 3.791561670393604e-16 2.286878313907876e-16
3136.058074780405 2.1009694050621338e-16 2.3057298262424083e-16
3137.610870704973 2.2649531307659943e-16 2.307953552426747e-16
3139.1636758174195 5.154470240354683e-16 2.442449414258725e-16
3140.7164901179076 1.2220788869171092e-16 2.3518240357430073e-16
3142.2693136066 7.497183377958786e-16 2.5277191622676313e-16
3143.82214628366 -8.549958510518788e-17 2.430610805331866e-16
3145.374988149251 2.6642584910848604e-16 2.391783079727525e-16
3146.9278392035353 5.556995119966504e-16 2.5138360275643373e-16
3148.480699446677 5.813374523045843e-16 2.1001079460849966e-16
3150.0335688788396 9.082093724741501e-17 2.097838162484151e-16
3151.586447500185 5.115755540709241e-16 2.871529835558152e-16
3153.139335310876 -3.964435271576694e-16 3.666553371664262e-16
3154.6922323110775 7.577877030470151e-17 1.4352154051545447e-16
