wavelength flux error
1576.2183377320341 0.0 0.0
1577.7618134836275 0.0 0.0
1579.305298216804 0.0 0.0
1580.8487919317201 4.338700961546184e-15 5.600794283108605e-14
1582.392294628533 3.9582706822536076e-14 2.6922859219249105e-14
1583.9358063073992 2.2643487833460402e-14 1.6978580610134582e-14
1585.479326968476 1.661026696774589e-14 1.250405198626554e-14
1587.0228566119197 8.341630439504238e-15 9.730543397402057e-15
1588.5663952378868 2.2706827263190184e-15 7.856360181824566e-15
1590.109942846535 7.451021035245493e-15 6.736112098752181e-15
1591.6534994380206 9.579594502904815e-15 6.139523077078454e-15
1593.1970650125008 1.303923450739512e-14 5.683380164872489e-15
1594.7406395701316 9.24828857701461e-15 4.782360302175515e-15
1596.284223111071 1.2401120542515198e-14 4.608225151296608e-15
1597.8278156354752 1.5456708043473308e-14 4.426224875985971e-15
1599.3714171435008 7.69478780010286e-15 3.4741517964591382e-15
1600.9150276353053 9.010213873562791e-15 3.230515898192121e-15
1602.4586471110451 1.9593091797436013e-15 2.4046786798934388e-15
1604.0022755708771 1.662770907019575e-14 3.3734158621080788e-15
1605.5459130149586 6.185631315562242e-15 2.319661771219288e-15
1607.0895594434455 9.369160178587799e-15 2.4428993475723946e-15
1608.633214856496 6.1482754685224326e-15 2.044304912594071e-15
1610.176879254266 4.843136186690432e-15 1.8108977841980968e-15
1611.7205526369128 9.739718458286716e-15 2.055116017616351e-15
1613.2642350045928 9.999692351556847e-15 1.9594804921571835e-15
1614.8079263574634 9.431307832960794e-15 1.8040817100715414e-15
1616.351626695682 4.899731540094175e-15 1.454469919883513e-15
1617.8953360194043 9.802499693304257e-15 1.6929327761834112e-15
1619.4390543287875 1.0579353419779697e-14 1.6693027804165028e-15
1620.9827816239895 8.181901201475758e-15 1.425899392693507e-15
1622.526517905166 9.172994971300228e-15 1.4359661675133876e-15
1624.0702631724746 9.374477004397714e-15 1.411287968474252e-15
1625.614017426072 9.236222592680973e-15 1.3654108641059461e-15
1627.1577806661153 8.618111310850461e-15 1.251832216208617e-15
1628.7015528927611 9.211245285132338e-15 1.2782094574608264e-15
1630.245334106167 7.511643183280483e-15 1.1315719606651091e-15
1631.7891243064892 1.0284908673688104e-14 1.2370760552344998e-15
1633.332923493885 8.549749822776408e-15 1.106900114373078e-15
1634.8767316685112 8.776159188478641e-15 1.1208831460245887e-15
1636.4205488305251 1.0271652608063574e-14 1.1409403568199785e-15
1637.9643749800837 7.980240444426401e-15 1.0025456552713481e-15
1639.5082101173434 9.482945502524258e-15 1.0618978891601674e-15
1641.0520542424615 7.925634771415759e-15 9.516634332177166e-16
1642.595907355595 8.340536072936385e-15 9.51150766526391e-16
1644.1397694569007 8.130521876961207e-15 9.36815792685296e-16
1645.683640546536 8.904822646133622e-15 9.414518157638556e-16
1647.2275206246575 8.787856713480223e-15 9.237000168926552e-16
1648.7714096914224 8.061404835498203e-15 8.778070306565884e-16
1650.3153077469874 8.55201055371263e-15 8.860032390915762e-16
1651.8592147915099 8.001338341076612e-15 8.354990054906569e-16
1653.4031308251467 6.871730120420593e-15 7.690304242954807e-16
1654.9470558480548 7.656201214190691e-15 8.026210510660668e-16
1656.4909898603917 6.2484769250837745e-15 7.227895192763291e-16
1658.0349328623136 8.003327174436765e-15 8.025519120017472e-16
1659.5788848539778 6.5639204649707485e-15 7.113039113302384e-16
1661.1228458355415 7.890133079497489e-15 7.648886978812032e-16
1662.6668158071616 7.230040303702213e-15 7.289761949835153e-16
1664.2107947689958 8.525852482235523e-15 7.706897088995926e-16
1665.7547827212002 6.225631599463379e-15 6.631606232511129e-16
1667.298779663932 7.79335194197716e-15 7.310404672155333e-16
1668.8427855973487 8.640539896260808e-15 7.513216652859126e-16
1670.3868005216075 7.408429677558705e-15 6.949773512719118e-16
1671.9308244368647 7.07961784018169e-15 6.72343889767448e-16
1673.4748573432778 6.847550294391798e-15 6.540405665684667e-16
1675.0188992410037 6.471726434376275e-15 6.375835634362629e-16
1676.5629501302003 7.89193725967514e-15 6.755708735382501e-16
1678.1070100110235 6.7046062847625834e-15 6.352413585184271e-16
1679.6510788836308 6.145977044620058e-15 5.980079606790554e-16
1681.1951567481794 7.306002218411978e-15 6.414655683730885e-16
1682.7392436048267 7.390142236227484e-15 6.427061540034609e-16
1684.2833394537297 6.3314082268835486e-15 6.043449847343793e-16
1685.8274442950446 7.003971021728303e-15 6.080267722582977e-16
1687.3715581289296 6.69132523166611e-15 5.981599501535284e-16
1688.9156809555411 6.274283054371298e-15 5.642936670981701e-16
1690.4598127750369 7.910653299677672e-15 6.333408283430253e-16
1692.003953587574 7.639544311282935e-15 6.166930310394524e-16
1693.5481033933088 7.300371143378632e-15 5.986074482474746e-16
1695.0922621923992 7.009987073236176e-15 5.810864129148418e-16
1696.6364299850018 7.462278103114502e-15 6.006867023747471e-16
1698.1806067712744 7.020050248166031e-15 5.808897953919604e-16
1699.7247925513734 7.483434445038073e-15 5.814285083464142e-16
1701.2689873254562 6.964052900023049e-15 5.705418056335915e-16
1702.8131910936806 7.744052930381065e-15 5.835066507429434e-16
1704.3574038562028 6.997279461444994e-15 5.586816503061367e-16
1705.9016256131804 7.56763883735757e-15 5.704198328891868e-16
1707.4458563647706 7.87055899511939e-15 5.818003558102588e-16
1708.9900961111307 7.36738923719834e-15 5.651023188650019e-16
1710.534344852418 7.373698785622437e-15 5.576375763195274e-16
1712.078602588789 7.595989877135119e-15 5.69427692610156e-16
1713.6228693204012 7.378957166158991e-15 5.520427648842351e-16
1715.1671450474116 7.198423951912999e-15 5.425330730458519e-16
1716.711429769978 6.732045070055939e-15 5.19594520861699e-16
1718.2557234882577 6.3459123955558576e-15 5.104822992338148e-16
1719.8000262024068 6.220738290127091e-15 4.892552829987077e-16
1721.3443379125836 5.6276390441960516e-15 4.751427611853854e-16
1722.8886586189446 5.9580945490072135e-15 4.837578274127904e-16
1724.4329883216478 5.6678836971024715e-15 4.738807879730949e-16
1725.9773270208495 6.0206957895234635e-15 4.750566814621206e-16
1727.5216747167076 6.714463630686255e-15 5.018286930073097e-16
1729.0660314093789 6.095623477004632e-15 4.725235235542382e-16
1730.610397099021 7.195590626704433e-15 5.100968992428141e-16
1732.154771785791 7.564950354782985e-15 5.15598166476994e-16
1733.6991554698461 6.400621830102539e-15 4.835153112920797e-16
1735.2435481513435 6.519913291712625e-15 4.813424070845764e-16
1736.787949830441 6.107525983979449e-15 4.62024761931258e-16
1738.332360507295 6.345272462164207e-15 4.690345419049386e-16
1739.8767801820632 6.9736565595790185e-15 4.875089128197061e-16
1741.4212088549032 6.552997128082957e-15 4.719928044732242e-16
1742.9656465259714 6.2884501039305995e-15 4.582589593268838e-16
1744.5100931954257 6.23657357107601e-15 4.62267330991528e-16
1746.0545488634236 6.0783342640017505e-15 4.4242984583661184e-16
1747.599013530122 5.33832265908361e-15 4.1593542287010577e-16
1749.1434871956783 6.153912049269936e-15 4.511056072686436e-16
1750.6879698602495 6.695068270260026e-15 4.6002163489012e-16
1752.2324615239934 5.188460507857696e-15 4.1004332934010685e-16
1753.7769621870668 5.666010060223145e-15 4.2880097983617174e-16
1755.3214718496276 6.4569389331831095e-15 4.441696779800518e-16
1756.8659905118327 5.609031424410769e-15 4.191757738796067e-16
1758.4105181738396 5.1810104295701206e-15 4.0167279093666225e-16
1759.9550548358052 5.719064392390892e-15 4.124136716336592e-16
1761.4996004978877 5.394853637983362e-15 4.040849025424261e-16
1763.0441551602435 4.869546673985821e-15 3.8602216317024454e-16
1764.5887188230308 5.504812914097074e-15 3.9895053292330533e-16
1766.133291486406 5.631753083220866e-15 4.0730217190411433e-16
1767.6778731505271 4.7094333065157614e-15 3.752648182703353e-16
1769.2224638155517 6.1939724725103285e-15 4.151729608686789e-16
1770.7670634816366 5.948776339554469e-15 4.1015871110939065e-16
1772.3116721489387 5.9140992342103516e-15 4.065124989692569e-16
1773.856289817617 6.372426644387285e-15 4.2083918776933654e-16
1775.4009164878269 6.669478557890527e-15 4.255478968626824e-16
1776.9455521597274 6.385978324510407e-15 4.1116940670392224e-16
1778.4901968334748 6.277796123520035e-15 4.1832974678397727e-16
1780.0348505092275 6.059141344449915e-15 3.980331168320901e-16
1781.5795131871416 5.6316455100365644e-15 3.8915131463563874e-16
1783.1241848673756 5.53597652677598e-15 3.8774460466848616e-16
1784.6688655500861 6.085847446243896e-15 3.911081989718126e-16
1786.2135552354312 5.587615890405339e-15 3.86569267044832e-16
1787.758253923568 6.179006247365292e-15 3.9573241652866983e-16
1789.3029616146534 6.221231686818866e-15 3.9644429478127787e-16
1790.847678308846 6.381397993848129e-15 3.9996355785844187e-16
1792.3924040063023 6.318394836198407e-15 3.961377747334902e-16
1793.93713870718 5.5725115988899e-15 3.6815643836763843e-16
1795.4818824116367 6.132956030638391e-15 3.928412283818949e-16
1797.0266351198293 5.76629240843095e-15 3.7504384855022036e-16
1798.5713968319155 6.1941177386607826e-15 3.870320117318289e-16
1800.116167548053 6.354480980850282e-15 3.875021414873346e-16
1801.6609472683995 6.1302184201528654e-15 3.868391793874305e-16
1803.2057359931111 6.5756018963463326e-15 3.933954261574156e-16
1804.7505337223472 6.314851273863569e-15 3.8174943781671823e-16
1806.2953404562634 5.7403706591461264e-15 3.688564581589849e-16
1807.8401561950184 5.994750323316117e-15 3.6889952449039687e-16
1809.3849809387693 6.268957334715436e-15 3.796947741146957e-16
1810.9298146876736 6.423827144725518e-15 3.821033652397725e-16
1812.4746574418884 7.076367774763075e-15 3.954944796798302e-16
1814.019509201572 6.203810760192687e-15 3.7482534051960835e-16
1815.5643699668813 6.444671778524499e-15 3.7351307472607463e-16
1817.109239737974 7.116455726574253e-15 4.015052637015631e-16
1818.6541185150072 6.934511778954608e-15 3.853448544497963e-16
1820.1990062981388 6.554354921897406e-15 3.74083842583626e-16
1821.7439030875264 7.1195880544132e-15 3.9372370436403586e-16
1823.2888088833274 6.831568900259478e-15 3.8045845372598427e-16
1824.833723685699 6.3430058019973545e-15 3.623249341631478e-16
1826.3786474947995 6.262309396628911e-15 3.6892583545132095e-16
1827.9235803107852 6.6624032916821115e-15 3.705081988759104e-16
1829.4685221338145 6.631607714818787e-15 3.703583269838056e-16
1831.0134729640451 6.577840604425926e-15 3.683231979791291e-16
1832.5584328016344 7.411251991338956e-15 3.9165797629413983e-16
1834.1034016467395 5.86087973061789e-15 3.4308608954370366e-16
1835.6483794995181 6.783312162704979e-15 3.704774409920132e-16
1837.1933663601278 6.221239310115392e-15 3.5049585435694547e-16
1838.7383622287264 7.949997980077634e-15 4.0036891606326226e-16
1840.2833671054714 6.1467397977890605e-15 3.5014280043661804e-16
1841.8283809905201 6.558980145305888e-15 3.584707224949039e-16
1843.3734038840303 6.390386707484392e-15 3.504041365706256e-16
1844.9184357861593 7.120286856594684e-15 3.7305305642637674e-16
1846.4634766970653 6.921186680144877e-15 3.681173425031667e-16
1848.0085266169053 6.583707154618609e-15 3.549248308194606e-16
1849.5535855458368 7.262553663382569e-15 3.754407099557886e-16
1851.098653484018 7.130050605377684e-15 3.599385511831568e-16
1852.6437304316062 7.244249281392404e-15 3.6796651769899625e-16
1854.1888163887588 6.595917558069753e-15 3.520749090590847e-16
1855.7339113556338 7.221985020373824e-15 3.655680380297273e-16
1857.2790153323888 6.91944136875706e-15 3.602866023151395e-16
1858.8241283191808 6.658589949353573e-15 3.49952270963045e-16
1860.3692503161678 6.7187229358615236e-15 3.4996958219890453e-16
1861.9143813235075 6.60849599733648e-15 3.446746998362791e-16
1863.4595213413581 6.495434039536976e-15 3.412519985151021e-16
1865.0046703698758 7.311297868398212e-15 3.6174723122334076e-16
1866.5498284092198 7.490186991693584e-15 3.6945475458732206e-16
1868.094995459547 8.050021559720053e-15 3.7413720565930304e-16
1869.6401715210143 7.739684781472075e-15 3.6947608922968103e-16
1871.1853565937806 7.785913298634373e-15 3.653665235976196e-16
1872.7305506780033 7.397598667262164e-15 3.601255601760428e-16
1874.2757537738398 7.864528120534939e-15 3.6678998893526003e-16
1875.820965881448 8.244458819795224e-15 3.729742558925025e-16
1877.366187000985 7.880053387425163e-15 3.717513256051245e-16
1878.9114171326091 7.714887891941205e-15 3.6006536789722854e-16
1880.4566562764776 7.81820727678139e-15 3.672093761232693e-16
1882.0019044327487 7.282219227318972e-15 3.5248148487376676e-16
1883.5471616015798 7.722508647367652e-15 3.567620717518348e-16
1885.0924277831282 7.611569354133967e-15 3.5824353237658255e-16
1886.6377029775522 7.480308046429757e-15 3.488274641486505e-16
1888.182987185009 8.776780063628978e-15 3.805838675417371e-16
1889.7282804056572 8.254647779117746e-15 3.6632832950922684e-16
1891.273582639653 8.695185379819972e-15 3.766135594201602e-16
1892.8188938871554 7.890867457062758e-15 3.581070541929562e-16
1894.364214148322 7.627309767392794e-15 3.524740733354783e-16
1895.90954342331 7.615985783920951e-15 3.5087003116139506e-16
1897.4548817122777 7.984447657075414e-15 3.5510776346628792e-16
1899.000229015382 8.420611179638018e-15 3.6575255886333073e-16
1900.5455853327815 8.237700343909082e-15 3.6314155333363974e-16
1902.0909506646335 8.561482923161775e-15 3.647490630488508e-16
1903.6363250110962 8.464794112232697e-15 3.625608063691785e-16
1905.1817083723267 8.602144739794718e-15 3.6342414470066746e-16
1906.727100748483 8.468837847522889e-15 3.639631488226968e-16
1908.2725021397234 8.116960032442718e-15 3.586514581500243e-16
1909.8179125462052 8.22223606339106e-15 3.550961432330428e-16
1911.363331968086 7.827093499431035e-15 3.48397991974613e-16
1912.9087604055237 8.199328904365515e-15 3.531795988409819e-16
1914.4541978586765 8.498714393638442e-15 3.588261851651751e-16
1915.9996443277018 8.333113523219596e-15 3.5909532988416515e-16
1917.5450998127571 8.868270633360757e-15 3.60162697276824e-16
1919.0905643140006 8.622239749435379e-15 3.5923064339748903e-16
1920.63603783159 8.677545918693401e-15 3.5868213662458267e-16
1922.1815203656838 9.00337492954666e-15 3.6965558080516013e-16
1923.7270119164386 8.43819473659007e-15 3.52176367724298e-16
1925.272512484013 9.557053262112484e-15 3.74835796082551e-16
1926.818022068565 9.480994785646731e-15 3.7110646883446795e-16
1928.3635406702517 9.314617186015253e-15 3.6525032126516813e-16
1929.9090682892313 8.713192453245651e-15 3.5339998622594565e-16
1931.4546049256617 9.034661785519392e-15 3.6498734400482527e-16
1933.0001505797004 9.599609044415487e-15 3.699829590392739e-16
1934.5457052515055 9.588296919404906e-15 3.7090963955334973e-16
1936.0912689412353 9.229167655263291e-15 3.6151329131122096e-16
1937.6368416490466 9.62623721917832e-15 3.699791209212317e-16
1939.1824233750986 9.376687760390048e-15 3.612410496280175e-16
1940.7280141195474 9.079562155020395e-15 3.5958004448823143e-16
1942.2736138825526 9.128649408379676e-15 3.564204527762953e-16
1943.8192226642716 9.105971795282837e-15 3.570605714564031e-16
1945.3648404648613 8.758790777895192e-15 3.5066536682551474e-16
1946.9104672844808 8.872454129087246e-15 3.4874029916442213e-16
1948.4561031232874 8.824400255923615e-15 3.4633983426168304e-16
1950.0017479814394 8.728511891129692e-15 3.446697499874936e-16
1951.547401859094 8.874979981335959e-15 3.504573937671842e-16
1953.0930647564094 8.708217828746426e-15 3.4278645163861245e-16
1954.638736673544 8.539093301267002e-15 3.4539428079475123e-16
1956.184417610655 8.338528604851392e-15 3.334420900436214e-16
1957.7301075679006 8.642425391601396e-15 3.3475176179875417e-16
1959.275806545439 9.147072374982457e-15 3.5313949712488535e-16
1960.8215145434276 8.32282715510814e-15 3.2869132047048846e-16
1962.3672315620247 8.4616465378007e-15 3.3455461488028073e-16
1963.9129576013881 8.742165215206484e-15 3.4270508353611683e-16
1965.458692661676 8.916108513122838e-15 3.413317254912624e-16
1967.0044367430457 8.603006172302075e-15 3.3599631789606676e-16
1968.5501898456557 8.992288962332996e-15 3.40892141861417e-16
1970.0959519696642 9.125435765377794e-15 3.4315446098441484e-16
1971.6417231152284 9.288964793207656e-15 3.449199688140684e-16
1973.1875032825067 8.536527638469769e-15 3.3249283080754536e-16
1974.7332924716568 9.056641443467694e-15 3.354415642551744e-16
1976.2790906828368 8.98575664424377e-15 3.397701937832195e-16
1977.824897916205 9.689214965839625e-15 3.4967822933482866e-16
1979.3707141719187 9.597892108631403e-15 3.4531330973894964e-16
1980.9165394501365 9.707527818159263e-15 3.560263971673648e-16
1982.4623737510162 8.709301183885965e-15 3.2377098548922703e-16
1984.0082170747162 9.448251880037669e-15 3.450851667085626e-16
1985.554069421393 9.794785764253612e-15 3.454451557111457e-16
1987.0999307912066 9.111778206136265e-15 3.317073136280854e-16
1988.6458011843135 9.583970275110331e-15 3.4666874774301373e-16
1990.1916806008728 8.893255564205917e-15 3.254705306281132e-16
1991.7375690410415 9.879272218544545e-15 3.4755066785978307e-16
1993.2834665049784 9.28657277216461e-15 3.32571075476048e-16
1994.8293729928414 1.0510854712368189e-14 3.5493028359405855e-16
1996.3752885047877 1.0114857492164384e-14 3.4650815559017023e-16
1997.9212130409767 9.766167062064731e-15 3.411199143148896e-16
1999.4671466015652 1.0226025484293827e-14 3.473142662581603e-16
2001.0130891867125 1.0455541766846588e-14 3.49480500081204e-16
2002.5590407965751 1.0806747884799586e-14 3.5614712583212815e-16
2004.1050014313123 1.0125403899390647e-14 3.4018645753723577e-16
2005.6509710910818 1.0484930421984524e-14 3.481127800994047e-16
2007.1969497760413 1.0293255336350348e-14 3.435020356603647e-16
2008.7429374863493 1.0856659301216546e-14 3.5602663539538123e-16
2010.2889342221638 1.0566550516781948e-14 3.4460828715925844e-16
2011.8349399836425 1.0695822144093058e-14 3.501642144883158e-16
2013.3809547709443 9.915306694186637e-15 3.360111145028641e-16
2014.9269785842262 1.0236717581187018e-14 3.4027012851055674e-16
2016.4730114236474 1.0506765237298845e-14 3.4462835125219653e-16
2018.019053289365 9.886490633321046e-15 3.261101728521882e-16
2019.5651041815377 1.0714399270692239e-14 3.4805417600736654e-16
2021.1111641003238 1.0293664453263872e-14 3.340098932858574e-16
2022.657233045881 1.0210499370370656e-14 3.3635506281900855e-16
2024.203311018367 1.066157236687083e-14 3.449137748856416e-16
2025.7493980179406 1.0601350865419891e-14 3.3471552467047945e-16
2027.2954940447598 9.977264613179448e-15 3.316819291094474e-16
2028.8415990989827 1.0632766470400606e-14 3.3906591235735714e-16
2030.3877131807672 1.000922062518051e-14 3.2944470333751196e-16
2031.9338362902715 1.0352147843107045e-14 3.306041590934051e-16
2033.479968427654 1.028872286304959e-14 3.296074130727236e-16
2035.0261095930728 1.0479112999702781e-14 3.314671003782e-16
2036.5722597866857 1.0388186553913874e-14 3.324542113991065e-16
2038.1184190086515 1.1069732980197207e-14 3.422166896326859e-16
2039.6645872591275 1.0788593427641085e-14 3.329360937367554e-16
2041.2107645382725 1.024988047318735e-14 3.2733111790609606e-16
2042.7569508462443 1.1017913198550083e-14 3.356487696898965e-16
2044.3031461832015 1.1174078968969464e-14 3.409275319567445e-16
2045.8493505493018 1.0425251021619827e-14 3.25583186010098e-16
2047.3955639447038 1.0549936812554502e-14 3.2442989771285207e-16
2048.9417863695653 1.055458956453377e-14 3.2555266635421725e-16
2050.4880178240446 1.1112435299200085e-14 3.3615259547483517e-16
2052.0342583083 1.0742331876193844e-14 3.275749839855665e-16
2053.5805078224903 1.1525013189346393e-14 3.363211815011184e-16
2055.1267663667727 1.0648085908284647e-14 3.294782405482673e-16
2056.6730339413057 1.1221767770932829e-14 3.2907476169779864e-16
2058.2193105462475 1.1389104211860599e-14 3.36832921750158e-16
2059.7655961817563 1.1782527298937698e-14 3.406188943265887e-16
2061.311890847991 1.1609329390014928e-14 3.289916465898493e-16
2062.8581945451087 1.135900404904697e-14 3.326758428637115e-16
2064.4045072732683 1.125909820698422e-14 3.298869604150971e-16
2065.950829032629 1.2542188797682718e-14 3.4629647676269546e-16
2067.4971598233465 1.2174977145158403e-14 3.4095016361830393e-16
2069.043499645581 1.2317863980063678e-14 3.4123746660610075e-16
2070.589848499491 1.2226195533412976e-14 3.3736268791910635e-16
2072.136206385233 1.258945238910656e-14 3.441508628979615e-16
2073.682573302967 1.2016113574802017e-14 3.3176859116786333e-16
2075.22894925285 1.2276681238168174e-14 3.3847926263204473e-16
2076.7753342350416 1.2161304339323824e-14 3.375301886844259e-16
2078.321728249699 1.24914625355705e-14 3.392619210753077e-16
2079.8681312969798 1.250700135498788e-14 3.433985917616813e-16
2081.414543377044 1.2248530945199124e-14 3.2858994121461396e-16
2082.9609644900493 1.2800262796052158e-14 3.4099439462001837e-16
2084.5073946361545 1.3926270279649398e-14 3.533724841249395e-16
2086.0538338155166 1.2460037613227365e-14 3.326618138805226e-16
2087.6002820282943 1.2764672165674427e-14 3.4223916247556776e-16
2089.146739274646 1.3014965319390389e-14 3.3722350981796063e-16
2090.6932055547304 1.2818700162215042e-14 3.409461931513637e-16
2092.239680868706 1.2779465596098223e-14 3.3232599178671586e-16
2093.7861652167303 1.3288321486194191e-14 3.4227831127959867e-16
2095.3326585989616 1.284337423196856e-14 3.3385920083058495e-16
2096.8791610155595 1.3212184235664344e-14 3.3976010879719124e-16
2098.4256724666807 1.3831673640100038e-14 3.510953948649239e-16
2099.972192952485 1.3116288247573896e-14 3.3269410701163666e-16
2101.5187224731294 1.4173485315635038e-14 3.5364962271736925e-16
2103.0652610287734 1.4148988275767497e-14 3.457555932863144e-16
2104.6118086195747 1.3780980412272763e-14 3.3975529129730373e-16
2106.158365245692 1.3329701586766406e-14 3.4175656545386963e-16
2107.7049309072836 1.3869046427798792e-14 3.428634257576942e-16
2109.251505604507 1.4139947893121452e-14 3.4622725828903703e-16
2110.798089337522 1.3726065572236372e-14 3.3833132303385085e-16
2112.3446821064863 1.4432775653316736e-14 3.4764085039888605e-16
2113.8912839115583 1.4293198176136383e-14 3.4853020852372346e-16
2115.4378947528958 1.407506262826293e-14 3.378312030180564e-16
2116.984514630658 1.388317917252373e-14 3.391590595117755e-16
2118.531143545003 1.4099786672960336e-14 3.42330324396516e-16
2120.0777814960893 1.4273499577915037e-14 3.409655425602525e-16
2121.6244284840755 1.35738147880992e-14 3.375367267199875e-16
2123.1710845091197 1.3660118975094941e-14 3.310785504834267e-16
2124.71774957138 1.428069258170312e-14 3.381449493156753e-16
2126.2644236710153 1.3665932162211947e-14 3.3014840242822307e-16
2127.811106808184 1.377815555739367e-14 3.3427872036749225e-16
2129.357798983044 1.4230287345077912e-14 3.348937986360969e-16
2130.904500195755 1.47102771993644e-14 3.3896500955751547e-16
2132.4512104464743 1.3813919829525588e-14 3.3234274715720374e-16
2133.9979297353602 1.3794698110853546e-14 3.323609054260105e-16
2135.544658062572 1.4036071160601973e-14 3.30003665673361e-16
2137.091395428268 1.403362577648325e-14 3.320176982636949e-16
2138.638141832606 1.3796271898069545e-14 3.2766156663464364e-16
2140.184897275745 1.3796394717846897e-14 3.2417242616666637e-16
2141.7316617578426 1.466810004078882e-14 3.411116028040947e-16
2143.2784352790586 1.440977023846931e-14 3.333714951414237e-16
2144.825217839551 1.4589073560875888e-14 3.346145689310786e-16
2146.3720094394776 1.4875755250005895e-14 3.3925019496294415e-16
2147.9188100789975 1.4647115646553542e-14 3.3040981797156943e-16
2149.4656197582694 1.4222665742618518e-14 3.3201711592854366e-16
2151.0124384774513 1.4191239126209489e-14 3.2584428391608914e-16
2152.5592662367026 1.4335947928984308e-14 3.3171292522136096e-16
2154.10610303618 1.5098636723482814e-14 3.401511203814675e-16
2155.652948876044 1.4943140109091764e-14 3.347508353564681e-16
2157.1998037564513 1.4332395472803523e-14 3.276654312224655e-16
2158.7466676775616 1.3930734143281429e-14 3.1897728193358013e-16
2160.2935406395336 1.4132077262975565e-14 3.2439329000766293e-16
2161.8404226425246 1.4747143461360697e-14 3.3022270309956503e-16
2163.3873136866946 1.4390827193636914e-14 3.285699300612351e-16
2164.934213772201 1.4307236900204176e-14 3.2664163308703106e-16
2166.481122899203 1.3897970061848685e-14 3.2010052703097813e-16
2168.028041067859 1.5108906150935325e-14 3.283437457945386e-16
2169.5749682783267 1.4970799122951406e-14 3.315731118455048e-16
2171.1219045307657 1.4299191781271155e-14 3.1982307080119315e-16
2172.6688498253347 1.3897892134817538e-14 3.1616383552949536e-16
2174.2158041621915 1.4033547002419156e-14 3.25414785272272e-16
2175.7627675414947 1.4385438370026482e-14 3.190800376179939e-16
2177.3097399634034 1.3968565175804647e-14 3.186490831362987e-16
2178.856721428076 1.4366779928264364e-14 3.254970533472741e-16
2180.403711935671 1.4022040059830706e-14 3.143766754201276e-16
2181.9507114863472 1.3943936845830281e-14 3.1461654456287817e-16
2183.4977200802628 1.4183975818686783e-14 3.2200555706891226e-16
2185.044737717576 1.3819256984126237e-14 3.1035266011573883e-16
2186.5917643984462 1.3159539443926595e-14 3.0515730412441577e-16
2188.138800123032 1.3620841210297812e-14 3.060546031831337e-16
2189.685844891492 1.323341003428959e-14 3.033748291660375e-16
2191.232898703984 1.3574480555995742e-14 3.1360232848765956e-16
2192.7799615606673 1.3208716482778285e-14 3.032028814777449e-16
2194.327033461701 1.3661030382546187e-14 3.0589753151097723e-16
2195.8741144072424 1.3321071168066832e-14 3.0206994844101265e-16
2197.4212043974517 1.3801040693562586e-14 3.0927065493496027e-16
2198.968303432486 1.4033592742198307e-14 3.1496107521417386e-16
2200.515411512505 1.376822833125185e-14 3.0695873144498886e-16
2202.0625286376667 1.3768592555419169e-14 3.0420727726473127e-16
2203.60965480813 1.3128013724662737e-14 2.9622354175060626e-16
2205.1567900240543 1.3521572337011397e-14 3.027683006362442e-16
2206.7039342855965 1.3340743508266813e-14 3.1016231593062303e-16
2208.251087592917 1.3359676388703841e-14 3.0100173401540658e-16
2209.7982499461737 1.2683888092395942e-14 2.910015836307835e-16
2211.345421345525 1.3649205802602517e-14 3.055957760235179e-16
2212.8926017911303 1.354706548762491e-14 3.021643396750723e-16
2214.439791283148 1.425402629045766e-14 3.1063411328224367e-16
2215.9869898217366 1.3042568429075512e-14 2.9347036703467457e-16
2217.5341974070548 1.3716338245870104e-14 3.035793082134606e-16
2219.0814140392613 1.3503207815681977e-14 3.0195599603982735e-16
2220.628639718515 1.34013512567417e-14 2.982317509894278e-16
2222.1758744449744 1.3061437782041496e-14 2.987541320898673e-16
2223.7231182187984 1.291879489262503e-14 2.8932681420560454e-16
2225.2703710401456 1.341464120368412e-14 2.9761669919060277e-16
2226.817632909175 1.3106999684274305e-14 2.972473398860407e-16
2228.3649038260446 1.3051030288218583e-14 2.8786348537988393e-16
2229.9121837909133 1.2405504785050186e-14 2.8421952317101633e-16
2231.4594728039406 1.2293792150735658e-14 2.8242590443542574e-16
2233.006770865285 1.246108793408196e-14 2.8664587551820587e-16
2234.5540779751045 1.2216451266387762e-14 2.7904081667106274e-16
2236.101394133558 1.250174128038543e-14 2.8343834703541105e-16
2237.6487193408057 1.216892848288206e-14 2.815798773397963e-16
2239.1960535970043 1.2172486868293475e-14 2.8221237272337885e-16
2240.743396902314 1.2438178233957573e-14 2.8083149726111753e-16
2242.2907492568925 1.2388282911166611e-14 2.824530359595175e-16
2243.8381106608995 1.190495913519973e-14 2.7527530523426414e-16
2245.385481114494 1.2015722245580385e-14 2.7363415242917933e-16
2246.9328606178333 1.1758927266961299e-14 2.744947908431489e-16
2248.4802491710775 1.2255584188550911e-14 2.801417477442565e-16
2250.0276467743843 1.2126335431129377e-14 2.7562817386613436e-16
2251.575053427914 1.1744394722685257e-14 2.7519743114267595e-16
2253.122469131824 1.2055207533449592e-14 2.762931476692882e-16
2254.6698938862737 1.1989518434324126e-14 2.7432207553124784e-16
2256.2173276914223 1.1931187510411459e-14 2.7487283223542034e-16
2257.764770547428 1.1926522052937982e-14 2.723109546166701e-16
2259.3122224544495 1.1997493249522526e-14 2.727441590296315e-16
2260.859683412646 1.1884334729967035e-14 2.752478825425968e-16
2262.407153422176 1.2176517051056511e-14 2.7646843054981063e-16
2263.9546324831995 1.1731720568695491e-14 2.676298005638896e-16
2265.5021205958737 1.1811519542656319e-14 2.7401669368398306e-16
2267.049617760358 1.1665335208487383e-14 2.6527295785793413e-16
2268.597123976812 1.2410025399889682e-14 2.7727207952829775e-16
2270.144639245393 1.2175000015047979e-14 2.7492272776996954e-16
2271.692163566261 1.267828666351575e-14 2.7280911586877404e-16
2273.2396969395754 1.2214591182035592e-14 2.7317082540703123e-16
2274.7872393654934 1.1983352034468115e-14 2.709535843186951e-16
2276.334790844175 1.2231058349563163e-14 2.725823492669263e-16
2277.8823513757793 1.2375314836744148e-14 2.768691300734211e-16
2279.4299209604646 1.276311616615032e-14 2.767911501027145e-16
2280.97749959839 1.2692906452185359e-14 2.7413861348882847e-16
2282.5250872897136 1.242594453710038e-14 2.747473919498879e-16
2284.0726840345956 1.2310142427716508e-14 2.6795643764417456e-16
2285.6202898331935 1.2978646240678019e-14 2.815000974240768e-16
2287.167904685667 1.2869394237075265e-14 2.753152746014627e-16
2288.7155285921763 1.2867028474053584e-14 2.791963795657819e-16
2290.263161552878 1.355818025395878e-14 2.836790367413293e-16
2291.8108035679315 1.3064218591207332e-14 2.779013455987689e-16
2293.3584546374973 1.3030643899244066e-14 2.786365966667652e-16
2294.906114761732 1.3491591605843331e-14 2.814203969176961e-16
2296.453783940797 1.3908685875664399e-14 2.889671163705971e-16
2298.0014621748496 1.4109021026151303e-14 2.8865186129554087e-16
2299.5491494640487 1.4082912929618083e-14 2.8701679653976445e-16
2301.096845808554 1.4034213617348645e-14 2.9021185775636687e-16
2302.644551208524 1.4547109854603016e-14 2.89364930688231e-16
2304.1922656641177 1.4802573297429018e-14 2.9788129110750133e-16
2305.7399891754944 1.4868416556550884e-14 2.935958602597662e-16
2307.2877217428127 1.509175542781932e-14 2.9512366946859655e-16
2308.835463366231 1.538318727771753e-14 3.0170455960339083e-16
2310.3832140459103 1.522608638292438e-14 2.948606127989149e-16
2311.9309737820067 1.5787713272667238e-14 3.0828791142768807e-16
2313.4787425746817 1.5570284997304742e-14 2.9576148527787904e-16
2315.0265204240927 1.553033553538044e-14 3.0044594805310975e-16
2316.5743073303997 1.5698586771891246e-14 3.013810194873193e-16
2318.122103293761 1.5200361992316266e-14 2.9442656135300626e-16
2319.6699083143353 1.5207815882252104e-14 2.9568681402962265e-16
2321.2177223922827 1.602041016393694e-14 3.071479374295818e-16
2322.7655455277613 1.6040146031607964e-14 2.9985148974281484e-16
2324.313377720931 1.598417748258519e-14 3.0082814520077865e-16
2325.8612189719497 1.7055628421082727e-14 3.14495207093184e-16
2327.4090692809773 1.6115752192479883e-14 3.020673279328321e-16
2328.956928648172 1.67634003602141e-14 3.113099396950342e-16
2330.504797073694 1.6739490314179005e-14 3.0602133067017436e-16
2332.0526745577013 1.7095045946316154e-14 3.1868926426173406e-16
2333.6005611003534 1.6657748246637176e-14 2.9903614112174377e-16
2335.148456701809 1.711877303323464e-14 3.137437035805122e-16
2336.696361362228 1.7025785756285064e-14 3.0989576525003394e-16
2338.244275081768 1.7052441883135157e-14 3.0993059947998977e-16
2339.79219786059 1.7241550458939152e-14 3.141879458915675e-16
2341.340129698851 1.7104739391364532e-14 3.0598861402258667e-16
2342.8880705967113 1.6366409570363165e-14 3.0955732264804664e-16
2344.43602055433 1.4927270099792007e-14 2.882188421710367e-16
2345.983979571866 1.5346869893071054e-14 2.928530388348038e-16
2347.5319476494774 1.690196648005543e-14 3.0894711481888873e-16
2349.079924787325 1.7602034128763426e-14 3.1244295214110523e-16
2350.627910985567 1.7842771056768465e-14 3.1550079402025246e-16
2352.175906244362 1.814723535559313e-14 3.223695694779948e-16
2353.7239105638696 1.8135871561572765e-14 3.1477374858393265e-16
2355.2719239442495 1.7889993143577892e-14 3.148526285271457e-16
2356.81994638566 1.86113738353047e-14 3.244331270259635e-16
2358.36797788826 1.8421596103472375e-14 3.1498254220543084e-16
2359.91601845221 1.7814508955450378e-14 3.169599141510164e-16
2361.464068077668 1.8494185132986174e-14 3.1870969893158657e-16
2363.0121267647933 1.8153188303146432e-14 3.165309978423505e-16
2364.5601945137446 1.864094036736156e-14 3.246456264166059e-16
2366.108271324681 1.7563622878671338e-14 3.069528551539173e-16
2367.6563571977636 1.8024942432734448e-14 3.152581455506437e-16
2369.204452133149 1.7742673785259636e-14 3.1057781206103086e-16
2370.752556130998 1.8269162360218597e-14 3.1532421412052954e-16
2372.300669191469 1.7976282083980583e-14 3.146747780780019e-16
2373.8487913147214 1.6605640473787986e-14 3.022888005787595e-16
2375.396922500914 1.608043938890885e-14 2.9954780196144457e-16
2376.945062750207 1.665442787748394e-14 2.999957500416441e-16
2378.493212062758 1.7340543199484762e-14 3.028832059494952e-16
2380.0413704387274 1.7498960383477945e-14 3.098436727237778e-16
2381.589537878274 1.6084903252540882e-14 2.9419698895452075e-16
2383.137714381557 1.4352324463986522e-14 2.7646123076975897e-16
2384.6858999487363 1.436286324791626e-14 2.8289704004255635e-16
2386.2340945799697 1.6140953116726593e-14 2.910268622703031e-16
2387.7822982754174 1.6772841389444196e-14 3.045605694130751e-16
2389.330511035238 1.720161963173969e-14 3.0128191663249054e-16
2390.878732859591 1.787479398437236e-14 3.117452881601433e-16
2392.4269637486364 1.7070812333695208e-14 3.025810798851214e-16
2393.9752037025314 1.6888817140582255e-14 3.0194659926806875e-16
2395.523452721437 1.7067907010686126e-14 3.023762302607839e-16
2397.0717108055123 1.748256521375089e-14 3.0418022514997834e-16
2398.6199779549156 1.767506869760748e-14 3.0959173336152885e-16
2400.1682541698074 1.7069326637905724e-14 2.980645943312431e-16
2401.7165394503454 1.672463505035006e-14 2.990383645832303e-16
2403.2648337966903 1.743185843339646e-14 3.0622070105013435e-16
2404.813137209 1.6840592166763278e-14 2.987343856342844e-16
2406.361449687435 1.68039359689379e-14 3.000926029652067e-16
2407.909771232154 1.6503283318375882e-14 2.9276698558131867e-16
2409.4581018433164 1.6282717632976756e-14 2.952207870899552e-16
2411.006441521082 1.6054999601371016e-14 2.9151051808318533e-16
2412.554790265609 1.5638183158356647e-14 2.8373909667124553e-16
2414.103148077056 1.3719146160090252e-14 2.700486354936723e-16
2415.651514955585 1.2412716423563109e-14 2.5366474189272837e-16
2417.1998909013532 1.2945545040132268e-14 2.6271960350821564e-16
2418.74827591452 1.4489259198371442e-14 2.7435937145070663e-16
2420.296669995246 1.541707198373949e-14 2.874603506365501e-16
2421.8450731436888 1.5971626148372775e-14 2.8698754743330457e-16
2423.3934853600085 1.6091701538975545e-14 2.8796984095432355e-16
2424.941906644365 1.6241326520976228e-14 2.9333463000487706e-16
2426.490336996917 1.5525676854170542e-14 2.840051973655814e-16
2428.038776417824 1.561291616554005e-14 2.843767536618504e-16
2429.587224907245 1.571901381844723e-14 2.863621988902145e-16
2431.1356824653394 1.544593209031834e-14 2.844809122445831e-16
2432.684149092266 1.596933238315161e-14 2.8755828882107636e-16
2434.232624788186 1.552811800312453e-14 2.877726410962909e-16
2435.781109553257 1.606376300424331e-14 2.8902471461101037e-16
2437.329603387639 1.5326952760349316e-14 2.861877895124189e-16
2438.878106291492 1.5833239599516262e-14 2.8411041473949813e-16
2440.4266182649735 1.5361643841737063e-14 2.8121072979347104e-16
2441.9751393082447 1.5883421219443396e-14 2.8869855398675826e-16
2443.5236694214636 1.4985979647432097e-14 2.7628793312270666e-16
2445.0722086047913 1.469795286998185e-14 2.7778199336254484e-16
2446.6207568583854 1.3617447996311111e-14 2.6341687044248354e-16
2448.1693141824067 1.3141634014454586e-14 2.6280544500346394e-16
2449.717880577013 1.3702371519602827e-14 2.6711419572702816e-16
2451.266456042365 1.4042546727483732e-14 2.7005567645504633e-16
2452.815040578622 1.302673738329133e-14 2.5837387450254785e-16
2454.363634185943 1.016795968169365e-14 2.2639462203499457e-16
2455.912236864487 1.0068617963573771e-14 2.2546296520235365e-16
2457.4608486144143 1.1502931887444421e-14 2.4202899735673684e-16
2459.009469435884 1.3891321700245686e-14 2.675779727354295e-16
2460.558099329055 1.5029401944440142e-14 2.76677012413072e-16
2462.106738294088 1.5232176549815138e-14 2.7970740513077227e-16
2463.655386331141 1.5448540951795882e-14 2.8118312181334647e-16
2465.2040434403743 1.570120749183005e-14 2.7804579118605535e-16
2466.7527096219465 1.5164583320624245e-14 2.800415331586845e-16
2468.3013848760183 1.5946830105874853e-14 2.8653472891365835e-16
2469.8500692027483 1.547333191209612e-14 2.7946030973819043e-16
2471.3987626022963 1.5654978127634805e-14 2.8605575825176564e-16
2472.947465074821 1.558506572223433e-14 2.79649939239257e-16
2474.496176620483 1.5130015906046797e-14 2.7723020433696787e-16
2476.044897239441 1.596207669892543e-14 2.8835338806075213e-16
2477.5936269318545 1.4832912323533773e-14 2.689491867281362e-16
2479.1423656978836 1.49612683082289e-14 2.7504933272580446e-16
2480.691113537687 1.48740882891657e-14 2.7824063523370344e-16
2482.239870451425 1.534045107739676e-14 2.694965553005197e-16
2483.7886364392566 1.493084796696121e-14 2.7643587272090054e-16
2485.337411501341 1.548042157786464e-14 2.7818007237797476e-16
2486.886195637838 1.5250853626302095e-14 2.769218314046081e-16
2488.4349888489073 1.5688893326842868e-14 2.8087681352379564e-16
2489.983791134708 1.5169025161399646e-14 2.781387795217961e-16
2491.5326024954 1.5196740079433807e-14 2.753826137207694e-16
2493.081422931143 1.5394154660318578e-14 2.7703477795416854e-16
2494.630252442096 1.4830916713910042e-14 2.7289620144366363e-16
2496.179091028419 1.507020690964117e-14 2.726787257344561e-16
2497.72793869027 1.5451078662505856e-14 2.7893057003902167e-16
2499.2767954278115 1.5246003515646117e-14 2.7555479963707846e-16
2500.8256612412006 1.509482846335196e-14 2.709881009112957e-16
2502.374536130597 1.518233882526459e-14 2.7762272469868143e-16
2503.9234200961614 1.5223308114857385e-14 2.7437212988447464e-16
2505.4723131380533 1.5044900953309e-14 2.723885904802419e-16
2507.0212152564313 1.4926123217181425e-14 2.7308958965343362e-16
2508.570126451455 1.4652501082032185e-14 2.690209463006364e-16
2510.119046723285 1.50067404249693e-14 2.7449555846675736e-16
2511.66797607208 1.4918872615152928e-14 2.691755827530695e-16
2513.216914498 1.505209226303119e-14 2.7089844776778476e-16
2514.7658620012044 1.5019901622903738e-14 2.732154005158805e-16
2516.3148185818527 1.5006745507166984e-14 2.690019145291028e-16
2517.863784240105 1.5911320790660058e-14 2.807840369462917e-16
2519.41275897612 1.5377305480931795e-14 2.7950718771786503e-16
2520.9617427900585 1.55255667398874e-14 2.707038154783735e-16
2522.5107356820786 1.5435281498039563e-14 2.7738926124259446e-16
2524.0597376523415 1.5057384524885635e-14 2.7131651146681396e-16
2525.6087487010054 1.4888021981148032e-14 2.7099781532040953e-16
2527.157768828231 1.5843703844546642e-14 2.791590571765435e-16
2528.7067980341776 1.5548599259789138e-14 2.730923425105122e-16
2530.255836319004 1.4919148747893733e-14 2.711779421705991e-16
2531.804883682871 1.5844013858605337e-14 2.7627975396080974e-16
2533.353940125938 1.5301692543796298e-14 2.727724022844665e-16
2534.903005648365 1.5512805341504066e-14 2.774721910620866e-16
2536.4520802503102 1.5793584905057605e-14 2.761447316150615e-16
2538.001163931935 1.610586901205132e-14 2.8052773007040846e-16
2539.5502566933974 1.6168949249699242e-14 2.809763663648776e-16
2541.0993585348583 1.5872987467599117e-14 2.761826628092307e-16
2542.6484694564765 1.678603138649884e-14 2.89418293763908e-16
2544.197589458413 1.6737653946749358e-14 2.7881929108557614e-16
2545.746718540826 1.599131288813286e-14 2.795221696131196e-16
2547.295856703876 1.6511364012692688e-14 2.813346613015662e-16
2548.8450039477225 1.703486933761142e-14 2.8685911606267714e-16
2550.394160272525 1.7094591936656425e-14 2.9038621419460325e-16
2551.9433256784437 1.7572237203744914e-14 2.8653165841922455e-16
2553.492500165638 1.765897168347786e-14 2.977899968376551e-16
2555.041683734267 1.8020365066687485e-14 2.9547802040812447e-16
2556.590876384491 1.8165517714726666e-14 2.9302895699003667e-16
2558.1400781164702 1.7347765002393052e-14 2.932243039634972e-16
2559.689288930364 1.7967637265720905e-14 2.9309142566989667e-16
2561.2385088263313 1.825808316926851e-14 2.9564597115969724e-16
2562.787737804533 1.86048957273241e-14 3.039157920517574e-16
2564.3369758651284 1.9285286800667378e-14 3.012763579787742e-16
2565.8862230082764 1.8675853371381487e-14 3.0198063940463653e-16
2567.4354792341387 1.895015990915211e-14 3.01941067084132e-16
2568.9847445428727 1.941568413476539e-14 3.015338030551803e-16
2570.5340189346402 1.924215588299319e-14 3.066601258613021e-16
2572.0833024095996 1.941866399667383e-14 3.0542872524445157e-16
2573.6325949679112 1.996605903883692e-14 3.1274859868616603e-16
2575.1818966097344 1.9278639286097327e-14 3.0672960903275657e-16
2576.7312073352296 1.9550648670514995e-14 3.0678392502049925e-16
2578.280527144556 1.9845409359895913e-14 3.0610693393740625e-16
2579.829856037874 2.0178508454535456e-14 3.1231184732273803e-16
2581.379194015343 2.018457490450369e-14 3.0871203670624606e-16
2582.9285410771226 2.017751403785538e-14 3.137636353245523e-16
2584.4778972233726 2.0508149960684306e-14 3.1311541689188634e-16
2586.027262454253 1.8549892795861195e-14 3.0339229922057463e-16
2587.576636769924 1.734908637379077e-14 2.838211794577904e-16
2589.126020170545 1.8821543038309227e-14 3.0032731050093494e-16
2590.6754126562755 2.0257628108072585e-14 3.124879507664281e-16
2592.224814227276 2.1318929897796123e-14 3.227640221336193e-16
2593.7742248837053 2.1166057391475666e-14 3.225024742413749e-16
2595.3236446257247 2.0375023486430242e-14 3.1606687672681435e-16
2596.873073453493 2.0334770786710823e-14 3.1192210628788264e-16
2598.4225113671696 1.9728381593837364e-14 3.0687783979852607e-16
2599.9719583669157 1.7821266584303573e-14 2.897566569565565e-16
2601.5214144528904 1.6723762606414387e-14 2.848135844346172e-16
2603.070879625254 1.9592066887569835e-14 3.084195191718677e-16
2604.620353884165 2.0682918268691286e-14 3.169648639998019e-16
2606.1698372297847 2.1197792327877496e-14 3.163873198786725e-16
2607.7193296622722 2.0944910641474725e-14 3.182781356449605e-16
2609.268831181788 2.1343004268222984e-14 3.200547872518264e-16
2610.8183417884916 2.0419582501653502e-14 3.0922835622715676e-16
2612.367861482543 2.1697009830066658e-14 3.243587469452827e-16
2613.917390264102 2.1457950027297182e-14 3.2140310488517764e-16
2615.466928133328 2.165410083502465e-14 3.2251083869172905e-16
2617.0164750903814 2.209374481596752e-14 3.285435396909722e-16
2618.5660311354227 2.0979847362417176e-14 3.2020198569619144e-16
2620.115596268611 2.2116047193468727e-14 3.240343597962639e-16
2621.665170490106 2.1386187701939903e-14 3.1771557341908564e-16
2623.2147538000686 2.184098340824326e-14 3.248406292829316e-16
2624.764346198657 2.1165369600722496e-14 3.1985306106148187e-16
2626.3139476860338 2.095237469580593e-14 3.148911949960254e-16
2627.863558262357 2.1195720485288512e-14 3.2080721720678424e-16
2629.4131779277864 2.1116910845810077e-14 3.193933339293596e-16
2630.9628066824826 2.0653895531786565e-14 3.1399548412408356e-16
2632.5124445266047 2.1258670279862557e-14 3.198585403058594e-16
2634.0620914603137 2.0566986563266484e-14 3.159303720734084e-16
2635.6117474837697 2.0690636432906667e-14 3.1401591879393607e-16
2637.1614125971323 2.1146092824908883e-14 3.193651700838634e-16
2638.7110868005607 2.017580133723603e-14 3.111288864025586e-16
2640.2607700942153 2.008709665886777e-14 3.1008142428416024e-16
2641.8104624782563 1.94624488237833e-14 3.0505687778060694e-16
2643.360163952844 2.0548633053365378e-14 3.124908359724047e-16
2644.9098745181377 2.049637620271747e-14 3.1574217194044033e-16
2646.4595941742978 2.0044773810625263e-14 3.0948273080912906e-16
2648.009322921484 1.9726308057182486e-14 3.1270084720376456e-16
2649.5590607598565 1.9100367649820503e-14 3.0204059345543437e-16
2651.1088076895753 1.9819291946000274e-14 3.0673998518636043e-16
2652.6585637108 1.922444781219789e-14 3.045601723663811e-16
2654.2083288236913 1.92057809001063e-14 3.029256634759763e-16
2655.7581030284086 1.8591841255541017e-14 2.9702637016592573e-16
2657.307886325112 1.8754967942720933e-14 3.0014654837603495e-16
2658.8576787139623 1.9462304828182266e-14 3.091606730007152e-16
2660.4074801951188 1.8896314024695153e-14 3.022440666512326e-16
2661.9572907687416 1.8355551250509063e-14 3.0013834274435843e-16
2663.5071104349904 1.6353002732874024e-14 2.7937820048186597e-16
2665.0569391940257 1.4308314326113084e-14 2.624228243393214e-16
2666.606777046007 1.5082548179682666e-14 2.678760224537446e-16
2668.156623991096 1.6324837193311924e-14 2.796953613810535e-16
2669.7064800294506 1.7881341549054637e-14 2.993781042044181e-16
2671.2563451612327 1.8009956725831625e-14 2.916788923512317e-16
2672.806219386601 1.8143349168431126e-14 3.008182984427668e-16
2674.3561027057153 1.7171487281674065e-14 2.8712460795208216e-16
2675.9059951187373 1.6291763944853432e-14 2.7747647916638205e-16
2677.455896625826 1.346862769561032e-14 2.54997283537437e-16
2679.0058072271418 1.0911677479272502e-14 2.275135525583175e-16
2680.5557269228443 1.2614256054901008e-14 2.4608059417147057e-16
2682.1056557130946 1.4489508226057934e-14 2.6963025415728786e-16
2683.655593598052 1.640552216373558e-14 2.8009394332229585e-16
2685.2055405778756 1.6626834932194183e-14 2.865556135697641e-16
2686.755496652728 1.7502567049767354e-14 2.908912046498444e-16
2688.3054618227675 1.7265646852222642e-14 2.9070432800585644e-16
2689.855436088155 1.743111473846877e-14 2.9066668797926283e-16
2691.40541944905 1.7596453875706915e-14 2.9762432248712806e-16
2692.9554119056124 1.730407334890778e-14 2.873653505975596e-16
2694.5054134580037 1.6879904659911245e-14 2.835284501651752e-16
2696.055424106383 1.7069255487138155e-14 2.9276658853462465e-16
2697.6054438509104 1.6963965903662656e-14 2.8504162158588583e-16
2699.1554726917466 1.682256052938213e-14 2.8692190237989237e-16
2700.705510629051 1.6578477821235435e-14 2.8882793826945136e-16
2702.2555576629843 1.6730222079670148e-14 2.845370017075591e-16
2703.8056137937065 1.62752078388664e-14 2.8333217674942864e-16
2705.355679021378 1.621888861820346e-14 2.7921731716144685e-16
2706.9057533461582 1.6204107893273874e-14 2.8242590443542574e-16
2708.455836768208 1.6217856932073706e-14 2.825952580853174e-16
2710.005929287688 1.5682298328315546e-14 2.7710381113936976e-16
2711.5560309047573 1.5492147901986428e-14 2.7470260508280183e-16
2713.1061416195766 1.4876378666255075e-14 2.7053035901264356e-16
2714.6562614323057 1.4948307010070015e-14 2.6930073187102633e-16
2716.206390343106 1.484440486656212e-14 2.6873443740622763e-16
2717.7565283521362 1.4888643703331317e-14 2.7440360245242106e-16
2719.306675459557 1.5269686556851347e-14 2.7170283790010072e-16
2720.856831665529 1.445542362026042e-14 2.6523147971329827e-16
2722.4069969702123 1.4921083371145262e-14 2.748563150929489e-16
2723.9571713737673 1.443890986592075e-14 2.69579802757367e-16
2725.5073548763535 1.3744202241702981e-14 2.6288059270775316e-16
2727.0575474781313 1.4046460866732995e-14 2.619280247492269e-16
2728.6077491792616 1.4152101968881604e-14 2.6555247873052805e-16
2730.157959979904 1.3476857467725843e-14 2.56922457077648e-16
2731.7081798802187 1.3664948756960185e-14 2.589115816053767e-16
2733.258408880367 1.2881351801191654e-14 2.5421375159144716e-16
2734.8086469805075 1.3431815643722648e-14 2.568521004034667e-16
2736.3588941808016 1.3369100477274992e-14 2.588720092848722e-16
2737.9091504814087 1.3066456452253978e-14 2.5385016269883825e-16
2739.4594158824902 1.2586246369401203e-14 2.4987887519541607e-16
2741.0096903842064 1.2121655574095797e-14 2.454447635956582e-16
2742.559973986716 1.253766225361259e-14 2.4819100322933426e-16
2744.1102666901807 1.2117982839236503e-14 2.4602566937879705e-16
2745.66056849476 1.1992557588538875e-14 2.4330822886532765e-16
2747.210879400615 1.231155781977137e-14 2.501851040756281e-16
2748.7611994079043 1.1939903479438706e-14 2.441687349303992e-16
2750.311528516791 1.181895056270258e-14 2.424887509586387e-16
2751.861866727433 1.1888950212496623e-14 2.4375898274216494e-16
2753.412214039991 1.198021293036559e-14 2.4686674662564097e-16
2754.9625704546265 1.2444428490075363e-14 2.470949425955872e-16
2756.5129359714992 1.2325071383411865e-14 2.492929401541529e-16
2758.0633105907687 1.178165400796908e-14 2.4545598678220933e-16
2759.613694312596 1.2235241845289652e-14 2.4705796431348363e-16
2761.164087137142 1.2336719780502506e-14 2.520633731663849e-16
2762.714489064565 1.2734243354077263e-14 2.5018891572389074e-16
2764.264900095028 1.239999398869535e-14 2.545029868731549e-16
2765.815320228689 1.2862757733933528e-14 2.573702198693903e-16
2767.36574946571 1.2810250161533233e-14 2.517575148630873e-16
2768.916187806251 1.3010494679494781e-14 2.6318788037914926e-16
2770.4666352504714 1.2695470420916698e-14 2.5082628154692e-16
2772.0170917985324 1.3227397794429979e-14 2.6110666748818624e-16
2773.5675574505944 1.338581836655495e-14 2.6428243223545903e-16
2775.118032206818 1.2984048616815607e-14 2.5646331228067697e-16
2776.668516067363 1.3426724128676702e-14 2.614598008178525e-16
2778.2190090323893 1.3626813639608902e-14 2.6543069127458064e-16
2779.769511102059 1.3830132040136035e-14 2.6281515941257777e-16
2781.3200222765304 1.3599943213423154e-14 2.6673827191712486e-16
2782.8705425559656 1.4203216172083664e-14 2.6969129346904937e-16
2784.421071940524 1.4051868325068266e-14 2.69654235777607e-16
2785.9716104303666 1.4602849704730032e-14 2.7404136351857184e-16
2787.522158025654 1.488868944311047e-14 2.8085545241165707e-16
2789.0727147265457 1.493548801344627e-14 2.768405691812309e-16
2790.6232805332024 1.505333909552955e-14 2.8220586115759684e-16
2792.173855445785 1.5110242768926092e-14 2.804143335345948e-16
2793.724439464453 1.4843268148346904e-14 2.7756393531818606e-16
2795.2750325893685 1.3787491554538307e-14 2.722939874879454e-16
2796.8256348206905 1.1391003259728343e-14 2.4661711013421737e-16
2798.3762461585793 1.35038481725901e-14 2.6545403762018934e-16
2799.9268666031967 1.584252308061817e-14 2.920698245261692e-16
2801.4774961547023 1.55515418522479e-14 2.926272251450217e-16
2803.028134813256 1.4149272878837774e-14 2.7558751628466616e-16
2804.57878257902 1.276763593395687e-14 2.6195682386943354e-16
2806.129439452153 1.615698067415454e-14 2.94849574900821e-16
2807.680105432816 1.7883957186795758e-14 3.088078837781838e-16
2809.2307805211694 1.7988457335564416e-14 3.1107480864283233e-16
2810.7814647173745 1.922037866591928e-14 3.204434165559385e-16
2812.332158021591 1.9761641189544252e-14 3.2659809029958627e-16
2813.882860433979 1.9053963796838123e-14 3.1838785288140954e-16
2815.4335719547007 1.8870218633656143e-14 3.183515892833552e-16
2816.984292583915 1.9021010827058142e-14 3.217583822669916e-16
2818.535022321782 2.0440453393473848e-14 3.292020548679032e-16
2820.085761168464 2.0790608343539303e-14 3.369894110871632e-16
2821.636509124121 2.096714186820836e-14 3.4028619566677497e-16
2823.1872661889124 2.075835671703965e-14 3.39085394115144e-16
2824.738032362999 2.114990955536921e-14 3.4155102761526245e-16
2826.2888076465424 2.065646712381443e-14 3.352246973508977e-16
2827.839592039702 2.138843403331602e-14 3.44386417466637e-16
2829.3903855426397 2.1511690879668678e-14 3.42486363747268e-16
2830.9411881555147 2.144052994770395e-14 3.4517294049772184e-16
2832.4919998784876 2.1301484407214473e-14 3.4086789554330186e-16
2834.04282071172 2.1423302991622692e-14 3.4462747774946967e-16
2835.5936506553717 2.2352203367295015e-14 3.523555946019811e-16
2837.1444897096035 2.1409819921168298e-14 3.3635995972823487e-16
2838.695337874575 2.2026737733576128e-14 3.5626062824706023e-16
2840.2461951504483 2.1946511855009884e-14 3.4648639743133764e-16
2841.797061537384 2.1988738141496406e-14 3.4872979066192026e-16
2843.347937035541 2.1985145027734153e-14 3.503119952678321e-16
2844.8988216450807 2.1681366825596765e-14 3.4929402048391003e-16
2846.449715366164 2.2679388477896828e-14 3.6123384984796585e-16
2848.000618198952 2.305960123912855e-14 3.6401023856060823e-16
2849.551530143605 2.2121693515095124e-14 3.474049517230757e-16
2851.1024512002823 2.1685166615398148e-14 3.5402406421961485e-16
2852.6533813691453 2.019488160140588e-14 3.3567018374159425e-16
2854.2043206503554 1.947023813876625e-14 3.3180816348836787e-16
2855.7552690440725 2.1814930368851612e-14 3.5664174013376546e-16
2857.3062265504573 2.2625024209276152e-14 3.589479196815633e-16
2858.85719316967 2.2058667487555826e-14 3.6041148673530033e-16
2860.4081689018726 2.2434091124503772e-14 3.5420493222363325e-16
2861.9591537472243 2.189179860881494e-14 3.536008653833429e-16
2863.510147705886 2.301385468371324e-14 3.6253984230373397e-16
2865.061150778019 2.229993974038353e-14 3.594160906733785e-16
2866.6121629637837 2.2312582554154248e-14 3.5622965860492625e-16
2868.16318426334 2.138038552625121e-14 3.507626962051102e-16
2869.714214676849 2.126743029460306e-14 3.555069277426815e-16
2871.265254204473 2.284314874572129e-14 3.65263556154969e-16
2872.81630284637 2.249646324260779e-14 3.643091617816502e-16
2874.3673606027023 2.115618776357426e-14 3.493948438744129e-16
2875.91842747363 2.103884828939112e-14 3.483361320996838e-16
2877.4695034593137 1.9911635477909938e-14 3.4209400220423206e-16
2879.020588559915 1.4415558861630845e-14 2.8681271453903537e-16
2880.571682775593 8.730626932398986e-15 2.295227147092047e-16
2882.1227861065104 8.785082680577965e-15 2.247195349724604e-16
2883.673898552826 1.2135278404986488e-14 2.7022886822298023e-16
2885.225020114702 1.520500712099901e-14 2.984891960658339e-16
2886.776150792298 1.2764639978422431e-14 2.7464664796872384e-16
2888.3272905857752 9.506343093626263e-15 2.378480956686488e-16
2889.8784394952945 1.0910010518432305e-14 2.5307674220865627e-16
2891.4295975210157 1.5215164740102483e-14 3.0208712732797416e-16
2892.9807646631016 1.860713528243664e-14 3.3443454796000744e-16
2894.531940921711 2.015122721737029e-14 3.470351159624808e-16
2896.0831262970046 2.1443962125206224e-14 3.625685884843814e-16
2897.634320789144 2.1700984108655175e-14 3.630500208357771e-16
2899.1855243982905 2.1007474189024822e-14 3.600351129391438e-16
2900.736737124603 2.141884251612245e-14 3.6284353008510424e-16
2902.2879589682443 2.1484009842952408e-14 3.683288095724047e-16
2903.839189929374 2.1744724890051387e-14 3.5982219003202775e-16
2905.3904300081526 2.1128249228842023e-14 3.6030139892193687e-16
2906.941679204741 2.1312790602994423e-14 3.6466578912222386e-16
2908.4929375193014 2.109394608854412e-14 3.5749152593809834e-16
2910.044204951993 2.1127905333465438e-14 3.6223655156905773e-16
2911.5954815029772 2.1115440396613644e-14 3.6450961742257385e-16
2913.146767172415 2.0800926898902755e-14 3.583126714409022e-16
2914.698061960466 2.0353437698802414e-14 3.5815784970001186e-16
2916.2493658672925 2.035351901396535e-14 3.5998299394310806e-16
2917.8006788930547 2.1132530133357447e-14 3.606743845863044e-16
2919.3520010379134 2.068860863603094e-14 3.628212954702388e-16
2920.9033323020294 2.0141545630783173e-14 3.6130875932423865e-16
2922.4546726855633 2.0449921527758257e-14 3.5901266476246905e-16
2924.006022188676 2.0210656743015545e-14 3.6057271416285426e-16
2925.557380811529 2.0433914299121045e-14 3.6004813607070783e-16
2927.1087485542826 1.9611585914806363e-14 3.5842326218007807e-16
2928.6601254170973 1.8977005771382387e-14 3.4930849945335215e-16
2930.211511400135 1.9901643877264126e-14 3.603421094429643e-16
2931.762906503555 2.0166082481199235e-14 3.6482926648104394e-16
2933.3143107275196 1.937187728479929e-14 3.551165779028953e-16
2934.865724072189 1.9948081611564396e-14 3.6092312110522153e-16
2936.417146537724 1.963854019725389e-14 3.6102524151492487e-16
2937.9685781242856 1.848780697489335e-14 3.485449521909616e-16
2939.520018832035 1.838344912765983e-14 3.480538319002317e-16
2941.0714686611327 1.7788828610555522e-14 3.4431232855353187e-16
2942.6229276117397 1.8975238860654414e-14 3.577890462608214e-16
2944.174395684017 1.837053865147778e-14 3.5073095893936774e-16
2945.725872878125 1.9468591506716787e-14 3.66882765512764e-16
2947.277359194224 1.9123361206206668e-14 3.610676196320672e-16
2948.8288546324775 1.9530701044607156e-14 3.654435771260401e-16
2950.380359193044 2.0378597965467656e-14 3.725957380441982e-16
2951.931872876085 1.9600732034620247e-14 3.6547947014718e-16
2953.4833956817615 1.9139607298135006e-14 3.63426103464358e-16
2955.0349276102347 1.9019516660939186e-14 3.6314015043532085e-16
2956.5864686616655 1.9155933011160385e-14 3.706469799303621e-16
2958.1380188362145 1.9320853714122586e-14 3.6583853270747704e-16
2959.689578134043 1.9206118019219308e-14 3.7447575414040874e-16
2961.2411465553114 1.9502550751638106e-14 3.696989912437069e-16
2962.7927241001807 1.874008387977178e-14 3.655712408730591e-16
2964.3443107688126 1.9154911489425996e-14 3.764314473365005e-16
2965.895906561367 1.846875381577781e-14 3.558921689150046e-16
2967.447511478006 1.9233580521435187e-14 3.8067500299290575e-16
2968.9991255188897 1.9144232098027014e-14 3.71191727994565e-16
2970.55074868418 1.928175128514554e-14 3.793486288068443e-16
2972.102380974036 1.924375338713171e-14 3.772552662870441e-16
2973.654022388621 1.9209728073640506e-14 3.7164904637674353e-16
2975.2056729280944 1.9971212387288016e-14 3.8920436007396054e-16
2976.757332592618 1.9538400574097697e-14 3.835145221298982e-16
2978.3090013823517 1.895153887879024e-14 3.7314567418520307e-16
2979.860679297458 1.8881894135801096e-14 3.804650447011051e-16
2981.4123663380965 1.859858702593295e-14 3.7390665387897226e-16
2982.964062504429 1.9862820969159672e-14 3.913204601344386e-16
2984.5157677966167 1.9349012477421108e-14 3.8822630171767784e-16
2986.0674822148203 1.9117498044145774e-14 3.893724167046517e-16
2987.6192057592007 1.950469374499466e-14 3.920084891156255e-16
2989.170938429919 1.907986945249695e-14 3.8850910484294237e-16
2990.722680227136 1.9619156695288922e-14 3.9213535876925644e-16
2992.2744311510132 1.9391404782365292e-14 3.905798886407423e-16
2993.826191201712 1.9507419497018924e-14 3.9112810424607306e-16
2995.377960379392 2.0333200387626614e-14 4.1686321511492485e-16
2996.929738684216 1.92909873324024e-14 3.916745199063909e-16
2998.4815261163435 1.956332875373539e-14 4.0026412220581914e-16
3000.0333226759362 1.9408345441310378e-14 3.9672127455503e-16
3001.5851283631555 1.909253598319019e-14 4.0169137272194264e-16
3003.1369431781623 1.996721269771108e-14 4.096897460241874e-16
3004.6887671211175 1.9774263674524235e-14 4.044096867381389e-16
3006.2406001921822 1.9970793953012073e-14 4.1156560636500044e-16
3007.792442391517 2.028548363357599e-14 4.202083070423097e-16
3009.344293719284 2.060925520140037e-14 4.197557532204595e-16
3010.8961541756435 1.9644505003268455e-14 4.090736354341783e-16
3012.4480237607568 1.9485916718619926e-14 4.134709540402898e-16
3013.9999024747854 1.9474571559324402e-14 4.13206309183832e-16
3015.5517903178898 2.0602118101786804e-14 4.2998852002822227e-16
3017.1036872902314 1.996642665113603e-14 4.195344923327689e-16
3018.6555933919713 2.0502036076871025e-14 4.2503242437471895e-16
3020.207508623271 2.0647087080956535e-14 4.328469385878503e-16
3021.7594329842905 2.007310367457913e-14 4.252669201522104e-16
3023.3113664751927 2.048107201142648e-14 4.298498183831094e-16
3024.863309096137 1.9783220200908502e-14 4.2543005340389564e-16
3026.4152608472855 2.1157746304197207e-14 4.452781264706524e-16
3027.967221728799 2.0041365350045512e-14 4.2942648719793944e-16
3029.519191740839 2.058239409257704e-14 4.435067688197069e-16
3031.0711708835656 2.0623581916670228e-14 4.3916966896218924e-16
3032.6231591571413 2.0318126589297276e-14 4.4156086944206773e-16
3034.1751565617265 2.0930216313905757e-14 4.511235008396544e-16
3035.727163097483 2.0488044786648278e-14 4.490372057510078e-16
3037.279178764571 2.04263079432547e-14 4.472566895563201e-16
3038.831203563153 2.06121452778164e-14 4.512052924586236e-16
3040.3832374933886 2.052611552949557e-14 4.499235727907502e-16
3041.9352805554404 2.0043496484940804e-14 4.476287487784015e-16
3043.4873327494684 2.056241936161489e-14 4.599132676124306e-16
3045.0393940756344 2.0268017814203607e-14 4.521864742488993e-16
3046.5914645341 2.0802521014909488e-14 4.685355865594466e-16
3048.1435441250255 2.0986152675676537e-14 4.612589912073809e-16
3049.6956328485735 2.0284204613825636e-14 4.629054644381657e-16
3051.247730704903 1.9921344169551367e-14 4.572746011630559e-16
3052.7998376941778 1.987982261447696e-14 4.563854283266757e-16
3054.3519538165574 2.0134122234033436e-14 4.722121330670039e-16
3055.904079072203 1.9280191050456696e-14 4.53056006508815e-16
3057.4562134612765 1.910507884707313e-14 4.550264169023654e-16
3059.0083569839394 1.91152381602425e-14 4.614323153242128e-16
3060.560509640352 1.9578502501952505e-14 4.623727336539019e-16
3062.112671430676 1.9054551637703518e-14 4.654119408082095e-16
3063.6648423550732 1.9817233655938446e-14 4.656140111056889e-16
3065.217022413704 1.8870122071900156e-14 4.600317463459278e-16
3066.7692116067296 1.7745045477511948e-14 4.65191076967213e-16
3068.3214099343127 1.8856932074845512e-14 4.749793367661245e-16
3069.8736173966126 1.810449576714057e-14 4.662929080129132e-16
3071.4258339937924 1.8349164622086765e-14 4.654118349290911e-16
3072.978059726012 1.8428929714729703e-14 4.705122967605421e-16
3074.5302945934322 1.7816513035403582e-14 4.638291538671465e-16
3076.082538596217 1.792325273928478e-14 4.64654111018213e-16
3077.634791734525 1.8816487945680013e-14 4.786954291244067e-16
3079.1870540085188 1.8398521231923273e-14 4.77970368921557e-16
3080.739325418359 1.9308690321000015e-14 5.035399113190002e-16
3082.2916059642075 1.801750040125987e-14 4.796612584425134e-16
3083.8438956462255 1.8233846168515776e-14 4.83145263773248e-16
3085.3961944645744 1.6574710218686048e-14 4.639386858151383e-16
3086.9485024194146 1.8171668867989627e-14 4.83102065092938e-16
3088.500819510909 1.8054459836880365e-14 4.8923802470240735e-16
3090.0531457392176 1.7417906106689286e-14 4.819425828672653e-16
3091.605481104503 1.8148688864130617e-14 4.933882743857166e-16
3093.1578256069247 1.8439758183927402e-14 4.98235579245057e-16
3094.7101792466456 1.7126160854600593e-14 4.847171451651151e-16
3096.2625420238264 1.8445648451042608e-14 4.976657378297916e-16
3097.814913938629 1.813275786845866e-14 5.06110921011713e-16
3099.3672949912143 1.780705845364633e-14 5.013885535120927e-16
3100.9196851817437 1.773342418547562e-14 5.009757837689838e-16
3102.4720845103784 1.8558508815000666e-14 5.13087243183977e-16
3104.02449297728 1.8592742498596895e-14 5.194247966348929e-16
3105.5769105826103 1.765162621375927e-14 5.093665450840441e-16
3107.12933732653 1.843517404161686e-14 5.170145114439216e-16
3108.681773209201 1.9144825021090092e-14 5.373942300339785e-16
3110.234218230784 1.8796345502194306e-14 5.320769277680304e-16
3111.7866723914412 1.8166566341515367e-14 5.25527880778097e-16
3113.339135691334 1.8945597789698197e-14 5.485722062015383e-16
3114.891608130623 1.8451054215311985e-14 5.340557555514941e-16
3116.4440897094705 1.897415127035014e-14 5.424388935700291e-16
3117.9965804280364 1.9398289466160575e-14 5.548405676485753e-16
3119.5490802864842 1.9164826857106555e-14 5.54455273536693e-16
3121.1015892849746 1.8925441793685334e-14 5.563798382719732e-16
3122.654107423668 1.843204340784381e-14 5.489820642688909e-16
3124.206634702727 1.888588196691677e-14 5.58538819375406e-16
3125.7591711223126 1.9181869160005312e-14 5.683088679659515e-16
3127.311716682586 1.88537269021731e-14 5.645768937399083e-16
3128.86427138371 1.8314370202679453e-14 5.571194039140446e-16
3130.4168352258444 1.7978228565693373e-14 5.584167936914422e-16
3131.969408209151 1.8942302831533378e-14 5.808673490188582e-16
3133.5219903337916 1.818051189195896e-14 5.627231621348422e-16
3135.0745815999276 1.8826437194678462e-14 5.823892554668374e-16
3136.627182007721 1.9097579217358142e-14 5.785658016824906e-16
3138.179791557332 1.887391508543796e-14 5.800046989016389e-16
3139.7324102489238 1.8385341399263996e-14 5.754289210414527e-16
3141.285038082656 1.7974642228194698e-14 5.801969753806656e-16
3142.8376750586913 1.802967395877781e-14 5.789258965641921e-16
3144.3903211771913 1.9730507646534973e-14 6.152956384347197e-16
3145.942976438317 1.7928119790599703e-14 5.916699837116659e-16
3147.49564084223 1.772190453739296e-14 5.785884068742705e-16
3149.048314389092 1.8495797883717746e-14 6.025485866719305e-16
3150.6009970790637 1.8307844660853806e-14 6.020066444043654e-16
3152.153688912308 1.8914471022952496e-14 6.156162933448146e-16
3153.706389888986 1.424703318644513e-14 4.893517388755762e-16
3155.259100009259 1.3540193509323836e-14 5.257540385750139e-16
3156.8118192732877 2.1776027839650117e-14 6.703384333857051e-16
3158.3645476812353 3.881640289141869e-14 9.000178227203722e-16
3159.9172852332617 3.628082723386748e-16 8.730919158765789e-17
