wavelength flux error
1562.860229280571 0.0 0.0
1564.4039686243873 0.0 0.0
1565.9477170671955 0.0 0.0
1567.4914746091563 0.0 0.0
1569.0352412504308 0.0 0.0
1570.57901699118 0.0 0.0
1572.1228018315644 0.0 0.0
1573.6665957717453 0.0 0.0
1575.2103988118836 0.0 0.0
1576.75421095214 0.0 0.0
1578.2980321926755 0.0 0.0
1579.8418625336508 0.0 0.0
1581.3857019752277 -2.996939447909991e-14 4.354109846109455e-14
1582.9295505175662 4.1518892002819635e-14 2.6404305648940023e-14
1584.4734081608278 -3.29580282607423e-14 1.2217648123942233e-14
1586.0172749051733 -1.1707666527059363e-14 1.0334916651861051e-14
1587.5611507507635 2.6729873773645527e-15 9.278683507293883e-15
1589.1050356977594 1.0569043334745717e-14 8.364666347537766e-15
1590.6489297463224 7.243231147789804e-15 7.172379382850824e-15
1592.1928328966123 4.201355416181846e-15 5.9368022582956086e-15
1593.736745148792 -9.278239662029522e-15 4.143052444356438e-15
1595.2806665030205 -5.017464461081313e-15 3.9133582848847534e-15
1596.82459695946 -4.857909288323494e-15 3.3608884565764245e-15
1598.3685365182707 1.0456842094769522e-16 3.4489008972685403e-15
1599.9124851796144 1.9552279632454933e-15 3.2027319469727592e-15
1601.4564429436518 -7.805106324065326e-16 2.6369490900741976e-15
1603.0004098105437 1.7020035461364391e-15 2.5988114316240728e-15
1604.5443857804512 1.5697212460934326e-15 2.3278494034456847e-15
1606.0883708535355 -8.427852887820568e-16 1.964882233020061e-15
1607.6323650299573 9.07180968597065e-16 1.869306211625438e-15
1609.1763683098777 2.528408805905374e-15 1.8766658691458937e-15
1610.7203806934579 1.973968355445258e-15 1.7074632028770851e-15
1612.264402180859 1.901210978133192e-15 1.5877275783652829e-15
1613.8084327722418 -1.176150245887919e-16 1.2900834829527924e-15
1615.352472467767 3.911161081419576e-15 1.5383674745178674e-15
1616.8965212675969 8.607473635824131e-16 1.2118288618130461e-15
1618.4405791718912 8.232258289571871e-17 1.0581126047980063e-15
1619.9846461808113 -1.011240554354032e-15 8.86440731608833e-16
1621.5287222945187 1.5110973546601336e-15 1.0574232258580597e-15
1623.0728075131742 1.1752812430235952e-16 8.84184606414262e-16
1624.6169018369387 1.0906441756867286e-15 9.039281503213717e-16
1626.1610052659737 -5.1458350041552216e-17 7.810706270637861e-16
1627.70511780044 2.4342061954951645e-16 7.576731947804582e-16
1629.2492394404983 5.619140339119776e-16 7.327076927535257e-16
1630.7933701863103 -7.927456792224862e-17 6.584024156699119e-16
1632.3375100380367 6.768932507875917e-16 6.859584620869032e-16
1633.8816589958394 1.3725568046258978e-16 6.1167330203578665e-16
1635.4258170598782 6.428316207587729e-16 6.304702336847805e-16
1636.9699842303155 3.436808390215742e-16 5.866819655039629e-16
1638.5141605073115 3.476653878845768e-16 5.586828149764392e-16
1640.0583458910276 1.3864677325977736e-16 5.130322389819647e-16
1641.6025403816247 4.478396599822678e-16 5.319295440352082e-16
1643.1467439792646 3.7222939629451073e-16 5.049879670818906e-16
1644.6909566841077 -2.998384666112508e-16 4.3553362121742255e-16
1646.2351784963157 -2.6723082157595324e-16 4.2412742261013694e-16
1647.779409416049 1.3305426469531045e-16 4.4376805201415523e-16
1649.3236494434695 2.464989225682958e-16 4.388630695050628e-16
1650.8678985787383 -2.7129790321175397e-16 3.750678566403191e-16
1652.4121568220157 2.0599727457172297e-16 4.059930295445736e-16
1653.956424173464 1.1239355615989176e-16 3.9649998719755984e-16
1655.500700633244 8.818231712015456e-17 3.8105087386324985e-16
1657.0449862015164 -2.881936164710763e-16 3.3728777844283355e-16
1658.5892808784427 4.780173792501296e-16 3.877798888846952e-16
1660.1335846641841 9.467128432783705e-16 4.2640342660918884e-16
1661.6778975589016 -1.6270834554820167e-16 3.244613702807985e-16
1663.2222195627567 -1.8447946133791154e-16 3.109902112272253e-16
1664.7665506759104 3.3660615514831025e-16 3.485242263535335e-16
1666.310890898524 5.6585141362773e-16 3.642106942015319e-16
1667.8552402307587 3.914800199658776e-16 3.372012487333156e-16
1669.3995986727755 5.235065954681522e-16 3.4565974621437665e-16
1670.9439662247357 5.246000091239391e-16 3.431447730450806e-16
1672.4883428868004 7.187621820146003e-17 2.944239673146053e-16
1674.0327286591312 1.6167570650638027e-16 3.022549722004285e-16
1675.5771235418895 1.2010984102092122e-16 2.8596192288307763e-16
1677.1215275352354 -6.48014813886369e-17 2.7322548550190874e-16
1678.6659406393314 3.4068202475093874e-16 2.9838837267533104e-16
1680.210362854338 5.3237099378451545e-17 2.7229131404020565e-16
1681.7547941804166 1.0321490332614123e-15 3.3717851119263774e-16
1683.2992346177286 6.245913088701334e-17 2.637325490340134e-16
1684.8436841664354 5.124262927873227e-16 2.9449337107672095e-16
1686.388142826698 2.5831770563023305e-16 2.695591563292777e-16
1687.9326105986775 6.212533505483512e-16 2.962708961863137e-16
1689.4770874825351 5.788675439350602e-17 2.4872905443929796e-16
1691.0215734784329 4.515428350881044e-16 2.749079841027314e-16
1692.566068586531 6.271046541479839e-16 2.8300170155110146e-16
1694.110572806992 1.6990508157520902e-16 2.4707249622248496e-16
1695.6550861399758 1.2636856829536386e-18 2.313818990888687e-16
1697.1996085856447 4.245478685893303e-16 2.58095677118934e-16
1698.74414014416 -1.9955965542774533e-17 2.2104869270240726e-16
1700.2886808156823 6.772178761646269e-16 2.7266236741066224e-16
1701.833230600373 8.559388369501893e-17 2.242235707120634e-16
1703.3777894983943 4.762832381093041e-16 2.5329477378323545e-16
1704.9223575099065 7.136911148733971e-16 2.68933913665306e-16
1706.4669346350715 2.2204407552943927e-16 2.2252736076540706e-16
1708.0115208740506 1.6537435527990498e-16 2.222161820364095e-16
1709.5561162270048 1.2944778369435885e-16 2.1681495733423425e-16
1711.1007206940958 4.4438299793386185e-17 2.05960322759399e-16
1712.6453342754844 -1.1743379924274887e-16 1.8827661739622396e-16
1714.1899569713328 2.459237077877713e-17 1.996535668970497e-16
1715.7345887818012 2.712594426219927e-16 2.142978136430109e-16
1717.2792297070523 3.6092963267100354e-16 2.232577413939567e-16
1718.823879747246 4.254652846805455e-16 2.222362990689068e-16
1720.3685389025452 3.875692423786249e-16 2.229259427066494e-16
1721.9132071731105 2.7449087331576786e-16 2.0927604646631576e-16
1723.457884559103 2.3387696698390424e-16 2.0137927741307213e-16
1725.0025710606844 9.126656922189938e-17 1.8815592843613002e-16
1726.5472666780158 1.7916713539052858e-16 2.0029134300166278e-16
1728.091971411259 -8.394956775127172e-17 1.7248908792970628e-16
1729.6366852605754 6.020153661967441e-17 1.8124881150263463e-16
1731.1814082261262 5.735588840521521e-16 2.2209198583051835e-16
1732.7261403080724 2.551457525312229e-16 1.9184680832934163e-16
1734.2708815065764 3.077395370036797e-16 1.9479252422209607e-16
1735.8156318217984 1.1377669478830903e-16 1.8022853384788723e-16
1737.3603912539013 1.8118561490383558e-16 1.8109633233723906e-16
1738.9051598030449 4.748841514386768e-16 2.054502104018049e-16
1740.449937469392 2.085732605830009e-16 1.895674161985007e-16
1741.994724253103 5.3078919284274255e-17 1.7298603157194853e-16
1743.53952015434 2.3402559479636777e-16 1.8042104855493037e-16
1745.084325173264 2.8874487610106123e-16 1.8209318423703896e-16
1746.6291393100366 1.3330882456573997e-16 1.6948421207954204e-16
1748.1739625648197 -1.8085901752822004e-16 1.40125983953259e-16
1749.7187949377742 3.9291679960265773e-16 1.859203305556401e-16
1751.2636364290615 4.611586178031313e-16 1.8724053728305434e-16
1752.8084870388434 9.993881679068903e-17 1.6212796916065486e-16
1754.3533467672814 3.334059587944651e-16 1.7984334561512333e-16
1755.8982156145369 1.9309974211189815e-16 1.653873387067996e-16
1757.4430935807713 4.118738469484622e-16 1.8115651138116351e-16
1758.9879806661459 -5.486428275735156e-17 1.412866308492342e-16
1760.532876870822 2.9646372853071206e-16 1.701248072156827e-16
1762.077782194962 2.311196894521343e-16 1.6358016744405296e-16
1763.6226966387267 8.662832268185324e-17 1.5013113712622679e-16
1765.1676202022782 1.488427867785632e-16 1.5514739858876476e-16
1766.7125528857769 2.049243485253478e-16 1.5737840396249378e-16
1768.257494689385 8.265654548750842e-17 1.4628489286164302e-16
1769.8024456132648 5.357812146046103e-16 1.8055772526190373e-16
1771.3474056575762 -2.0819447803690062e-16 1.1455330488693301e-16
1772.892374822482 1.0425513125377443e-16 1.4625295707255357e-16
1774.437353108143 2.0298690624229139e-16 1.496150425984427e-16
1775.982340514721 3.388284519645503e-16 1.6078618956286524e-16
1777.527337042378 4.044986516673802e-16 1.6299346477918134e-16
1779.0723426912748 2.572013691453111e-16 1.5073579953655815e-16
1780.6173574615734 1.802842924386182e-16 1.44862062798713e-16
1782.1623813534347 2.5088475329006015e-16 1.5092930686033635e-16
1783.7074143670213 3.334558278592347e-16 1.5365045314295e-16
1785.2524565024942 3.061372947746094e-16 1.5086869106504847e-16
1786.7975077600145 2.0888381727217782e-16 1.4163746130807509e-16
1788.3425681397448 4.371646890364791e-16 1.612410991951e-16
1789.887637641846 3.3014824360954546e-16 1.4982218185871578e-16
1791.43271626648 2.74561971143778e-16 1.4407048403972426e-16
1792.977804013808 3.52865984892261e-16 1.497509119771382e-16
1794.5229008839915 4.28942513747702e-16 1.5229742388882966e-16
1796.068006877193 3.6888226619409656e-16 1.486948604152591e-16
1797.6131219935733 6.123606163329243e-17 1.2362807177668077e-16
1799.1582462332944 2.0829008688082195e-16 1.3431503353262907e-16
1800.7033795965174 2.4589141465665724e-16 1.3771430909885859e-16
1802.2485220834042 2.0405481626543205e-16 1.3189025613732583e-16
1803.7936736941172 2.486752943169269e-16 1.3633425419976492e-16
1805.3388344288164 2.9664573473525333e-16 1.360313869815623e-16
1806.8840042876645 5.621405622858089e-17 1.1651041421623348e-16
1808.4291832708232 4.662349391955855e-16 1.4876043929422231e-16
1809.974371378454 1.6589498937489075e-16 1.2509768717505678e-16
1811.5195686107186 3.2553741976116667e-16 1.3444317373568088e-16
1813.064774967778 5.674139776571773e-16 1.5456061651455434e-16
1814.6099904497946 1.5147210939573855e-16 1.1920281431819968e-16
1816.1552150569298 1.7869865999624795e-16 1.223088841357812e-16
1817.7004487893453 1.5247143621993121e-16 1.1883902690224376e-16
1819.2456916472024 2.235438267718918e-16 1.2400813810709173e-16
1820.7909436306636 4.8912556122632464e-17 1.0901312707673865e-16
1822.33620473989 3.4872841423338097e-16 1.3169505474765311e-16
1823.8814749750434 2.321508197165184e-16 1.2137847138278155e-16
1825.4267543362855 4.422360076405886e-16 1.3712611089143948e-16
1826.9720428237779 2.0783959770178067e-16 1.2018935623884472e-16
1828.5173404376822 1.2437605480866552e-16 1.1171369310571198e-16
1830.0626471781607 2.446958276516078e-16 1.2045000415858263e-16
1831.6079630453742 4.670319442593926e-16 1.3642540288582336e-16
1833.1532880394852 3.578059604499869e-16 1.2865687991474995e-16
1834.6986221606548 6.133259691949982e-16 1.450474571350433e-16
1836.2439654090451 6.857356924217753e-16 1.4769857761572064e-16
1837.789317784818 1.7872354158907355e-16 1.1155299507375007e-16
1839.334679288135 8.310811331006847e-17 1.0337749262385567e-16
1840.8800499191575 3.0510200875482783e-16 1.206209327603606e-16
1842.4254296780477 3.635728519224698e-16 1.2454528934454897e-16
1843.9708185649674 5.675258918853333e-16 1.386927645018353e-16
1845.516216580078 1.0951478895719491e-16 1.0371299046286228e-16
1847.0616237235413 3.612485141058652e-16 1.213137395367656e-16
1848.607039995519 3.259810797370707e-16 1.2031907139378284e-16
1850.1524653961735 4.859759420038534e-16 1.2841079037379297e-16
1851.697899925666 5.289031482542277e-16 1.3278253917280923e-16
1853.2433435841583 3.561915685920794e-16 1.2037488292407302e-16
1854.7887963718124 3.0198103645133055e-16 1.1557617658008139e-16
1856.3342582887897 4.983759749560644e-16 1.2873933327820923e-16
1857.879729335252 1.984245220905837e-16 1.062248004934959e-16
1859.4252095113616 2.3222699974221207e-16 1.0936784197573609e-16
1860.9706988172802 3.539139499364718e-16 1.1496520112731502e-16
1862.5161972531694 4.144458624927999e-16 1.2229277727489357e-16
1864.0617048191907 1.0730095585298249e-16 9.87981214910886e-17
1865.6072215155066 2.725320302159035e-16 1.0981766941028733e-16
1867.1527473422784 4.152323590541051e-16 1.2034405886572684e-16
1868.698282299668 5.519233861782315e-16 1.2964383211697882e-16
1870.2438263878378 3.488644159609745e-16 1.1296085647631533e-16
1871.7893796069486 2.7696614181566134e-16 1.0879190589371747e-16
1873.3349419571628 2.59318342708516e-16 1.0649057693303164e-16
1874.8805134386423 1.3635973136263155e-16 9.70728278740949e-17
1876.4260940515492 1.9162889586877066e-16 1.0048715151002798e-16
1877.9716837960448 4.490724105578781e-16 1.180409233425832e-16
1879.517282672291 2.4842518136947048e-16 1.0437047331838883e-16
1881.0628906804498 3.1715234944872074e-16 1.0802945712718039e-16
1882.6085078206836 2.405341430235106e-16 1.0252496719733402e-16
1884.1541340931535 2.1069045913933243e-16 1.0034150154776965e-16
1885.6997694980214 2.2154013063049237e-16 9.878305356905034e-17
1887.2454140354494 1.971232677253643e-16 9.910304011721035e-17
1888.7910677055995 3.244253449107606e-16 1.0482756008999583e-16
1890.3367305086335 2.3164331463221505e-16 1.0002246129423039e-16
1891.8824024447135 3.664662635307313e-16 1.0829462476178529e-16
1893.4280835140012 3.207460190763451e-16 1.0545956578265575e-16
1894.9737737166583 3.62509402057192e-16 1.0872163524631987e-16
1896.5194730528472 3.0616270576302703e-16 1.0272186265290124e-16
1898.065181522729 4.514317678928957e-16 1.137917693277922e-16
1899.6108991264662 4.156878245517115e-16 1.0840727352632521e-16
1901.156625864221 2.410485302505104e-16 9.849368593844459e-17
1902.7023617361547 3.1561101418251393e-16 1.0153291956253182e-16
1904.24810674243 4.751349790701825e-16 1.1169714949346092e-16
1905.7938608832078 5.07145783515021e-16 1.1259012074321396e-16
1907.3396241586506 5.386954843991979e-16 1.146077399886839e-16
1908.8853965689207 5.738034648156717e-16 1.1838458049115202e-16
1910.4311781141794 4.331712992670895e-16 1.0853949007543569e-16
1911.976968794589 4.328343919123191e-16 1.0881028253820595e-16
1913.5227686103115 4.513000013300385e-16 1.072526683575441e-16
1915.0685775615088 2.440981135584219e-16 9.368333950887311e-17
1916.6143956483427 4.2010298378927454e-16 1.0500041436823981e-16
1918.1602228709755 2.8485048330738197e-16 9.696338857033169e-17
1919.7060592295686 1.960314819610229e-16 8.912841321756821e-17
1921.2519047242847 2.4871171673365884e-16 9.19672573751808e-17
1922.7977593552855 1.6308530167950943e-16 8.716133139880281e-17
1924.3436231227327 2.993706397265704e-16 9.562350817922849e-17
1925.8894960267887 5.038795715308492e-16 1.0923814005568778e-16
1927.4353780676154 2.7956330365062063e-16 9.354510770234815e-17
1928.981269245375 5.111219679276695e-16 1.0864642798502654e-16
1930.5271695602291 2.6552156202795326e-16 9.353310365729878e-17
1932.0730790123398 2.9117522538497063e-16 9.43445943079929e-17
1933.6189976018693 4.47417784634976e-16 1.0419633525583417e-16
1935.1649253289795 3.8123224479308067e-16 9.790009451343163e-17
1936.7108621938326 3.694473959885928e-16 9.822415079020541e-17
1938.2568081965903 6.060183512612393e-16 1.1355068257517994e-16
1939.8027633374152 4.65790776293869e-16 1.0283026301781509e-16
1941.3487276164688 6.051080026011778e-16 1.1304811410477232e-16
1942.8947010339134 4.645235091256582e-16 1.0176954615728119e-16
1944.440683589911 6.781190133413871e-16 1.1455808268215112e-16
1945.9866752846237 6.032128193212555e-16 1.1150920082339907e-16
1947.5326761182134 5.354004203552603e-16 1.0582407450010581e-16
1949.078686090843 4.3138408621816253e-16 1.0072238844134826e-16
1950.6247052026729 5.323040914165722e-16 1.0603801649373653e-16
1952.1707334538667 4.747758900401058e-16 1.0210309185004217e-16
1953.716770844586 7.204878660608432e-16 1.1501725394890176e-16
1955.2628173749927 4.574809066252715e-16 1.006887453514745e-16
1956.8088730452494 4.2832836192138344e-16 9.664935110513715e-17
1958.3549378555174 3.933403160762849e-16 9.632320371577485e-17
1959.9010118059596 2.5937093816058457e-16 8.675177111647065e-17
1961.4470948967376 2.0402650683614803e-16 8.077218834744322e-17
1962.9931871280135 2.8926490139111617e-16 8.907955662186838e-17
1964.5392884999499 3.0605052683707504e-16 8.819024481914527e-17
1966.0853990127084 4.858438048640818e-16 1.0038477301997352e-16
1967.6315186664513 3.176149882565992e-16 8.948598023531774e-17
1969.177647461341 2.917846920602997e-16 8.604480300797873e-17
1970.7237853975394 3.279697807483258e-16 8.941966681997058e-17
1972.2699324752084 2.515484565437931e-16 8.301307356640858e-17
1973.8160886945107 2.3116722917629893e-16 8.1264711536492e-17
1975.3622540556078 2.0709005295279942e-16 8.006173946293368e-17
1976.9084285586623 2.343913806806836e-16 8.164463890056005e-17
1978.4546122038369 2.4970986565265923e-16 8.145369914540321e-17
1980.0008049912926 5.909599980482994e-17 6.776869074242792e-17
1981.5470069211922 2.994329231179732e-16 8.407071331506378e-17
1983.0932179936976 2.5606830375968085e-16 8.148710400726056e-17
1984.6394382089716 2.5684701820578317e-16 8.170323637515331e-17
1986.1856675671754 2.5990382776352593e-16 8.117322536074363e-17
1987.7319060684722 2.8061833612598507e-16 8.251376087889197e-17
1989.2781537130236 3.9210880958031593e-16 8.817576584970314e-17
1990.8244105009921 2.250003528642548e-16 7.753527840929052e-17
1992.3706764325395 1.7549924450090105e-16 7.340236643162037e-17
1993.9169515078283 3.5293663273401794e-16 8.632161072816348e-17
1995.4632357270207 1.9666052303836742e-16 7.515062258241855e-17
1997.009529090279 1.9778259023057315e-16 7.397811060773688e-17
1998.5558315977653 3.3164426261307416e-16 8.483976629161148e-17
2000.102143249642 2.6018522799047157e-16 7.811190270557878e-17
2001.6484640460708 2.469689464446831e-16 7.78720335628282e-17
2003.1947939872146 4.322210871189478e-16 8.810658046326921e-17
2004.7411330732352 3.994786314961388e-16 8.511361601392574e-17
2006.287481304295 2.3547730338884323e-16 7.621341732065118e-17
2007.8338386805565 2.72643309169349e-16 7.777647765846608e-17
2009.3802052021813 4.1396678595178877e-16 8.631696528184338e-17
2010.9265808693324 3.308147791296958e-16 8.158950896709462e-17
2012.472965682172 2.467190452554635e-16 7.423151242530882e-17
2014.0193596408617 3.6939540934145506e-16 8.294549621908545e-17
2015.5657627455644 4.619264531698173e-16 8.87461234256707e-17
2017.1121749964423 2.0597932806115302e-16 7.122307638978816e-17
2018.658596393657 3.130225079654844e-16 7.836897058762556e-17
2020.2050269373717 2.711317788749737e-16 7.577315871142595e-17
2021.7514666277486 2.385713823962652e-16 7.267536069996996e-17
2023.2979154649495 2.0339950393183284e-16 7.108060941852693e-17
2024.8443734491373 1.9600579303991945e-16 6.962432817162527e-17
2026.3908405804737 2.460719650233204e-16 7.301765465488931e-17
2027.9373168591212 1.533371171269149e-16 6.615093060506611e-17
2029.483802285242 1.8736982892151883e-16 6.79167229848504e-17
2031.030296858999 2.0755671516717734e-16 6.994186626517213e-17
2032.5768005805542 1.0009485614144103e-16 6.129982733235292e-17
2034.1233134500699 3.3523335296882745e-16 7.769149643105483e-17
2035.6698354677085 1.7300048407161106e-16 6.660877838283666e-17
2037.216366633632 2.1972391993801174e-16 6.964470328447368e-17
2038.7629069480035 1.5253234318279472e-16 6.394618987014687e-17
2040.3094564109842 3.9443785901768964e-16 7.946126589522429e-17
2041.8560150227377 3.4850053590078996e-16 7.838998097518441e-17
2043.4025827834257 3.200064269644941e-16 7.382133010315603e-17
2044.9491596932103 4.1909517340071954e-16 8.108092523927252e-17
2046.4957457522548 4.778059386506713e-16 8.378123980533962e-17
2048.0423409607206 3.70742085848471e-16 7.603027953303194e-17
2049.5889453187706 1.758091129758083e-16 6.446103370084477e-17
2051.1355588265674 4.741048811272028e-16 8.33190443662695e-17
2052.682181484273 3.5498798771359025e-16 7.505545710730554e-17
2054.2288132920494 3.850733009808625e-16 7.7138767728302e-17
2055.77545425006 4.837706917256769e-16 8.263941292266123e-17
2057.3221043584663 3.448355566869186e-16 7.419002104578316e-17
2058.868763617432 2.945689687672634e-16 7.056557368192691e-17
2060.415432027118 4.0680665762997056e-16 7.687123104842275e-17
2061.962109587687 3.1822908714335856e-16 7.191820588935323e-17
2063.508796299302 2.628561875709604e-16 6.879152934835179e-17
2065.055492162125 3.834869141497736e-16 7.562915649294782e-17
2066.60219717632 2.470966896010409e-16 6.727761677381233e-17
2068.148911342046 3.22771883658161e-16 7.08102801768997e-17
2069.695634659469 2.7056281096243524e-16 6.759744450329474e-17
2071.2423671287497 3.6412307923105027e-16 7.346103008066263e-17
2072.78910875005 1.7463390770105217e-16 6.110073488507876e-17
2074.3358595235345 3.8904360910243943e-16 7.512323959542059e-17
2075.8826194493636 3.133453333975067e-16 6.95858278771946e-17
2077.4293885277007 2.5451309832896275e-16 6.636202047994474e-17
2078.976166758708 2.8117038984935806e-16 6.700518318470677e-17
2080.5229541425474 2.459221196009952e-16 6.508493302350167e-17
2082.069750679383 3.6475020124937367e-16 7.114931173148314e-17
2083.616556369376 3.9603258382935307e-16 7.290652790267648e-17
2085.16337121269 3.0613369488458357e-16 6.760688097972274e-17
2086.710195209486 3.162799849223876e-16 6.722265889391431e-17
2088.257028359927 2.2931307405475926e-16 6.296326769186236e-17
2089.8038706641755 2.3016312455688816e-16 6.143244754560232e-17
2091.350722122395 3.331064797080515e-16 6.806301483926408e-17
2092.897582734747 3.2225207012634286e-16 6.768461610496803e-17
2094.4444525013946 2.2254120446013874e-16 6.125103029365719e-17
2095.991331422499 1.8329755920891617e-16 5.783695150318543e-17
2097.538219498225 1.8231951408752327e-16 5.791584468128828e-17
2099.0851167287337 9.800740961738181e-17 5.1148825673779773e-17
2100.632023114187 2.1170602517331074e-16 5.969013386032473e-17
2102.17893865475 2.893339345763174e-16 6.415302472795453e-17
2103.7258633505817 2.4421783637156036e-16 6.072373243165669e-17
2105.2727972018474 3.3273312346676956e-16 6.698879177368842e-17
2106.8197402087085 8.608399813412395e-17 4.939992101338136e-17
2108.366692371327 2.511086082161517e-16 6.195585435000137e-17
2109.9136536898677 3.3753405327224774e-16 6.617231818698428e-17
2111.4606241644915 3.0553142798930616e-16 6.299072347075422e-17
2113.0076037953604 3.522451097419236e-16 6.672915632302027e-17
2114.5545925826386 3.177511488028703e-16 6.445462139673626e-17
2116.1015905264876 1.8357481691535414e-16 5.586254417291525e-17
2117.64859762707 1.2727010169163744e-16 5.177308233846129e-17
2119.1956138845494 3.0891961271788256e-16 6.34552747202089e-17
2120.7426392990874 2.061022404827335e-16 5.71096678388492e-17
2122.289673870847 4.12438738514942e-16 6.843962686343703e-17
2123.83671759999 2.492707320090671e-16 5.977445996069083e-17
2125.383770486681 2.5278017479799886e-16 5.905364815746722e-17
2126.9308325310803 3.167058572063993e-16 6.2315075728976e-17
2128.4779037333524 2.5471919203294156e-16 5.982400477066031e-17
2130.024984093659 3.0483593453027157e-16 6.178649408266482e-17
2131.572073612162 1.961845434615697e-16 5.5462767782868375e-17
2133.1191722890258 2.8104275257211867e-16 6.00157783238746e-17
2134.6662801244115 3.517785534066641e-16 6.355798408250838e-17
2136.213397118483 2.892999473793088e-16 6.068729678003495e-17
2137.7605232714022 2.1053316247404935e-16 5.4819171635465367e-17
2139.307658583332 3.7187369539622313e-16 6.54613994638868e-17
2140.8548030544353 3.215506474366775e-16 6.196757384492003e-17
2142.4019566848733 2.454494752164273e-16 5.726941295874544e-17
2143.949119474811 2.364220098228278e-16 5.627637270720818e-17
2145.4962914244093 3.083926258757924e-16 6.042930245570211e-17
2147.043472533832 3.713284708759874e-16 6.4294479230146e-17
2148.5906628032412 3.1622929529445036e-16 6.107398717279124e-17
2150.1378622327993 4.494989445863798e-16 6.848733202372418e-17
2151.68507082267 3.3758768104572077e-16 6.204438252787925e-17
2153.2322885730146 3.7963945227532817e-16 6.434725997067178e-17
2154.779515483997 3.7222029069032775e-16 6.243625437999257e-17
2156.3267515557795 2.642896055457311e-16 5.751703774691932e-17
2157.873996788525 3.8732471455466444e-16 6.375433690759377e-17
2159.421251182396 2.409424393738668e-16 5.49569733080718e-17
2160.9685147375553 3.1821468758325524e-16 6.103788239341453e-17
2162.5157874541655 3.716579931622489e-16 6.210108079578608e-17
2164.06306933239 3.200515314689354e-16 5.976120521855528e-17
2165.61036037239 4.42750686035164e-16 6.658824445131064e-17
2167.1576605743303 4.1373581065498437e-16 6.340884010934262e-17
2168.704969938372 4.24824080739474e-16 6.534174944264223e-17
2170.2522884646787 2.814957563802221e-16 5.668410657474782e-17
2171.7996161534124 3.6618015168301654e-16 6.069341791656784e-17
2173.3469530047373 3.666697631963091e-16 6.185706913252784e-17
2174.8942990188148 3.1146796427925633e-16 5.773629354880507e-17
2176.441654195808 3.8777721543695545e-16 6.244269977132558e-17
2177.9890185358804 3.35132767806341e-16 5.909341900131877e-17
2179.5363920391933 3.10136931411985e-16 5.780598847849634e-17
2181.0837747059113 3.187540093426398e-16 5.739895606011615e-17
2182.6311665361964 3.0101885996280887e-16 5.736342038100087e-17
2184.1785675302103 3.951408698941311e-16 6.12495943081138e-17
2185.7259776881174 3.483873511232131e-16 5.922457675924518e-17
2187.27339701008 2.6889097968279207e-16 5.442142018355802e-17
2188.820825496261 3.8717174569834624e-16 5.98410579261687e-17
2190.3682631468223 3.565598691054574e-16 6.046741893832856e-17
2191.9157099619283 2.7469387005553327e-16 5.4290335217525515e-17
2193.4631659417405 3.292703998388348e-16 5.788684703773462e-17
2195.0106310864226 2.988214976789536e-16 5.5360091507793393e-17
2196.558105396137 3.9810048242117644e-16 6.103404427537228e-17
2198.1055888710466 2.712283141611811e-16 5.430664721920506e-17
2199.653081511314 4.570135032570647e-16 6.374456955892074e-17
2201.200583317103 4.692955339318113e-16 6.398379019207108e-17
2202.7480942885754 3.553144659751976e-16 5.770478789363415e-17
2204.2956144258947 3.1748602749037973e-16 5.641416114492482e-17
2205.843143729223 4.815111254597576e-16 6.447573766341352e-17
2207.3906821987243 3.008962254739142e-16 5.5255152066562466e-17
2208.9382298345604 3.790718078517698e-16 5.939538624701493e-17
2210.485786636895 3.131913851593432e-16 5.5130668001818136e-17
2212.0333526058907 3.305247762243796e-16 5.593867125904973e-17
2213.58092774171 2.621463739611613e-16 5.278932666054189e-17
2215.128512044517 3.0775729822579245e-16 5.4326039641485754e-17
2216.676105514473 3.314965083033375e-16 5.556046443065579e-17
2218.2237081517414 2.589144932811329e-16 5.160616390829299e-17
2219.7713199564855 3.7873611810686106e-16 5.820209549534593e-17
2221.3189409288684 3.060406006697244e-16 5.3831111011215675e-17
2222.866571069053 3.704128811995647e-16 5.763133425523944e-17
2224.414210377201 2.953337336395156e-16 5.365285689793295e-17
2225.961858853477 5.086738838914269e-16 6.456799146277033e-17
2227.509516498043 4.492552637953666e-16 6.081624431136462e-17
2229.057183311062 3.32038159403327e-16 5.5382554424507883e-17
2230.6048592926977 4.828946478999791e-16 6.244971426292003e-17
2232.1525444431118 4.0709160480738283e-16 5.807712504840142e-17
2233.700238762468 3.977112972516927e-16 5.848123255613563e-17
2235.247942250929 3.935352395332718e-16 5.783298765369007e-17
2236.7956549086584 3.800755418942661e-16 5.725906989236608e-17
2238.3433767358188 3.386142055684542e-16 5.517314538063396e-17
2239.891107732573 3.129195405228338e-16 5.3601475747003604e-17
2241.438847899084 3.533914894266935e-16 5.5029401242506944e-17
2242.986597235514 4.468554076975583e-16 6.029661606800371e-17
2244.534355742028 3.757559120912856e-16 5.655144003938412e-17
2246.082123418787 3.6714005177049247e-16 5.587954438886444e-17
2247.629900265955 3.7056386482241276e-16 5.703440102055178e-17
2249.1776862836946 3.6000906667601573e-16 5.511391263133026e-17
2250.7254814721696 4.454793497351845e-16 5.977631284526295e-17
2252.2732858315417 3.027134023133503e-16 5.258058266988046e-17
2253.8210993619755 3.939002842637588e-16 5.67399776620421e-17
2255.368922063633 3.7115334681414255e-16 5.610224787954332e-17
2256.916753936677 4.640990926795246e-16 6.104017202935007e-17
2258.464594981271 3.834058901544128e-16 5.5231454996374047e-17
2260.012445197578 4.0104400132222394e-16 5.689245682743768e-17
2261.5603045857615 4.3465553921869546e-16 5.906372652605057e-17
2263.1081731459835 3.0229586800991314e-16 5.144402658206525e-17
2264.6560508784078 3.585363146087569e-16 5.567998210300235e-17
2266.2039377831975 3.2593928395507963e-16 5.26420322632258e-17
2267.7518338605155 4.1730319579146426e-16 5.716052952035386e-17
2269.2997391105246 4.2114523136109136e-16 5.78396977428191e-17
2270.847653533388 2.900138373351666e-16 5.004401677787435e-17
2272.395577129269 2.35782817585006e-16 4.8399694216682236e-17
2273.9435098983304 3.159847674704899e-16 5.1600138724711156e-17
2275.4914518407354 3.118047657549083e-16 5.2507191897212304e-17
2277.0394029566473 4.3586600223988105e-16 5.769405439800567e-17
2278.587363246229 3.997942042085502e-16 5.604431876688501e-17
2280.1353327096435 5.475877421585919e-16 6.353523330694072e-17
2281.683311347054 3.4917135952523576e-16 5.2990801387980206e-17
2283.2312991586236 4.726574606390228e-16 6.013293356839171e-17
2284.7792961445152 4.517166886005284e-16 5.828147836437142e-17
2286.327302304893 3.805823322945202e-16 5.509628706683798e-17
2287.875317639918 4.3045489107502457e-16 5.697951593254766e-17
2289.423342149756 4.1408960572914065e-16 5.59568229104116e-17
2290.971375834568 4.417691866075331e-16 5.798800791792741e-17
2292.519418694518 3.4065259035602165e-16 5.181591044185684e-17
2294.0674707297694 3.19040491767269e-16 5.094095849456765e-17
2295.6155319404843 4.210210616249798e-16 5.646286553939194e-17
2297.1636023268265 4.1182453374906424e-16 5.5334879042722777e-17
2298.71168188896 3.4785430270159413e-16 5.294935633056885e-17
2300.2597706270467 3.719619985809744e-16 5.305165541128451e-17
2301.80786854125 4.528384778600483e-16 5.723232879752347e-17
2303.3559756317336 4.1511782431776856e-16 5.555100148444818e-17
2304.9040918986607 3.994147069784007e-16 5.4295506750715196e-17
2306.4522173421938 4.365620515642873e-16 5.63656089516904e-17
2308.000351962496 4.701475961371899e-16 5.862702810218178e-17
2309.5484957597314 4.625061942826537e-16 5.654507405738991e-17
2311.096648734063 3.2948184043829314e-16 5.1357877375629075e-17
2312.6448108856534 4.353273422249865e-16 5.606057782900535e-17
2314.1929822146662 5.295357230471491e-16 6.046566531542994e-17
2315.741162721264 5.534350223517252e-16 6.132097668625467e-17
2317.2893524056117 5.082642375823111e-16 5.888669664007442e-17
2318.837551267871 4.2610400046233445e-16 5.64389302411871e-17
2320.3857593082053 4.1883944885998754e-16 5.408016185876559e-17
2321.9339765267778 4.2123385218319784e-16 5.5494733350459875e-17
2323.4822029237525 4.378397742954408e-16 5.551349380675258e-17
2325.0304384992914 4.3938785935544603e-16 5.609148129669033e-17
2326.5786832535596 4.1026302851080094e-16 5.426806420671314e-17
2328.1269371867184 3.757446624349549e-16 5.229095365020114e-17
2329.675200298932 5.952567976663734e-16 6.300343558240793e-17
2331.2234725903636 3.9811760836857874e-16 5.39718574468028e-17
2332.771754061176 4.2482529834933567e-16 5.4195497305935085e-17
2334.3200447115337 4.606535214687717e-16 5.664048437796422e-17
2335.8683445415986 4.847238155495748e-16 5.732099594174425e-17
2337.416653551535 4.2051509178789336e-16 5.420496356086514e-17
2338.9649717415055 4.4216483040323965e-16 5.646960871574547e-17
2340.5132991116734 4.29232596062357e-16 5.4135616047031146e-17
2342.061635662202 3.6895889620604347e-16 5.186620964054496e-17
2343.609981393255 3.77680397417227e-16 5.2099788901917686e-17
2345.1583363049963 2.4483055882978044e-16 4.469045753131685e-17
2346.706700397587 5.125083491040879e-16 5.883577540156566e-17
2348.255073671193 4.505272425843465e-16 5.5602716816345e-17
2349.8034561259756 5.585975293465625e-16 6.065135743678075e-17
2351.3518477620996 4.806779626770146e-16 5.67993030555744e-17
2352.9002485797273 4.911668246024238e-16 5.7103368031304e-17
2354.4486585790223 5.362141013802164e-16 5.883498130817761e-17
2355.997077760149 4.4167783939812763e-16 5.5128335352490736e-17
2357.5455061232688 4.73902175555013e-16 5.584964677280433e-17
2359.093943668546 4.4198361829208643e-16 5.548169698400604e-17
2360.642390396145 4.330746581017637e-16 5.465469835118777e-17
2362.190846306227 4.2799910433291794e-16 5.464841839597727e-17
2363.7393113989574 5.051503856495266e-16 5.767032424059274e-17
2365.287785674498 5.111564315807109e-16 5.685318229195366e-17
2366.8362691330135 5.16088016218303e-16 5.836315086933246e-17
2368.3847617746665 5.886578286721112e-16 6.109445492986825e-17
2369.93326359962 5.740742506609971e-16 5.972850842330229e-17
2371.4817746080384 6.200997975533092e-16 6.35628942266245e-17
2373.0302948000844 6.654319420991753e-16 6.311156463208086e-17
2374.578824175922 5.091771802807736e-16 5.839416021613585e-17
2376.1273627357136 5.754339502995771e-16 5.962143154736852e-17
2377.6759104796233 5.304476069544276e-16 5.838975961527706e-17
2379.2244674078142 3.5951201715465507e-16 5.006437203838805e-17
2380.7730335204506 4.203553731377767e-16 5.374477651632229e-17
2382.321608817695 4.748682166313566e-16 5.564565079885895e-17
2383.870193299711 3.952517518008826e-16 5.1935954201072984e-17
2385.418786966662 4.110046852654609e-16 5.3046480569372376e-17
2386.967389818711 4.0942589526111767e-16 5.2083556309576946e-17
2388.5160018560227 4.529194224460703e-16 5.4529608790235054e-17
2390.06462307876 3.7330261350846153e-16 5.1185218312009656e-17
2391.613253487086 4.817786819919716e-16 5.59489944730944e-17
2393.161893081164 3.688372675687737e-16 5.0758700827120164e-17
2394.710541861158 4.568449437005611e-16 5.428169614320801e-17
2396.259199827231 4.184034121806088e-16 5.3076566782612154e-17
2397.8078669795473 5.04419078578691e-16 5.713329211714372e-17
2399.3565433182694 3.6479493517690054e-16 4.9498497781340527e-17
2400.905228843561 4.891721149511991e-16 5.614448041289783e-17
2402.453923555586 5.533258609806478e-16 5.828166365282863e-17
2404.002627454507 5.365563556304664e-16 5.849469905650799e-17
2405.5513405404886 4.619923099814663e-16 5.456419817472957e-17
2407.100062813694 5.423434435447854e-16 5.860381410547109e-17
2408.6487942742865 4.968439041127181e-16 5.578460390687806e-17
2410.197534922429 5.011401081607512e-16 5.580733483011101e-17
2411.7462847582865 5.270762040661186e-16 5.761716630570764e-17
2413.295043782021 5.016937500709002e-16 5.603130225276587e-17
2414.8438119937973 4.1230670725428875e-16 5.149005422007015e-17
2416.3925893937785 4.4388393670925146e-16 5.365413737352118e-17
2417.941375982127 4.636920933483689e-16 5.440490965853146e-17
2419.490171759008 4.029746541068125e-16 5.15127189688541e-17
2421.038976724584 4.79412071937343e-16 5.492076595829913e-17
2422.5877908790185 4.203407618194366e-16 5.217483403581095e-17
2424.1366142224756 4.7058312989075625e-16 5.525774941368588e-17
2425.685446755119 4.892387658562362e-16 5.441438583962887e-17
2427.2342884771115 3.5147372742477096e-16 4.9087302990117966e-17
2428.7831393886177 3.0090607223192604e-16 4.6307264756613e-17
2430.3319994897997 3.7052291607336894e-16 4.978697867432962e-17
2431.880868780823 3.6985047779236743e-16 4.9562111279168305e-17
2433.4297472618496 3.80825510159721e-16 4.991272005360503e-17
2434.9786349330434 4.692125776425396e-16 5.473496795782992e-17
2436.527531794568 3.4870128270928923e-16 4.882718115724964e-17
2438.076437846588 3.135670178016709e-16 4.725355937737366e-17
2439.6253530892654 3.9060252030230177e-16 5.034699980136272e-17
2441.1742775227654 4.217994054941677e-16 5.204631663839981e-17
2442.7232111472504 3.5517065566262156e-16 4.855870810891698e-17
2444.2721539628847 4.939753740972822e-16 5.485140190085288e-17
2445.8211059698306 4.1394166613094676e-16 5.208927047324846e-17
2447.3700671682536 4.027137944288378e-16 5.090901277931085e-17
2448.9190375583166 3.367442744582719e-16 4.8379573875462496e-17
2450.4680171401824 5.690793503105977e-16 5.852321362658392e-17
2452.017005914016 4.707214080193955e-16 5.348069083395861e-17
2453.5660038799806 4.472629893638653e-16 5.302467608842548e-17
2455.115011038239 4.988418430770542e-16 5.483277048473574e-17
2456.664027388955 3.9853281333141095e-16 5.046182570527488e-17
2458.2130529322944 4.635444978573098e-16 5.446951246437185e-17
2459.762087668418 5.98684581185234e-16 5.883712536032534e-17
2461.311131597491 5.007234208902612e-16 5.544759729043415e-17
2462.860184719677 3.9752508235219475e-16 5.0898196565621107e-17
2464.4092470351393 5.829670378159832e-16 5.80112616193075e-17
2465.9583185440415 4.844004077824012e-16 5.4127172187338205e-17
2467.5073992465477 6.407491902579482e-16 6.127626922850741e-17
2469.0564891428216 5.40915716572629e-16 5.493167812493993e-17
2470.6055882330265 4.761285487173117e-16 5.4515143055682726e-17
2472.154696517326 6.612352644224447e-16 6.394120693413685e-17
2473.703813995885 5.224656978550951e-16 5.675421178602292e-17
2475.252940668865 5.566906993636155e-16 5.681304748863259e-17
2476.802076536432 4.935305229812961e-16 5.505542103585541e-17
2478.3512215987485 5.462607062280405e-16 5.631589870559842e-17
2479.9003758559784 6.332460665320512e-16 6.004138783563924e-17
2481.4495393082857 4.752219058263944e-16 5.336963687363969e-17
2482.9987119558336 4.782935649304937e-16 5.3360336054832146e-17
2484.5478937987864 5.699745582567271e-16 5.765644084119165e-17
2486.0970848373076 5.30763444364635e-16 5.605268983468404e-17
2487.646285071561 6.603686438382851e-16 6.044745410706398e-17
2489.19549450171 5.726368357495066e-16 5.746826056055829e-17
2490.7447131279196 6.811176687933449e-16 6.21371194007138e-17
2492.293940950352 5.20468023588555e-16 5.50396185774332e-17
2493.8431779691714 5.00249135379358e-16 5.472879388173782e-17
2495.392424184542 6.425084247498362e-16 5.973372958732872e-17
2496.9416795966276 5.204691882588575e-16 5.561291429893655e-17
2498.4909442055914 6.128374958822285e-16 5.868058308376091e-17
2500.040218011598 6.4926944173482e-16 6.000362869503742e-17
2501.5895010148106 6.259356428016546e-16 5.9869148979771e-17
2503.1387932153925 5.818164494362566e-16 5.703577744909107e-17
2504.6880946135093 5.485067729063629e-16 5.645930535403551e-17
2506.237405209323 5.498645137812523e-16 5.653886027662841e-17
2507.786725002998 5.243886744035991e-16 5.4099279657082917e-17
2509.336053994698 4.894589414829631e-16 5.410037815293639e-17
2510.8853921845875 5.082994953287405e-16 5.443176324993738e-17
2512.43473957283 6.214175161214409e-16 5.897943351290897e-17
2513.9840961595887 6.785772052262924e-16 6.093521935322935e-17
2515.533461945028 5.547775695731233e-16 5.607349508145098e-17
2517.082836929312 5.856455148138789e-16 5.853470812837596e-17
2518.632221112604 6.108431568079182e-16 5.842863048662216e-17
2520.1816144950676 5.05493275174487e-16 5.4318085472715444e-17
2521.731017076868 5.710646367202842e-16 5.718708532673927e-17
2523.280428858167 6.569538834509886e-16 5.982715467443291e-17
2524.8298498391305 6.336686830331719e-16 5.948978409851948e-17
2526.379280019921 6.255607777829353e-16 5.901878084028689e-17
2527.9287194007034 5.758093976534475e-16 5.638453484410562e-17
2529.4781679816406 6.234421895631747e-16 5.987211359508639e-17
2531.0276257628975 6.365768647784511e-16 5.793601465334478e-17
2532.5770927446365 5.571312094357469e-16 5.641758898138324e-17
2534.1265689270235 5.919554338148906e-16 5.711771465184812e-17
2535.676054310221 5.717785796157011e-16 5.654151387203348e-17
2537.225548894393 5.597019014911045e-16 5.660025031296965e-17
2538.775052679704 5.718847234319039e-16 5.557289860962369e-17
2540.324565666317 5.750001635514645e-16 5.744996332540862e-17
2541.8740878543967 5.66632536823776e-16 5.651832634510239e-17
2543.4236192441067 5.108703462027757e-16 5.3095294151680355e-17
2544.9731598356116 7.079785129188772e-16 6.257277226828832e-17
2546.522709629074 5.038504018337281e-16 5.3184838107350445e-17
2548.0722686246595 5.958291801804805e-16 5.721761160006492e-17
2549.621836822531 6.050194876581897e-16 5.843945000903435e-17
2551.171414222852 6.035563441209263e-16 5.692160667222405e-17
2552.7210008257875 6.822129882732631e-16 6.08378436515196e-17
2554.270596631501 7.066607943507456e-16 6.1319825250842e-17
2555.820201640157 6.197109035514011e-16 5.757796456211752e-17
2557.369815851918 5.725875490198882e-16 5.711025017400044e-17
2558.919439266949 5.213596845842178e-16 5.392248138167828e-17
2560.469071885415 6.001672064802842e-16 5.783513170583781e-17
2562.018713707477 5.198721888497208e-16 5.414052949986971e-17
2563.568364733303 5.796646151733163e-16 5.651734696325713e-17
2565.1180249630534 6.127809034934401e-16 5.752908811408299e-17
2566.667694396894 5.974520423678606e-16 5.713906252909689e-17
2568.2173730349887 5.614946996635275e-16 5.587691726323898e-17
2569.7670608775015 5.982979106448124e-16 5.751753405528685e-17
2571.316757924596 6.301296205608658e-16 5.853323243816316e-17
2572.866464176436 4.498021294419377e-16 5.190238059437068e-17
2574.4161796331864 6.300555581175403e-16 5.763793184780517e-17
2575.9659042950107 5.389964987328284e-16 5.489561966767752e-17
2577.515638162073 4.560575736365291e-16 5.073263140293494e-17
2579.0653812345367 5.824186369221952e-16 5.720210692666323e-17
2580.615133512568 4.4077651693291025e-16 5.059922371374239e-17
2582.164894996328 5.444850604727994e-16 5.536764862986968e-17
2583.7146656859823 6.211723000832108e-16 5.788684703773462e-17
2585.264445581696 5.092288492905561e-16 5.348609728644226e-17
2586.8142346836307 4.273871230285267e-16 4.966331186403049e-17
2588.3640329919526 3.912553974161776e-16 4.86042824519462e-17
2589.9138405068243 4.238677276024647e-16 5.009198001851262e-17
2591.4636572284107 4.600259229944155e-16 5.1489045059722834e-17
2593.0134831568757 5.654918481416205e-16 5.5498769991849133e-17
2594.5633182923834 5.775033047292785e-16 5.636478838852275e-17
2596.113162635098 5.189404526077411e-16 5.387920329202951e-17
2597.6630161851836 6.510561518579345e-16 5.841278170608564e-17
2599.2128789428034 6.664215942189236e-16 6.01452221635718e-17
2600.762750908123 5.746740558667716e-16 5.603089858862695e-17
2602.3126320813053 5.231027725105487e-16 5.4050730772570955e-17
2603.8625224625152 5.677777253684639e-16 5.645393198877637e-17
2605.4124220519166 6.657297800592536e-16 5.985601335164366e-17
2606.9623308496734 5.626024599398585e-16 5.573636273355396e-17
2608.51224885595 5.934593408127406e-16 5.637010219677779e-17
2610.06217607091 5.406378368263704e-16 5.495633472463891e-17
2611.6121124947176 5.896879266150908e-16 5.716078098326008e-17
2613.1620581275383 6.139414974498561e-16 5.723659704948424e-17
2614.712012969535 5.293832041770841e-16 5.472625278289606e-17
2616.2619770208717 5.644140516557986e-16 5.59505628075358e-17
2617.811950281713 4.861604363676773e-16 5.265938320375471e-17
2619.3619327522233 6.332754479874091e-16 5.85977194387178e-17
2620.9119244325657 7.135352078715431e-16 6.142798738773943e-17
2622.461925322906 6.747578807275636e-16 6.01795468502703e-17
2624.0119354234075 6.637318410949175e-16 5.929391434691183e-17
2625.5619547342344 5.817049057850151e-16 5.623957971356182e-17
2627.1119832555505 6.234581243704949e-16 5.824700147644021e-17
2628.6620209875205 6.504192360211585e-16 5.891862581171897e-17
2630.2120679303084 5.581974121581033e-16 5.52205990780149e-17
2631.762124084079 5.743983995819995e-16 5.729714005287822e-17
2633.3121894489955 5.260013721956121e-16 5.391466948797333e-17
2634.8622640252224 5.594354037500747e-16 5.692519994480498e-17
2636.4123478129245 6.409196026990239e-16 5.827870565495815e-17
2637.962440812266 6.050434163389496e-16 5.732398040939434e-17
2639.5125430234107 6.289678619341473e-16 5.809808249640107e-17
2641.0626544465226 5.6787899874521995e-16 5.595258112823043e-17
2642.612775081766 5.665678976219887e-16 5.583887357250644e-17
2644.162904929306 3.960348337606192e-16 4.823333826933047e-17
2645.713043989306 3.5614884636780227e-16 4.755381601356306e-17
2647.2631922619303 4.895296687340588e-16 5.273516618275437e-17
2648.813349747343 4.93362863397299e-16 5.3217759895730056e-17
2650.363516445709 5.327947881908284e-16 5.436231316570743e-17
2651.9136923571928 4.906171002196558e-16 5.2397861781289945e-17
2653.4638774819578 5.672802523306296e-16 5.615084639489204e-17
2655.0140718201687 6.298219887823349e-16 5.832185139570891e-17
2656.5642753719894 5.994571281726891e-16 5.834640873373439e-17
2658.1144881375844 4.2923982231218827e-16 5.017412567078404e-17
2659.664710117119 3.899599664024706e-16 4.8643159940736194e-17
2661.2149413107554 4.862750505133526e-16 5.306807329208246e-17
2662.7651817186597 5.380882147155758e-16 5.454574542962474e-17
2664.3154313409955 6.110229924905322e-16 5.773882141275704e-17
2665.8656901779273 5.183413885557955e-16 5.423048373712363e-17
2667.4159582296193 5.518607586796939e-16 5.523754304568244e-17
2668.9662354962356 5.988864397244765e-16 5.910832810467943e-17
2670.516521977941 6.221074773965387e-16 5.767091981063378e-17
2672.066817674899 5.930449828828557e-16 5.800286408172886e-17
2673.617122587275 5.305003347553941e-16 5.441585822111921e-17
2675.1674367152327 6.832926905832163e-16 6.07378805288538e-17
2676.717760058937 4.895786907658812e-16 5.3114977741536667e-17
2678.2680926185517 6.615052032348228e-16 6.056408657343395e-17
2679.818434394241 6.18505258030103e-16 5.784351600852665e-17
2681.3687853861697 4.905483317322505e-16 5.277638293831666e-17
2682.9191455945015 6.61399853512008e-16 6.054854219536286e-17
2684.469515019402 5.783045449578219e-16 5.658299863411424e-17
2686.019893661035 6.149353317947814e-16 5.834176328741429e-17
2687.5702815195646 8.013160909317032e-16 6.636282119077769e-17
2689.120678595155 6.991245304607872e-16 6.113169129232294e-17
2690.6710848879707 7.545949711710177e-16 6.427845839604207e-17
2692.221500398177 7.223291039299372e-16 6.213955462043715e-17
2693.7719251259373 7.875447116378876e-16 6.421384566403433e-17
2695.3223590714165 8.019158431979184e-16 6.599626768285339e-17
2696.872802234778 7.140659798921163e-16 6.194711932273281e-17
2698.423254616188 6.452758931467528e-16 5.980836774836061e-17
2699.9737162158094 8.261329386763925e-16 6.605825328923567e-17
2701.5241870338073 8.417695903991805e-16 6.679116178173725e-17
2703.0746670703465 6.951052532469472e-16 6.158625019997798e-17
2704.6251563255905 8.046094609097463e-16 6.634778635596393e-17
2706.1756547997043 7.997615207756955e-16 6.518468438793066e-17
2707.726162492852 7.663595705941102e-16 6.391913113794903e-17
2709.276679405198 8.511742501521042e-16 6.801232521132683e-17
2710.8272055369075 6.859408332136885e-16 6.098702071190987e-17
2712.377740888144 7.353451415930388e-16 6.329422596366727e-17
2713.928285459073 7.765134839284396e-16 6.451989587323405e-17
2715.4788392498585 6.20115097085919e-16 5.864985166964334e-17
2717.0294022606645 7.871467120317964e-16 6.53489492226939e-17
2718.5799744916553 7.426011434565744e-16 6.314539962785673e-17
2720.1305559429966 7.048330031296892e-16 6.251903861569688e-17
2721.681146614852 7.712714617156787e-16 6.397829771280373e-17
2723.2317465073866 7.287369611154752e-16 6.28126480284838e-17
2724.782355620764 6.415334368879873e-16 6.002636623571528e-17
2726.3329739551496 7.732086260660493e-16 6.433653970993309e-17
2727.883601510707 7.311085474886688e-16 6.334087233277036e-17
2729.4342382876016 5.79313149439765e-16 5.705861425144243e-17
2730.9848842859974 8.141296347808518e-16 6.600319614766414e-17
2732.5355395060587 8.342830367553142e-16 6.758465959974712e-17
2734.0862039479507 7.044526323968128e-16 6.240648249538556e-17
2735.6368776118384 8.295030710152806e-16 6.768394774303308e-17
2737.187560497884 8.333115429043727e-16 6.638193237165012e-17
2738.7382526062547 7.581515566374201e-16 6.472568517474744e-17
2740.2889539371135 7.350811849508507e-16 6.406399362426422e-17
2741.8396644906256 8.506117673355682e-16 6.62708519415516e-17
2743.390384266955 7.540587463758465e-16 6.520914246428263e-17
2744.941113266267 7.61279331674275e-16 6.471438257885751e-17
2746.4918514887254 6.469792764036812e-16 6.04728055384775e-17
2748.0425989344953 6.003067022187852e-16 5.930223909259656e-17
2749.593355603741 7.382418354539709e-16 6.37235724062517e-17
2751.144121496627 7.052654134492625e-16 6.343602457299356e-17
2752.6948966133186 6.659425441476921e-16 6.21465823469214e-17
2754.2456809539794 7.447026851382715e-16 6.370597000281657e-17
2755.796474518774 7.339676542625665e-16 6.491791533165986e-17
2757.347277307869 7.097404473282846e-16 6.263299101688218e-17
2758.8980893214266 6.004676914183227e-16 5.86663224900005e-17
2760.4489105596117 6.840907544382075e-16 6.332678379257736e-17
2761.9997410225897 7.147389475687098e-16 6.318470725056525e-17
2763.550580710525 6.730964256015243e-16 6.144090464018506e-17
2765.101429623583 8.649835341703095e-16 6.949146973035946e-17
2766.652287761927 7.3220704334213925e-16 6.323486086546557e-17
2768.2031551257214 9.166435971673164e-16 7.16525684161604e-17
2769.7540317151324 6.745321993866795e-16 6.19624519425671e-17
2771.3049175303236 8.20450618149737e-16 6.748731698526188e-17
2772.8558125714603 7.738301894306564e-16 6.624420349093759e-17
2774.4067168387064 7.129559432147395e-16 6.375934631338339e-17
2775.957630332227 7.176291828034191e-16 6.364746517245192e-17
2777.5085530521865 7.292002881376233e-16 6.463339167072122e-17
2779.05948499875 8.324779566051561e-16 6.829958849445425e-17
2780.6104261720816 7.702506281955597e-16 6.633236770934594e-17
2782.1613765723464 7.127908247295841e-16 6.402215152015884e-17
2783.712336199709 7.669980216781032e-16 6.666797142747095e-17
2785.2633050543345 6.57627327583615e-16 6.107212105332932e-17
2786.814283136386 7.152322913209263e-16 6.422146234311471e-17
2788.3652704460305 7.664205569663126e-16 6.720645938879807e-17
2789.916266983431 6.907310162886484e-16 6.323785195056056e-17
2791.467272748753 6.600332187911724e-16 6.288776926299342e-17
2793.0182877421607 5.754499909860157e-16 5.976417645131557e-17
2794.5693119638195 5.791468662843071e-16 5.932984045527623e-17
2796.120345413893 5.468998984658623e-16 5.81657591053977e-17
2797.671388092547 4.667343180575511e-16 5.4198637283540336e-17
2799.2224399999463 6.519023907118008e-16 6.247544288869288e-17
2800.7735011362543 6.370058869662354e-16 6.216304654983366e-17
2802.324571501637 5.004802165552808e-16 5.661419326937484e-17
2803.875651096259 5.103410564898602e-16 5.740304564106461e-17
2805.426739920285 7.164911410992238e-16 6.422796729145183e-17
2806.9778379738786 7.615504880965148e-16 6.684402193160184e-17
2808.528945257207 7.448520276347843e-16 6.619078747570136e-17
2810.080061770432 7.137936058600148e-16 6.558416630167947e-17
2811.6311875137208 6.956678948821609e-16 6.4703318210984e-17
2813.1823224872373 7.441768894362634e-16 6.604751979360718e-17
2814.733466691146 7.599392726121595e-16 6.708086028458802e-17
2816.284620125612 9.325114888847049e-16 7.288783362083279e-17
2817.8357827908 8.85784281074711e-16 7.180885261237372e-17
2819.3869546868746 8.687761771311998e-16 7.116115034041e-17
2820.938135814001 9.057787055528855e-16 7.184793524195562e-17
2822.489326172343 9.146385643020471e-16 7.351893272354134e-17
2824.040525762068 8.786597810762366e-16 7.037726766984044e-17
2825.5917345833377 8.874419245524876e-16 7.360647490212906e-17
2827.1429526363186 9.419036019620974e-16 7.365983136036118e-17
2828.6941799211745 8.472653519192032e-16 7.000435479736684e-17
2830.2454164380715 1.0783097877879299e-15 7.90808753100132e-17
2831.7966621871738 1.0247040371715206e-15 7.600807800539101e-17
2833.3479171686467 9.92943583902155e-16 7.656177947254421e-17
2834.8991813826538 1.1326338223436108e-15 8.055824635381251e-17
2836.450454829361 9.600176132973674e-16 7.431517016373999e-17
2838.0017375089333 1.0481906726121063e-15 7.85895167912669e-17
2839.553029421535 9.420933373422823e-16 7.402852892043321e-17
2841.1043305673315 9.790645255449196e-16 7.58580539120535e-17
2842.6556409464865 8.217881361130108e-16 7.068210026917848e-17
2844.2069605591664 8.141336052477921e-16 7.046101143505531e-17
2845.758289405535 7.959012739977025e-16 7.00848163099111e-17
2847.309627485757 6.965461621693452e-16 6.577878535620095e-17
2848.8609747999994 6.07379797905273e-16 6.20919090171541e-17
2850.4123313484242 5.538075580298395e-16 6.020158955923361e-17
2851.9636971311984 5.81456566312792e-16 6.194299003711495e-17
2853.5150721484856 5.717038289581059e-16 6.015901953618919e-17
2855.066456400451 6.673591008728565e-16 6.58233339952706e-17
2856.6178498872596 7.425351278262477e-16 6.894784663178961e-17
2858.1692526090774 6.84143217541378e-16 6.691343892860729e-17
2859.720664566068 7.021032276989254e-16 6.735304902823227e-17
2861.2720857583968 8.900017639982085e-16 7.371118273278847e-17
2862.8235161862285 1.0385092977832264e-15 7.913935367059825e-17
2864.3749558497284 1.0706283636266359e-15 7.9828057631165e-17
2865.926404749061 8.275415015281172e-16 7.20129809352171e-17
2867.477862884391 1.0107840035954619e-15 7.949676186967016e-17
2869.0293302558844 1.1316613226410445e-15 8.243696543082255e-17
2870.580806863705 1.2233244753358263e-15 8.736052310775048e-17
2872.132292708019 1.1345788217487435e-15 8.254750323043923e-17
2873.683787788991 1.105915226813658e-15 8.28370362971675e-17
2875.235292106785 9.700981524026408e-16 7.76129275077521e-17
2876.7868056615666 1.1045145519562546e-15 8.319646281693404e-17
2878.3383284535016 8.600527436261054e-16 7.584527562595078e-17
2879.8898604827536 8.546524321313264e-16 7.42701318337477e-17
2881.441401749488 7.681027114600004e-16 7.072838929625695e-17
2882.9929522538705 8.05394131056259e-16 7.25838282021073e-17
2884.5445119960655 7.843032224278638e-16 7.118453639068809e-17
2886.0960809762378 8.438052223296694e-16 7.515414306310557e-17
2887.647659194553 7.654133289129088e-16 7.106333788733682e-17
2889.1992466511756 8.499683928725693e-16 7.569830217471236e-17
2890.750843346271 6.511987710304285e-16 6.594835738177432e-17
2892.302449280004 6.224182326090627e-16 6.5888767290446e-17
2893.8540644525406 8.723846963051808e-16 7.672865158059821e-17
2895.4056888640434 7.563677052505025e-16 7.086541011036514e-17
2896.9573225146796 7.950651995392033e-16 7.383251358503775e-17
2898.5089654046146 8.576306529134317e-16 7.615638156305442e-17
2900.0606175340113 6.789334355201721e-16 6.872607620084169e-17
2901.612278903036 8.750605792646755e-16 7.722754736908609e-17
2903.1639495118548 7.029696365248481e-16 7.058336799126415e-17
2904.7156293606304 7.676315493830902e-16 7.236899947085993e-17
2906.2673184495293 8.045368807740785e-16 7.41827683261723e-17
2907.819016778717 8.801974635128584e-16 7.804372978821461e-17
2909.370724348358 7.543049153261423e-16 7.259449552328678e-17
2910.922441158617 6.558012833680123e-16 6.915926076146836e-17
2912.4741672096593 8.385458888810491e-16 7.613987765547276e-17
2914.0259025016503 7.855128913556613e-16 7.415983226214743e-17
2915.577647034755 7.37588561293401e-16 7.294194446778355e-17
2917.1294008091386 6.973323146235156e-16 7.118317981448351e-17
2918.6811638249665 6.412335872246593e-16 6.919699343229058e-17
2920.232936082403 7.477415217156647e-16 7.390896492597235e-17
2921.7847175816128 5.92810037119111e-16 6.66203787637471e-17
2923.3365083227623 8.632640043478241e-16 7.858913959690758e-17
2924.888308306017 7.228635287800955e-16 7.292216492497619e-17
2926.4401175315397 7.934006739187302e-16 7.53869381572576e-17
2927.9919359994983 9.839471410902486e-16 8.400824463520378e-17
2929.543763710056 6.072323612328916e-16 6.746782861003013e-17
2931.0956006633787 8.29110153606873e-16 7.896310464312035e-17
2932.647446859632 7.347316779809899e-16 7.43793990839435e-17
2934.1993022989795 7.920962431799585e-16 7.739081296966936e-17
2935.751166981588 7.710744736158829e-16 7.596370803733367e-17
2937.3030409076223 8.827983840565211e-16 8.032201680575717e-17
2938.854924077247 8.98382413857461e-16 8.136226590921405e-17
2940.406816490628 7.711345600155788e-16 7.585905314623346e-17
2941.958718147929 7.602579158190047e-16 7.694172668894697e-17
2943.5106290493172 7.935220113884243e-16 7.808432119523381e-17
2945.062549194957 8.735752540521059e-16 8.109216827815834e-17
2946.6144785850133 8.795418600116836e-16 8.226216562377784e-17
2948.166417219651 7.8088761500762e-16 7.722846057648235e-17
2949.718365099036 9.234405071734402e-16 8.386167484810428e-17
2951.2703222233336 8.02348571154847e-16 8.019052817558574e-17
2952.822288592708 8.185983159127695e-16 7.867805820403458e-17
2954.374264207326 8.30149992428746e-16 8.160386882252854e-17
2955.9262490673514 8.97391279430055e-16 8.304886732587497e-17
2957.478243172951 9.349426852015615e-16 8.572214962952385e-17
2959.0302465242876 7.587085866793582e-16 7.894083694103042e-17
2960.5822591215283 1.0538900396768252e-15 8.824728057674203e-17
2962.134280964838 8.66217925872255e-16 8.410556077990942e-17
2963.6863120543817 7.090326454217352e-16 7.706103922050162e-17
2965.2383523903254 9.090038893786747e-16 8.45811565449029e-17
2966.7904019728335 8.064793390803694e-16 8.3052321632113e-17
2968.3424608020714 9.15518313896889e-16 8.499569314580018e-17
2969.8945288782043 1.0130588164544317e-15 9.056009080433009e-17
2971.446606201398 9.501616438022348e-16 8.812870919901623e-17
2972.998692771818 8.775176100864234e-16 8.645413167973937e-17
2974.5507885896277 8.608708715740346e-16 8.492939296534283e-17
2976.102893654995 8.373591427823866e-16 8.56964276211959e-17
2977.6550079680833 7.880182559949619e-16 8.241544550000637e-17
2979.207131529059 8.593376889999452e-16 8.611677433871575e-17
2980.7592643380867 8.769656093026096e-16 8.79006588128578e-17
2982.311406395332 7.747751076228777e-16 8.26873563109648e-17
2983.86355770096 7.779826625754522e-16 8.414760802480671e-17
2985.4157182551367 9.03290546270326e-16 8.987918219385604e-17
2986.9678880580263 8.824545416194951e-16 8.894068954063298e-17
2988.520067109795 8.045360337411312e-16 8.586685329716143e-17
2990.072255410608 9.71761936869285e-16 9.344206085035875e-17
2991.62445296063 8.258784582153018e-16 8.783132122519116e-17
2993.1766597600276 7.476153138065238e-16 8.479100234014026e-17
2994.7288758089653 8.86933704784135e-16 9.192834679916631e-17
2996.2811011076083 8.966837951608609e-16 9.013017526148423e-17
2997.8333356561225 8.637689948030652e-16 9.026276900495403e-17
2999.3855794546726 8.447406114012342e-16 9.087512088625969e-17
3000.9378325034245 6.971552317979802e-16 8.405511599743348e-17
3002.4900948025434 7.453025432836052e-16 8.787841758054748e-17
3004.0423663521956 8.590476331550698e-16 9.103691741407506e-17
3005.594647152545 6.897195530705083e-16 8.357281014331096e-17
3007.146937203757 7.008401956954508e-16 8.597049571919187e-17
3008.699236505998 9.323614581739225e-16 9.559286940933953e-17
3010.2515450594337 8.025038428819905e-16 8.952671722612475e-17
3011.8038628642275 8.360147426764164e-16 9.565832917429452e-17
3013.3561899205474 8.90167676576752e-16 9.609923629311999e-17
3014.908526228557 6.969672963628082e-16 8.73812158579541e-17
3016.460871788422 8.716757297283289e-16 9.595161433228132e-17
3018.0132266003084 8.933401326015745e-16 9.697466469644201e-17
3019.565590664381 8.957457061717767e-16 9.714850497397615e-17
3021.1179639808056 8.30679652718576e-16 9.48110116769095e-17
3022.6703465497476 6.772553573725429e-16 8.94262247078669e-17
3024.2227383713725 9.165160128296363e-16 9.965862093871527e-17
3025.775139445846 1.0060152081024201e-15 1.0383955571402779e-16
3027.327549773333 8.044276664634419e-16 9.532976641754356e-17
3028.8799693539986 8.68850663090999e-16 9.892065671830976e-17
3030.4323981880093 8.441066601797735e-16 9.819964639173914e-17
3031.98483627553 7.921770818868621e-16 9.60573213971207e-17
3033.5372836167267 8.040152672972474e-16 9.831636488489282e-17
3035.089740211764 8.80502660071666e-16 9.994189390256773e-17
3036.642206060808 7.806665923479458e-16 9.833930094891769e-17
3038.194681164024 9.143336324410356e-16 1.036165875255529e-16
3039.7471655215772 9.090781106406778e-16 1.0302896503584013e-16
3041.2996591336337 7.588719052195006e-16 9.889435899227547e-17
3042.852162000359 8.703448292099556e-16 1.0327611336798117e-16
3044.404674121918 6.17537787585661e-16 9.112850946894183e-17
3045.9571954984763 8.158073952911258e-16 1.0310508550452971e-16
3047.5097261302003 9.247142329678738e-16 1.0676933679946201e-16
3049.0622660172544 7.602264167812787e-16 1.0069996192058072e-16
3050.614815159805 9.376276737652393e-16 1.0973032575504663e-16
3052.1673735580166 8.95941264903474e-16 1.0700294583933679e-16
3053.719941212056 7.80882162233022e-16 1.0476178268768561e-16
3055.272518122088 8.399059061569842e-16 1.0585397873361083e-16
3056.825104288278 7.662629558985641e-16 1.0467292363756272e-16
3058.3776997107916 8.176821439011956e-16 1.066990065950603e-16
3059.9303043897953 9.252891565808227e-16 1.1146088024073617e-16
3061.4829183254533 9.081790910462858e-16 1.122769964854157e-16
3063.035541517932 8.730037715105052e-16 1.1136715075116656e-16
3064.588173967397 9.3995426151311e-16 1.1344277851863362e-16
3066.140815674014 8.445808927511175e-16 1.1187898364443477e-16
3067.6934666379475 9.08134092420963e-16 1.145641310267901e-16
3069.2461268593643 9.64565121432939e-16 1.1974402866682577e-16
3070.798796338429 8.250128434827671e-16 1.1190525490068946e-16
3072.351475075308 8.006285648763287e-16 1.125253359576388e-16
3073.9041630701668 8.017770886132463e-16 1.1122183166115325e-16
3075.45686032317 9.533200179043092e-16 1.1876199984360282e-16
3077.009566834485 8.686924796880993e-16 1.1730993390910273e-16
3078.562282604277 1.1712061145747956e-15 1.3089586592702888e-16
3080.1150076327094 8.31967778073113e-16 1.160553722351007e-16
3081.66774191995 1.0782179905922712e-15 1.286126092083661e-16
3083.2204854661645 8.359264924312243e-16 1.1630680867153723e-16
3084.7732382715176 7.9875566915083105e-16 1.1731438083207582e-16
3086.326000336175 9.120390201869237e-16 1.2373133038690699e-16
3087.8787716603033 9.210452038777234e-16 1.2434537633410715e-16
3089.431552244067 9.646211314865761e-16 1.2787801988485982e-16
3090.984342087633 7.869156837954328e-16 1.1937189003540552e-16
3092.5371411911656 9.250856569152448e-16 1.283958217134282e-16
3094.0899495548315 7.78825936814003e-16 1.194900511315475e-16
3095.642767178795 8.338662436057059e-16 1.2318515295460557e-16
3097.195594063224 7.904443171745758e-16 1.2290718056411835e-16
3098.7484302082817 8.201725795848008e-16 1.2444110429203669e-16
3100.301275614136 8.647374710991321e-16 1.300897155543694e-16
3101.854130280951 8.988343059348211e-16 1.3072967541579963e-16
3103.406994208893 9.889059896008305e-16 1.3368089702271122e-16
3104.9598673981277 9.33438142929001e-16 1.3472465337196533e-16
3106.5127498488205 8.033556403895731e-16 1.2880103433446079e-16
3108.0656415611384 9.548330305063422e-16 1.3758593066779036e-16
3109.618542535245 7.125669962732722e-16 1.2608321000918716e-16
3111.171452771308 8.562935584666316e-16 1.3268012759553026e-16
3112.7243722694916 8.844925558301481e-16 1.3729882620334055e-16
3114.2773010299625 8.698485208424238e-16 1.356321830004993e-16
3115.830239052886 8.256792995935786e-16 1.3457568145236698e-16
3117.383186338429 1.0442636161103985e-15 1.4802154863153075e-16
3118.9361428867546 9.292576118178275e-16 1.4290806366851574e-16
3120.4891086980306 9.218255329803814e-16 1.4361190834301466e-16
3122.042083772423 7.54272569255469e-16 1.3477847966878538e-16
3123.5950681100962 9.955119995564668e-16 1.485479399035799e-16
3125.1480617112165 6.911304982023972e-16 1.3173806813950587e-16
3126.70106457595 9.683630054101904e-16 1.4770166134504424e-16
3128.254076704463 1.0475314692209056e-15 1.562881931500387e-16
3129.80709809692 9.168702843598254e-16 1.473609026373418e-16
3131.3601287534875 9.826417574394113e-16 1.5541762856871848e-16
3132.9131686743303 6.342099900260266e-16 1.3445692478618397e-16
3134.466217859616 1.0998584118451977e-15 1.6833625744288585e-16
3136.019276309509 6.281761508262606e-16 1.4856133361205835e-16
3137.572344024176 5.820953879736993e-16 1.3946258510199146e-16
3139.1254210037814 1.0565381823072974e-15 1.5401188474852137e-16
3140.6785072484927 7.0126323571304515e-16 1.1552286644396357e-16
3142.2316027584748 5.538702914074955e-16 1.2303358699660626e-16
3143.784707533893 1.237366587535408e-15 1.7700792929396916e-16
3145.3378215749144 1.9626090083478672e-15 2.2836111490116384e-16
3146.890944881705 9.513290074047839e-18 1.7663910931116647e-17
