wavelength flux error
1563.0161435509863 0.0 0.0
1564.5598736564218 0.0 0.0
1566.1036128605722 0.0 0.0
1567.647361163598 0.0 0.0
1569.1911185656606 0.0 0.0
1570.7348850669205 0.0 0.0
1572.278660667539 0.0 0.0
1573.8224453676771 0.0 0.0
1575.3662391674948 0.0 0.0
1576.9100420671539 0.0 0.0
1578.453854066815 0.0 0.0
1579.9976751666388 9.041261120855404e-13 1.1429994320813486e-12
1581.541505366787 -1.1942064091080562e-13 7.814381737178411e-14
1583.0853446674198 -1.52552632798255e-14 4.277387973439413e-14
1584.6291930686982 1.3175956636510278e-14 2.967070694497552e-14
1586.1730505707833 -3.308408412746916e-15 2.188161219059126e-14
1587.7169171738367 1.8255391298562136e-14 1.8222858457123993e-14
1589.260792878018 1.460234148496168e-14 1.519369076082369e-14
1590.804677683489 -1.3172629491093463e-14 1.2394365454760845e-14
1592.3485715904105 1.0721486395361916e-14 1.1310020980740201e-14
1593.8924745989434 5.426096871759311e-15 9.970861891131153e-15
1595.4363867092486 -1.6570395432852734e-14 7.942627099370627e-15
1596.9803079214876 1.4855888939260993e-14 7.977306322297113e-15
1598.524238235821 8.742926380188711e-16 6.7511469335659446e-15
1600.0681776524098 -8.27468010832031e-15 5.633941392840097e-15
1601.6121261714147 -8.041473303216362e-15 5.0057766769586245e-15
1603.156083792997 2.502378636403302e-15 4.915745544994965e-15
1604.7000505173178 1.2542449683830472e-14 4.773615110511588e-15
1606.2440263445378 2.3591855990875944e-15 4.092595115204973e-15
1607.7880112748187 -3.469971900622675e-15 3.3890571725120767e-15
1609.3320053083203 1.4806977656996504e-15 3.3436515478580363e-15
1610.876008445205 1.8668701448691346e-15 3.1057377806661957e-15
1612.4200206856324 6.3263116296399195e-15 3.0496099894493367e-15
1613.9640420297649 1.110389995994884e-15 2.5879204937465138e-15
1615.5080724777624 -5.123637711679035e-16 2.414446028566465e-15
1617.052112029787 -2.977718915084075e-16 2.2264716298788434e-15
1618.5961606859985 -2.1154031641207023e-15 1.99311362939381e-15
1620.140218446559 8.773014049266367e-17 1.9331072743114736e-15
1621.684285311629 -1.8411993290949353e-15 1.7705710749749116e-15
1623.2283612813699 -2.8475765379031882e-15 1.613374147821367e-15
1624.7724463559425 3.036676908075507e-16 1.6154429199159172e-15
1626.3165405355078 -1.4165257025827173e-15 1.4935762663879416e-15
1627.860643820227 1.7915629866275965e-15 1.5127134935234948e-15
1629.4047562102614 -2.6708592070845763e-15 1.2481097181636712e-15
1630.948877705772 9.261155430999876e-16 1.343426441597316e-15
1632.4930083069196 -8.316605698110557e-16 1.2128090906912562e-15
1634.0371480138654 -4.186142439751363e-16 1.1713989204494143e-15
1635.5812968267708 4.159344964278197e-16 1.1541128838200854e-15
1637.1254547457963 -5.345799101271669e-16 1.0769465941384425e-15
1638.6696217711035 1.8154685857397178e-15 1.112084697164103e-15
1640.2137979028535 7.778134677442381e-16 1.0152298677773629e-15
1641.757983141207 1.4443024540220276e-15 1.0277753786382647e-15
1643.3021774863255 6.155485836485935e-16 9.564794507975678e-16
1644.8463809383697 -6.98768670743822e-16 8.860918599136827e-16
1646.3905934975012 1.1116043236038915e-15 9.234948231611828e-16
1647.934815163881 -5.696206573034524e-16 8.303973260493443e-16
1649.4790459376702 9.648803765079951e-17 8.281323070088271e-16
1651.0232858190302 2.9309235211218273e-16 7.992750591661755e-16
1652.5675348081218 5.907855224960548e-16 7.893351804697055e-16
1654.1117929051059 8.746026520775661e-16 7.96655980353706e-16
1655.6560601101442 4.1172045457567037e-16 7.54672368806573e-16
1657.2003364233976 -4.608349453381617e-16 6.980603923812398e-16
1658.7446218450273 4.6335458380611255e-17 6.904152847575593e-16
1660.2889163751943 6.931943469179415e-16 7.176176419795128e-16
1661.8332200140603 -2.117289082977764e-16 6.622837323924679e-16
1663.377532761786 8.86184345323611e-16 6.806423774308168e-16
1664.9218546185327 -2.4256727355982715e-17 6.329942330489207e-16
1666.4661855844615 1.1530147056039702e-15 6.704824819262975e-16
1668.0105256597342 5.66113782083142e-16 6.252263056478883e-16
1669.5548748445108 -6.591334580429516e-16 5.735368082559643e-16
1671.0992331389539 3.6964626344274034e-16 6.058563562100769e-16
1672.6436005432233 -6.76530310404583e-17 5.677206565236426e-16
1674.1879770574815 7.901194800393038e-16 5.993305496866338e-16
1675.732362681889 -7.410545142344472e-16 5.159551908642617e-16
1677.276757416607 9.267163012178278e-16 5.830120893808653e-16
1678.8211612617968 1.1884036362611364e-16 5.400083325278829e-16
1680.3655742176202 1.3436016450684996e-16 5.341869927187593e-16
1681.9099962842374 3.3296534284321525e-17 5.140926183528087e-16
1683.4544274618104 3.937989050078843e-16 5.259863373607984e-16
1684.9988677505005 -1.8513822466902632e-17 5.019812648169339e-16
1686.5433171504683 4.789540388711153e-16 5.076537915251367e-16
1688.0877756618756 1.0915900997305748e-15 5.291293589907038e-16
1689.6322432848838 -5.6706473538511255e-16 4.610399802509565e-16
1691.1767200196534 -4.018314243258152e-16 4.563730404698221e-16
1692.7212058663465 -9.501091145246152e-17 4.581875968010776e-16
1694.265700825124 1.17357166583824e-15 5.022433156349907e-16
1695.8102048961468 2.0189032944784209e-16 4.642619877031934e-16
1697.354718079577 7.032789623692736e-16 4.702618926455101e-16
1698.8992403755753 1.3149075834170926e-15 4.893339511836839e-16
1700.4437717843034 4.225623968911866e-16 4.519607929080152e-16
1701.988312305922 7.237677364512894e-16 4.560018282806879e-16
1703.532861940593 2.8081913587404354e-16 4.3581165978235877e-16
1705.0774206884776 -3.909072404050765e-16 4.0734756757613124e-16
1706.6219885497367 4.696136477430645e-16 4.2185049216879897e-16
1708.1665655245317 9.241873784746816e-16 4.460184862061119e-16
1709.7111516130244 -9.740628754007218e-17 4.0267779552857947e-16
1711.255746815376 3.682012517045041e-16 4.144804584947393e-16
1712.8003511317477 5.211343076457991e-17 3.9404772093614023e-16
1714.3449645623004 -6.968529469149288e-17 3.8874256829902934e-16
1715.889587107196 1.6364591837658357e-16 3.8685402893378707e-16
1717.434218766596 4.509723054585695e-16 4.002914654881477e-16
1718.9788595406612 -6.667077722410873e-17 3.6993330173274114e-16
1720.5235094295533 7.155379113962074e-16 4.039013875604475e-16
1722.0681684334336 9.404089329173283e-17 3.727964848526975e-16
1723.6128365524632 6.546466186422271e-16 3.8381204245262126e-16
1725.157513786804 -1.637288879007451e-16 3.518239755484606e-16
1726.7022001366172 -2.3500304434771963e-16 3.5505352688788405e-16
1728.2468956020634 3.1907114377204774e-16 3.679514034548437e-16
1729.791600183305 3.3152673679164263e-16 3.602550768076339e-16
1731.3363138805037 3.802112259845044e-16 3.653311599720717e-16
1732.8810366938192 1.3391125027969498e-16 3.4223561552510114e-16
1734.4257686234146 6.922773278734203e-16 3.591894034808696e-16
1735.9705096694502 4.209134619708989e-16 3.5188083263504506e-16
1737.5152598320878 6.92005271478674e-17 3.303437494016836e-16
1739.060019111489 -4.4133320286771354e-16 3.1352853074213002e-16
1740.6047875078152 4.367921004188056e-16 3.570185374463956e-16
1742.1495650212278 2.4919526666742264e-16 3.386378960211977e-16
1743.6943516518877 4.814335160659654e-16 3.3771833587783475e-16
1745.2391473999567 2.2985239581414384e-16 3.2351692854460995e-16
1746.7839522655966 5.480960678060629e-16 3.320751906249898e-16
1748.3287662489686 1.4189260351365584e-16 3.1472348247246903e-16
1749.873589350234 5.187001599485169e-16 3.2578496514000174e-16
1751.4184215695539 1.8120041151063293e-16 3.055195959978242e-16
1752.9632629070904 3.4287041377950903e-16 3.154096585690838e-16
1754.5081133630047 1.5880654121623394e-16 3.0746208077389473e-16
1756.0529729374584 3.7279759658344076e-17 2.9593933572702284e-16
1757.5978416306132 6.957215755951931e-16 3.1917289360483667e-16
1759.1427194426296 -1.672816120880481e-17 2.8751771064894696e-16
1760.6876063736702 4.662074106247997e-16 3.046725101110107e-16
1762.2325024238958 -3.967238156538718e-16 2.683265381025655e-16
1763.777407593468 2.462559299915522e-16 2.900032494233259e-16
1765.3223218825483 3.152676746713003e-16 2.9333738286195564e-16
1766.8672452912986 -6.762673331442401e-17 2.743873764775252e-16
1768.4121778198798 -7.47288134095757e-17 2.712439048613665e-16
1769.9571194684538 6.450740213726205e-17 2.7717535895363315e-16
1771.5020702371824 5.130371623609706e-16 2.8333220321920824e-16
1773.0470301262262 2.332104844033131e-16 2.7971153441639013e-16
1774.5919991357473 1.393678894654664e-16 2.6631046733920224e-16
1776.1369772659073 6.259202903294856e-16 2.8601041551930793e-16
1777.6819645168673 6.394441771840253e-16 2.826122781536013e-16
1779.2269608887896 3.629025047540568e-16 2.6995892941060213e-16
1780.7719663818348 -1.2993924809222355e-16 2.5087858583141295e-16
1782.3169809961653 5.295356171680307e-16 2.7566229341204095e-16
1783.8620047319423 4.485944722173898e-16 2.682569755217722e-16
1785.407037589327 6.08677558259585e-16 2.717037908121664e-16
1786.9520795684816 1.6579181017400334e-16 2.5227031390331097e-16
1788.4971306695672 9.679826876168732e-16 2.865071209335338e-16
1790.0421908927456 7.634864348370237e-16 2.7165341882158436e-16
1791.5872602381778 4.851768722972374e-16 2.587018350718129e-16
1793.1323387060268 6.404388585618979e-16 2.642027581988579e-16
1794.6774262964527 5.104791228602626e-16 2.541051460857414e-16
1796.2225230096176 3.836051546552544e-16 2.5120606994464515e-16
1797.7676288456832 3.7250732898032855e-16 2.467562088260243e-16
1799.3127438048111 3.752316516364944e-16 2.448474465491663e-16
1800.857867887163 4.155615637030114e-16 2.4719078966752494e-16
1802.4030010929002 2.837092387598548e-16 2.3772376711385964e-16
1803.9481434221848 5.798080284391983e-16 2.5022639693180674e-16
1805.4932948751773 3.3447054686026574e-16 2.3411403033001704e-16
1807.0384554520406 2.492982572711304e-17 2.212178610638417e-16
1808.5836251529358 5.005480850701796e-16 2.4121057824123197e-16
1810.1288039780247 3.542620010684545e-16 2.3261520552985055e-16
1811.6739919274687 4.757409782043837e-16 2.324521516875041e-16
1813.2191890014292 3.9475007006809166e-16 2.351441812125559e-16
1814.7643952000687 5.060524757383525e-16 2.29099965859186e-16
1816.309610523548 1.113223374143009e-16 2.1699712235745313e-16
1817.854834972029 -5.057800404948857e-18 2.0969032498686192e-16
1819.400068545674 4.078712986353304e-16 2.23759131959172e-16
1820.9453112446438 1.8128156785489173e-16 2.1363432214751475e-16
1822.4905630691003 4.1017083426844823e-16 2.209587880959901e-16
1824.0358240192054 2.5304691076704516e-16 2.1244462466842669e-16
1825.5810940951205 8.024687571891285e-17 2.0663456098541342e-16
1827.1263732970076 2.4205271427925996e-16 2.1311967022271896e-16
1828.671661625028 1.089732238839891e-16 2.044252343611782e-16
1830.2169590793437 -3.8907677573628036e-17 1.9710268747172397e-16
1831.7622656601163 4.1350353833897948e-16 2.1462486100487965e-16
1833.3075813675075 1.6951502290299842e-16 2.053923606984854e-16
1834.8529062016792 1.2057981195774935e-16 2.0189007798493587e-16
1836.3982401627927 3.8919221044512336e-16 2.0942606394220838e-16
1837.94358325101 7.919255792759766e-17 1.938056249594264e-16
1839.4889354664926 1.6665019865670677e-16 1.9590601520571085e-16
1841.0342968094028 1.5640090147158272e-16 1.9500936465659317e-16
1842.5796672799015 1.9043279270301898e-16 1.973323392795483e-16
1844.1250468781511 5.17413887478552e-16 2.096261490062176e-16
1845.670435604313 3.0327249699809735e-16 1.978721110251861e-16
1847.2158334585495 5.179525474934465e-16 2.0404686209666174e-16
1848.7612404410213 2.991287853503497e-16 1.9753561395199952e-16
1850.3066565518911 6.740451951466777e-17 1.8492632415714738e-16
1851.8520817913202 6.674854543657852e-17 1.8734987070769915e-16
1853.3975161594706 1.92719689016377e-16 1.8994249297545675e-16
1854.9429596565037 2.516391684784881e-16 1.9042576497653473e-16
1856.4884122825815 2.490603237310132e-16 1.8964892988478413e-16
1858.0338740378663 -5.51792698258893e-17 1.7587887407994858e-16
1859.579344922519 3.783527033493305e-16 1.9309484520267184e-16
1861.1248249367018 2.1813894924013153e-16 1.821187408092444e-16
1862.6703140805766 4.528814118425623e-16 1.9400762908245675e-16
1864.2158123543054 3.9471388587937614e-16 1.9100451347263604e-16
1865.7613197580492 1.5354874301483048e-16 1.7945265166820229e-16
1867.3068362919705 2.207561089935799e-16 1.8298352174372164e-16
1868.8523619562304 1.0737103459447798e-16 1.792313775456219e-16
1870.397896750992 2.0552118911580685e-16 1.7758199263908096e-16
1871.9434406764158 6.287290648174706e-17 1.7391085920145222e-16
1873.4889937326645 1.7860028506035824e-16 1.7588595474599204e-16
1875.0345559198995 3.389015879655898e-16 1.8160496238717546e-16
1876.5801272382826 3.1324829518548686e-16 1.788398630355332e-16
1878.1257076879756 3.477289682951801e-16 1.7966762598323747e-16
1879.671297269141 3.458526579681138e-16 1.7944948852953988e-16
1881.2168959819398 5.671349861801755e-16 1.8473670789097063e-16
1882.7625038265346 -1.0323018830037223e-16 1.5992050865588155e-16
1884.3081208030867 1.114175095068588e-16 1.682417867994874e-16
1885.8537469117582 1.5365786468123847e-16 1.663948843975586e-16
1887.3993821527108 1.8731727317411966e-16 1.702508298363664e-16
1888.9450265261064 3.020330760380275e-16 1.6930339701508285e-16
1890.4906800321075 4.867535182494329e-16 1.7868340016830757e-16
1892.036342670875 7.78906616702229e-17 1.6179573372198416e-16
1893.5820144425718 2.714766271636246e-16 1.6928013007881296e-16
1895.1276953473584 3.856000760647159e-16 1.740135090067476e-16
1896.6733853853984 9.553435796152998e-17 1.600256995600187e-16
1898.2190845568525 4.124261388998516e-16 1.7398343933712007e-16
1899.7647928618826 2.69261344838979e-16 1.6366067527871152e-16
1901.3105103006515 4.688403066622213e-16 1.7405534449340808e-16
1902.8562368733203 5.392066158433067e-16 1.722117243441499e-16
1904.4019725800515 2.343284620145704e-16 1.6110818119683009e-16
1905.9477174210067 6.049275316438534e-16 1.7260757989809327e-16
1907.4934713963478 2.146303005445878e-16 1.5909430742517378e-16
1909.0392345062369 2.129300407216524e-16 1.601598616379299e-16
1910.5850067508359 5.4543003160458e-16 1.7067911087032184e-16
1912.1307881303067 4.217150198367975e-16 1.6687426534103513e-16
1913.676578644811 2.2753803710444907e-16 1.5538958383723049e-16
1915.2223782945111 1.7698754756367586e-16 1.5372729491313372e-16
1916.768187079569 5.334931139162804e-16 1.6490164472088807e-16
1918.3140050001464 3.737790960110717e-16 1.6142482593531538e-16
1919.8598320564058 2.3665986726232864e-16 1.5362463187294854e-16
1921.4056682485084 1.8898831036037478e-16 1.4977072460717008e-16
1922.9515135766167 4.140373014446477e-16 1.6046299355392852e-16
1924.4973680408923 2.67485831432636e-16 1.5296847250640208e-16
1926.043231641498 4.797927073680154e-16 1.6186691095933313e-16
1927.5891043785946 2.158641893207209e-16 1.4969961354427012e-16
1929.1349862523452 6.71494315721352e-16 1.656135494432757e-16
1930.6808772629113 4.1494611485749235e-16 1.5744128292393761e-16
1932.2267774104548 1.123129821507842e-16 1.4567506884428932e-16
1933.7726866951382 6.612094828571126e-16 1.6474637299374452e-16
1935.318605117123 3.2199118397858854e-16 1.4952560121316857e-16
1936.8645326765713 3.574596033838987e-16 1.5176086822141346e-16
1938.4104693736454 6.918713873334487e-16 1.645603698524834e-16
1939.956415208507 5.641133020199641e-16 1.5685217150912225e-16
1941.5023701813186 5.549023481141657e-16 1.5901552012618933e-16
1943.0483342922416 6.096103003531896e-16 1.5681172568589085e-16
1944.5943075414386 6.009014781664353e-16 1.5771982441468627e-16
1946.1402899290713 5.998432693175187e-16 1.5857628060347877e-16
1947.6862814553024 8.245169056921497e-16 1.6301276124851098e-16
1949.232282120293 3.9592138428524634e-16 1.505571814638059e-16
1950.7782919242056 5.938264237162569e-16 1.5608121270844322e-16
1952.3243108672025 4.939783387125976e-16 1.5153800591205698e-16
1953.8703389494453 3.5522364816138415e-16 1.4561127667544923e-16
1955.4163761710968 4.552569686826961e-16 1.4910719340700454e-16
1956.9624225323187 4.297101108863716e-16 1.4557465573537029e-16
1958.5084780332725 2.8779056113708125e-16 1.4259008220616055e-16
1960.0545426741212 2.704434851959908e-16 1.4092571540436506e-16
1961.6006164550265 3.2391643692813836e-16 1.395161731707951e-16
1963.1466993761508 1.017947056827926e-16 1.3499305693712654e-16
1964.6927914376558 8.736742013969795e-18 1.284441158263115e-16
1966.2388926397036 1.1411720203310526e-16 1.3306547464697177e-16
1967.7850029824567 9.215498105211604e-17 1.3183316082272497e-16
1969.331122466077 1.878856719863967e-16 1.326262615940408e-16
1970.877251090726 2.0606064322408943e-16 1.349315676391118e-16
1972.4233888565675 1.4481488041657298e-16 1.3026044563280034e-16
1973.9695357637622 3.558719724731685e-16 1.374072067159197e-16
1975.5156918124724 2.017034395689643e-16 1.327136118667264e-16
1977.0618570028607 3.1663160947461655e-16 1.3642167064689952e-16
1978.608031335089 3.6302127465512963e-16 1.3596526547211726e-16
1980.1542148093195 2.1538467602834636e-16 1.3150325472465922e-16
1981.7004074257145 4.659661121139507e-16 1.3819052690367271e-16
1983.246609184436 2.61034510868992e-16 1.3109822739208385e-16
1984.7928200856463 1.1369419675709666e-17 1.219658887317024e-16
1986.3390401295076 1.178102524482442e-16 1.2457277821066533e-16
1987.8852693161816 2.1966474674571214e-16 1.2785305888269542e-16
1989.431507645831 2.8406390733673795e-16 1.2851805915562885e-16
1990.977755118618 2.2516695365706787e-16 1.2652640676394817e-16
1992.5240117347048 -3.644935304140209e-17 1.147872447990528e-16
1994.070277494253 2.816189202647088e-16 1.2817955037919255e-16
1995.6165523974257 1.7166848505738427e-16 1.238673321145005e-16
1997.1628364443848 1.0293917292598627e-16 1.1892576836999852e-16
1998.709129635292 2.2096870102845094e-16 1.2648851527444834e-16
2000.2554319703097 5.274982911716473e-16 1.3351409770655112e-16
2001.801743449601 1.6717620611695169e-16 1.2170111152634664e-16
2003.348064073327 1.9178811159307487e-16 1.204450146051277e-16
2004.8943938416505 4.4183581104279056e-16 1.2725575507109332e-16
2006.4407327547335 2.125165827642739e-16 1.21944051163531e-16
2007.9870808127382 -5.830982749832484e-17 1.0991579950071572e-16
2009.5334380158274 1.6330817722375572e-16 1.1759113561270136e-16
2011.0798043641632 2.9260914628555376e-16 1.2252830537378946e-16
2012.6261798579071 2.9210712044562797e-16 1.1985464587578126e-16
2014.1725644972223 1.2643561541991435e-16 1.1503637836466398e-16
2015.7189582822705 3.07947192424655e-16 1.2201769009038293e-16
2017.2653612132142 4.564903545330168e-16 1.2506011332291217e-16
2018.8117732902153 2.081394076604393e-16 1.162766595925709e-16
2020.358194513437 1.0013298585895728e-16 1.1213739486779634e-16
2021.9046248830407 6.958472276389623e-17 1.098545881353868e-16
2023.451064399189 2.0895764148748695e-16 1.1563300719688623e-16
2024.997513062044 2.0280267657626357e-16 1.139571392758538e-16
2026.5439708717686 3.010521589455478e-16 1.1717027935192418e-16
2028.090437828524 1.1886716427796036e-16 1.1035507211065078e-16
2029.6369139324738 1.3752485165135944e-16 1.0969058799841958e-16
2031.1833991837793 -1.1267391910234926e-17 1.0467914403576912e-16
2032.7298935826036 1.281148052982868e-16 1.0885300476248309e-16
2034.2763971291085 2.9322496570798723e-16 1.1416901662667558e-16
2035.8229098234567 2.9265427725977465e-16 1.140524437173097e-16
2037.3694316658102 2.4011507347285654e-16 1.119558386495083e-16
2038.9159626563312 2.1669477129995275e-16 1.0969686795363009e-16
2040.462502795183 1.9539255442099714e-16 1.0870834741695981e-16
2042.0090520825265 1.4688323892081692e-17 1.0338398433730299e-16
2043.5556105185249 2.7940583493177014e-16 1.0917411627627617e-16
2045.102178103341 2.603414261599012e-16 1.102960511195839e-16
2046.6487548371363 1.215164848136248e-16 1.0426185457779327e-16
2048.1953407200735 1.747545569564767e-16 1.0466892008339796e-16
2049.7419357523154 1.673793749102845e-16 1.0549138245773699e-16
2051.288539934023 1.2069077327383967e-16 1.0390028400587899e-16
2052.8351532653605 2.9190838534037843e-16 1.0793233288837687e-16
2054.381775746489 3.3283881729671914e-16 1.0951819694131863e-16
2055.9284073775716 1.9137470657525557e-16 1.0490267470706055e-16
2057.4750481587703 2.0339315118472843e-16 1.0448760209312634e-16
2059.0216980902474 3.583938013153814e-16 1.0895070471899295e-16
2060.568357172166 3.274814927240133e-16 1.0713587045505161e-16
2062.1150254046875 1.4254039842984817e-16 1.0080917623121733e-16
2063.6617027879756 2.541318540933595e-16 1.0540986215400866e-16
2065.208389322191 4.1926529467421964e-16 1.1008372378250889e-16
2066.755085007498 3.174168619562805e-16 1.0674234424171318e-16
2068.301789844058 2.54267458774259e-16 1.0265893736934311e-16
2069.8485038320337 4.3482412524497866e-16 1.0899014469059948e-16
2071.3952269715874 4.1090595298754655e-16 1.0766864756142966e-16
2072.941959262881 2.4329478221729e-16 1.0211714730301068e-16
2074.4887007060775 2.697867964338523e-16 1.0334854130241632e-16
2076.03545130134 2.6327819526715025e-16 1.0118278393540548e-16
2077.58221104883 3.337552275363095e-16 1.0468283657002355e-16
2079.12897994871 2.0611854586696814e-16 9.796492562112109e-17
2080.6757580011435 1.6154154442846907e-16 9.732255039230221e-17
2082.222545206291 1.8822997764456577e-16 9.661826896643986e-17
2083.769341564318 3.8689728055365624e-16 1.0367852680982087e-16
2085.316147075384 1.0551112891331985e-16 9.313377394478268e-17
2086.862961739653 2.0261943952697083e-16 9.511399800912033e-17
2088.409785557287 5.304459658280922e-16 1.0821023910441508e-16
2089.9566185284484 2.6329516239587494e-16 9.640136897493866e-17
2091.503460653301 1.159943593931188e-16 9.143972128516388e-17
2093.0503119320056 2.141483123278205e-16 9.527451075262502e-17
2094.5971723647253 2.353835738992736e-16 9.596322133063667e-17
2096.144041951623 2.5512600607564004e-16 9.49029676912458e-17
2097.690920692861 2.0467708107919854e-16 9.316126281089904e-17
2099.2378085886016 5.07097132060113e-16 1.0301087294148237e-16
2100.7847056390074 2.3892933322581893e-16 9.459118015731741e-17
2102.3316118442413 3.742581460823032e-16 9.807103635009939e-17
2103.8785272044656 2.113077873392032e-16 9.185468801997968e-17
2105.425451719843 7.591195961821235e-17 8.742387852522714e-17
2106.9723853905352 1.816852319938176e-16 9.019613133480676e-17
2108.5193282167056 1.449336900223152e-16 8.967709204404199e-17
2110.0662801985172 2.0809791628091363e-16 9.041327617176928e-17
2111.6132413361315 1.7275401071884986e-16 8.71658974357841e-17
2113.1602116297117 4.007998176053983e-16 9.716754998039957e-17
2114.7071910794207 2.2229297086703403e-16 9.064111479969089e-17
2116.25417968542 3.3806440177634733e-16 9.388803031453304e-17
2117.8011774478723 2.257464036023286e-16 8.9469813817426e-17
2119.348184366942 3.5153937247818317e-16 9.302420890956636e-17
2120.8952004427897 2.409971788780831e-16 9.006717056858729e-17
2122.4422256755784 1.3700612338050499e-16 8.507618112812404e-17
2123.989260065471 2.7505576819097012e-17 8.182502383110072e-17
2125.5363036126305 2.650728992637045e-16 8.912938598196858e-17
2127.0833563172187 1.6661049398730422e-16 8.499274176537459e-17
2128.630418179399 2.6608878293503803e-16 9.017723191217115e-17
2130.1774891993336 2.1988750317595022e-16 8.68632221234836e-17
2131.7245693771847 2.456099614901524e-16 8.826610059003883e-17
2133.2716587131154 1.2533309615994447e-16 8.233002752123169e-17
2134.818757207289 2.7528912245921623e-16 8.736748465978573e-17
2136.365864859867 1.0202742136760582e-16 8.161284207781352e-17
2137.912981671013 2.260921253937064e-16 8.51599050410042e-17
2139.4601076408885 1.8818009534490637e-16 8.507528777306248e-17
2141.0072427696573 3.4666313614973817e-16 8.962769943530522e-17
2142.554387057481 1.73816904718756e-16 8.323758361954527e-17
2144.1015405045237 2.481869798228348e-16 8.531341652780425e-17
2145.6487031109464 2.1917869541777598e-16 8.370091064169337e-17
2147.195874876913 1.9584393033765507e-16 8.321840626422384e-17
2148.7430558025862 2.0551019092238234e-16 8.378219271740529e-17
2150.290245888128 2.3766291309055534e-16 8.510338544410968e-17
2151.8374451337013 2.3990138294213204e-16 8.404227815432666e-17
2153.384653539469 3.1293947226687386e-16 8.675328651135285e-17
2154.9318711055935 4.0145616226040196e-16 8.785802923280927e-17
2156.479097832238 1.149835314496892e-16 7.960751804496856e-17
2158.0263337195647 3.1453634113068503e-16 8.554150661863207e-17
2159.573578767736 3.0009051185261816e-16 8.426198394246564e-17
2161.1208329769156 2.4238154835125184e-16 8.398070282952821e-17
2162.668096347266 3.240885963746678e-16 8.405129111428104e-17
2164.215368878949 3.0130211307432663e-16 8.429862473487929e-17
2165.7626505721287 1.9925720841729389e-16 8.071999655951358e-17
2167.309941426967 2.1259027463068502e-16 7.91042415079566e-17
2168.857241443626 2.0530400457417493e-16 8.046973141082443e-17
2170.4045506222706 1.662123487974253e-16 7.795512881844283e-17
2171.9518689630613 2.966917921517603e-16 8.18075206893391e-17
2173.499196466162 4.27656850082668e-16 8.754919307930647e-17
2175.046533131735 2.3290362024839064e-16 7.948991281419822e-17
2176.5938789599436 2.789967444880259e-16 8.14815519709891e-17
2178.14123395095 3.334433870628219e-16 8.273811873079595e-17
2179.6885981049177 2.862145239898166e-16 8.105125923378391e-17
2181.2359714220083 3.037758727967828e-16 8.036387214475235e-17
2182.783353902386 2.891766246761445e-16 8.114215645693614e-17
2184.3307455462127 3.689238237480712e-16 8.224498673681634e-17
2185.878146353651 3.9591955787045383e-16 8.397011491768753e-17
2187.4255563248644 3.977553959045091e-16 8.329757737501252e-17
2188.9729754600153 2.840491901392794e-16 7.813017347094885e-17
2190.520403759267 5.313588026474364e-16 8.898427203274717e-17
2192.0678412227817 3.5854428201241703e-16 8.12725465912541e-17
2193.6152878507223 3.1060843759603003e-16 8.006589521833115e-17
2195.162743643252 3.946412792739287e-16 8.191969961529109e-17
2196.7102086005334 4.3638663633486683e-16 8.360818700374863e-17
2198.2576827227294 3.1497690414237567e-16 7.997550092099135e-17
2199.8051660100027 2.130782979572015e-16 7.606531228633478e-17
2201.352658462516 3.366941671654859e-16 7.922027178684064e-17
2202.9001600804327 1.5290057752172372e-16 7.242193241261842e-17
2204.4476708639154 2.5565029300021085e-16 7.708997068960627e-17
2205.9951908131266 3.881324134094306e-16 8.06344925539552e-17
2207.5427199282294 3.936071579244496e-16 8.120817870470767e-17
2209.090258209387 3.8778158295058973e-16 8.065722347718815e-17
2210.6378056567614 3.6315751461073957e-16 7.915643991333114e-17
2212.185362270517 1.597279277743894e-16 7.16074374419395e-17
2213.732928050815 2.4447949014292313e-16 7.565389250198561e-17
2215.28050299782 1.5248635194073677e-16 7.047310812433329e-17
2216.8280871116935 1.701463536162785e-16 7.133361418940485e-17
2218.3756803925985 2.2637071982401424e-16 7.346901733665744e-17
2219.9232828406984 2.948385899422863e-16 7.543294263420534e-17
2221.4708944561567 2.9422544396759257e-16 7.535093263955439e-17
2223.018515239134 2.9726250706975247e-16 7.55945340212288e-17
2224.5661451897963 2.923179522401555e-16 7.529774823488968e-17
2226.1137843083043 2.404638392888885e-16 7.315036089492242e-17
2227.6614325948217 1.5259348837367464e-16 6.928390033616785e-17
2229.209090049512 3.2653035413358553e-16 7.614597893967095e-17
2230.7567566725365 3.385882916542241e-16 7.536036911598239e-17
2232.3044324640596 3.349113480999728e-16 7.428969300087335e-17
2233.8521174242437 2.834986981329029e-16 7.430701085417776e-17
2235.3998115532527 3.119664696384951e-16 7.458564498915503e-17
2236.947514851248 3.25633028605088e-16 7.487985658942789e-17
2238.4952273183926 3.255109764513446e-16 7.48925091440775e-17
2240.042948954851 4.837395632648653e-16 7.98624220225329e-17
2241.5906797607854 2.1865514964703402e-16 6.98181134280893e-17
2243.1384197363577 2.8919314181861597e-16 7.297658679183728e-17
2244.686168881733 3.3637840916461725e-16 7.426687605085669e-17
2246.233927197073 3.599573182568944e-16 7.480255159810113e-17
2247.78169468254 2.6351224105838845e-16 7.308359087587714e-17
2249.329471338299 2.58666206748469e-16 7.051758397150904e-17
2250.877257164511 3.1899951654844555e-16 7.33529870577734e-17
2252.42505216134 2.362049840998735e-16 7.063526199417328e-17
2253.9728563289486 3.3856722170966117e-16 7.33763797254964e-17
2255.5206696675004 2.799295924607489e-16 7.189710947501067e-17
2257.068492177158 2.7750474889099667e-16 7.20800619741727e-17
2258.616323858085 3.1368197605448106e-16 7.110304917418427e-17
2260.1641647104434 1.4066400869344308e-16 6.604436988983458e-17
2261.7120147343967 2.582719923208609e-16 7.060220785689566e-17
2263.2598739301084 2.9872988577175213e-16 7.128693473307726e-17
2264.8077422977403 3.301471054090226e-16 7.408694772401416e-17
2266.355619837457 3.806133284064338e-16 7.368476589274597e-17
2267.903506549421 2.6542582083513393e-16 6.947788411597889e-17
2269.4514024337946 3.08071865086579e-16 7.187833578382817e-17
2270.999307490742 1.3287228496054878e-16 6.438615069435157e-17
2272.5472217204256 4.812469041197735e-16 7.806423724996103e-17
2274.095145123009 2.994814422239831e-16 7.020694125554842e-17
2275.643077698654 3.2250332127432217e-16 7.278689773376662e-17
2277.191019447525 3.7298452616698794e-16 7.222019298738409e-17
2278.7389703697845 3.980828800177413e-16 7.33684520265057e-17
2280.286930465596 2.5657554414618817e-16 6.886332200807649e-17
2281.8348997351222 3.7653944403727544e-16 7.198459209659428e-17
2283.382878178526 3.9486561065605306e-16 7.392777170437935e-17
2284.9308657959714 2.7904277543475326e-16 6.911420919658627e-17
2286.4788625876213 4.293481366503184e-16 7.418390652669517e-17
2288.0268685536375 3.29979207597009e-16 7.079702543476415e-17
2289.5748836941843 4.0425928545044206e-16 7.217539288540821e-17
2291.1229080094254 1.680298035695472e-16 6.529559938190667e-17
2292.6709414995225 3.958894617310467e-16 7.156169104534287e-17
2294.2189841646396 3.0440024195802764e-16 6.898078827250392e-17
2295.7670360049397 1.3936530866195523e-16 6.348983101747891e-17
2297.3150970205857 3.8248437124735934e-16 7.105910934004545e-17
2298.863167211741 3.1314964231691134e-16 6.971956643863218e-17
2300.4112465785684 2.407978084981231e-16 6.604191481777652e-17
2301.9593351212316 2.7610179763254753e-16 6.727043684609537e-17
2303.507432839893 3.7361937736095504e-16 7.071235522726322e-17
2305.055539734717 3.707268921949796e-16 6.997048009692156e-17
2306.603655805866 3.2716067899524073e-16 6.87481453795846e-17
2308.151781053503 4.79892021981081e-16 7.464995331869735e-17
2309.6999154777914 3.303801188788563e-16 6.779987214279871e-17
2311.2480590788946 2.6596278678413395e-16 6.712174947662774e-17
2312.796211856975 2.2041382827355036e-16 6.467081993907802e-17
2314.344373812197 4.10900473743169e-16 7.118511872583933e-17
2315.8925449447224 3.6988647669262574e-16 6.984206857862883e-17
2317.440725254716 3.644760802118185e-16 6.899017180937272e-17
2318.9889147423396 4.107332112058659e-16 7.207936714245816e-17
2320.5371134077577 2.570205540808519e-16 6.458986873561113e-17
2322.085321251132 3.4137127134198733e-16 6.877708346613416e-17
2323.6335382726274 3.6445220447061776e-16 6.859530887216441e-17
2325.181764472406 4.1309619490068896e-16 7.098627774147138e-17
2326.7299998506314 3.811735348219241e-16 6.922938582507816e-17
2328.278244407466 4.3176329228073644e-16 7.063226429163339e-17
2329.8264981430752 5.503055003094166e-16 7.502500362587379e-17
2331.37476105762 4.1620980860545696e-16 7.068920078755664e-17
2332.923033151265 4.458331448093408e-16 7.025103990836485e-17
2334.4713144241723 4.716410740418769e-16 7.198864859031824e-17
2336.0196048765065 3.6467976516585355e-16 6.843661592600733e-17
2337.56790450843 4.715305891818194e-16 7.107493165080237e-17
2339.1162133201065 2.5094237800025304e-16 6.557484232181478e-17
2340.6645313116983 2.8395617533375904e-16 6.472062282939861e-17
2342.2128584833704 5.685387315320126e-16 7.438836572178358e-17
2343.7611948352846 3.5465446849060887e-16 6.732937842782345e-17
2345.309540367605 3.6369085419993416e-16 6.703146105840635e-17
2346.8578950804945 2.778153717546226e-16 6.561537417182987e-17
2348.406258974117 3.970736137913082e-16 6.870078432643227e-17
2349.954632048635 3.9161276591058013e-16 6.89835345121376e-17
2351.5030143042127 4.429626560302144e-16 7.008109730587706e-17
2353.0514057410123 4.899059101813174e-16 7.111205551669375e-17
2354.5998063591974 6.245534967899724e-16 7.494071061273219e-17
2356.1482161589324 3.4137751820997333e-16 6.686132655001645e-17
2357.69663514038 4.1227843752967414e-16 6.83425754165274e-17
2359.2450633037024 4.4140800646486793e-16 7.023873146085006e-17
2360.7935006490648 4.260967477427236e-16 6.965511914274695e-17
2362.341947176629 5.166522460402928e-16 7.259420435571116e-17
2363.89040288656 4.368929502790881e-16 6.951052797167268e-17
2365.43886777902 4.931396172761383e-16 6.981401722969593e-17
2366.987341854173 5.503949152249111e-16 7.331272652299922e-17
2368.53582511218 5.180279863653114e-16 7.187431237732871e-17
2370.084317553208 6.859830789819328e-16 7.582525785512699e-17
2371.6328191774187 6.276063623505545e-16 7.611127044116823e-17
2373.181329984975 7.418525780894384e-16 7.665772580615546e-17
2374.729849976041 6.483302410149926e-16 7.612375094225043e-17
2376.27837915078 4.628947706472066e-16 6.873433477207742e-17
2377.826917509355 5.355546332912197e-16 7.207138650390825e-17
2379.3754650519295 4.2152602561044137e-16 6.773079263548319e-17
2380.9240217786673 4.765640295313189e-16 7.038770999789331e-17
2382.472587689732 3.011734699454624e-16 6.409913225668547e-17
2384.0211627852855 4.263572103740043e-16 6.820407229476153e-17
2385.5697470654936 4.468356612419755e-16 6.907171196543575e-17
2387.118340530518 3.7844434172631155e-16 6.563499489595963e-17
2388.6669431805217 3.4756321453531427e-16 6.548268778413147e-17
2390.2155550156704 3.714912864903174e-16 6.672585421801496e-17
2391.7641760361257 3.7809491416578955e-16 6.6576591130841e-17
2393.312806242051 3.6370790073799765e-16 6.608011070974177e-17
2394.861445633611 3.9158624319141923e-16 6.628095016246964e-17
2396.4100942109676 2.8998196772052614e-16 6.304096311243824e-17
2397.958751974285 2.9166197816206624e-16 6.401982879699879e-17
2399.507418923727 4.151967307307612e-16 6.624550051013807e-17
2401.056095059457 4.460493499691275e-16 6.81787076284582e-17
2402.604780381638 3.9352584276151317e-16 6.617464091014433e-17
2404.1534748904337 4.879767926439457e-16 6.988179310036608e-17
2405.7021785860084 4.062721269006939e-16 6.67546070161073e-17
2407.250891468524 3.3051754997454833e-16 6.489253743046674e-17
2408.799613538145 3.9070789649489613e-16 6.573700280909967e-17
2410.3483447950343 4.524416429242597e-16 6.767907068614147e-17
2411.8970852393563 3.139509090152343e-16 6.37720253378126e-17
2413.445834871274 3.1793566963647375e-16 6.34912537681325e-17
2414.994593690951 2.782417469644467e-16 6.148033137690179e-17
2416.543361698551 4.489821486094363e-16 6.768746822372011e-17
2418.0921388942365 3.6343155623895593e-16 6.470454905573548e-17
2419.6409252781723 4.3798271110528995e-16 6.693435667193753e-17
2421.1897208505216 3.394275424862755e-16 6.379832306384689e-17
2422.7385256114476 3.235867822929788e-16 6.318982253547328e-17
2424.2873395611136 4.181121916654309e-16 6.711810988193251e-17
2425.8361626996834 3.496665032224651e-16 6.31356322791837e-17
2427.3849950273216 2.674766464191142e-16 6.13666039688431e-17
2428.9338365441904 2.4944800012305964e-16 6.088817593743223e-17
2430.482687250454 3.90069392471344e-16 6.529688978366226e-17
2432.031547146275 4.3952428459951317e-16 6.640317436978048e-17
2433.580416231819 3.890212950782352e-16 6.482987022725972e-17
2435.1292945072473 3.30300524251594e-16 6.385347946709192e-17
2436.6781819727253 3.197851925465831e-16 6.315361187697816e-17
2438.2270786284153 3.0756510115610453e-16 6.299779751935277e-17
2439.7759844744814 3.8516742751712615e-16 6.46361643801345e-17
2441.324899511087 3.670048176665074e-16 6.410667614387196e-17
2442.8738237383964 5.163522904978464e-16 6.82801795285613e-17
2444.4227571565725 3.646428927628684e-16 6.341505389010412e-17
2445.9716997657792 3.985663770119459e-16 6.578811595351055e-17
2447.5206515661803 4.2720188751087403e-16 6.574810026419768e-17
2449.069612557939 3.549903435239748e-16 6.43522230543471e-17
2450.6185827412182 3.891008632357179e-16 6.472319039801998e-17
2452.167562116183 4.086150994421381e-16 6.451333798533773e-17
2453.7165506829965 3.9575454526441685e-16 6.457936023310926e-17
2455.265548441822 4.262549576154029e-16 6.521863849771474e-17
2456.814555392824 4.88290512471785e-16 6.735180494859099e-17
2458.3635715361647 3.1178613103006873e-16 6.266359669954665e-17
2459.9125968720095 4.1564002012975084e-16 6.463110203478568e-17
2461.4616314005207 4.0623530743726793e-16 6.544710578290189e-17
2463.0106751218623 4.666473913013391e-16 6.722071336511359e-17
2464.559728036198 5.443662111623878e-16 6.851589953335932e-17
2466.108790143692 4.995688091040352e-16 6.71647827208152e-17
2467.6578614445075 4.4074398557377977e-16 6.624396526292117e-17
2469.206941938808 4.62617155598744e-16 6.424288301225739e-17
2470.7560316267577 4.50547677254199e-16 6.625990007024139e-17
2472.3051305085196 4.743856196096584e-16 6.912831097166908e-17
2473.8542385842584 5.132978367504881e-16 6.915284183991495e-17
2475.4033558541364 4.393892622537649e-16 6.48794216546741e-17
2476.9524823183187 4.512597672650439e-16 6.598141813649684e-17
2478.501617976968 4.787364043432301e-16 6.599664487721272e-17
2480.050762830249 4.494778746418169e-16 6.523349466151619e-17
2481.5999168783246 4.398182579717696e-16 6.502474736213231e-17
2483.1490801213586 4.727023533852273e-16 6.580905354917549e-17
2484.698252559515 4.456917961862678e-16 6.528238434444053e-17
2486.247434192958 4.000636136253363e-16 6.392211560559912e-17
2487.7966250218506 4.886383783153105e-16 6.592477942559411e-17
2489.3458250463564 5.344537551575852e-16 6.764164241778467e-17
2490.895034266639 5.479769008582961e-16 6.847275379260855e-17
2492.4442526828634 5.481378371182744e-16 6.762820900463681e-17
2493.993480295193 4.965846061517399e-16 6.681397211430901e-17
2495.5427171037904 4.444657159951172e-16 6.422627984300222e-17
2497.0919631088204 3.7084587385428924e-16 6.303712499439599e-17
2498.6412183104467 5.616827939173771e-16 6.802041172899515e-17
2500.1904827088324 4.4371723003731997e-16 6.412962544278663e-17
2501.739756304142 5.066802859709455e-16 6.722919031203103e-17
2503.2890390965395 5.411908964013683e-16 6.694104690873186e-17
2504.838331086188 5.458710710723035e-16 6.785688804806077e-17
2506.3876322732517 4.701402375384607e-16 6.561020594736264e-17
2507.9369426578937 4.3866303738061276e-16 6.315975948329065e-17
2509.486262240279 4.130513021544845e-16 6.427501070724895e-17
2511.035591020571 5.160784341580872e-16 6.628169131629849e-17
2512.584928998933 5.091040707495137e-16 6.636033964894003e-17
2514.1342761755286 4.909346846353169e-16 6.54083209383405e-17
2515.683632550523 5.274970206222264e-16 6.660703799482785e-17
2517.2329981240787 4.676827832002391e-16 6.629222628857996e-17
2518.78237289636 6.192593291113962e-16 6.949154913969826e-17
2520.331756867531 4.757213376279192e-16 6.53022499140316e-17
2521.881150037755 4.1224124748933375e-16 6.368981681981463e-17
2523.430552407197 4.736447834181661e-16 6.459785599160594e-17
2524.979963976019 5.074475919420395e-16 6.654101574705631e-17
2526.5293847443863 3.982976293396499e-16 6.263334835890681e-17
2528.0788147124626 4.136443046269013e-16 6.243235670494622e-17
2529.628253880411 4.2782908893853624e-16 6.447446049654773e-17
2531.177702248397 6.208282988275071e-16 6.765133697456379e-17
2532.7271598165826 5.001181099703296e-16 6.589711850591034e-17
2534.2766265851324 5.239510760072239e-16 6.593018587807776e-17
2535.8261025542106 4.733608156225991e-16 6.464480014572955e-17
2537.375587723981 4.229354354951133e-16 6.356800951153252e-17
2538.925082094607 5.361881080566476e-16 6.529481190596352e-17
2540.4745856662535 5.42768124688715e-16 6.763631537463983e-17
2542.0240984390834 4.3128440102818254e-16 6.35129656048508e-17
2543.573620413261 4.738049785243156e-16 6.331777083262298e-17
2545.1231515889503 6.220071569318483e-16 6.978468871389725e-17
2546.672691966315 4.846407533811846e-16 6.408205924884238e-17
2548.222241545519 4.85513038498179e-16 6.466989349679196e-17
2549.7718003267273 5.330217400811334e-16 6.717084430034399e-17
2551.321368310102 4.823056423642821e-16 6.36644124488419e-17
2552.870945495809 4.17321354060271e-16 6.281315757174113e-17
2554.42053188401 5.300816357816545e-16 6.565210099102723e-17
2555.9701274748713 6.337371868227811e-16 6.786110336046234e-17
2557.5197322685553 4.0209408394880285e-16 6.307612159719419e-17
2559.0693462652266 4.941520863459032e-16 6.436340653622881e-17
2560.618969465049 4.233638488779668e-16 6.32774639757345e-17
2562.168601868186 5.156732877115036e-16 6.549663074053666e-17
2563.7182434748024 5.188436261539581e-16 6.53536740783528e-17
2565.267894285062 4.3610902128640423e-16 6.262782279241495e-17
2566.817554299129 4.51708006512819e-16 6.34006741823355e-17
2568.367223517166 6.111078546039352e-16 6.82973517980779e-17
2569.9169019393385 5.346617017461361e-16 6.605943119442794e-17
2571.4665895658104 4.15211897914473e-16 6.248944540210218e-17
2573.016286396745 4.619692812732128e-16 6.4745319133767e-17
2574.5659924323068 4.946694117184387e-16 6.365384438933593e-17
2576.11570767266 4.458237215678026e-16 6.349262357922689e-17
2577.6654321179676 3.455324530442721e-16 5.992126797580674e-17
2579.215165768394 4.1180137269191276e-16 6.279990282960558e-17
2580.7649086241045 4.715411770936601e-16 6.406108194850803e-17
2582.314660685262 4.248072194898677e-16 6.2906205464486e-17
2583.86442195203 5.46227777822216e-16 6.612398436943158e-17
2585.414192424574 3.8447039881087466e-16 6.119948039788289e-17
2586.9639721030576 4.663410830117883e-16 6.324409220110166e-17
2588.513760987644 4.2438661469199675e-16 6.290912375768709e-17
2590.063559078498 4.747622845733906e-16 6.430523257810919e-17
2591.6133663757837 4.3023606540705734e-16 6.255911386201385e-17
2593.163182879665 4.4077347290825606e-16 6.251025064886911e-17
2594.713008590306 4.1142349011831893e-16 6.187698102423322e-17
2596.26284350787 4.374638504855375e-16 6.296841606399489e-17
2597.8126876325223 4.122340212395025e-16 6.121008154461337e-17
2599.3625409644264 4.2605704307332104e-16 6.288146945544821e-17
2600.9124035037476 3.2865873617179877e-16 5.915409435361076e-17
2602.4622752506475 5.553379877468504e-16 6.623080978245913e-17
2604.0121562052923 4.140031818987411e-16 6.325051112265507e-17
2605.5620463678456 3.6575451762702125e-16 6.12340697823774e-17
2607.111945738471 5.692089992910868e-16 6.66656751740905e-17
2608.6618543173327 5.012920976352241e-16 6.393832172816026e-17
2610.2117721045956 5.375131852235085e-16 6.570711181048445e-17
2611.761699100424 5.866876829763569e-16 6.766105138367761e-17
2613.3116353049804 6.076207258392077e-16 6.708599542183075e-17
2614.86158071843 3.8936243759774187e-16 6.171343749096413e-17
2616.411535340937 3.71297527703633e-16 6.128436898106553e-17
2617.961499172665 4.958739984485528e-16 6.48343502374573e-17
2619.511472213779 4.53482858174672e-16 6.339731913777098e-17
2621.0614544644427 4.3515007411099396e-16 6.258618582910148e-17
2622.6114459248206 6.246801282155869e-16 6.852433015816246e-17
2624.161446595076 4.656667389066555e-16 6.361386840469246e-17
2625.7114564753733 6.556850280960017e-16 6.877899590771038e-17
2627.261475565878 5.052698702346487e-16 6.50323177190984e-17
2628.8115038667524 6.467359132500232e-16 6.86762336058517e-17
2630.361541378162 4.748885983616499e-16 6.354396833420928e-17
2631.911588100271 4.3211745793180715e-16 6.377321647789468e-17
2633.461644033243 3.943705198983829e-16 6.111609397469264e-17
2635.0117091772418 4.500320988871172e-16 6.459342230352266e-17
2636.5617835324324 4.637479975228877e-16 6.307547308759395e-17
2638.111867098979 3.593656657432373e-16 6.039226461659444e-17
2639.661959877046 6.105573361277791e-16 6.768081769159518e-17
2641.212061866796 4.661356775220791e-16 6.3491220680908e-17
2642.762173068395 4.2219496988053545e-16 6.218959573877416e-17
2644.312293482007 3.57117799119902e-16 5.996594234632951e-17
2645.862423107796 3.800051852200848e-16 6.219432059443306e-17
2647.412561945926 5.090685483052882e-16 6.476310020821444e-17
2648.9627099965614 4.469138000313597e-16 6.352882762027711e-17
2650.512867259866 4.65596593990711e-16 6.359150144092903e-17
2652.0630337360053 4.790496477150366e-16 6.380917567348358e-17
2653.613209425143 4.2970897268584875e-16 6.291453021017073e-17
2655.1633943274423 5.441042132838902e-16 6.597708371008706e-17
2656.713588443069 4.793760730370847e-16 6.557962011703288e-17
2658.2637917721863 3.8182601488910594e-16 6.108441626595431e-17
2659.814004314959 3.4690591696824493e-16 6.039958351065431e-17
2661.3642260715515 3.9155405593942357e-16 6.197606402672727e-17
2662.914457042127 4.0413916559060956e-16 6.165257685021493e-17
2664.4646972268515 5.857775990140914e-16 6.724794415087883e-17
2666.0149466258886 5.271042090929372e-16 6.56860021612521e-17
2667.565205239402 5.060248412884483e-16 6.46845709895811e-17
2669.1154730675566 4.984097503948361e-16 6.702007243573272e-17
2670.6657501105165 5.016450456764331e-16 6.433522283839791e-17
2672.2160363684466 5.678518407513486e-16 6.794100239019006e-17
2673.7663318415107 4.1408994983627547e-16 6.216006208218357e-17
2675.3166365298725 5.431090025104256e-16 6.65251868188545e-17
2676.8669504336976 5.479059618489635e-16 6.649051140757628e-17
2678.4172735531497 5.62832694082834e-16 6.764453424120616e-17
2679.967605888393 4.684139314523972e-16 6.38625387491606e-17
2681.517947439592 5.043251108611049e-16 6.503474632137685e-17
2683.068298206911 5.385844701435484e-16 6.662117947458005e-17
2684.618658190515 6.19206971887344e-16 6.844683326093359e-17
2686.1690273905674 5.913640459990295e-16 6.792656974286224e-17
2687.719405807233 5.670572709072649e-16 6.868596786730022e-17
2689.2697934406765 5.840506576533175e-16 6.740242178463434e-17
2690.820190291062 6.764753988467993e-16 7.109602806514492e-17
2692.3705963585535 5.188986303559704e-16 6.576222850906009e-17
2693.9210116433155 8.037597280449726e-16 7.366695173107403e-17
2695.471436145513 6.174959653338903e-16 6.96794250178662e-17
2697.02186986531 6.387302872281676e-16 6.915934017080716e-17
2698.5723128028703 7.594437053984565e-16 7.314899770127293e-17
2700.1227649583598 6.452969101517565e-16 6.951843581832869e-17
2701.673226331942 6.578244745020884e-16 7.039939640558746e-17
2703.2236969237806 6.160887259711457e-16 6.907636402920075e-17
2704.7741767340412 5.88161943821053e-16 6.905100598034232e-17
2706.324665762888 4.919159193651518e-16 6.567692964429362e-17
2707.875164010485 6.868307472038975e-16 7.078586842266204e-17
2709.425671476997 5.297868153764508e-16 6.766003891460785e-17
2710.976188162588 7.331577319463138e-16 7.223563810378168e-17
2712.526714067423 5.769542685607801e-16 6.839532306982869e-17
2714.077249191667 5.878997341843186e-16 6.856599359125553e-17
2715.627793535483 6.341834673068657e-16 6.954792977024988e-17
2717.178347099036 6.433063827257089e-16 7.057555278883675e-17
2718.7289098824904 4.754202174151703e-16 6.492119758433047e-17
2720.279481886011 8.080774255540422e-16 7.510666951338993e-17
2721.8300631097627 5.538543566001753e-16 6.713593066104935e-17
2723.380653553909 6.235233988469927e-16 6.969226286097303e-17
2724.9312532186154 5.563590859647654e-16 6.786280404380175e-17
2726.4818621040454 5.898802560336768e-16 6.84798212237622e-17
2728.0324802103632 7.011558742869807e-16 7.24060571623023e-17
2729.5831075377346 6.397082397053319e-16 6.988150193279046e-17
2731.133744086324 6.85893081731287e-16 7.129565652545602e-17
2732.684389856295 6.526865314627215e-16 7.168184399239987e-17
2734.235044847813 6.072878418909367e-16 6.958325369112834e-17
2735.7857090610414 6.663329733968171e-16 7.258041360053868e-17
2737.3363824961457 5.982232129267764e-16 6.886071473478572e-17
2738.8870651532898 6.197203267929393e-16 7.032086718695413e-17
2740.437757032639 7.764197809086496e-16 7.496034457175175e-17
2741.988458134357 5.275402722420956e-16 6.610808926678076e-17
2743.5391684586098 6.238373304330688e-16 7.126511701724056e-17
2745.0898880055597 7.215395633439778e-16 7.370728505774212e-17
2746.640616775373 6.41066668794491e-16 7.122950192878648e-17
2748.1913547682134 6.417274603724677e-16 7.155924920817461e-17
2749.742101984246 6.747316756457579e-16 7.147573705353126e-17
2751.292858423635 6.19054188319483e-16 7.130071225335994e-17
2752.843624086546 5.703602229455238e-16 6.97651076944369e-17
2754.394398973141 7.220718706117679e-16 7.285466036954696e-17
2755.945183083588 6.34138786318898e-16 7.23389430361222e-17
2757.495976418049 6.219098540220325e-16 7.055424461625739e-17
2759.046778976689 5.44296489762917e-16 6.853230417926747e-17
2760.597590759674 7.258681664022433e-16 7.529608725621967e-17
2762.1484117671675 6.558318294936727e-16 7.168680707607519e-17
2763.6992419993344 6.662635696347014e-16 7.185931062973945e-17
2765.2500814563386 6.466375515490233e-16 7.263433254158733e-17
2766.800930138346 6.190696996103296e-16 7.010011584252087e-17
2768.3517880455197 5.87304058264162e-16 7.131202146669477e-17
2769.9026551780257 6.240850346305815e-16 7.1087915077697e-17
2771.453531536028 6.140606114580637e-16 7.109030397530605e-17
2773.004417119692 5.741293607421278e-16 7.053189750482865e-17
2774.555311929181 6.75728315787321e-16 7.318089378569297e-17
2776.1062159646604 5.571148511119531e-16 6.962806702799401e-17
2777.6571292262947 6.652692058941841e-16 7.292023924851016e-17
2779.2080517142485 5.477556664403851e-16 7.013048329716892e-17
2780.7589834286873 6.928386460196539e-16 7.426401069721481e-17
2782.3099243697748 4.969657180384451e-16 6.863631717821234e-17
2783.8608745376755 6.887736290266621e-16 7.473844179190582e-17
2785.411833932555 5.226966731518995e-16 6.835567795743024e-17
2786.962802554577 6.887621940818742e-16 7.426207840330388e-17
2788.5137804039077 6.797337228366498e-16 7.482740010370222e-17
2790.06476748071 7.901680256150933e-16 7.68064793500721e-17
2791.6157637851497 6.235794089006299e-16 7.356577099854655e-17
2793.166769317391 5.843379077015551e-16 7.240666596723314e-17
2794.7177840775985 6.263957405106913e-16 7.307754914868305e-17
2796.2688080659377 4.879217884419334e-16 6.919062745029637e-17
2797.8198412825727 3.70951223577104e-16 6.499991209142102e-17
2799.3708837276686 5.991360497461205e-16 7.26993687900687e-17
2800.9219354013894 7.064174311970876e-16 7.617876176170766e-17
2802.472996303901 5.123494245473593e-16 7.077950244066783e-17
2804.0240664353664 4.826765369160611e-16 7.001540593035054e-17
2805.5751457959523 5.746976139706171e-16 7.116068050182206e-17
2807.126234385822 6.527958516524765e-16 7.435386236407277e-17
2808.677332205141 7.676676541624669e-16 7.746665550567312e-17
2810.228439254074 7.483881784313342e-16 7.769935133815164e-17
2811.7795555327853 7.578609713969526e-16 7.800468024585721e-17
2813.3306810414397 8.139132178628283e-16 7.891148857289704e-17
2814.8818157802025 8.61993296108265e-16 8.088908551160922e-17
2816.4329597492388 9.006055577066483e-16 8.117992221498286e-17
2817.984112948712 8.333535769143802e-16 8.009219956181033e-17
2819.5352753787884 8.98258535288925e-16 8.170825901583273e-17
2821.086447039631 9.671867942838094e-16 8.295311289816584e-17
2822.637627931407 1.000874353387297e-15 8.537229855252822e-17
2824.1888180542787 1.115139097971902e-15 8.606063855362545e-17
2825.7400174084128 9.290150427575575e-16 8.457029070037641e-17
2827.291225993973 1.1794383219100417e-15 8.867194186833695e-17
2828.842443811124 1.1576353762103608e-15 8.76899461323385e-17
2830.393670860032 1.0946065958139842e-15 8.799708821994679e-17
2831.944907140861 9.891850869569508e-16 8.367911939563628e-17
2833.4961526537754 1.0307368175801026e-15 8.668246661602851e-17
2835.0474073989403 1.2063118185902237e-15 9.031857391779931e-17
2836.598671376521 9.88788993174991e-16 8.401664217278241e-17
2838.1499445866816 1.2020764420957153e-15 9.105553228657995e-17
2839.7012270295877 1.1905405945079406e-15 8.980715130611492e-17
2841.2525187054034 1.1589776057944036e-15 8.9681942631154e-17
2842.803819614294 1.0333159270253735e-15 8.693828380098911e-17
2844.3551297564245 1.0191761942786206e-15 8.655806526934544e-17
2845.9064491319596 9.43836107631258e-16 8.532260815877094e-17
2847.457777741064 1.0200822018948275e-15 8.642582225045536e-17
2849.0091155839027 1.0523037587248547e-15 8.726938765658184e-17
2850.560462660641 1.0538899337977068e-15 8.743689503934628e-17
2852.111818971443 9.054297279786168e-16 8.462419640653526e-17
2853.663184516474 8.493137422834602e-16 8.135614477268116e-17
2855.214559295899 9.159928641055883e-16 8.528883271999917e-17
2856.765943309883 1.2176484016771568e-15 9.325772530521253e-17
2858.3173365585903 9.186727704715825e-16 8.60848782542957e-17
2859.8687390421865 7.196792142940113e-16 8.030553275051021e-17
2861.420150760836 1.1183369649851423e-15 8.996608909773331e-17
2862.9715717147037 1.2254262817153194e-15 9.312037361885932e-17
2864.523001903956 1.1764867297262157e-15 9.159619076983441e-17
2866.0744413287557 8.998833562399956e-16 8.517981031526468e-17
2867.6258899892687 9.332430077137774e-16 8.74934344885755e-17
2869.1773478856603 1.1566772760678978e-15 9.198613032803681e-17
2870.728815018095 1.1704570198120675e-15 9.415280090244391e-17
2872.280291386737 1.0495946297221803e-15 8.930272333369029e-17
2873.831776991753 1.0684383599415099e-15 9.106531287014278e-17
2875.383271833306 8.986142891267718e-16 8.591603414766138e-17
2876.934775911563 1.0234998739578802e-15 9.057399405606588e-17
2878.4862892266874 9.82012306080483e-16 9.065560700402282e-17
2880.037811778845 6.561327379481848e-16 8.038109073638325e-17
2881.5893435682 8.869843679422927e-16 8.673506206809708e-17
2883.140884594919 6.579102365879979e-16 8.05004297377175e-17
2884.692434859165 7.642369589678502e-16 8.329528773907697e-17
2886.2439943611043 7.854944154494993e-16 8.557428282322387e-17
2887.7955631009013 6.710531174349509e-16 8.093798842942335e-17
2889.3471410787215 8.0020012502369565e-16 8.621635364957733e-17
2890.898728294729 8.680758397024981e-16 8.59647451595734e-17
2892.4503247490898 6.929600364289073e-16 8.244574678020541e-17
2894.0019304419684 7.375927964581373e-16 8.528703277498626e-17
2895.55354537353 6.771407432268675e-16 8.164661089914038e-17
2897.10516954394 5.846867264571462e-16 8.06344991714001e-17
2898.6568029533623 7.58068759166826e-16 8.596692229894564e-17
2900.2084456019634 6.328159855530828e-16 8.140270511500054e-17
2901.760097489908 7.258938950280161e-16 8.534161346052495e-17
2903.31175861736 7.044735435226982e-16 8.454016147374478e-17
2904.8634289844854 6.761115981959536e-16 8.315164948006836e-17
2906.4151085914486 7.980639079307203e-16 8.709812818255886e-17
2907.966797438416 8.029827341345444e-16 8.851101222580353e-17
2909.518495525551 7.090753676460124e-16 8.521898558907519e-17
2911.07020285302 7.961986884413071e-16 8.850354113051095e-17
2912.6219194209875 7.029047326252648e-16 8.559009189909098e-17
2914.173645229619 8.652233503735009e-16 8.974535760563476e-17
2915.7253802790788 7.203006717795e-16 8.691530141484994e-17
2917.277124569533 6.676959023485085e-16 8.521973336034894e-17
2918.828878101145 6.544958997171751e-16 8.512409804664801e-17
2920.380640874082 5.352344548371576e-16 8.228846334981213e-17
2921.932412888508 6.634875250291939e-16 8.515158691276437e-17
2923.4841941445884 7.468048620946791e-16 8.849450170077698e-17
2925.0359846424885 6.840790547956235e-16 8.705244796041123e-17
2926.5877843823723 7.323879378159372e-16 8.784929420554071e-17
2928.1395933644067 6.838847136737879e-16 8.804512425247897e-17
2929.691411588755 7.197786347861953e-16 8.775194497361057e-17
2931.2432390555837 7.679084232777239e-16 9.1377576860104e-17
2932.7950757650574 6.359145908928167e-16 8.690914057364764e-17
2934.346921717341 8.152389832439589e-16 9.30498515085555e-17
2935.8987769126 6.890889899808367e-16 8.890296348725566e-17
2937.4506413510003 8.422762749203162e-16 9.313751280115142e-17
2939.0025150327056 5.849015022488344e-16 8.607895564110982e-17
2940.554397957882 6.81163779149411e-16 8.868582526773804e-17
2942.1062901266946 7.687065400722743e-16 9.272128213435964e-17
2943.658191539308 6.536329319626005e-16 8.957450179575071e-17
2945.2101021958883 7.377435683227486e-16 9.152661495415135e-17
2946.7620220965996 6.336201903969416e-16 8.970358829342329e-17
2948.3139512416083 6.523747174590135e-16 8.919879636152912e-17
2949.8658896310785 7.28231705962438e-16 9.25771740367631e-17
2951.417837265176 6.364962907693436e-16 9.167664566493377e-17
2952.969794144066 7.910487810615602e-16 9.341717264008825e-17
2954.5217602679136 8.715735034395071e-16 9.878476086983465e-17
2956.0737356368836 6.857689384649551e-16 9.241828918470392e-17
2957.625720251142 5.808515730302156e-16 9.001691107456857e-17
2959.177714110854 7.128447172008532e-16 9.479000790679556e-17
2960.729717216184 7.377757555747442e-16 9.380130869911298e-17
2962.281729567298 8.215422848000702e-16 9.905894146439392e-17
2963.833751164361 6.348348885828635e-16 9.29015280985574e-17
2965.385782007538 5.501312762200782e-16 8.950480686605944e-17
2966.9378220969948 9.903328166004804e-16 1.0585412431739864e-16
2968.489871432896 7.474589832881962e-16 9.58373906158551e-17
2970.041930015407 7.157166882876373e-16 9.73410196810193e-17
2971.593997844694 7.945435860623722e-16 1.0044012794656557e-16
2973.146074920921 6.425046131015735e-16 9.631577232515167e-17
2974.698161244254 6.341276690114653e-16 9.580063732687815e-17
2976.2502568148584 7.457320948669815e-16 1.0079722512572716e-16
2977.8023616328987 8.41605213067854e-16 1.0232005139854748e-16
2979.354475698541 6.107759765072891e-16 9.665504872519642e-17
2980.90659901195 6.232047556401475e-16 9.794335936819061e-17
2982.4587315732915 8.53233016669965e-16 1.0440883464647659e-16
2984.0108733827306 5.555641455437673e-16 9.629026207506053e-17
2985.5630244404324 6.20626810865179e-16 1.0004554294204307e-16
2987.115184746562 8.214150710393045e-16 1.0569711881969118e-16
2988.667354301286 9.541511689838025e-16 1.0962471133443586e-16
2990.2195331047687 5.400092854399485e-16 9.849448003183264e-17
2991.7717211571753 6.876800036126384e-16 1.0331883559225831e-16
2993.3239184586714 6.991436945812189e-16 1.045853682240852e-16
2994.8761250094226 9.245925778608244e-16 1.1256158632080333e-16
2996.428340809594 6.711217800432377e-16 1.0271356437699611e-16
2997.980565859351 8.388349388742996e-16 1.0985037282298523e-16
2999.5328001588587 6.507741428260581e-16 1.0547249626999118e-16
3001.0850437082827 7.292915029981307e-16 1.0791430696846811e-16
3002.637296507788 7.544879803218676e-16 1.1056242974660557e-16
3004.1895585575407 4.845150219280766e-16 1.007291779398161e-16
3005.7418298577063 7.420009147343263e-16 1.0851172989407841e-16
3007.2941104084484 5.987887132981871e-16 1.0630076876095277e-16
3008.846400209935 7.669751517885273e-16 1.1137979007092637e-16
3010.3986992623295 6.021818214057694e-16 1.0598199320520954e-16
3011.9510075657977 1.031753045358571e-15 1.235850186801586e-16
3013.5033251205055 6.737521349818175e-16 1.118137488726064e-16
3015.055651926618 9.631765167950339e-16 1.1996024706150223e-16
3016.607987984301 8.338318328922237e-16 1.176994499508315e-16
3018.160333293719 8.321635485630471e-16 1.178832958050551e-16
3019.7126878550384 7.8874342207693e-16 1.167338853305208e-16
3021.2650516684243 8.209985955270514e-16 1.1849924757638658e-16
3022.8174247340417 8.941191911548117e-16 1.2260006494628966e-16
3024.369807052056 7.496854623296133e-16 1.182421995466745e-16
3025.922198622634 6.314922848147612e-16 1.1418888219626665e-16
3027.4745994459395 7.980265326019227e-16 1.2007255833635223e-16
3029.0270095221385 8.61438648346491e-16 1.2353930537078648e-16
3030.579428851397 6.773991412153393e-16 1.1782195209082816e-16
3032.13185743388 7.778731306274603e-16 1.2216289006638804e-16
3033.684295269753 7.547858712215051e-16 1.2325783896939183e-16
3035.2367423591813 8.716529657178714e-16 1.2515060026448057e-16
3036.7891987023304 6.35467251617548e-16 1.2113400973327008e-16
3038.341664299366 9.67529207352737e-16 1.3084201316042923e-16
3039.8941391504536 8.012812567017474e-16 1.2633113919982645e-16
3041.446623255759 9.257420015702485e-16 1.3321693472585267e-16
3042.9991166154464 7.744647229872682e-16 1.278262979355181e-16
3044.5516192296823 8.531790712591367e-16 1.305309932501093e-16
3046.1041310986325 8.365572143395736e-16 1.3289017853155953e-16
3047.656652222462 6.705186925847926e-16 1.2626591766288787e-16
3049.209182601336 5.849924524115458e-16 1.2585901097596078e-16
3050.761722235421 9.5790013680835e-16 1.3864153224341623e-16
3052.3142711248815 9.144613226578341e-16 1.3691232771648637e-16
3053.866829269884 6.658013543432966e-16 1.3253177771575255e-16
3055.4193966705925 6.42994833419797e-16 1.30161581005988e-16
3056.9719733271745 7.52822554728888e-16 1.3733323691682276e-16
3058.524559239794 6.450717582064645e-16 1.3305102214730924e-16
3060.077154408618 6.815794605682761e-16 1.345356326758296e-16
3061.6297588338102 5.455588335521219e-16 1.3167372010529414e-16
3063.1823725155377 7.975329770914695e-16 1.4137932801739934e-16
3064.734995453965 8.661280874402869e-16 1.4282250010595325e-16
3066.2876276492584 8.489012372381473e-16 1.456214940103755e-16
3067.840269101584 1.0937846562177923e-15 1.528706137312146e-16
3069.3929198111055 6.270313857980464e-16 1.4127327684542514e-16
3070.9455797779906 8.2192646718120925e-16 1.4764536012383143e-16
3072.498249002403 7.937656392398784e-16 1.4898201781926812e-16
3074.05092748451 7.264070381753746e-16 1.4475468813775872e-16
3075.6036152244756 7.503283603365793e-16 1.4662109876725397e-16
3077.1563122224666 7.1143472498103e-16 1.4873100489930523e-16
3078.709018478648 4.664681908934357e-16 1.4042167786118955e-16
3080.2617339931853 7.576982351919614e-16 1.5170874922537772e-16
3081.814458766245 1.046636473033013e-15 1.620788412497141e-16
3083.3671927979917 5.695243602452614e-16 1.4647630907283269e-16
3084.919936088592 1.1043784972891019e-15 1.6694642196022936e-16
3086.472688638211 6.712169124311262e-16 1.545942596044281e-16
3088.0254504470136 7.895774848321795e-16 1.5920017330869077e-16
3089.5782215151667 6.920954804875566e-16 1.5810947280531305e-16
3091.1310018428353 6.757317568586692e-16 1.5907370070175386e-16
3092.683791430185 4.3021578955588244e-16 1.521824656360195e-16
3094.236590277382 1.037463106214249e-15 1.7023412740543772e-16
3095.789398384592 6.526938371218915e-16 1.6127745543738294e-16
3097.3422157519794 9.849241935949065e-16 1.740229322482858e-16
3098.895042379711 8.990249942270718e-16 1.718530455956571e-16
3100.447878267952 5.415026574655171e-16 1.6473787619449237e-16
3102.000723416869 7.89065400476005e-16 1.719044366727538e-16
3103.553577826626 7.536145305345708e-16 1.6946418769127336e-16
3105.1064414973903 8.61666129632388e-16 1.776432040044099e-16
3106.659314429327 7.543053388426159e-16 1.759713462549871e-16
3108.212196622602 7.028103943307643e-16 1.7633437928222438e-16
3109.76508807738 7.068475121760559e-16 1.7757413111453926e-16
3111.3179887938277 5.042678302580469e-16 1.7078582378678609e-16
3112.8708987721106 5.598416619274015e-16 1.754142765083796e-16
3114.423818012395 6.85621342973896e-16 1.8077792735841024e-16
3115.976746514845 8.976719649729514e-16 1.8936218276235895e-16
3117.5296842796283 6.360294167967288e-16 1.8259220575697995e-16
3119.082631306909 7.972509151200338e-16 1.9172891193099567e-16
3120.6355875968543 7.76326448465774e-16 1.913626363557572e-16
3122.188553149629 9.742022387903247e-16 1.9869702847158318e-16
3123.7415279653987 5.13801186079394e-16 1.8427418819710038e-16
3125.2945120443296 6.3590797344791625e-16 1.8756843167787036e-16
3126.8475053865877 6.841997569906073e-16 1.9244626942798126e-16
3128.4005079923377 5.584234640759018e-16 1.9261260552299832e-16
3129.953519861747 4.749971244580168e-16 1.8820438136769093e-16
3131.5065409949802 1.1354674651895317e-15 2.182072015668345e-16
3133.0595713922025 7.849602552971371e-16 2.0470707133948726e-16
3134.6126110535815 8.398463491528804e-16 2.0480261400895958e-16
3136.1656599792814 7.203773282612265e-16 2.0675960422425184e-16
3137.718718169469 6.96032595505513e-16 2.089492505673532e-16
3139.2717856243103 7.720425793350354e-16 2.1135863578581807e-16
3140.8248623439695 6.475936929277958e-16 1.6551005260503307e-16
3142.377948328614 8.021056315176626e-16 1.817710205495067e-16
3143.9310435784087 1.2333516513654227e-15 2.367479057492839e-16
3145.4841480935193 1.6748812335280012e-15 3.04265510779855e-16
3147.037261874113 5.480860357595939e-17 3.7142030777631547e-17
