wavelength flux error
1120.9344866089587 0.0 0.0
1121.5162893669337 0.0 0.0
1122.0980908027664 0.0 0.0
1122.6798909164652 0.0 0.0
1123.2616897080393 0.0 0.0
1123.8434871774975 0.0 0.0
1124.4252833248493 0.0 0.0
1125.0070781501033 0.0 0.0
1125.5888716532688 0.0 0.0
1126.1706638343546 0.0 0.0
1126.7524546933698 0.0 0.0
1127.3342442303235 0.0 0.0
1127.9160324452241 0.0 0.0
1128.4978193380819 0.0 0.0
1129.0796049089047 0.0 0.0
1129.6613891577017 0.0 0.0
1130.2431720844827 0.0 0.0
1130.8249536892558 0.0 0.0
1131.4067339720307 0.0 0.0
1131.9885129328156 0.0 0.0
1132.5702905716203 0.0 0.0
1133.1520668884536 0.0 0.0
1133.7338418833242 0.0 0.0
1134.3156155562415 0.0 0.0
1134.8973879072144 0.0 0.0
1135.4791589362517 0.0 0.0
1136.0609286433626 0.0 0.0
1136.642697028556 0.0 0.0
1137.2244640918411 0.0 0.0
1137.8062298332268 1.7305945291721213e-14 2.718167521848034e-14
1138.3879942527224 -2.3878724874287294e-15 2.4669551279421698e-18
1138.9697573503363 6.090432435587384e-15 5.298969508354175e-15
1139.551519126078 -9.705606323918417e-16 9.86548331294791e-19
1140.1332795799563 -7.568496669974902e-16 7.652067934944829e-19
1140.71503871198 2.4995063476791627e-15 2.2124792808649128e-15
1141.2967965221587 -5.170040823507585e-16 5.095614553061412e-19
1141.8785530105008 -4.4257037389651725e-16 4.40620604140792e-19
1142.4603081770158 5.487679766914724e-16 9.164716494790238e-16
1143.0420620217124 4.97358953084208e-16 8.194757361670065e-16
1143.6238145446 4.096524501047286e-16 6.874077354596553e-16
1144.205565745687 -2.394111096843494e-16 2.281812616409619e-19
1144.7873156249827 -2.1354492046691002e-16 2.0386385769191627e-19
1145.3690641824962 -1.867923509748384e-16 1.7636827073307706e-19
1145.9508114182368 -1.6248540382950637e-16 1.4898490891890657e-19
1146.5325573322127 -1.4954256834189325e-16 1.3963264981701718e-19
1147.1143019244337 -1.327305260558919e-16 1.2111961100034737e-19
1147.6960451949083 1.7881120949911437e-16 2.9932622343639876e-16
1148.2777871436458 -1.1287346649896033e-16 1.0402024323757629e-19
1148.8595277706547 -1.020067219999573e-16 9.214472783823071e-20
1149.4412670759448 1.2350511965043088e-16 2.1739935712828052e-16
1150.0230050595246 3.0681635050051133e-16 2.7832213568509707e-16
1150.6047417214031 9.837393003808161e-17 1.789055213238352e-16
1151.1864770615896 9.172595886433173e-17 1.6858846150293082e-16
1151.7682110800931 -7.080983019064647e-17 6.065145452710515e-20
1152.3499437769221 -6.809383228016536e-17 5.881345920601232e-20
1152.9316751520862 -6.410509457454075e-17 5.455915945572699e-20
1153.513405205594 -6.101597865079412e-17 5.140030209922903e-20
1154.0951339374549 -5.86632056734524e-17 4.9301647949953966e-20
1154.6768613476775 7.137710403729044e-17 1.2915766167503445e-16
1155.258587436271 1.72827901108608e-16 1.6050395553786215e-16
1155.8403122032444 5.922394148453474e-17 1.1273697508044418e-16
1156.4220356486067 -5.1614008889222445e-17 4.283964838120436e-20
1157.003757772367 1.61222093893346e-16 1.4931451795573483e-16
1157.585478574534 5.081593179934148e-17 9.907242119965609e-17
1158.167198055117 1.5905734237796001e-16 1.466123372702058e-16
1158.748916214125 4.7640130656121743e-17 9.380277777188087e-17
1159.330633051567 1.5322182800185972e-16 1.4122195194277745e-16
1159.9123485674518 4.6086513412179746e-17 9.120624459418712e-17
1160.4940627617889 1.3364710834904965e-16 1.2505096801405978e-16
1161.0757756345865 3.9319008022471055e-17 8.22974299876522e-17
1161.6574871858545 -4.2227454465546305e-17 3.2998292892748853e-20
1162.239197415601 2.0335945515529547e-16 1.4129184539581573e-16
1162.8209063238357 -1.7629387721071134e-17 4.394465825614924e-17
1163.4026139105677 2.7505205911310343e-16 1.5766336437479585e-16
1163.9843201758054 -3.959052509545791e-17 3.0223105168807713e-20
1164.566025119558 1.1934602906073466e-16 1.1274482337009608e-16
1165.1477287418347 1.0419762565758975e-16 1.0039058975404099e-16
1165.7294310426446 1.0997515136402762e-16 1.0533822169551667e-16
1166.3111320219962 3.542864525273616e-17 7.271848658838603e-17
1166.892831679899 1.0609878449025712e-16 1.0120090249954284e-16
1167.474530016362 1.0393928060867719e-16 1.0011551580442016e-16
1168.0562270313935 3.0729987396449553e-16 1.538016882287043e-16
1168.6379227250036 -3.5972417243816267e-17 2.6537660110714518e-20
1169.2196170972004 5.2514239476031255e-17 7.677756111585724e-17
1169.8013101479935 1.615109453632495e-16 1.1367115977703706e-16
1170.3830018773915 2.1824480188875872e-16 1.2660266619898066e-16
1170.9646922854038 2.6265462681673838e-17 6.06194878221403e-17
1171.546381372039 4.7882246421416014e-17 7.156272998419224e-17
1172.1280691373058 2.480606792694653e-17 5.825285129773219e-17
1172.7097555812145 2.1243187946954847e-16 1.228938265603093e-16
1173.2914407037729 2.5427017523539063e-17 5.857688110472636e-17
1173.8731245049903 1.3928059213234e-16 9.93580698262278e-17
1174.4548069848759 -3.2373205506087784e-17 2.2790383301832985e-20
1175.0364881434386 -3.247800928969825e-17 2.3180631605199018e-20
1175.6181679806873 7.935483091144586e-17 7.840672972822738e-17
1176.1998464966314 -3.1471575329682533e-17 2.1979599283101834e-20
1176.7815236912793 1.7923718766224447e-16 1.0510484426621341e-16
1177.3631995646404 8.193536310737039e-17 7.979360059556849e-17
1177.9448741167237 9.59637507262287e-17 8.28183353978789e-17
1178.526547347538 1.2524356213044173e-16 8.959943632813551e-17
1179.1082192570925 2.0219614473774784e-17 5.0040079398158596e-17
1179.6898898453958 1.0117800614018737e-16 7.998336244553306e-17
1180.2715591124577 1.2267332006133736e-16 8.762252760369298e-17
1180.8532270582866 1.849952713155649e-17 4.7187772048896094e-17
1181.4348936828915 1.7284457706975707e-16 1.0068912916327873e-16
1182.0165589862818 6.646349899749274e-17 6.683228258434849e-17
1182.598222968466 1.960855630294716e-17 4.817828443648139e-17
1183.1798856294536 1.0705440309088249e-16 7.75615827527697e-17
1183.761546969253 1.159584663719789e-16 8.295863184721279e-17
1184.3432069878738 1.087033975681743e-16 7.848998380251962e-17
1184.9248656853247 5.982434887779513e-17 6.10983062828003e-17
1185.5065230616146 1.5539794828758462e-16 9.117671093759652e-17
1186.088179116753 -2.6613285511807485e-17 1.7495837692189737e-20
1186.6698338507483 1.4305854436555139e-16 8.452065324617833e-17
1187.25148726361 1.924173644286562e-16 9.791923216408366e-17
1187.8331393553467 2.4851975789198734e-16 1.066084600964878e-16
1188.4147901259673 1.4529223642190998e-16 8.562376145874434e-17
1188.9964395754814 1.4232808432766296e-16 8.383008978359456e-17
1189.5780877038976 9.683116540377631e-17 7.050850483710566e-17
1190.1597345112252 1.7156084569863397e-16 8.777046058444196e-17
1190.741379997473 1.4753014379067014e-17 3.9434604858714115e-17
1191.3230241626495 9.671133009407453e-17 7.000254823490902e-17
1191.9046670067644 1.0906580193814603e-16 7.248489078340105e-17
1192.4863085298266 2.0534486067899015e-16 9.366111151145259e-17
1193.0679487318448 1.640252435531657e-16 8.402801756056624e-17
1193.6495876128283 1.0135514852272683e-16 6.764694960859481e-17
1194.231225172786 2.3183085302069307e-16 9.653795965512831e-17
1194.8128614117268 6.163422667550606e-17 5.4654562693567314e-17
1195.39449632966 1.2081512829840844e-16 7.190275415551074e-17
1195.9761299265942 2.2341155728322214e-16 9.31059409715315e-17
1196.5577622025385 1.6644211971925783e-16 8.123546243003212e-17
1197.139393157502 1.1645337184119182e-16 6.932623874864076e-17
1197.7210227914939 1.878935996853874e-16 8.59350923889746e-17
1198.3026511045227 1.1136860658904465e-16 6.655892255295686e-17
1198.884278096598 9.501547087199791e-17 6.190652129826871e-17
1199.4659037677284 4.667089004516886e-17 4.859455811666503e-17
1200.047528117923 1.1308273657649134e-16 6.368188912082392e-17
1200.629151147191 1.1653799572657845e-16 6.538038208597091e-17
1201.2107728555407 1.3922009545106032e-16 7.097469721289564e-17
1201.7923932429817 1.6135072378732043e-16 7.471080734200165e-17
1202.3740123095233 2.5331957596672224e-16 9.130907968793971e-17
1202.9556300551737 1.1964648752899352e-16 6.646422691643179e-17
1203.5372464799425 2.1010597993594736e-16 8.136331808295322e-17
1204.1188615838382 1.6520816476867572e-16 7.582259764227702e-17
1204.70047536687 1.7469394116118882e-16 7.374695002247526e-17
1205.2820878290477 2.103902521339798e-16 8.139308335011533e-17
1205.863698970379 1.5460423871133794e-16 7.121220392781677e-17
1206.4453087908735 3.4733360243215935e-17 3.809943608838002e-17
1207.0269172905405 1.5411974910039828e-16 7.09272038108453e-17
1207.6085244693884 1.3786165312701143e-16 6.699722901593646e-17
1208.1901303274265 2.231803172886217e-16 8.071312103426204e-17
1208.7717348646636 5.300494286773241e-17 4.5670802214812646e-17
1209.3533380811093 1.4259414531732942e-16 6.580692273191755e-17
1209.9349399767718 2.496453587997699e-16 8.502214307306717e-17
1210.5165405516607 9.043344614382577e-17 6.010428664941778e-17
1211.098139805785 8.691925864690039e-17 6.490973616976294e-17
1211.6797377391533 -9.78964350664017e-17 5.787748335320052e-17
1212.2613343517744 8.104278890431137e-17 8.867752699183291e-17
1212.842929643658 -2.091753289549313e-16 1.0021484365237553e-16
1213.4245236148126 2.930592913574602e-16 2.0631683098596446e-16
1214.0061162652476 4.352334009771801e-16 2.673316979060153e-16
1214.5877075949716 9.487969678450897e-16 3.1810592325887187e-16
1215.1692976039938 2.756475497448028e-16 3.1664063566946073e-16
1215.7508862923232 -4.43290246022565e-16 3.0021809619029834e-16
1216.3324736599686 6.215998399633374e-16 3.2075298062838036e-16
1216.9140597069393 3.9751295919313717e-16 2.900653739960511e-16
1217.4956444332438 -2.734278204971841e-16 2.7454677749028664e-16
1218.0772278388918 4.6418421287327874e-17 2.5759211603179134e-16
1218.658809923892 -3.0718321502834595e-17 1.8141880042723673e-16
1219.2403906882528 -1.9742058952474035e-16 8.496113684853016e-17
1219.8219701319845 7.19131832486738e-17 8.371500579933128e-17
1220.4035482550946 -9.325122035687541e-17 5.181466636221556e-17
1220.9851250575932 -3.1094390896525703e-17 5.796188886290544e-17
1221.566700539489 1.6092401770525128e-16 6.10483181040225e-17
1222.1482747007908 -2.6971103992463224e-17 5.340225425955388e-17
1222.7298475415075 9.857918994400297e-17 5.500598210500434e-17
1223.3114190616486 3.1622628435702067e-17 4.434041785714156e-17
1223.8929892612227 -5.72641057679353e-17 3.4896218870937825e-17
1224.4745581402387 6.583175800262885e-17 4.2245854271091935e-17
1225.0561256987062 -1.3591706400346257e-16 3.364133955958058e-17
1225.6376919366332 2.20792554571369e-17 4.575916164784556e-17
1226.21925685403 8.363874636429879e-17 4.413562778980813e-17
1226.8008204509047 8.458628506470073e-17 4.624103736804955e-17
1227.3823827272663 4.493630222681251e-17 3.456103205184154e-17
1227.9639436831237 8.976366145822934e-17 4.688777680178026e-17
1228.5455033184867 1.0698844040011506e-16 4.979887684026058e-17
1229.1270616333636 9.86887946838887e-17 4.760729158580339e-17
1229.7086186277636 1.226176938195044e-16 5.1959396499632736e-17
1230.2901743016955 1.6465116119651721e-16 5.982102030301022e-17
1230.8717286551682 1.990125482444354e-16 6.443296911702207e-17
1231.4532816881913 1.5440760795356674e-16 5.724868050387241e-17
1232.0348334007733 2.0337308709179034e-16 6.576504754058767e-17
1232.6163837929234 1.1876559973362865e-16 5.0393536982624955e-17
1233.1979328646505 2.9469001506938195e-16 7.731461309164097e-17
1233.7794806159636 1.4047584826514442e-16 5.481122408413996e-17
1234.3610270468719 1.3515920774368639e-16 5.282459102441625e-17
1234.942572157384 2.4572243158368e-16 7.220665369511782e-17
1235.5241159475092 3.052546864435704e-16 7.695130874916278e-17
1236.1056584172563 2.8947816840536704e-16 7.597429594917435e-17
1236.6871995666345 1.7036352492302061e-16 5.836197296414018e-17
1237.2687393956523 2.12727308679683e-16 6.55377581605928e-17
1237.8502779043195 2.824701354371402e-16 7.415874038373886e-17
1238.4318150926445 1.48661773190757e-16 5.49195582746048e-17
1239.0133509606364 1.6195835081296719e-16 5.810937185740119e-17
1239.5948855083045 1.0697417980635464e-16 4.5630826230169184e-17
1240.1764187356573 7.964587937305632e-17 4.188541859097808e-17
1240.757950642704 7.640420487457531e-17 4.038205091488745e-17
1241.339481229454 -1.0621760898525037e-17 7.625534876026272e-18
1241.9210104959154 3.97769939394039e-18 1.786292231469078e-17
1242.5025384420983 3.6501780575806315e-18 1.750829178811582e-17
1243.0840650680107 3.753346918710389e-18 1.7435619008219362e-17
1243.665590373662 5.783165092982019e-17 3.582364053884248e-17
1244.2471143590612 4.007375408314404e-17 3.100319919707541e-17
1244.8286370242174 3.477621977947476e-18 1.6991866388086715e-17
1245.4101583691397 2.4170556642850615e-17 2.582784608732511e-17
1245.9916783938363 3.8954598566694494e-17 3.0249412665912985e-17
1246.5731970983175 5.813126898257669e-17 3.5905002023893195e-17
1247.154714482591 7.671255795460038e-17 4.039695009208076e-17
1247.7362305466665 3.874470644934284e-17 3.0122433824441195e-17
1248.3177452905527 7.60078331599297e-17 4.0119215929609954e-17
1248.899258714259 1.0597322509071648e-16 4.511346446168667e-17
1249.480770817794 1.6152122887262476e-16 5.536347963958241e-17
1250.062281601167 1.8104197664482697e-16 5.872333839526255e-17
1250.6437910643863 6.987954316909993e-17 3.7598604697258766e-17
1251.2252992074616 1.9273440621383553e-16 5.972068660342999e-17
1251.8068060304017 9.063285622845516e-17 4.22429988436174e-17
1252.3883115332158 1.2662312733861277e-16 4.9521857361839024e-17
1252.9698157159128 1.0648539547367461e-16 4.5285021720730165e-17
1253.5513185785007 1.078440297036256e-16 4.585931336769103e-17
1254.1328201209901 1.2145383084530758e-16 4.762961884489742e-17
1254.714320343389 1.2282562717316552e-16 4.811065745832151e-17
1255.2958192457065 6.943417589241158e-17 3.6931721761251164e-17
1255.8773168279522 1.369110306972859e-16 5.002518022096529e-17
1256.4588130901343 8.847717061258276e-17 4.1506629427432896e-17
1257.040308032262 1.894657987146098e-16 5.851449845165006e-17
1257.6218016543446 1.0782848532555451e-16 4.574306802184773e-17
1258.2032939563906 1.1939126591407396e-16 4.679490427132526e-17
1258.7847849384093 5.399355273990884e-17 3.349284078729261e-17
1259.3662746004102 1.2127600686594338e-16 4.752304820349854e-17
1259.947762942401 1.028195096698519e-16 4.380647938918348e-17
1260.5292499643917 1.5730639292708737e-16 5.3886919232783403e-17
1261.1107356663913 8.216130252860558e-17 3.8760541994989554e-17
1261.6922200484082 1.2329367905097253e-16 4.828086144988287e-17
1262.2737031104518 1.1736894828272472e-16 4.605726099699742e-17
1262.8551848525312 1.19133079683839e-16 4.674020447177835e-17
1263.4366652746546 1.3362490020396383e-16 4.8932047806586664e-17
1264.0181443768322 2.388854728010189e-16 6.504209830266122e-17
1264.599622159072 1.141332956591031e-16 4.484348263591671e-17
1265.1810986213834 2.695467420026445e-16 6.852691757911852e-17
1265.7625737637754 3.6803004517004033e-16 7.782873562084473e-17
1266.344047586257 3.0627417000492977e-16 7.327774009181068e-17
1266.925520088837 5.328559863212675e-16 9.363696445501094e-17
1267.5069912715244 6.924315408093798e-16 1.0635323186412334e-16
1268.0884611343288 7.9113983710339e-16 1.1379282811897626e-16
1268.6699296772579 7.875847339446453e-16 1.1208157010261636e-16
1269.251396900322 6.131344338698003e-16 1.0028071369891435e-16
1269.8328628035295 5.095543217005386e-16 9.091999378012946e-17
1270.414327386889 6.375118303335423e-16 1.0034154786988395e-16
1270.9957906504105 8.078900195144622e-16 1.1495961600381906e-16
1271.5772525941022 1.0678021323190035e-15 1.2908845643626581e-16
1272.1587132179732 1.158467797839275e-15 1.371405898608816e-16
1272.740172522033 9.977659542291105e-16 1.243416043905139e-16
1273.3216305062895 6.771344434193223e-16 1.0399898981401371e-16
1273.903087170753 5.570123071857761e-16 9.363978348653852e-17
1274.4845425154315 5.052598646579593e-16 9.036105129661513e-17
1275.0659965403345 3.457759750166077e-16 7.473126186418886e-17
1275.6474492454704 3.327630607874991e-16 7.34059398518666e-17
1276.228900630849 3.417685297942496e-16 7.388711412291115e-17
1276.810350696479 2.1897224437177255e-16 5.953920317703585e-17
1277.3917994423691 2.6354461359884133e-16 6.510935139518423e-17
1277.9732468685286 2.0663167577943684e-16 5.862365982272746e-17
1278.5546929749662 1.3359758339141488e-16 4.877573714059374e-17
1279.136137761691 2.4669024613525685e-16 6.316306158829596e-17
1279.717581228712 3.135295101239753e-16 7.115675635699611e-17
1280.2990233760383 1.4456971731790206e-16 4.968263480313973e-17
1280.880464203679 2.581002828605847e-16 6.407849244604105e-17
1281.4619037116427 3.3036024007437545e-16 7.3479214819249e-17
1282.0433418999387 1.856270189278737e-16 5.5335643357608776e-17
1282.6247787685759 8.488937727602996e-17 3.9154309745066847e-17
1283.2062143175629 1.128341191715824e-16 4.434264462735055e-17
1283.7876485469092 1.791207338668868e-16 5.2719803784418033e-17
1284.3690814566237 9.470150619869728e-17 4.0479605287609507e-17
1284.950513046715 1.7005225354979446e-16 5.268434089719666e-17
1285.5319433171926 7.778741629488648e-17 3.67950185844982e-17
1286.1133722680656 8.17623433930039e-17 3.847314305424168e-17
1286.6947998993421 5.0063776468347015e-17 3.1280493299460334e-17
1287.276226211032 6.112996413920393e-17 3.3561844193991783e-17
1287.8576512031439 8.172815767264831e-17 3.842137147406321e-17
1288.4390748756864 7.483971516866191e-17 3.6212137494056584e-17
1289.0204972286695 7.018867710762325e-17 3.619338696393123e-17
1289.601918262101 1.4134641284646463e-16 4.8621514278466906e-17
1290.183337975991 9.665336127674681e-17 4.1236128132238255e-17
1290.7647563703476 1.385600317920226e-16 4.772809635118308e-17
1291.3461734451805 1.7618425592721336e-16 5.392916830975016e-17
1291.9275892004978 2.1015093885660085e-16 5.837019844815141e-17
1292.5090036363092 2.1985216602018196e-16 5.998229405267846e-17
1293.0904167526235 2.1635497873920577e-16 5.858949395470657e-17
1293.6718285494496 2.71251713446349e-16 6.68979541075403e-17
1294.2532390267968 1.3538287738132073e-16 4.883229313343522e-17
1294.8346481846734 1.389061903347638e-16 4.804171029990399e-17
1295.4160560230891 2.3416731399635525e-16 6.303214205838597e-17
1295.9974625420525 1.665664218042674e-16 5.101804841893514e-17
1296.5788677415728 2.3204856695791703e-16 5.991641077124983e-17
1297.1602716216587 2.5103128998993514e-16 6.277197059468089e-17
1297.7416741823197 1.3820568085249469e-16 4.6954275505584625e-17
1298.323075423564 1.6416992736846856e-16 5.2440623710236486e-17
1298.9044753454011 2.4052990785877434e-16 6.156809854861612e-17
1299.4858739478402 1.2483173206450873e-16 4.339843450173352e-17
1300.0672712308897 1.5786346267369488e-16 5.313450582143782e-17
1300.648667194559 1.5937667379907488e-16 4.969483075409121e-17
1301.2300618388567 4.440994735071032e-17 3.262909879166474e-17
1301.8114551637923 1.1511255839035767e-16 4.479734581007095e-17
1302.3928471693744 1.0837683989722816e-16 4.096902158627753e-17
1302.9742378556118 1.9828375580266188e-16 5.574235813863375e-17
1303.5556272225142 1.5335982819781317e-16 5.1751618655926766e-17
1304.13701527009 1.172438785741067e-16 4.170358113128177e-17
1304.7184019983483 1.0874002512569815e-16 4.299269248510891e-17
1305.299787407298 5.954706470157756e-17 3.049706061514401e-17
1305.8811714969481 7.050080874868646e-17 3.513215725141755e-17
1306.4625542673084 9.027532891537504e-17 4.0909302454773653e-17
1307.0439357183864 2.19403450316374e-16 5.863172648806108e-17
1307.625315850192 1.406938798397236e-16 4.688566914557948e-17
1308.2066946627342 1.5154756150249319e-16 5.092775338326885e-17
1308.7880721560218 1.5133961491394226e-16 5.1848455035877124e-17
1309.3694483300635 1.8848571542018756e-16 5.646131705728524e-17
1309.9508231848688 1.2251446167905778e-16 4.496049560536846e-17
1310.5321967204466 1.894190927885026e-16 5.602563771993111e-17
1311.1135689368052 1.584237220287444e-16 5.153187316311838e-17
1311.6949398339548 1.5919951156420073e-16 5.1776556497034015e-17
1312.2763094119032 1.2409052529610201e-16 4.550516095151013e-17
1312.8576776706598 1.1377198316753993e-16 4.4679128465647324e-17
1313.439044610234 1.228533277975187e-16 4.600089691005806e-17
1314.020410230634 1.5661774190607982e-16 5.10111398064591e-17
1314.60177453187 1.9335297849334759e-16 5.71220755480375e-17
1315.1831375139493 4.9390037859422574e-17 3.0997233570497675e-17
1315.764499176882 1.2872682630734743e-16 4.708692880605853e-17
1316.345859520677 1.7179707524668931e-16 5.3872731430916894e-17
1316.9272185453433 1.6417745802076525e-16 5.241778029044022e-17
1317.5085762508895 2.1167525405452377e-16 5.997807874027689e-17
1318.0899326373249 1.778585488963595e-16 5.5003672616734094e-17
1318.671287704658 1.0818197599724537e-16 4.2643466756656374e-17
1319.2526414528982 1.4248434867154158e-16 4.8997272652247695e-17
1319.8339938820548 8.199399366918815e-17 3.860960800297823e-17
1320.4153449921362 9.398303697096843e-17 4.023899168230763e-17
1320.9966947831517 1.0128976816711064e-16 4.306586488209535e-17
1321.57804325511 1.2918144477200657e-16 4.724431811557022e-17
1322.15939040802 1.742676585955933e-16 5.3929532269219685e-17
1322.7407362418912 9.820798437231367e-17 4.191553789144236e-17
1323.3220807567322 1.3786075315450497e-16 4.751071990364905e-17
1323.9034239525524 1.133549385550254e-16 4.453539425368766e-17
1324.4847658293602 7.275663615823698e-17 3.674444476184671e-17
1325.0661063871646 1.7041293076664718e-16 5.2791715558150943e-17
1325.6474456259748 8.534613317539194e-17 4.001480919269351e-17
1326.2287835458 1.1742776413299969e-16 4.60163982747373e-17
1326.810120146649 2.0938856949940257e-16 5.934306872763218e-17
1327.391455428531 1.153500981925033e-16 4.526013681918212e-17
1327.9727893914542 2.583763097222712e-16 6.572600461567517e-17
1328.5541220354285 1.29718318076778e-16 4.7434238784212394e-17
1329.135453360462 1.3049889864234223e-16 4.773605382867584e-17
1329.7167833665644 9.878184919407846e-17 4.213139563537175e-17
1330.2981120537445 1.4488748702202043e-16 4.9795038722218337e-17
1330.8794394220113 1.308900293406267e-16 4.791588620256732e-17
1331.4607654713732 8.47292549617744e-17 3.978334089624402e-17
1332.0420902018402 1.982137300007256e-16 5.852705836207107e-17
1332.6234136134206 1.5048127937079803e-16 5.1609935851886234e-17
1333.2047357061233 6.794231264428035e-17 3.6092209540126196e-17
1333.7860564799576 1.701323378679794e-16 5.374836317145832e-17
1334.3673759349324 2.3444958772602775e-16 6.387753387930497e-17
1334.9486940710565 8.568996899497309e-17 4.02228583516404e-17
1335.5300108883393 1.1027138128499512e-16 4.474611686037432e-17
1336.1113263867892 2.132495772835592e-17 2.422606211631415e-17
1336.6926405664155 1.3210861858415002e-16 4.830509784183067e-17
1337.273953427227 1.8646039346885353e-16 5.777780478066543e-17
1337.855264969233 3.360484898316617e-16 7.436079082888351e-17
1338.436575192443 1.67258924178207e-16 5.554450315355597e-17
1339.0178840968642 2.2674399665595737e-16 6.184325190757576e-17
1339.599191682507 2.547150627473237e-16 6.693301994806764e-17
1340.1804979493802 2.757344765010148e-16 6.800171744715145e-17
1340.7618028974925 2.0890607835682284e-16 6.288615460643771e-17
1341.3431065268528 2.9421289729206137e-16 7.043890916908789e-17
1341.9244088374705 2.1842062739976299e-16 6.304611148457077e-17
1342.5057098293541 2.883125187210471e-16 7.101217842081164e-17
1343.087009502513 2.193192764172406e-16 6.207089862959525e-17
1343.6683078569558 2.0376750004274543e-16 6.011130114101223e-17
1344.2496048926919 2.7384501069348645e-16 6.958615213199473e-17
1344.8309006097297 3.723365989018976e-16 7.947671762906678e-17
1345.4121950080787 2.263479558135568e-16 6.401401206293132e-17
1345.9934880877477 3.056518654864939e-16 7.311410391431299e-17
1346.5747798487455 1.4677196327609384e-16 5.18917794476402e-17
1347.156070291081 2.88775925152534e-16 7.22781353349322e-17
1347.7373594147637 2.365268566198301e-16 6.442690753749329e-17
1348.3186472198024 2.39248982284289e-16 6.51634820944697e-17
1348.8999337062057 2.3978420122783533e-16 6.527495295381735e-17
1349.4812188739827 1.561215129478868e-16 5.349314155653876e-17
1350.0625027231429 1.7292074386056095e-16 5.594971577458854e-17
1350.6437852536944 1.7638268662999748e-16 5.713369578128264e-17
1351.225066465647 2.8732411068094015e-16 7.08133771411131e-17
1351.8063463590092 1.8957236604728623e-16 5.852966563536183e-17
1352.3876249337902 2.9156096948310616e-16 7.181222750927293e-17
1352.9689021899987 3.8795488059764204e-16 8.280946802171233e-17
1353.5501781276437 2.1308306251752981e-16 6.276220986345277e-17
1354.1314527467346 2.221630042491897e-16 6.288092682496638e-17
1354.7127260472798 2.929018226386097e-16 7.305637994244659e-17
1355.2939980292886 3.8882735100309357e-16 8.203022418001797e-17
1355.87526869277 2.5899596726274693e-16 7.034128200447194e-17
1356.456538037733 2.2072347175533101e-16 6.250265382212343e-17
1357.0378060641863 2.3207236328977895e-16 6.558853381531375e-17
1357.619072772139 1.2943379441583935e-16 5.0463867187026663e-17
1358.2003381616003 2.4431564220718863e-16 6.646111009988369e-17
1358.7816022325787 2.0208426028809392e-16 5.970117837586354e-17
1359.3628649850837 2.7382436426539713e-16 7.090520080655139e-17
1359.9441264191241 3.267564589909432e-16 7.600678760363543e-17
1360.5253865347086 2.575794634771417e-16 6.860213807530164e-17
1361.1066453318463 3.214932874242806e-16 7.769377283210058e-17
1361.6879028105463 3.2336062449606193e-16 7.603544775749917e-17
1362.2691589708177 3.109059843885327e-16 7.559894785697739e-17
1362.850413812669 4.071487530615429e-16 8.404772431147971e-17
1363.4316673361097 2.9284737430196903e-16 7.428406155526309e-17
1364.0129195411487 2.9851971572171466e-16 7.349196001812721e-17
1364.594170427794 2.9306440002492334e-16 7.21735598531708e-17
1365.1754199960562 2.590143372897905e-16 7.034834943562559e-17
1365.7566682459433 3.4306888418696255e-16 7.971661324159696e-17
1366.337915177464 4.946249424887079e-16 9.431267175379326e-17
1366.9191607906282 4.0058848288505834e-16 8.632003577627718e-17
1367.500405085444 4.845076633293473e-16 9.349857382980837e-17
1368.0816480619208 3.1060584355762906e-16 7.638430621775973e-17
1368.6628897200676 3.577511680062114e-16 8.16858523473999e-17
1369.244130059893 3.7118415763759893e-16 8.395494111653086e-17
1369.8253690814065 3.746159116233997e-16 8.337361843436329e-17
1370.4066067846168 4.266822063279539e-16 8.861995522119922e-17
1370.9878431695327 3.4827281638687656e-16 8.022727484711779e-17
1371.5690782361635 2.625535850505538e-16 7.128652445149343e-17
1372.150311984518 2.707617842957012e-16 7.264392783669295e-17
1372.7315444146047 2.9815302986489235e-16 7.655753769036304e-17
1373.3127755264336 2.9629366019677116e-16 7.586304346550842e-17
1373.8940053200133 3.266612736634955e-16 7.80108278521697e-17
1374.4752337953519 1.9812832525684072e-16 6.29872757819611e-17
1375.0564609524597 3.732674616411505e-16 8.243846097337004e-17
1375.637686791345 2.9431737351214926e-16 7.702506017257801e-17
1376.2189113120164 3.560277206563449e-16 8.061098077222399e-17
1376.8001345144835 3.083847908210303e-16 7.813644019126956e-17
1377.3813563987549 3.3475456759539195e-16 7.991988129660329e-17
1377.9625769648396 2.0010089293742857e-16 6.448248083976705e-17
1378.543796212747 3.529828754389821e-16 8.196313652361747e-17
1379.1250141424857 2.698819817613e-16 7.32342767137047e-17
1379.7062307540646 1.945229559866324e-16 6.19749986180983e-17
1380.2874460474927 1.5700150077074522e-16 5.778702949885663e-17
1380.8686600227795 2.887929452208179e-16 7.563465558966007e-17
1381.4498726799332 3.739121331233498e-16 8.670922756320583e-17
1382.031084018963 1.9518364168549075e-16 6.298709711094878e-17
1382.612294039878 2.8934436366948046e-16 7.577867104302801e-17
1383.1935027426869 2.7030385710859184e-16 7.331835796860949e-17
1383.7747101273992 2.9885304965623883e-16 7.822179861304013e-17
1384.3559161940236 2.773431244167487e-16 7.35432452161055e-17
1384.9371209425692 2.798360747294161e-16 7.639373607674284e-17
1385.5183243730442 2.768047555694298e-16 7.451756471601946e-17
1386.0995264854587 8.324937590635783e-17 4.3420179425676317e-17
1386.6807272798208 1.650157956454204e-16 5.96148471896926e-17
1387.2619267561397 2.3542918132952735e-16 6.90866078339066e-17
1387.8431249144248 2.189323808836924e-16 6.719344287467894e-17
1388.4243217546846 3.145811279977711e-16 7.96454889438072e-17
1389.0055172769282 2.2250049393911133e-16 6.822379228056479e-17
1389.5867114811642 1.8041754130913314e-16 6.143973996988259e-17
1390.1679043674026 2.475954861278553e-16 7.256084581596812e-17
1390.7490959356514 2.0693122104029944e-16 6.6637531180929e-17
1391.3302861859197 1.4166014590919374e-16 5.499453392532661e-17
1391.911475118217 2.7075919025730023e-16 7.614681273772841e-17
1392.4926627325515 1.9594163029416494e-16 6.321719890502633e-17
1393.0738490289327 2.1341118190547245e-16 6.903879679450104e-17
1393.6550340073695 2.0358251598799897e-16 6.553728832200487e-17
1394.2362176678705 8.828887121794119e-17 4.57449308325872e-17
1394.8174000104452 1.6132441282639635e-16 5.838654353705546e-17
1395.3985810351026 1.321847986098437e-16 5.5314232614633453e-17
1395.9797607418511 2.4686018212029975e-16 7.235677705012884e-17
1396.5609391307 1.0870051236219771e-16 5.0125834866623193e-17
1397.142116201658 1.7254464799709024e-16 6.250821909328468e-17
1397.7232919547346 2.796580389918151e-16 7.580631872782198e-17
1398.3044663899382 2.2987566275041373e-16 7.041611207140593e-17
1398.885639507278 2.0986231237982394e-16 6.754127563097994e-17
1399.4668113067632 2.0496139298190036e-16 6.599851099667464e-17
1400.0479817884027 1.0779345918969656e-16 4.9731494707562013e-17
1400.629150952205 2.6165588894514185e-16 7.654681081217945e-17
1401.2103187981793 2.1244840984690973e-16 6.8283190465991e-17
1401.7914853263349 3.650502626709385e-16 8.940569739378579e-17
1402.3726505366803 2.3166859327173467e-16 7.090514786699218e-17
1402.9538144292248 2.817951031177377e-16 7.910919135674212e-17
1403.5349770039772 1.9349804612045469e-16 6.524643176629652e-17
1404.1161382609466 1.303767273745906e-16 5.453752325433596e-17
1404.6972982001416 3.6419640052054697e-16 8.923940762088303e-17
1405.2784568215718 2.878067606421975e-16 8.085224619584856e-17
1405.8596141252458 2.1225210996138355e-16 6.830206341884701e-17
1406.440770111172 1.3752287965277911e-16 5.735131707427799e-17
1407.0219247793605 2.570940341890262e-16 7.523287080508592e-17
1407.6030781298193 2.537351779762485e-16 7.427361922721022e-17
1408.1842301625582 2.35311443749859e-16 7.215738020038926e-17
1408.7653808775851 3.8274507210665646e-16 9.375199549971501e-17
1409.34653027491 2.1709150035662298e-16 6.972282222152319e-17
1409.9276783545413 1.5692582367086397e-16 6.052019967885434e-17
1410.508825116488 3.1047296526402854e-16 8.385790952195594e-17
1411.0899705607594 2.86794662149347e-16 8.047129312782093e-17
1411.6711146873643 3.7278661162490605e-16 9.126778021431616e-17
1412.2522574963114 3.2373713064111646e-16 8.414509339574455e-17
1412.8333989876096 4.1619244443003825e-16 9.628611955455287e-17
1413.4145391612685 1.9304063509404756e-16 6.547518360161439e-17
1413.9956780172965 4.589095335699343e-16 1.0089841247569955e-16
1414.5768155557028 1.3121072395539106e-16 5.491936636870269e-17
1415.1579517764962 2.290206359297197e-16 7.337655177906382e-17
1415.739086679686 1.5624112988190688e-16 6.024112879251365e-17
1416.3202202652806 1.360720975025897e-16 5.677792209110114e-17
1416.9013525332896 1.7526432520693599e-16 6.310087745856668e-17
1417.4824834837214 1.153158065930293e-16 5.290663079756926e-17
1418.0636131165854 5.331778257539997e-17 3.8210562840592846e-17
1418.64474143189 1.678174100580232e-16 6.39201700767984e-17
1419.2258684296448 2.7940609962956615e-16 7.842855406150898e-17
1419.8069941098586 2.1592788884533239e-16 7.291810843125223e-17
1420.3881184725403 1.3634400831354814e-16 5.688008220547388e-17
1420.9692415176987 1.6787896553048694e-16 6.515031999656276e-17
1421.5503632453429 1.85488039350075e-16 6.602531164852135e-17
1422.1314836554818 3.408511666425936e-16 8.928083944340458e-17
1422.7126027481243 2.991206326582324e-16 8.379053069797982e-17
1423.2937205232797 1.907091372020607e-16 6.911764365048959e-17
1423.8748369809566 2.4867921184430796e-16 7.591651903774874e-17
1424.455952121164 2.432064525627591e-16 7.779184998296977e-17
1425.037065943911 2.5513701750395435e-16 7.784156684650665e-17
1425.6181784492067 2.590018700235981e-16 7.896270759642632e-17
1426.1992896370596 3.163933549884217e-16 8.849864422128464e-17
1426.780399507479 3.457288588089167e-16 9.005549077833804e-17
1427.3615080604739 4.724009684746824e-16 1.0630555979106068e-16
1427.942615296053 2.6421564898152395e-16 8.050708688728733e-17
1428.5237212142254 2.8317131989878913e-16 8.256120134138311e-17
1429.1048258150001 3.9111359880685133e-16 9.844285072671953e-17
1429.6859290983862 3.016576551539366e-16 8.449810761140258e-17
1430.2670310643923 4.1628156817795716e-16 1.0162180508243432e-16
1430.8481317130277 3.503093482898719e-16 9.119001861929128e-17
1431.4292310443009 6.669426783001626e-16 1.266173436917698e-16
1432.0103290582217 5.755285003523143e-16 1.163062395712758e-16
1432.5914257547981 5.366436529635928e-16 1.1505736889988813e-16
1433.1725211340392 6.446667705785585e-16 1.2461692980304096e-16
1433.753615195955 6.346592880649858e-16 1.2332685891970326e-16
1434.3347079405532 4.959250321836248e-16 1.0885706787365195e-16
1434.9157993678434 7.149444589375374e-16 1.3272373655742406e-16
1435.4968894778342 8.378066938158921e-16 1.421148570180815e-16
1436.077978270535 7.840805586418543e-16 1.391419566616761e-16
1436.6590657459544 6.028429835606606e-16 1.2281558189180668e-16
1437.240151904102 8.212105125825426e-16 1.3937670390207376e-16
1437.8212367449858 9.449169216719545e-16 1.531776631745943e-16
1438.4023202686153 6.580763609247782e-16 1.2714970389911913e-16
1438.9834024749991 6.302068593777436e-16 1.2411923177208005e-16
1439.5644833641468 8.989061978562194e-16 1.502887778986447e-16
1440.1455629360669 4.985392934962068e-16 1.120589384410569e-16
1440.726641190768 3.987547359635916e-16 1.0030614453966668e-16
1441.3077181282601 7.318265137905853e-16 1.3874763635494963e-16
1441.8887937485513 6.304566811576244e-16 1.234197413763256e-16
1442.4698680516508 3.859899759182489e-16 1.0033890089192378e-16
1443.0509410375676 4.844576883854593e-16 1.1182191479961351e-16
1443.6320127063107 3.2078537963861284e-16 8.962200181524596e-17
1444.2130830578892 5.18752252474773e-16 1.1648553262340788e-16
1444.7941520923116 4.62408150219009e-16 1.0954383954030777e-16
1445.375219809587 3.650062698972405e-16 9.602363198513264e-17
1445.9562862097243 4.324065343948373e-16 1.0859293917789642e-16
1446.537351292733 2.6084750187610603e-16 8.311048897278772e-17
1447.1184150586216 3.34721268612653e-16 9.340144297355994e-17
1447.6994775073993 1.934312099269604e-16 7.363136311239955e-17
1448.2805386390744 2.86002236357411e-16 8.684552707581986e-17
1448.8615984536566 3.952747010997973e-16 1.0253729549718351e-16
1449.4426569511547 3.7130769209900005e-16 9.771684422924909e-17
1450.0237141315774 2.9228002104598626e-16 8.882003366776354e-17
1450.604769994934 1.8188720964706836e-16 6.951475651896405e-17
1451.1858245412327 1.6184592042410898e-16 6.67514703472245e-17
1451.7668777704837 3.4157786797177857e-16 9.526810506596141e-17
1452.347929682695 2.7261077781021853e-16 8.669430522495537e-17
1452.928980277876 4.327577354305926e-16 1.0550000498844224e-16
1453.510029556035 1.3764880962923419e-16 6.22432565994717e-17
1454.0910775171822 2.566045020850724e-16 8.338042778516583e-17
1454.6721241613252 1.7136029741348171e-16 7.04373871567608e-17
1455.253169488474 2.1880743028908258e-16 7.787882306129604e-17
1455.834213498637 1.955244268629728e-16 7.444978222790442e-17
1456.415256191823 2.967918479186547e-16 8.996857063957097e-17
1456.9962975680412 1.1709638896216604e-16 5.907262698944164e-17
1457.5773376273007 2.3732256466443672e-16 7.97078914492182e-17
1458.1583763696103 4.319796033196415e-16 1.0987841093702832e-16
1458.7394137949793 2.529335142312315e-16 8.286164657475217e-17
1459.3204499034161 2.537837764915972e-16 8.502149456346693e-17
1459.9014846949299 4.0465707329829636e-16 1.0489662636242156e-16
1460.4825181695294 1.881884200905911e-16 7.400662517781281e-17
1461.0635503272242 4.547293200961159e-16 1.1076440739985632e-16
1461.6445811680228 2.8063675909258785e-16 8.913049771271185e-17
1462.225610691934 3.5618913337235605e-16 9.919942320218503e-17
1462.806638898967 3.5284938834045075e-16 9.832615870334545e-17
1463.3876657891308 2.5348800317432784e-16 8.491746171218736e-17
1463.9686913624344 3.127110645386908e-16 9.463038190090752e-17
1464.5497156188865 2.275148231077384e-16 8.084304794743697e-17
1465.130738558496 1.3356810929182839e-16 6.346426121038367e-17
1465.7117601812724 1.4541553265529468e-16 6.546202150370744e-17
1466.292780487224 1.469225630871377e-16 6.605771065875383e-17
1466.8737994763603 2.0920700004622473e-16 7.9466136334671e-17
1467.4548171486897 2.343611257225989e-16 8.315663241607838e-17
1468.0358335042217 3.35525658744969e-16 9.725255767759042e-17
1468.616848542965 1.5100567217448725e-16 6.77544500010022e-17
1469.1978622649283 1.7414661229347473e-16 7.144534974654851e-17
1469.7788746701212 1.5118996801496406e-16 6.780943435067983e-17
1470.359885758552 3.1425443797792696e-16 9.503690477603039e-17
1470.9408955302297 1.641392488939102e-16 7.019832534228807e-17
1471.5219039851638 1.6393212286852692e-16 7.011174269321092e-17
1472.1029111233631 2.617626680360551e-16 8.749452636698407e-17
1472.683916944836 4.95560172741595e-16 1.2037427411914218e-16
1473.2649214495918 2.894823771003237e-16 9.180775048330098e-17
1473.8459246376394 1.9105878975570932e-16 7.532888993059107e-17
1474.4269265089881 2.6586294277547635e-16 8.883366560425842e-17
1475.0079270636463 9.537823258399427e-17 5.516320928711597e-17
1475.5889263016236 1.5740388112536042e-16 7.041061297469368e-17
1476.1699242229283 1.3110333605954698e-16 6.540971721921449e-17
1476.7509208275696 1.5178254697090725e-16 6.79931478560054e-17
1477.3319161155569 1.6638677141011068e-16 7.131480741099784e-17
1477.9129100868981 1.8965017396442541e-16 7.739760908558209e-17
1478.4939027416033 2.612945235140195e-16 8.730731223330617e-17
1479.074894079681 2.495737051063881e-16 8.825487740348771e-17
1479.6558841011395 1.602163216778203e-16 7.159500988041651e-17
1480.236872805989 2.455539514365152e-16 8.68195800743653e-17
1480.8178601942373 2.0950053666711775e-16 8.17249548293165e-17
1481.3988462658938 1.887295947345478e-16 7.696596638961722e-17
1481.979831020968 2.553170384750255e-16 8.748267452316741e-17
1482.560814459468 3.9864793040289873e-16 1.0836449836248887e-16
1483.141796581403 3.6925509303978646e-16 1.0667767857014624e-16
1483.7227773867824 2.0229648174605052e-16 8.227942392007815e-17
1484.3037568756145 3.356319613798494e-16 1.0122639951474417e-16
1484.8847350479086 2.4858998221727064e-16 8.792632788162655e-17
1485.4657119036735 3.4097695103526085e-16 1.02785211452933e-16
1486.0466874429187 2.2099800307447001e-16 8.353172904536913e-17
1486.627661665652 1.588760640923578e-16 7.092926845365423e-17
1487.2086345718835 2.582233673357326e-16 9.114556262445023e-17
1487.7896061616216 2.7891328527294176e-16 9.29796867402763e-17
1488.3705764348754 1.9191089166575734e-16 7.820089410459969e-17
1488.9515453916536 1.7955777639789043e-16 7.571646706096402e-17
1489.5325130319657 2.8810732498957476e-16 9.590335330662253e-17
1490.11347935582 1.4575776043576502e-16 6.915308668537626e-17
1490.6944443632258 3.1397054959169876e-16 9.91910984565003e-17
1491.275408054192 2.623851843127278e-16 9.256757212421259e-17
1491.8563704287274 1.9507458619353175e-16 7.939562745925698e-17
1492.437331486841 2.816685775712416e-16 9.574250307342792e-17
1493.018291228542 1.9902895950778846e-16 8.092356901698533e-17
1493.5992496538393 2.552268294661429e-16 9.006249203504269e-17
1494.1802067627418 3.426484911473284e-16 1.0607581533900775e-16
1494.7611625552584 4.1468051708896893e-16 1.148822713078229e-16
1495.3421170313977 2.9910152147735996e-16 9.939900534038182e-17
1495.923070191169 2.580052563518146e-16 9.098733289943618e-17
1496.5040220345813 2.960528116721753e-16 9.847223218207741e-17
1497.0849725616438 2.673642027953662e-16 9.418259263938562e-17
1497.6659217723645 3.328006214047539e-16 1.0496030603469834e-16
1498.2468696667536 2.889219853963762e-16 9.610374939054208e-17
1498.827816244819 3.7357138765053716e-16 1.1234064307046797e-16
1499.4087615065703 1.2315773026293821e-16 6.624950406430283e-17
1499.9897054520159 4.689664086922438e-16 1.25104384029296e-16
1500.5706480811652 5.413912726329531e-16 1.3511787518283834e-16
1501.1515893940275 3.9312111983140323e-16 1.1327576744423672e-16
1501.7325293906106 1.1431514304496675e-16 6.479002659151426e-17
1502.3134680709245 2.4900809885585904e-16 9.357407225867731e-17
1502.8944054349777 5.142124735148452e-16 1.2844120415055532e-16
1503.4753414827787 2.5580924402671904e-16 1.014499235685907e-16
1504.0562762143375 4.658742619787328e-16 1.2427717694696338e-16
1504.6372096296625 1.8529506142188882e-16 8.198176463101217e-17
1505.2181417287622 2.0937886832517855e-16 8.491269715185906e-17
1505.7990725116463 4.0720076617846023e-16 1.1719210368520578e-16
1506.3800019783234 2.5877137118282653e-16 9.499285244532826e-17
1506.9609301288021 3.477552527863246e-16 1.0953061788539673e-16
1507.5418569630924 1.8470875580371124e-16 8.167101603593315e-17
1508.1227824812024 1.4978131251901076e-16 7.387304543505284e-17
1508.7037066831408 2.8669047709683473e-16 1.0072044952999244e-16
1509.2846295689171 1.8061597201191726e-16 8.002092968023276e-17
1509.8655511385402 2.8500774026799566e-16 1.0020096025297444e-16
1510.4464713920188 2.5922366030688073e-16 9.71881699387093e-17
1511.0273903293623 2.2085174430728084e-16 8.931685819599759e-17
1511.6083079505793 4.195861613425514e-16 1.2219478615080808e-16
1512.1892242556787 4.0446532621486167e-16 1.213698554695212e-16
1512.7701392446693 5.040542191366612e-16 1.3425895730454288e-16
1513.3510529175605 1.8982525832160084e-16 8.382116946786878e-17
1513.931965274361 3.064667641213117e-16 1.0745157551636105e-16
1514.51287631508 1.9590732545980114e-16 8.42051996477751e-17
1515.0937860397257 4.758406104548045e-16 1.31418670543942e-16
1515.674694448308 4.2251321604068665e-16 1.2664965005777367e-16
1516.255601540835 5.776699584616508e-16 1.414348086754445e-16
1516.8365073173163 4.1038002493664044e-16 1.2301107444905501e-16
1517.4174117777604 6.789097185976489e-16 1.5648270632544176e-16
1517.9983149221766 4.53501863476426e-16 1.2530208681314108e-16
1518.5792167505738 3.2614532471949924e-16 1.1243659602152412e-16
1519.1601172629607 3.070417406738198e-16 1.0766216246542725e-16
1519.7410164593464 4.266364665488022e-16 1.2404158267361847e-16
1520.3219143397398 3.9553309908826905e-16 1.241729389548919e-16
1520.9028109041499 3.396702438954435e-16 1.1236729813852688e-16
1521.4837061525855 3.693589075153843e-16 1.1618210953983363e-16
1522.0646000850556 2.7646570416251166e-16 1.0342173024301501e-16
1522.6454927015693 6.247973893392224e-16 1.5097904357620794e-16
1523.2263840021353 2.810946598099176e-16 1.0697597313392266e-16
1523.807273986763 2.8871427703584167e-16 1.06037520185369e-16
1524.3881626554605 1.4008269262872041e-16 7.572375948524429e-17
1524.9690500082374 3.524411449296538e-16 1.1653389291074018e-16
1525.5499360451024 3.930754594615903e-16 1.2339038639074733e-16
1526.130820766065 2.390755258185591e-16 9.637507786634927e-17
1526.7117041711335 1.407439077231708e-16 7.854973932997045e-17
1527.292586260317 9.217879061886776e-17 6.245100466467562e-17
1527.8734670336246 3.9668580505036375e-16 1.258576477823113e-16
1528.454346491065 2.1302453783483046e-16 9.359687597380417e-17
1529.0352246326472 5.888964802050001e-16 1.5131867731827731e-16
1529.61610145838 4.203458704868997e-16 1.3173481235661486e-16
1530.196976968273 3.6239637609829277e-16 1.1971529572106813e-16
1530.7778511623344 1.8712956273207423e-16 8.912017449866718e-17
1531.3587240405734 4.1325644294639763e-16 1.2946794043152554e-16
1531.9395956029991 4.4515827130861595e-16 1.331768065399765e-16
1532.5204658496205 5.294156561268758e-16 1.4589201515790483e-16
1533.101334780446 2.1194741632838841e-16 9.312973730339342e-17
1533.6822023954849 4.908933917791383e-16 1.4070441481200507e-16
1534.2630686947464 2.9637606062067124e-16 1.1053541733652204e-16
1534.8439336782392 2.1547851139703438e-16 9.463021646478501e-17
1535.4247973459717 2.950290135367409e-16 1.1012665776502284e-16
1536.0056596979541 5.426912035091924e-16 1.494698426224376e-16
1536.586520734194 6.896628018630423e-16 1.6643441701339373e-16
1537.167380454701 2.641574684059594e-16 1.060656112389713e-16
1537.7482388594842 3.8416626104325116e-16 1.2673320191708643e-16
1538.329095948552 5.578851216983625e-16 1.5361638653660261e-16
1538.9099517219142 3.485028123018357e-16 1.2169424261854e-16
1539.490806179579 3.6171941148497937e-16 1.2626606324667568e-16
1540.0716593215554 3.653983402727008e-16 1.263039282663959e-16
1540.6525111478525 5.675305505665432e-16 1.5617259962251808e-16
1541.2333616584795 4.3218921750430735e-16 1.3534269625588535e-16
1541.8142108534444 6.708676172195022e-16 1.7202410654633307e-16
1542.3950587327574 3.540509839854698e-16 1.2356885887971177e-16
1542.9759052964268 3.7256040088842995e-16 1.2996749134705856e-16
1543.5567505444612 6.603809787555795e-16 1.693866841765996e-16
1544.1375944768706 6.200974152731451e-16 1.6453945872659805e-16
1544.7184370936627 4.636397890638759e-16 1.4499348525443543e-16
1545.2992783948473 5.07370935460313e-16 1.514010645072876e-16
1545.8801183804328 3.3165154180246463e-16 1.234210119257465e-16
1546.4609570504285 5.47757201687602e-16 1.5675866701267925e-16
1547.0417944048434 5.807683520431478e-16 1.591195728298036e-16
1547.622630443686 5.651445646332463e-16 1.61643426610156e-16
1548.2034651669658 8.146294900988503e-16 1.9065987694222194e-16
1548.784298574691 5.161492143487421e-16 1.540950395611401e-16
1549.3651306668712 3.767420172605672e-16 1.3134587865003733e-16
1549.945961443515 4.754301700523006e-16 1.4854543850940753e-16
1550.5267909046318 6.041668431176598e-16 1.660908392741637e-16
1551.1076190502301 3.8487443352671496e-16 1.3418604629663e-16
1551.6884458803188 3.3664059233157206e-16 1.2526125717810546e-16
1552.2692713949068 4.861670008730185e-16 1.5185233454482713e-16
1552.8500955940037 5.017677595746666e-16 1.4992160235089975e-16
1553.4309184776175 2.113527197900771e-16 1.0226697287300118e-16
1554.011740045758 3.8647188472567737e-16 1.3465837304384268e-16
1554.5925602984332 4.918110460983699e-16 1.536598366798188e-16
1555.1733792356529 3.8871482797000676e-16 1.355292420276283e-16
1555.7541968574255 3.4207851738316507e-16 1.2700245251519489e-16
1556.3350131637603 3.9725368770193855e-16 1.3816442770098544e-16
1556.9158281546663 3.936061256030451e-16 1.3701450106574892e-16
1557.4966418301517 5.01197071126454e-16 1.5646841264445685e-16
1558.0774541902265 6.610048714607915e-16 1.8164735373920758e-16
1558.6582652348989 8.405790326522554e-16 2.023710735849681e-16
1559.2390749641775 3.0000962020615537e-16 1.2008227274546606e-16
1559.8198833780725 6.544861058987224e-16 1.797851915093384e-16
1560.4006904765918 5.008380879754958e-16 1.5642326843534615e-16
1560.9814962597445 5.553040005498418e-16 1.6543319759995955e-16
1561.5623007275399 4.1280897132223095e-16 1.435562026918429e-16
1562.1431038799867 2.5633358389084906e-16 1.116717517399331e-16
1562.7239057170937 3.775653332852984e-16 1.3991368308596358e-16
1563.3047062388698 4.157063004578735e-16 1.446905915664532e-16
1563.8855054453245 6.118221680762666e-16 1.746888854332849e-16
1564.4663033364664 7.574606424502566e-16 1.9393776209919808e-16
1565.0470999123042 7.024400821141366e-16 1.8601098955077592e-16
1565.627895172847 9.993112599622576e-16 2.220146940740814e-16
1566.2086891181038 8.113979535259567e-16 2.0125828405051277e-16
1566.7894817480833 1.183555537308408e-15 2.4544725175494077e-16
1567.370273062795 1.012905609370097e-15 2.2501223779529595e-16
1567.9510630622474 7.191930703218466e-16 1.904578066447426e-16
1568.531851746449 9.25434740368632e-16 2.1658509376817312e-16
1569.1126391154098 1.4216456991115144e-15 2.678137390623418e-16
1569.6934251691382 1.0076857688326424e-15 2.2962613213810853e-16
1570.2742099076431 1.05425722845946e-15 2.3446247850869377e-16
1570.8549933309332 1.0603884764481602e-15 2.355177492120746e-16
1571.4357754390178 7.947316803162219e-16 2.0339378645943887e-16
1572.0165562319057 1.1863262879579953e-15 2.5131994293649165e-16
1572.5973357096057 1.1582765801514323e-15 2.4544420773028658e-16
1573.1781138721271 7.180312587555689e-16 1.9695235235847613e-16
1573.7588907194786 1.0437835601875421e-15 2.381347898515148e-16
1574.339666251669 6.614885272736737e-16 1.8867525227702551e-16
1574.9204404687075 3.565051560710207e-16 1.4200189723363125e-16
1575.501213370603 7.698134533156581e-16 2.0379328160807748e-16
1576.0819849573643 5.700007103989736e-16 1.7772225600119036e-16
1576.6627552290004 3.09665954623532e-16 1.3436899217834713e-16
1577.2435241855203 7.226428237577765e-16 1.9829585249193986e-16
1577.8242918269327 8.083540876904392e-16 2.1391650323295864e-16
1578.4050581532467 7.35937588200084e-16 2.0182422117328685e-16
1578.9858231644714 7.089726119615986e-16 2.0219863620575285e-16
1579.5665868606154 1.0491655016552776e-15 2.4528353616810428e-16
1580.147349241688 5.915791394280729e-16 1.8330024589154574e-16
1580.728110307698 1.2299546257304593e-15 2.6056120473993407e-16
1581.3088700586536 5.490071046803941e-16 1.7997002998029705e-16
1581.889628494565 1.0645183973407354e-15 2.431825768215584e-16
1582.4703856154404 8.530960620303058e-16 2.254826322485977e-16
1583.051141421289 1.433902265858284e-15 2.862005744159665e-16
1583.6318959121193 9.258603744246273e-16 2.3038735005989413e-16
1584.2126490879407 1.3837264692826627e-15 2.867286994585796e-16
1584.793400948762 1.7567498266163263e-15 3.1409699572885607e-16
1585.3741514945916 1.4575507904709137e-15 2.889098092977594e-16
1585.9549007254395 1.4985390324259045e-15 2.922700419390764e-16
1586.535648641314 1.3538638992107387e-15 2.8051232465868027e-16
1587.1163952422241 1.76373880134324e-15 3.2585860406685366e-16
1587.6971405281788 1.4887844951262056e-15 2.960418267136406e-16
1588.2778844991865 1.5336441011666222e-15 3.0590864881840994e-16
1588.858627155257 1.7150916874791758e-15 3.168988748392549e-16
1589.4393684963989 1.4426621747196697e-15 2.9894569388484477e-16
1590.0201085226206 1.4438100102423176e-15 2.9405166986450743e-16
1590.6008472339317 6.958163903457264e-16 2.068493235422118e-16
1591.181584630341 1.5928021527522834e-15 3.154480397495063e-16
1591.7623207118572 1.1390557085123377e-15 2.6620329120159497e-16
1592.3430554784895 9.594876883097414e-16 2.451294291112632e-16
1592.923788930247 1.0847981660430162e-15 2.6851516175200717e-16
1593.5045210671378 9.50203889570479e-16 2.4282351426126137e-16
1594.0852518891716 7.804414404026538e-16 2.2412629427202716e-16
1594.665981396357 5.723991900682425e-16 1.9825459934043061e-16
1595.246709588703 1.0597427197049972e-15 2.6234243561867106e-16
1595.8274364662188 6.900329023214332e-16 2.1465164842183657e-16
1596.408162028913 1.051189063366268e-15 2.620824759132028e-16
1596.9888862767946 3.0587887031635803e-16 1.4643686910122616e-16
1597.5696092098726 6.920989744984641e-16 2.155146823508601e-16
1598.1503308281558 6.915419973960852e-16 2.1518461743411674e-16
1598.7310511316534 5.548325737751356e-16 1.9230204883382142e-16
1599.3117701203741 5.774075900062388e-16 1.9994972402612328e-16
1599.8924877943266 6.208348633328484e-16 2.0315584961059922e-16
1600.4732041535203 3.028866999604026e-16 1.4537786615892147e-16
1601.053919197964 5.787105384373527e-16 2.0038266374128864e-16
1601.6346329276666 3.6060071918967286e-16 1.5617814504134464e-16
1602.2153453426367 8.807349588574505e-16 2.508042057507322e-16
1602.7960564428838 1.8636204500274342e-16 1.161238098502609e-16
1603.3767662284165 3.8768338006826743e-16 1.6826093768502922e-16
1603.9574746992437 4.605558479820414e-16 1.8289288921836543e-16
1604.5381818553744 4.523736685302425e-16 1.796495206539899e-16
1605.1188876968179 5.794172286131588e-16 2.0086316965039824e-16
1605.6995922235824 3.8221782056677026e-16 1.692713818166546e-16
1606.2802954356773 1.8509398374114453e-16 1.20230940262599e-16
1606.8609973331113 8.136388850670364e-16 2.4175593511036573e-16
1607.4416979158934 5.182850608648031e-16 1.9137751237189335e-16
1608.0223971840333 1.1616187339332813e-16 9.875351329501484e-17
1608.6030951375383 3.3042704979809013e-16 1.58427070455864e-16
1609.183791776419 4.549474178451441e-17 6.894870028218176e-17
1609.7644871006828 4.067652059551143e-16 1.7591324508876139e-16
1610.34518111034 4.0331087324731326e-16 1.742460724903281e-16
1610.9258738053986 3.077751653270236e-16 1.5577786903420778e-16
1611.506565185868 3.992743377371729e-16 1.727717851758524e-16
1612.087255251757 7.146867491633353e-16 2.339279477794171e-16
1612.6679440030746 5.479763714627041e-16 2.0234317443726792e-16
1613.2486314398298 1.2018539900679427e-16 1.0251646378063697e-16
1613.8293175620308 1.9872761430191294e-16 1.2916355120099583e-16
1614.4100023696874 8.297807390033024e-16 2.496014189656311e-16
1614.9906858628083 3.537984887578492e-16 1.6947051396859817e-16
1615.5713680414024 2.5786705763251416e-16 1.4110659664327325e-16
1616.152048905478 4.3367417213996254e-16 1.8738998565868552e-16
1616.7327284550454 5.561352045688943e-16 2.051601545569295e-16
1617.3134066901123 4.292043263377424e-16 1.8559238322126488e-16
1617.894083610688 4.227446148539647e-16 1.8270095684647352e-16
1618.4747592167819 7.398980495636491e-16 2.420375470955482e-16
1619.055433508402 8.168568161732147e-16 2.5407947039952775e-16
1619.636106485558 5.721920375730796e-16 2.1119589958082684e-16
1620.2167781482588 6.377404233501825e-16 2.2097339941433024e-16
1620.7974484965127 3.0333930672181203e-16 1.5863983454430245e-16
1621.3781175303293 4.298046344693293e-16 1.8587212908698542e-16
1621.958785249717 2.106352564139731e-16 1.3660050047788858e-16
1622.5394516546853 3.6549701961105594e-16 1.7491476529751598e-16
1623.1201167452425 3.572537214381567e-16 1.7136515461803862e-16
1623.700780521398 2.9578377283230367e-16 1.611085517737445e-16
1624.2814429831606 5.15676517024615e-16 2.047078919026549e-16
1624.8621041305387 6.73001875548787e-16 2.3300685238883726e-16
1625.4427639635421 5.212155301645069e-16 2.0712224020479509e-16
1626.0234224821793 2.938670696215652e-16 1.5972562490356405e-16
1626.604079686459 4.605064024337455e-16 1.9891230718908378e-16
1627.1847355763907 4.823898692029747e-16 2.0165920856724987e-16
1627.7653901519832 9.303849067915045e-16 2.7618186871584266e-16
1628.3460434132446 8.326840503091349e-16 2.6309126568360307e-16
1628.9266953601848 5.718094963182759e-16 2.207747834230889e-16
1629.5073459928126 5.13177558071978e-16 2.0378809353127555e-16
1630.0879953111364 6.225605341442014e-16 2.29679998139598e-16
1630.6686433151656 6.845656752238211e-16 2.3705815803599537e-16
1631.2492900049087 1.3265343282280195e-16 1.12328811078986e-16
1631.829935380375 5.345350703205216e-16 2.1214420590483723e-16
1632.4105794415734 3.9022349952818507e-16 1.8683003070610142e-16
1632.9912221885127 1.8118034741769484e-16 1.2728522917067981e-16
1633.5718636212018 5.959040896567533e-16 2.252206079003205e-16
1634.1525037396495 2.1571648795054343e-16 1.4112160500830742e-16
1634.7331425438651 3.930971382110841e-16 1.893896451586957e-16
1635.3137800338575 2.131859637857314e-16 1.3853853833098602e-16
1635.8944162096352 2.927563182601392e-16 1.6008009495710018e-16
1636.4750510712074 5.150542125061791e-16 2.0470173767889752e-16
1637.055684618583 1.3772275295855153e-16 1.1736792919621005e-16
1637.636316851771 6.911534739710914e-16 2.3959716576516974e-16
1638.2169477707798 2.993002301128299e-16 1.6371434275685396e-16
1638.7975773756193 4.874509440023784e-16 2.1096395813706697e-16
1639.3782056662976 3.778181726200538e-16 1.8129738354820375e-16
1639.9588326428243 6.357280318861839e-16 2.3478188933914745e-16
1640.5394583052077 1.3411813807706185e-16 1.1469004776835538e-16
1641.1200826534566 7.374641003897139e-16 2.5533665258171035e-16
1641.700705687581 8.20558879548308e-16 2.6873186983760627e-16
1642.2813274075884 4.888010086411833e-16 2.1159350214022392e-16
1642.8619478134888 1.1144339695130925e-16 1.097096528571777e-16
1643.4425669052907 5.466696378531071e-17 8.369856144875372e-17
1644.0231846830027 4.592470761994151e-16 2.0610597272165734e-16
1644.6038011466346 6.346147129561365e-16 2.344909335217656e-16
1645.1844162961945 4.3019720777060205e-16 2.0644024633335737e-16
1645.765030131692 8.364935280498519e-16 2.740235228871203e-16
1646.3456426531352 3.0361694824005423e-16 1.6669564726828288e-16
1646.9262538605337 3.2348606478159437e-16 1.7668146426725163e-16
1647.5068637538964 6.668076824241939e-16 2.462730294691749e-16
1648.0874723332317 5.920982118060622e-16 2.353320901779483e-16
1648.668079598549 3.10869879609156e-16 1.701915375300586e-16
1649.2486855498573 7.002942300213862e-16 2.586394987408509e-16
1649.8292901871648 5.829803256453432e-16 2.3174035284423487e-16
1650.4098935104812 6.848334964538311e-16 2.531255789520214e-16
1650.990495519815 5.211674610447502e-16 2.2546442104023174e-16
1651.5710962151754 1.479255295060256e-16 1.2615608131243063e-16
1652.1516955965712 3.347645731720814e-16 1.8309952555282607e-16
1652.732293664011 2.460450717272451e-16 1.5997973478774034e-16
1653.3128904175041 5.907813932104369e-16 2.350948680131579e-16
1653.8934858570597 3.17146817264784e-16 1.7399261111575206e-16
1654.4740799826861 2.311702202613939e-16 1.5137856519462615e-16
1655.0546727943924 5.11421182316287e-16 2.2158720713351399e-16
1655.6352642921875 3.3503996475905745e-16 1.8338483007226296e-16
1656.2158544760805 6.701284221543452e-16 2.478106324964579e-16
1656.7964433460804 1.555895894919009e-16 1.3282666429540526e-16
1657.377030902196 2.337889020271694e-16 1.5301683279373438e-16
1657.957617144436 1.517676841896609e-16 1.2995174182819555e-16
1658.5382020728096 -3.214630655534204e-17 3.992810187198841e-20
1659.1187856873255 3.310413869128659e-16 1.814619991075467e-16
1659.6993679879927 5.147443572661617e-16 2.2324498296018866e-16
1660.2799489748204 5.143894504612621e-16 2.233316979581638e-16
1660.8605286478173 3.299551465673511e-16 1.8136312124584456e-16
1661.441107006992 2.4213381768395956e-16 1.5902219051064896e-16
1662.021684052354 5.668833115157225e-16 2.355030055448365e-16
1662.6022597839114 6.211042198100752e-16 2.476019447540781e-16
1663.1828342016743 2.387636853450715e-16 1.5720736948159742e-16
1663.7634073056506 1.5179662889365535e-16 1.3099177917341563e-16
1664.3439790958496 2.395324471540436e-16 1.577453809868917e-16
1664.9245495722803 4.2807414615808875e-16 2.0660007086259241e-16
1665.5051187349516 6.371770935006992e-16 2.540129253736091e-16
1666.085686583872 5.740398399475149e-16 2.4923608306756846e-16
1666.6662531190511 3.496260309294541e-16 1.920850495806467e-16
1667.2468183404976 5.502022152294108e-16 2.3913831213577433e-16
1667.8273822482201 6.271196360432385e-16 2.5013621439270376e-16
1668.4079448422278 6.330542929788369e-17 9.823897386678236e-17
1668.9885061225293 2.741031175143826e-16 1.7928692437811606e-16
1669.569066089134 4.392186115846728e-16 2.124246532197172e-16
1670.1496247420505 4.3941933192339245e-16 2.1271133416769338e-16
1670.730182081288 3.3464093283156187e-16 1.850342546834733e-16
1671.3107381068548 1.3944023137311783e-16 1.2996778251463418e-16
1671.8912928187606 4.517131416500618e-16 2.1878624123051143e-16
1672.471846217014 6.144365882075262e-16 2.4589287049453534e-16
1673.0523983016233 1.1643366773725632e-15 3.470429774870225e-16
1673.6329490725982 5.392163037826409e-16 2.351916150576021e-16
1674.2134985299474 5.352040675301749e-16 2.3355895905176945e-16
1674.7940466736802 5.343757222473194e-16 2.331665180993947e-16
1675.3745935038048 5.665746209460075e-16 2.4661364259308954e-16
1675.9551390203303 4.524457192703183e-16 2.1886651083715357e-16
1676.5356832232662 3.8468549223991805e-16 2.123183505848368e-16
1677.1162261126208 4.531267337599108e-16 2.1975324845381042e-16
1677.696767688403 4.554867793091981e-16 2.2051295759815872e-16
1678.2773079506221 2.708442111893809e-16 1.796790344582458e-16
1678.8578468992866 3.3924723034762876e-16 1.8834713288908288e-16
1679.438384534406 9.176541868827296e-17 1.1468042600347016e-16
1680.0189208559889 6.445832319541356e-16 2.5824480785721e-16
1680.5994558640439 7.813399306014538e-16 2.846605361689602e-16
1681.1799895585802 3.7862706261490207e-16 2.0945948203895552e-16
1681.7605219396066 2.609842447575284e-16 1.7356364186752696e-16
1682.3410530071324 2.649606673981933e-16 1.75894597129032e-16
1682.9215827611663 2.719377571940658e-16 1.7999125874353761e-16
1683.5021112017168 4.777506168113037e-16 2.317422851381458e-16
1684.0826383287936 4.623100002762459e-16 2.246888829676816e-16
1684.6631641424046 2.634457225022494e-16 1.7565497944918763e-16
1685.24368864256 6.864755227616428e-16 2.7515529125355005e-16
1685.8242118292676 4.816454331214566e-16 2.2847234091505017e-16
1686.4047337025368 3.8133494753793526e-16 2.1200296316088257e-16
1686.9852542623764 5.743021554633677e-16 2.5136494156181453e-16
1687.5657735087955 4.853180091620737e-16 2.36300645883354e-16
1688.146291441803 5.717166403314332e-16 2.507733419877166e-16
1688.7268080614072 5.034119564044056e-16 2.445477027649567e-16
1689.307323367618 6.23858453317191e-16 2.7255460893790373e-16
1689.8878373604434 4.815365893877344e-16 2.347969241739612e-16
1690.4683500398928 2.810465906901609e-16 1.8808968781267678e-16
1691.0488614059755 2.6576897505789033e-16 1.786512129163119e-16
1691.6293714586996 5.155442210661657e-16 2.507309109310151e-16
1692.2098801980744 2.8540407227797186e-16 1.9090997665478858e-16
1692.790387624109 6.462018325069998e-17 1.0984861920008661e-16
1693.370893736812 4.085531336880905e-16 2.2409021596243005e-16
1693.9513985361923 2.7065182883123575e-16 1.8267686934703598e-16
1694.531902022259 6.17422749923512e-16 2.710533489180139e-16
1695.1124041950209 1.720323915873484e-16 1.5454510522370775e-16
1695.692905054487 4.891743913522449e-16 2.396898629333349e-16
1696.273404600666 5.27993805445791e-16 2.5781194755138343e-16
1696.8539028335674 2.721108960224405e-16 1.8462967733715117e-16
1697.4343997531994 8.386137573959478e-16 3.1365524157708335e-16
1698.0148953595713 4.091174693891987e-16 2.289797136504555e-16
1698.5953896526921 3.9327268578940255e-16 2.2115320862716456e-16
1699.1758826325702 1.7941166321448906e-16 1.6133182436468482e-16
1699.7563742992152 5.200010966763811e-16 2.5499180429305944e-16
1700.3368646526353 4.0799515073408675e-16 2.2863147723001557e-16
1700.91735369284 3.0367015249705364e-16 2.0481416806775572e-16
1701.4978414198379 3.0308366159041884e-16 2.0441990070058845e-16
1702.0783278336378 2.9064990613899536e-16 1.9702383399829051e-16
1702.6588129342492 5.459044759341608e-16 2.678728196104128e-16
1703.2392967216806 6.128890854826722e-17 1.1296171674415238e-16
1703.8197791959408 5.186652198394426e-16 2.5534160243049586e-16
1704.4002603570386 4.2361888520442913e-16 2.383217723746212e-16
1704.9807402049837 7.564968248353996e-16 3.058641266491199e-16
1705.5612187397842 4.4181728219706937e-16 2.456958559249599e-16
1706.1416959614492 6.774674861862709e-16 2.9913595866062177e-16
1706.7221718699877 9.327748102521826e-16 3.4928210908308926e-16
1707.3026464654085 6.726348455848299e-16 2.9711840558960083e-16
1707.8831197477211 6.198758499829891e-17 1.1730417673203936e-16
1708.4635917169337 6.725569979630213e-17 1.2384295344748734e-16
1709.0440623730553 3.093740723638641e-16 2.1127681769706922e-16
1709.624531716095 6.749253814928831e-17 1.2497724967786906e-16
1710.2049997460617 4.253719522376699e-16 2.4118958770600783e-16
1710.7854664629642 1.0865688884192514e-15 3.6259603764582837e-16
1711.3659318668115 4.871220305210477e-16 2.8326174066590853e-16
1711.9463959576128 4.604508688361411e-16 2.539694090559439e-16
1712.5268587353764 1.0024222002192858e-15 3.603443329044508e-16
1713.1073202001116 2.0925530739399783e-16 1.470803626782332e-16
1713.6877803518273 8.472199297774067e-16 3.343531533877322e-16
1714.268239190532 1.0047112008801221e-15 3.636106772375206e-16
1714.8486967162353 1.1101754849009919e-15 3.8262603750778763e-16
1715.4291529289455 2.1746717270362006e-16 1.805416978103549e-16
