wavelength flux error
1582.9964416141154 -1.0344090357492994e-13 4.658614802515587e-14
1584.5400460284745 -4.7941569300319255e-15 2.558656818319946e-14
1586.083659335583 1.8867769014372683e-14 1.2260934895678716e-14
1587.6272815355935 -2.3727008991456314e-14 1.047601624724762e-14
1589.1709126286605 2.2175834167017724e-14 1.1077894142644002e-14
1590.7145526149377 1.155418373350041e-15 9.031321087575421e-15
1592.2582014945783 -1.6126719575080932e-14 7.429281087621264e-15
1593.8018592677367 -5.024929362445465e-15 6.1916926833327935e-15
1595.3455259345662 5.9537657871302704e-15 5.94589939214912e-15
1596.8892014952205 -6.609351077096733e-15 4.8267854861931084e-15
1598.4328859498537 4.377221055371994e-15 4.8645864490467e-15
1599.9765792986193 2.943657390934375e-15 4.2638325663713235e-15
1601.520281541671 6.703752475551751e-15 3.912638730396061e-15
1603.0639926791625 -1.7734624219403641e-15 3.1965500887654605e-15
1604.6077127112476 3.83968166506668e-15 3.093060873819351e-15
1606.1514416380799 8.8394749012859e-16 2.7338462711083006e-15
1607.6951794598135 1.2824049175276953e-15 2.5070360470637798e-15
1609.238926176602 7.244791382478646e-16 2.281885372321167e-15
1610.7826817885991 1.5671457365381875e-15 2.0993224553753163e-15
1612.3264462959585 1.842732035212992e-15 1.916670599970004e-15
1613.8702196988343 -2.2780270843068644e-16 1.723574828325046e-15
1615.4140019973795 1.0406346093270059e-15 1.662310629316037e-15
1616.9577931917488 5.083218358227243e-16 1.518625571737093e-15
1618.5015932820957 9.889506705887982e-16 1.4558606421037862e-15
1620.0454022685735 -4.638117896917278e-16 1.2875319020783072e-15
1621.5892201513368 2.1089417850408097e-15 1.311334798445574e-15
1623.1330469305387 8.055975777822777e-16 1.196212750639229e-15
1624.6768826063335 7.007194935004671e-16 1.1214825277138895e-15
1626.2207271788748 1.9519438047507515e-15 1.1340623434091552e-15
1627.7645806483163 5.536457217973547e-16 1.0019226625386426e-15
1629.308443014812 1.1693673119254249e-15 9.698727357595528e-16
1630.8523142785152 -2.6582736739169167e-16 8.671649087072853e-16
1632.3961944395808 -1.0427192632893171e-15 8.029940102606548e-16
1633.9400834981616 1.4424649219220778e-15 8.439457239197952e-16
1635.483981454412 5.257843200028782e-16 8.016271108420231e-16
1637.0278883084857 9.019920447621852e-16 7.672432906558925e-16
1638.5718040605364 -5.916321319268355e-17 7.035542480771312e-16
1640.115728710718 -2.305083169526739e-16 6.444982639616141e-16
1641.6596622591844 3.419326424277801e-16 6.790449262318544e-16
1643.2036047060894 4.303383181656587e-16 6.486420020791414e-16
1644.7475560515873 -1.0306229975278153e-15 5.761188293769914e-16
1646.2915162958313 4.510994133402168e-16 6.084538356823915e-16
1647.8354854389756 6.625358305733945e-16 5.926356012715358e-16
1649.3794634811743 -1.0935028060045935e-15 4.950667760498194e-16
1650.9234504225803 -1.1322513075585867e-16 5.349454577834663e-16
1652.4674462633488 5.45788961815979e-16 5.415345800197167e-16
1654.0114510036326 1.141434494665583e-15 5.595708231425169e-16
1655.5554646435867 1.9828955268439465e-16 5.058376999466643e-16
1657.099487183364 9.879928880836904e-16 5.301046115503488e-16
1658.6435186231188 -8.622790109092857e-17 4.613113484314331e-16
1660.1875589630047 3.251887333544735e-16 4.716853844529301e-16
1661.731608203176 -4.145720373147163e-17 4.538020837166685e-16
1663.2756663437867 8.06534925617533e-16 4.705463368971099e-16
1664.8197333849903 -1.4058670370211633e-16 4.2450017004648803e-16
1666.3638093269408 -3.993678289987261e-17 4.1908106500819183e-16
1667.9078941697926 -3.691420538459974e-17 4.0986240839652925e-16
1669.4519879136992 3.2694730610187146e-16 4.185737452123457e-16
1670.9960905588143 1.5053964523481977e-16 3.94010054439767e-16
1672.5402021052926 7.015981346732883e-18 3.8066367392723623e-16
1674.0843225532872 3.435767598481803e-16 3.9584163083930643e-16
1675.6284519029527 -2.2089195190249582e-16 3.58780736553599e-16
1677.1725901544426 3.333406181435183e-17 3.665865422092414e-16
1678.7167373079112 1.9430083483110475e-16 3.610271738088358e-16
1680.2608933635124 1.6525386484315805e-16 3.6379027469211813e-16
1681.8050583213999 4.71496125528778e-16 3.6593416802117797e-16
1683.3492321817282 8.982356653993492e-16 3.7556980307090608e-16
1684.8934149446504 7.134971443284758e-16 3.6178158899726376e-16
1686.4376066103212 5.293005125856084e-16 3.5220527272362306e-16
1687.9818071788945 8.83493827884719e-18 3.2293528160764226e-16
1689.5260166505243 -1.8407097969909815e-16 3.108437539366891e-16
1691.0702350253646 6.478778195420404e-16 3.4289410423225255e-16
1692.6144623035686 5.962034099244893e-16 3.2900162569675915e-16
1694.1586984852916 1.765795159111157e-16 3.1264441363365375e-16
1695.7029435706866 4.898329594687351e-16 3.162097076575451e-16
1697.247197559908 6.478492851196298e-16 3.2810287080016313e-16
1698.7914604531102 -3.8900956896587165e-16 2.784913569860907e-16
1700.3357322504464 -1.706938413026702e-16 2.7925662478415537e-16
1701.8800129520714 6.261894350484756e-16 3.071840951485177e-16
1703.4243025581388 4.4198361829208643e-16 3.128134231764106e-16
1704.9686010688026 3.5532648325513675e-16 2.921686626832019e-16
1706.512908484217 2.9986236882223113e-16 2.856195892234889e-16
1708.057224804536 -5.610296256359257e-17 2.670635590386501e-16
1709.6015500299136 7.435199624461085e-16 3.02365324711588e-16
1711.1458841605038 5.96482877857524e-16 2.902017198307794e-16
1712.690227196461 5.249932441697019e-16 2.852644177207933e-16
1714.234579137939 3.631140578500785e-17 2.5726923766020984e-16
1715.7789399850915 -3.976286850695558e-16 2.4078931169887097e-16
1717.3233097380732 3.72776579578437e-16 2.6864909883679176e-16
1718.867688397038 7.195282836107225e-16 2.8120784458749446e-16
1720.4120759621396 4.642039659463065e-16 2.675002045229597e-16
1721.9564724335326 3.20095418363515e-16 2.605179001805057e-16
1723.5008778113709 1.1968934541089112e-17 2.418678228687421e-16
1725.0452920958082 1.9733951258982035e-16 2.4718298108254244e-16
1726.589715286999 2.337512090610166e-16 2.415165953632072e-16
1728.1341473850978 2.46324592599839e-16 2.4500383000705314e-16
1729.6785883902578 4.1287927505685306e-16 2.50910614264731e-16
1731.2230383026338 -3.126979884675676e-16 2.1463449600465467e-16
1732.7674971223794 3.949863128510368e-16 2.4367345888427186e-16
1734.3119648496495 6.982395927891433e-16 2.5199071362137825e-16
1735.856441484597 4.615612231508731e-16 2.369102449075811e-16
1737.400927027377 4.2723788641113234e-16 2.3970767709500683e-16
1738.9454214781435 7.306378089282323e-16 2.4614406870295544e-16
1740.4899248370507 3.296012456140764e-16 2.306221370049612e-16
1742.0344371042522 3.904030969827826e-16 2.2844555349809325e-16
1743.5789582799025 1.5682093716919225e-16 2.1501008894231295e-16
1745.1234883641557 1.7102360181694813e-16 2.1498780138788832e-16
1746.6680273571662 6.886156573819992e-16 2.3598314087703166e-16
1748.2125752590875 2.1661839275091205e-16 2.1449072539674806e-16
1749.7571320700747 -3.6189188195141913e-17 1.969238841105145e-16
1751.3016977902812 2.630529109729602e-16 2.1137138098469628e-16
1752.8462724198614 5.584110762190482e-16 2.2104953973535452e-16
1754.3908559589697 3.9033358734154853e-16 2.111374807772459e-16
1755.93544840776 7.4927396313592535e-16 2.2898336648004053e-16
1757.4800497663866 7.357364708146703e-16 2.232952755414319e-16
1759.0246600350033 4.123905370462873e-16 2.066889166778255e-16
1760.5692792137652 5.615559507335258e-16 2.1926191640484372e-16
1762.1139073028257 6.406632164138019e-16 2.0823276657309448e-16
1763.6585443023394 4.496280112317177e-16 2.0597256503246479e-16
1765.2031902124602 2.5233855299512415e-16 1.9398990756501342e-16
1766.7478450333426 8.546078040829179e-17 1.8856182927143224e-16
1768.2925087651404 1.2679872785649043e-16 1.8807511619900604e-16
1769.8371814080087 4.1542148562935923e-16 1.9783901056579417e-16
1771.3818629621005 1.6691663022328765e-16 1.8435684008390668e-16
1772.9265534275712 2.1019188760564467e-16 1.894487389416565e-16
1774.471252804574 2.6143139874433986e-16 1.8746989792330304e-16
1776.015961093264 2.4073602803253275e-16 1.8551720904719606e-16
1777.5606782937946 2.868288346348128e-16 1.8727968608708525e-16
1779.1054044063208 2.1194348556611756e-16 1.8219136064958166e-16
1780.6501394309967 4.45870943654612e-16 1.9123224622143923e-16
1782.1948833679762 3.644809506512652e-16 1.8310399894557876e-16
1783.739636217414 1.1664113522279646e-16 1.6963073554452724e-16
1785.284397979464 5.4804461055451724e-17 1.7215759364486443e-16
1786.829168654281 6.140914752210793e-16 1.8826195313832462e-16
1788.3739482420185 4.90667392800899e-16 1.844602839825901e-16
1789.9187367428308 2.7030578940250276e-16 1.7520488731684038e-16
1791.463534156873 4.595521668791043e-16 1.7609552922598847e-16
1793.0083404842992 3.3857452736883124e-16 1.7330627620045966e-16
1794.553155725263 5.236641965359007e-16 1.8028651590010474e-16
1796.0979798799192 4.2884963129107966e-16 1.764735044438109e-16
1797.6428129484223 7.828379613082322e-16 1.8747606538195024e-16
1799.1876549309256 2.7760896041328855e-16 1.6380940897029345e-16
1800.7325058275849 1.6541886421430523e-16 1.5990012692558824e-16
1802.2773656385534 5.85859231814383e-16 1.7856871984818322e-16
1803.822234363986 6.176488547808697e-16 1.7539983724360687e-16
1805.3671120040365 3.609306120528488e-16 1.645462614599557e-16
1806.9119985588598 7.769849107031458e-16 1.7940973092057813e-16
1808.4568940286094 3.7390964496406725e-16 1.6387218205261888e-16
1810.0017984134408 5.80471347881127e-17 1.483890682864105e-16
1811.5467117135076 3.3020398896538663e-16 1.5815898452805802e-16
1813.091633928964 4.983323527592808e-16 1.6708999404478896e-16
1814.6365650599646 4.94857135395374e-16 1.6258158177368914e-16
1816.1815051066637 4.678017383897691e-16 1.6148660640090575e-16
1817.7264540692163 5.617634738056031e-16 1.614842505905212e-16
1819.2714119477757 3.5696109802465994e-16 1.5399191329981189e-16
1820.816378742497 5.151100108015795e-16 1.610243249350519e-16
1822.361354453534 2.4841038476267313e-16 1.4894330576660064e-16
1823.9063390810418 2.451250351278493e-16 1.4966206616190512e-16
1825.451332625174 3.900444579389592e-16 1.511499721779859e-16
1826.9963350860853 1.505540447949231e-16 1.397049424040246e-16
1828.5413464639303 3.165967752446607e-16 1.4778636463976967e-16
1830.0863667588635 3.608662110790779e-16 1.4935084772823816e-16
1831.6313959710387 4.054941933130898e-17 1.319803725019798e-16
1833.176434100611 4.081921917734418e-16 1.4979692968897576e-16
1834.721481147734 3.595733476339922e-16 1.4580674276291796e-16
1836.266537112563 3.6402950856015827e-16 1.4454912382937194e-16
1837.8116019952517 5.596263567401213e-16 1.5241870841896463e-16
1839.3566757959547 3.7822710424512043e-16 1.4353809736259533e-16
1840.9017585148265 2.43697440504591e-16 1.3752192674071345e-16
1842.446850152022 3.4476943517747357e-16 1.4015307577268133e-16
1843.9919507076947 -3.20240426433618e-17 1.22786253376008e-16
1845.537060182 4.921579590298297e-16 1.4835795306048871e-16
1847.0821785750913 1.5111777169110044e-16 1.3081760802363646e-16
1848.627305887124 2.0996232844204896e-16 1.3286569398542796e-16
1850.1724421182519 2.274249582059906e-16 1.3262563955422017e-16
1851.71758726863 2.656902274635753e-16 1.3235993590657834e-16
1853.2627413384125 3.57321087027243e-16 1.3847691668407327e-16
1854.8079043277535 7.547187967999944e-17 1.248938301674543e-16
1856.353076236808 3.2511615321880567e-16 1.3446793621449827e-16
1857.89825706573 3.910958905242978e-16 1.3552500686289204e-16
1859.4434468146746 5.41861058281324e-16 1.390264425434943e-16
1860.9886454837958 2.527061652942325e-16 1.332467926372434e-16
1862.5338530732486 3.675835793974985e-16 1.3309227529881848e-16
1864.0790695831865 5.725020516317747e-16 1.4425160350664887e-16
1865.6242950137653 5.247730156034158e-16 1.392773628192286e-16
1867.1695293651383 3.8850547848313694e-16 1.3272474240904892e-16
1868.7147726374608 5.538570035781354e-16 1.3886150934679613e-16
1870.2600248308866 5.27494320704707e-16 1.3521159143751815e-16
1871.8052859455709 4.693672140949727e-16 1.3453612236675224e-16
1873.350555981668 6.843225767679591e-16 1.423192037166066e-16
1874.8958349393326 6.756495417232263e-16 1.407874505106156e-16
1876.4411228187184 5.612642537623151e-16 1.3534637555524999e-16
1877.986419619981 6.315687824778101e-16 1.3631421657660643e-16
1879.5317253432745 2.953400069772812e-16 1.2291929048828613e-16
1881.0770399887535 3.8725329908929906e-16 1.259090785640774e-16
1882.6223635565723 8.535166668281768e-16 1.4341723634893398e-16
1884.1676960468856 7.618902541874821e-16 1.4004228651015842e-16
1885.7130374598478 8.369372674350947e-16 1.4144177022747974e-16
1887.258387795614 4.999527267873782e-16 1.2954496749016648e-16
1888.803747054338 5.803061896913022e-16 1.3362708396078097e-16
1890.349115236175 7.312536548204453e-16 1.3432575379336776e-16
1891.8944923412791 5.006768340781623e-16 1.2913730641452074e-16
1893.4398783698052 6.850634658990106e-16 1.3169302980951358e-16
1894.985273321908 4.715223835501429e-16 1.2496987784424998e-16
1896.5306771977416 3.665632223334123e-16 1.2011860251796939e-16
1898.076089997461 4.044204069988776e-16 1.206211842232668e-16
1899.6215117212205 5.469968837383229e-16 1.269074524762044e-16
1901.1669423691749 3.096813600352602e-16 1.1446395614588749e-16
1902.712381941479 4.207355321124163e-16 1.2024011204123098e-16
1904.257830438287 4.1689129955108225e-16 1.1837077650108974e-16
1905.8032878597533 5.339753933006233e-16 1.2218787753833204e-16
1907.3487542060334 5.492911783550795e-16 1.2301340378965996e-16
1908.8942294772812 1.5057928372977331e-16 1.0518312202194052e-16
1910.4397136736518 3.6883663229406323e-16 1.1611225579146475e-16
1911.985206795299 5.349491106130513e-16 1.195806439522343e-16
1913.5307088423785 6.909311807619964e-16 1.2614067590070244e-16
1915.0762198150442 8.825033518930806e-16 1.3252731755788967e-16
1916.621739713451 5.951423952789349e-16 1.2040496582859034e-16
1918.1672685377537 4.841606445187691e-16 1.176150378236817e-16
1919.7128062881063 2.9034245964892165e-16 1.0782042527766579e-16
1921.2583529646645 3.6886670196369076e-16 1.108265055028019e-16
1922.803908567582 1.5367765084149074e-16 1.0151341133496537e-16
1924.349473097014 2.807127273600447e-16 1.0515611622930189e-16
1925.8950465531152 2.473895512425541e-16 1.022781166502135e-16
1927.4406289360397 2.816044942348259e-16 1.0633003771974735e-16
1928.9862202459428 2.260598057928127e-16 1.0449883851456726e-16
1930.531820482979 1.0613151437273462e-16 9.813458367347817e-17
1932.0774296473028 1.226443621224531e-16 9.854571890769662e-17
1933.6230477390695 3.3834259915996117e-16 1.0482217348984689e-16
1935.1686747584329 5.250148435098569e-17 9.453515025134552e-17
1936.714310705548 1.0583505945864052e-16 9.505827912305876e-17
1938.2599555805702 2.4213233537630186e-16 1.0214415309564931e-16
1939.8056093836533 1.6294307955370951e-16 9.533801175388949e-17
1941.3512721149523 1.858873492102564e-16 9.718237305697652e-17
1942.896943774622 2.320421348014738e-16 1.0023122182850408e-16
1944.4426243628175 3.0793954265835013e-16 1.0104001917912372e-16
1945.9883138796927 2.2083502864146237e-16 9.857382319618873e-17
1947.534012325403 3.2013702885704887e-16 1.0036481480615384e-16
1949.0797197001027 1.1834482288219028e-16 9.388883102536599e-17
1950.625436003947 3.051997087113377e-16 1.0099940791976982e-16
1952.1711612370902 2.769825266092348e-16 9.945416174362686e-17
1953.7168953996875 2.0449773508750724e-16 9.4302454418867e-17
1955.2626384918935 2.380334370654199e-16 9.586922052582614e-17
1956.8083905138626 2.390271655312268e-16 9.777970995580312e-17
1958.3541514657497 2.094811740233391e-16 9.326686399662001e-17
1959.8999213477098 3.8172050634761358e-16 1.0095880327786082e-16
1961.445700159898 1.7839718244147442e-16 9.333248919769752e-17
1962.991487902468 1.0766709907932296e-16 8.908393737039246e-17
1964.5372845755755 1.2583248825679988e-16 8.726174450772185e-17
1966.0830901793752 1.4723556823092776e-16 9.025243917346447e-17
1967.6289047140212 1.9374090634830026e-16 9.089969145917496e-17
1969.1747281796693 1.783641084518621e-16 8.976578565804237e-17
1970.7205605764736 3.19639794047231e-16 9.734643275094784e-17
1972.266401904589 2.3825599497231096e-16 9.181240916451087e-17
1973.8122521641706 2.991257148559159e-16 9.498005430689084e-17
1975.358111355373 2.9904556436328197e-16 9.318619734328384e-17
1976.9039794783505 2.3822486651149937e-16 9.109473403017007e-17
1978.449856533259 2.0586794322858908e-16 8.963274854576424e-17
1979.9957425202526 2.5337270081438284e-16 9.046437608129036e-17
1981.5416374394865 1.3777447490789324e-16 8.412588295319862e-17
1983.0875412911155 2.258614942040368e-16 8.983135791956068e-17
1984.633454075294 2.9803889217524984e-16 9.236368864683052e-17
1986.1793757921773 2.1583941360701371e-16 8.924949260691127e-17
1987.7253064419199 2.5267260161369756e-16 9.040327059507984e-17
1989.2712460246769 1.8043434961918022e-16 8.290762458192032e-17
1990.817194540603 2.546666495204322e-16 8.837464653874049e-17
1992.3631519898533 2.071209431855946e-16 8.415697832678571e-17
1993.9091183725827 3.597399484268053e-16 8.928308937467073e-17
1995.4550936889457 4.3696905089544297e-16 9.472246364669693e-17
1997.001077939097 1.0677107718747082e-16 7.905646355577554e-17
1998.5470711231924 1.9276280828734815e-16 8.273535263882758e-17
2000.093073241386 2.410377041106533e-16 8.465093750137788e-17
2001.6390842938329 1.5508690190748508e-16 7.967463217114866e-17
2003.1851042806882 2.597750787555433e-16 8.668950095995766e-17
2004.7311332021065 2.376480370744192e-16 8.4473424541924e-17
2006.2771710582429 1.855799953644113e-16 8.084261781351844e-17
2007.823217849252 2.7949794976478404e-16 8.435257014570755e-17
2009.369273575289 1.621284059120183e-16 7.99763016318243e-17
2010.915338236509 2.6250742175492844e-16 8.234874165541009e-17
2012.4614118330662 2.1179802089231644e-16 8.006593492300055e-17
2014.0074943651164 2.060381571463178e-16 7.977575334667205e-17
2015.553585832814 1.8885344683330414e-16 7.89887472421095e-17
2017.0996862363138 2.6897308893911653e-16 8.077452430549307e-17
2018.6457955757714 1.403086519022903e-16 7.487993599876669e-17
2020.1919138513413 3.056506478766322e-16 8.300376943887858e-17
2021.7380410631783 2.380194610217902e-16 7.924658274776472e-17
2023.2841772114377 1.6563311061040136e-16 7.656121037228277e-17
2024.8303222962738 1.490504289646487e-16 7.30597217521213e-17
2026.3764763178428 2.2918644262914475e-16 7.749570608878598e-17
2027.9226392762985 1.9317572361424482e-16 7.596640795485304e-17
2029.4688111717962 2.0921082492937718e-16 7.645058654588238e-17
2031.0149920044914 2.6284139096416305e-16 7.815720573336709e-17
2032.5611817745382 2.3352147784385345e-16 7.528000024766674e-17
2034.1073804820924 2.9415503435385206e-16 7.978724784846408e-17
2035.6535881273085 1.9779680450221927e-16 7.555001185193875e-17
2037.1998047103414 2.5201432466478296e-16 7.616896794325503e-17
2038.7460302313461 3.2107384729671213e-16 7.886755535620312e-17
2040.2922646904783 3.167007220691566e-16 7.853754999646387e-17
2041.8385080878925 1.9576229753736344e-16 7.213327284861701e-17
2043.3847604237435 1.08709598114046e-16 6.92925625715425e-17
2044.9310216981862 1.8291618262441492e-16 7.314934180840775e-17
2046.4772919113764 2.1809859606112874e-16 7.330578482329868e-17
2048.0235710634684 2.8355071124982025e-16 7.539531584250153e-17
2049.5698591546175 1.4410754173116663e-16 6.990820332296367e-17
2051.116156184979 3.12963453887193e-16 7.55586211477542e-17
2052.6624621547076 1.8774015437303637e-16 7.159577088658006e-17
2054.208777063958 2.501227942144457e-16 7.33513856361075e-17
2055.7551009128865 1.7504670391394064e-16 7.013778233889409e-17
2057.301433701647 2.30172838966002e-16 7.198035693185801e-17
2058.847775430395 2.5858454747839776e-16 7.130102989071516e-17
2060.3941260992847 2.4993131182880703e-16 7.199842255643617e-17
2061.9404857084724 2.0324702476643726e-16 7.124875207600181e-17
2063.4868542581125 2.5330078242320503e-16 7.116782734231452e-17
2065.03323174836 2.348665661640933e-16 7.165035157211876e-17
2066.5796181793708 3.154636569194713e-16 7.48378821364245e-17
2068.1260135512985 2.376527222254087e-16 6.993480545146338e-17
2069.6724178642994 1.9806506248359266e-16 6.849923680710005e-17
2071.2188311185287 1.6448773677725634e-16 6.798287096407505e-17
2072.765253314141 2.0069185723681606e-16 6.719042531980434e-17
2074.311684451291 2.844298520397314e-16 7.23280771915957e-17
2075.858124530135 2.2168544972050568e-16 6.797362639354915e-17
2077.404573550826 1.3136377222104807e-16 6.393151237735773e-17
2078.9510315135217 2.700159982554234e-16 6.89602940456473e-17
2080.4974984183755 3.124786069342287e-16 7.016736231759899e-17
2082.043974265543 2.1538421280720333e-16 6.675088139462837e-17
2083.59045905518 3.276920333509652e-16 7.050846513243625e-17
2085.1369527874404 1.9931898888288425e-16 6.545654225932989e-17
2086.6834554624797 2.939527522981359e-16 7.034115627301883e-17
2088.2299670804537 2.880035634535361e-16 6.759930400531176e-17
2089.776487641517 2.8846127888240865e-16 6.812021603298335e-17
2091.323017145825 1.7125163896821675e-16 6.271206948344225e-17
2092.8695555935324 1.8206634388052284e-16 6.333688201349541e-17
2094.416102984794 3.389904734854923e-16 6.851464883627314e-17
2095.9626593197668 3.268183188658724e-16 6.820785085579967e-17
2097.5092245986043 2.3122085694977197e-16 6.447374581249849e-17
2099.055798821462 2.6562595883870236e-16 6.568327577395313e-17
2100.602381988495 2.656720427249889e-16 6.498997930662548e-17
2102.148974099859 2.6573848187178917e-16 6.424838872641454e-17
2103.6955751557093 2.5684511238165185e-16 6.403468496080024e-17
2105.2421851562003 3.1596981204501493e-16 6.680348346414184e-17
2106.788804101487 3.2830459699050767e-16 6.640169206212278e-17
2108.335431991726 3.414083555032093e-16 6.698727637880622e-17
2109.882068827072 3.794151473629834e-16 6.835684262773272e-17
2111.4287146076795 2.9002569579642814e-16 6.363810148791782e-17
2112.975369333704 4.0009098337744444e-16 6.907359793723237e-17
2114.5220330053003 3.435359699178141e-16 6.547456156179375e-17
2116.0687056226247 3.9730681254959916e-16 6.758690953101326e-17
2117.6153871858314 3.527252186043392e-16 6.582075980920434e-17
2119.1620776950763 3.695876858204818e-16 6.625103931151972e-17
2120.708777150515 3.108776352545793e-16 6.491415662295642e-17
2122.2554855523017 3.068317823820191e-16 6.236788955672629e-17
2123.802202900592 3.2343391931577902e-16 6.417664900624904e-17
2125.348929195541 4.1974587999266805e-16 6.77980391105613e-17
2126.8956644373047 3.748134820583468e-16 6.544039569377286e-17
2128.4424086260374 2.512694385970116e-16 6.188244041627607e-17
2129.989161761895 2.6507213164009605e-16 6.082544255977621e-17
2131.535923845033 1.777917127028652e-16 5.748700116451629e-17
2133.0826948756057 3.3728298741272564e-16 6.29951968635069e-17
2134.629474853769 2.9235490405247946e-16 6.205009338282832e-17
2136.1762637796783 3.2191050409036256e-16 6.37531987070709e-17
2137.7230616534894 2.7275898210620843e-16 5.947002440804682e-17
2139.2698684753555 2.974124054316369e-16 6.18750553477672e-17
2140.816684245434 2.6361163508079283e-16 5.939890672770196e-17
2142.3635089638797 1.9712128249189416e-16 5.687748154962802e-17
2143.910342630847 1.9519493104649087e-16 5.744595977124386e-17
2145.457185246492 5.397018654196544e-16 6.899718630096717e-17
2147.004036810971 2.5097816514227454e-16 5.883515336174502e-17
2148.550897324437 3.7091601877023374e-16 6.363578538220267e-17
2150.0977667870466 3.804352397292736e-16 6.421130456519256e-17
2151.644645198955 3.609817516670393e-16 6.185939847313279e-17
2153.1915325603177 3.0568762615873577e-16 6.046633367736489e-17
2154.73842887129 3.4200964301664145e-16 6.068730339747985e-17
2156.285334132027 3.509000214216838e-16 6.158877806392994e-17
2157.8322483426846 2.7414139281568665e-16 5.85806133436502e-17
2159.379171503417 2.915494021894202e-16 5.890462329830967e-17
2160.926103614381 3.232289902821027e-16 5.98254473736486e-17
2162.4730446757308 3.1602796615079985e-16 5.951432158421026e-17
2164.019994687623 2.818104820596863e-16 5.859190270465032e-17
2165.5669536502114 2.1834227685214196e-16 5.488398619954257e-17
2167.1139215636517 2.5315755444578025e-16 5.596602777626809e-17
2168.6608984281006 3.6233343096239994e-16 6.110666411570954e-17
2170.207884243712 2.6263368260362853e-16 5.69537277497707e-17
2171.754879010642 1.3801529696270948e-16 5.2445302243781086e-17
2173.301882729046 2.1394678466082298e-16 5.446979039705767e-17
2174.848895399079 2.8482533701676036e-16 5.566070548600741e-17
2176.395917020897 2.0477557512909645e-16 5.432536797082836e-17
2177.9429475946545 2.8454136922119336e-16 5.641908452393073e-17
2179.4899871205084 2.0062756214216354e-16 5.34290615288455e-17
2181.037035598612 3.447546385706762e-16 5.904657410886867e-17
2182.584093029123 2.7235854728039396e-16 5.558519382224867e-17
2184.131159412195 2.279096198704977e-16 5.470844854739147e-17
2185.678234747984 2.667619359000888e-16 5.549341647892469e-17
2187.2253190366455 2.2591705427142076e-16 5.348250070513888e-17
2188.772412278335 1.9190823145290737e-16 5.257385603713918e-17
2190.319514473208 4.181168503466408e-16 6.085384463328883e-17
2191.8666256214206 2.8214074549977666e-16 5.480687973156283e-17
2193.413745723126 3.5778150237363493e-16 5.906960281712215e-17
2194.960874778482 2.5883058407979553e-16 5.329251055332525e-17
2196.508012787643 2.9363236208583695e-16 5.595097308911962e-17
2198.055159750765 3.190576441844509e-16 5.687213465414847e-17
2199.6023156680026 2.928893024328581e-16 5.4767975772993235e-17
2201.1494805395123 2.9340638957737726e-16 5.441688723380123e-17
2202.6966543654485 2.348135736653307e-16 5.285720179288554e-17
2204.2438371459675 3.053654360014239e-16 5.556021296774957e-17
2205.791028881225 2.501926744325942e-16 5.308075893395657e-17
2207.338229571375 2.319923186762634e-16 5.23815365447206e-17
2208.885439216575 2.2264104846879634e-16 5.2173391432822655e-17
2210.432657816979 3.0617231429302244e-16 5.440816544142247e-17
2211.9798853727425 2.873514010237095e-16 5.3956504974633814e-17
2213.5271218840217 2.5586546583859305e-16 5.249875465496426e-17
2215.0743673509724 2.8229360847697646e-16 5.3238316988313224e-17
2216.6216217737497 2.800912963443357e-16 5.273767419437163e-17
2218.1688851525087 3.920896719296639e-16 5.710573045913345e-17
2219.7161574874044 2.836245884046886e-16 5.329112750734106e-17
2221.263438778594 2.9238309436775526e-16 5.2905922730964915e-17
2222.810729026232 3.318761114126054e-16 5.463954771108825e-17
2224.3580282304747 4.2776675260757424e-16 5.720047241777282e-17
2225.9053363914763 3.887448976396343e-16 5.672003930055712e-17
2227.4526535093933 3.822231939320294e-16 5.567970417031653e-17
2228.999979584382 3.065270358094648e-16 5.35444234457946e-17
2230.5473146165955 3.158884439425193e-16 5.3492450033546665e-17
2232.0946586061923 2.9695056071714647e-16 5.192701403301251e-17
2233.6420115533256 3.936401657396129e-16 5.668510580892779e-17
2235.1893734581517 2.6748667846558324e-16 5.0719714150489315e-17
2236.7367443208273 3.251382025452139e-16 5.325462568127032e-17
2238.2841241415067 3.20794141135661e-16 5.2849164906053976e-17
2239.831512920345 4.1867745380882516e-16 5.681842747133663e-17
2241.3789106574995 4.026050301044544e-16 5.631669279898647e-17
2242.926317353125 3.587891274737327e-16 5.342669910101605e-17
2244.4737330073767 3.98808337267285e-16 5.601958275784722e-17
2246.0211576204106 3.6160347385032394e-16 5.4532113493129864e-17
2247.568591192382 4.158939976650291e-16 5.593940579543368e-17
2249.116033723447 4.354363712471659e-16 5.661944752062578e-17
2250.6634852137604 3.9681804806925383e-16 5.485184526966121e-17
2252.210945663479 4.0266000783668713e-16 5.440833087754498e-17
2253.7584150727575 3.645163936861519e-16 5.381570559948749e-17
2255.3058934417513 3.263956758949721e-16 5.272303971497434e-17
2256.853380770617 4.2389695023914496e-16 5.492636762540734e-17
2258.4008770595096 3.8135482634241613e-16 5.474820615635322e-17
2259.948382308585 3.0685862273853524e-16 5.1920505775952943e-17
2261.495896517999 3.078846178656766e-16 5.1256928253673104e-17
2263.043419687907 3.3016507838937214e-16 5.208865174215027e-17
2264.590951818464 4.417599751242317e-16 5.57415111056865e-17
2266.1384929098263 4.2332623532115277e-16 5.454247972056638e-17
2267.6860429621497 3.5707216521986866e-16 5.3645025151893296e-17
2269.23360197559 5.456496778357149e-16 5.927111724922987e-17
2270.7811699503022 3.4186117402285553e-16 5.1697315903073885e-17
2272.328746886443 3.467803178640349e-16 5.34586348901055e-17
2273.876332784167 5.018194285844491e-16 5.692825058690407e-17
2275.42392764363 3.8286805070268594e-16 5.3777145748052716e-17
2276.9715314649884 3.1080346693213533e-16 5.1361619540720265e-17
2278.5191442483974 4.211582280228758e-16 5.325945310732518e-17
2280.0667659940127 3.58088525347235e-16 5.2811548040517515e-17
2281.6143967019907 4.004663777917557e-16 5.3755146052481256e-17
2283.162036372486 3.7420631825384307e-16 5.25336153546997e-17
2284.709685005655 4.092455566526913e-16 5.4582174463801574e-17
2286.2573426016534 3.582571378432978e-16 5.184666501703156e-17
2287.805009160636 4.171107604937599e-16 5.3417732463175975e-17
2289.35268468276 4.0445566474530705e-16 5.308494777657854e-17
2290.9003691681796 4.482321009346426e-16 5.400371051783099e-17
2292.448062617052 4.575344285196261e-16 5.5268115641122397e-17
2293.995765029533 5.725519736361035e-16 5.8482271494985e-17
2295.5434764057763 4.3862714435947286e-16 5.415630217978987e-17
2297.0911967459397 5.309413742231176e-16 5.773151575358697e-17
2298.638926050178 4.615119364212547e-16 5.4662070184806845e-17
2300.1866643186468 4.847850136800139e-16 5.5423003556461726e-17
2301.7344115515025 5.744726737835618e-16 5.795371631845341e-17
2303.2821677489005 5.468391238518968e-16 5.770049317189378e-17
2304.829932910997 4.658390042323033e-16 5.518272744084977e-17
2306.3777070379474 5.771093814692461e-16 5.770102918493071e-17
2307.9254901299073 5.729411323358077e-16 5.815764611794978e-17
2309.4732821870325 4.869678705246474e-16 5.444861126465386e-17
2311.021083209479 5.618857112478037e-16 5.793523379484653e-17
2312.568893197403 5.781048569405067e-16 5.743012422559715e-17
2314.11671215096 6.541498867582217e-16 6.010171908079641e-17
2315.6645400703055 5.408143373167545e-16 5.750500723209035e-17
2317.2123769555956 6.28475841670911e-16 5.83529401518511e-17
2318.760222806986 6.128705301671714e-16 6.002463908259627e-17
2320.3080776246325 6.912555414412356e-16 5.999652817665927e-17
2321.8559414086903 6.385937031654228e-16 5.903263115246348e-17
2323.4038141593164 5.310607529291213e-16 5.590727810044212e-17
2324.9516958766662 6.103299607210005e-16 5.778407811843104e-17
2326.4995865608958 4.808026882784978e-16 5.454113307052914e-17
2328.0474862121596 6.443613622615142e-16 5.928636384228044e-17
2329.595394830615 6.659675845591953e-16 5.907062852108171e-17
2331.1433124164173 6.532868131245287e-16 5.878703130242913e-17
2332.6912389697227 6.169107185068968e-16 5.808902983177729e-17
2334.2391744906863 5.702240094596935e-16 5.691186579333062e-17
2335.7871189794646 6.608152948992842e-16 5.935060599737376e-17
2337.3350724362135 6.070058328590602e-16 5.690915264092145e-17
2338.883034861088 5.886107654039794e-16 5.82858326431159e-17
2340.431006254245 5.466052368793362e-16 5.407198269686867e-17
2341.9789866158403 6.168583612828446e-16 5.84713527108993e-17
2343.526975946029 3.97912705804682e-16 5.086312079892641e-17
2345.074974244968 4.256450409538206e-16 5.152061027189786e-17
2346.6229815128117 5.297347757897539e-16 5.488236161681952e-17
2348.170997749718 5.506288021974717e-16 5.485760906416948e-17
2349.7190229558414 4.702662336893647e-16 5.368036561638401e-17
2351.267057131338 4.1991123670583985e-16 5.090637903624048e-17
2352.815100276364 3.9014800771676103e-16 4.983375739233072e-17
2354.363152391075 5.788616808788784e-16 5.618450933710049e-17
2355.911213475627 5.841971943531925e-16 5.555200071862815e-17
2357.459283530176 5.53579176771436e-16 5.509406360535144e-17
2359.0073625548785 6.071030828293169e-16 5.727937883076548e-17
2360.5554505498894 6.006860141604775e-16 5.635222847810175e-17
2362.1035475153653 5.45004979883736e-16 5.459695452698667e-17
2363.6516534514617 4.771272535016838e-16 5.3378252786900044e-17
2365.1997683583354 6.127648098674422e-16 5.566949345283518e-17
2366.7478922361415 4.744843518875727e-16 5.3343799060025986e-17
2368.296025085036 5.561598744034831e-16 5.441894525916526e-17
2369.8441669051754 6.578210863702994e-16 5.795577434381744e-17
2371.3923176967146 4.83622884476381e-16 5.28605005891684e-17
2372.9404774598106 6.479306532221254e-16 5.71705350970433e-17
2374.4886461946194 5.49444332499855e-16 5.451226777587349e-17
2376.0368239012964 4.898989221595025e-16 5.2114274488804715e-17
2377.585010579998 6.167345885934271e-16 5.663787710467346e-17
2379.13320623088 5.758082329831451e-16 5.55294749361871e-17
2380.6814108540984 4.958742631463488e-16 5.3459200681644484e-17
2382.229624449809 3.2329058545923584e-16 4.7256262603615485e-17
2383.777847018168 3.5643858457532244e-16 4.7828744379396085e-17
2385.3260785593316 4.601993529903658e-16 5.1027981203730677e-17
2386.8743190734554 5.423333320889775e-16 5.4113613042737236e-17
2388.4225685606966 4.914895970948869e-16 5.242824247082779e-17
2389.9708270212086 3.708230569042726e-16 4.762841777864799e-17
2391.5190944551505 4.279783520257102e-16 5.163268993617634e-17
2393.0673708626764 4.746672051250613e-16 5.129521348114451e-17
2394.6156562439423 5.221627776973332e-16 5.3915966507173815e-17
2396.163950599105 5.363033574770333e-16 5.312146945498398e-17
2397.712253928321 5.531197143371098e-16 5.427074758062026e-17
2399.260566231745 4.959036446017067e-16 5.287416892161023e-17
2400.808887509533 6.039423264470782e-16 5.59832926900133e-17
2402.3572177618435 5.61231431235609e-16 5.438763812734135e-17
2403.9055569888296 4.73047678129911e-16 5.12771313129541e-17
2405.4539051906495 5.792772564186251e-16 5.4504363237939935e-17
2407.002262367457 6.14243147058197e-16 5.562687049023155e-17
2408.5506285194106 6.17223114845756e-16 5.5465907760473627e-17
2410.0990036466646 5.151908495084831e-16 5.287731551666038e-17
2411.6473877493763 4.756255699653203e-16 5.1732742394348306e-17
2413.195780827701 5.659827566741136e-16 5.4152298625625116e-17
2414.7441828817955 4.560997664652142e-16 5.0895681936558945e-17
2416.2925939118145 5.842098998474013e-16 5.4757510283883214e-17
2417.841013917916 6.752082904972661e-16 5.749099148379125e-17
2419.3894429002544 4.835411987365301e-16 5.1047171793941907e-17
2420.9378808589872 5.384348629492396e-16 5.3082016248487654e-17
2422.4863277942695 6.328096328059784e-16 5.571111056381395e-17
2424.0347837062577 5.501409641594124e-16 5.3741851605676303e-17
2425.583248595108 6.210538213497136e-16 5.572533807034986e-17
2427.131722460977 7.5026292704140395e-16 5.978842276943073e-17
2428.68020530402 6.384095793785134e-16 5.551371879987919e-17
2430.2286971243934 5.350342903638096e-16 5.225989798128345e-17
2431.7771979222534 4.341729951365565e-16 4.949275383916696e-17
2433.3257076977566 6.381563694668436e-16 5.579865935984656e-17
2434.8742264510583 4.758453220755736e-16 5.025447468676499e-17
2436.422754182315 4.801171209868138e-16 5.048297175045419e-17
2437.9712908916836 6.456565285774252e-16 5.56151642302027e-17
2439.5198365793194 5.940048829703316e-16 5.3796644049451816e-17
2441.0683912453787 5.021394482198336e-16 5.117063677217157e-17
2442.6169548900175 6.821628545106975e-16 5.64637522770086e-17
2444.1655275133926 7.095848050242266e-16 5.7906825103889e-17
2445.714109115659 6.200813745867065e-16 5.392909551785626e-17
2447.262699696975 6.910402362539554e-16 5.642156606576839e-17
2448.8112992574943 6.526329566288076e-16 5.569238319474575e-17
2450.3599077973745 7.420387665191567e-16 5.77913506903766e-17
2451.9085253167723 5.869763094531338e-16 5.3492628704558977e-17
2453.4571518158423 6.283918265904552e-16 5.494091607802092e-17
2455.0057872947423 6.595581921264404e-16 5.594194027683054e-17
2456.5544317536273 6.471305776638845e-16 5.590512081340458e-17
2458.1030851926544 6.645834268442633e-16 5.571588174158715e-17
2459.6517476119793 6.7890982447676735e-16 5.625383368987734e-17
2461.2004190117577 7.174661289610727e-16 5.683833936304201e-17
2462.749099392147 8.210384060755723e-16 5.973361047332051e-17
2464.2977887533034 8.163502904707566e-16 6.024149275198317e-17
2465.846487095382 7.636173543669337e-16 5.846748150563255e-17
2467.39519441854 7.215246873278416e-16 5.763987075916099e-17
2468.9439107229337 6.734293095497952e-16 5.644153751447787e-17
2470.4926360087184 7.093421830243975e-16 5.727108055486035e-17
2472.041370276051 7.620513492661381e-16 5.81470515886642e-17
2473.5901135250883 7.092107340988954e-16 5.6922473557506e-17
2475.1388657559855 7.442986504224312e-16 5.798367349151763e-17
2476.6876269688996 6.666847567677236e-16 5.464075208606013e-17
2478.2363971639866 6.912861405064552e-16 5.749263922757145e-17
2479.785176341403 7.466804541305511e-16 5.755000585741323e-17
2481.3339645013043 7.045421002518665e-16 5.728334929770574e-17
2482.882761643848 5.993952418279803e-16 5.4071178677313265e-17
2484.431567769189 6.389010702461577e-16 5.4614322011127834e-17
2485.980382877485 7.021246152808436e-16 5.646807346852857e-17
2487.529206968892 6.372156334997993e-16 5.529090612135946e-17
2489.0780400435656 7.167981376030442e-16 5.53430052650605e-17
2490.626882101663 6.289206398473379e-16 5.464542731088228e-17
2492.175733143339 6.498516180673797e-16 5.489009079246321e-17
2493.724593168752 6.4820879766618e-16 5.470609273700692e-17
2495.273462178057 7.338764923416183e-16 5.756146065453587e-17
2496.8223401714104 6.425580291168098e-16 5.53516575742678e-17
2498.371227148969 6.701785029773516e-16 5.492674151104421e-17
2499.9201231108887 6.283771623325559e-16 5.4744242306857863e-17
2501.469028057326 7.091733587700978e-16 5.626599655360432e-17
2503.0179419884375 6.573861349518843e-16 5.515228057686292e-17
2504.566864904379 6.186075901980432e-16 5.4034997797320196e-17
2506.115796805307 6.584051685269905e-16 5.493603902112931e-17
2507.6647376913784 6.973020331956512e-16 5.563956936699546e-17
2509.2136875627493 5.489604649287359e-16 5.20828548604175e-17
2510.762646419576 6.143907954888153e-16 5.402131622998857e-17
2512.3116142620147 6.925458902572591e-16 5.54475939817117e-17
2513.8605910902224 6.638269205432468e-16 5.514560026623594e-17
2515.4095769043547 7.205672753996483e-16 5.687154570155234e-17
2516.9585717045684 6.301375085551871e-16 5.400446821527209e-17
2518.507575491019 6.310891500714273e-16 5.344359012912438e-17
2520.0565882638643 6.291755438249023e-16 5.338564447285382e-17
2521.60561002326 5.872762649955802e-16 5.276359141732414e-17
2523.154640769363 5.942666690905924e-16 5.215261265583532e-17
2524.7036805023295 5.436318865366776e-16 5.156686290302937e-17
2526.2527292223153 5.655257823990699e-16 5.2252003369517244e-17
2527.801786929477 5.973170994314511e-16 5.2008828813038905e-17
2529.350853623972 5.949682241291557e-16 5.32706630589865e-17
2530.8999293059555 6.475266185062851e-16 5.37558673539754e-17
2532.449013975585 5.852484681198534e-16 5.267048727629762e-17
2533.9981076330155 5.549904395406801e-16 5.168769082946622e-17
2535.547210278405 5.579545784000373e-16 5.1058974006921813e-17
2537.0963219119094 5.263905308953163e-16 5.08201239506859e-17
2538.6454425336847 5.346554548781501e-16 5.0421922512525324e-17
2540.1945721438883 6.184191783068383e-16 5.295276100597012e-17
2541.7437107426754 5.488547446290068e-16 5.132988558370028e-17
2543.292858330203 6.006117928984743e-16 5.229921553015932e-17
2544.8420149066283 6.22242102695593e-16 5.340597657231037e-17
2546.391180472107 5.899075728462257e-16 5.244594413593643e-17
2547.9403550267953 4.778730660117412e-16 4.936444489127018e-17
2549.4895385708505 6.417013082302212e-16 5.4274294531086886e-17
2551.0387311044287 5.850816026292443e-16 5.0969469755921126e-17
2552.5879326276868 6.979113145825231e-16 5.550324669332427e-17
2554.1371431407806 5.720404716150803e-16 5.194584728119912e-17
2555.6863626438667 5.67948243688658e-16 5.1608393987224435e-17
2557.235591137102 6.233999967344896e-16 5.417839121086749e-17
2558.7848286206427 6.439499160073854e-16 5.27387594553353e-17
2560.3340750946454 6.792276735902245e-16 5.574972335480792e-17
2561.883330559267 6.854219196543768e-16 5.458122816918081e-17
2563.4325950146635 5.950067111886966e-16 5.2027546255939755e-17
2564.981868460992 6.171586874022055e-16 5.42557855377004e-17
2566.5311508984087 6.561894891556508e-16 5.341247821192504e-17
2568.0804423270692 6.515999470100718e-16 5.3389360168165406e-17
2569.6297427471322 6.646865531055915e-16 5.454124556709245e-17
2571.1790521587523 6.779775058996364e-16 5.455673038815944e-17
2572.7283705620866 7.185544074796168e-16 5.599313283058023e-17
2574.2776979572923 7.502661034149562e-16 5.623905693541469e-17
2575.8270343445247 6.974165944017674e-16 5.4198918524948604e-17
2577.376379723942 7.090792851733934e-16 5.582215128924306e-17
2578.9257340956997 7.050218914769269e-16 5.515316731447958e-17
2580.4750974599547 7.554938319467321e-16 5.731330647076996e-17
2582.024469816863 7.567387586209591e-16 5.657839950990844e-17
2583.573851166582 7.15156217174351e-16 5.545725214254387e-17
2585.1232415092677 6.298349060347805e-16 5.280745184212415e-17
2586.672640845077 6.421730526422827e-16 5.3367327385369444e-17
2588.2220491741664 6.876698392172713e-16 5.4578617587167596e-17
2589.7714664966925 7.613361887608594e-16 5.700706435566812e-17
2591.320892812812 7.017003047138284e-16 5.4971071774432154e-17
2592.8703281226817 7.29319931541423e-16 5.699492796172075e-17
2594.4197724264577 6.859457036531352e-16 5.398908596460105e-17
2595.969225724297 4.788165548358641e-16 4.896693828482415e-17
2597.518688016356 6.795939094607936e-16 5.458070869975613e-17
2599.068159302791 6.064937485028858e-16 5.221791360211271e-17
2600.61763958376 4.195314218383351e-16 4.6874422797971206e-17
2602.1671288594184 5.197544512700525e-16 4.994425879600045e-17
2603.716627129923 5.949791296783516e-16 5.2018013826560694e-17
2605.266134395431 6.9467443111415e-16 5.57275350620568e-17
2606.815650656098 6.272622022761732e-16 5.3918775612534045e-17
2608.365175912082 3.9361891050659274e-16 4.6724981039784926e-17
2609.914710163538 5.096530010388937e-16 4.983610658527037e-17
2611.4642534106247 5.226592448835427e-16 5.003013668719571e-17
2613.0138056534975 6.2960128376001595e-16 5.310958452394282e-17
2614.563366892313 5.391503410918735e-16 5.047484883683892e-17
2616.112937127228 6.211882878300902e-16 5.3045057818718784e-17
2617.6625163584 6.035661908789381e-16 5.208393350393627e-17
2619.212104585985 6.557110743591298e-16 5.427060861427735e-17
2620.7617018101396 5.673403916698846e-16 5.161749628268497e-17
2622.31130803102 6.1226188405501e-16 5.2741214527393356e-17
2623.860923248784 5.704473085204134e-16 5.1683300154774787e-17
2625.410547463588 6.553955016467183e-16 5.4104087230803075e-17
2626.960180675588 6.077153817710633e-16 5.211902250552077e-17
2628.509822884942 6.12215297242911e-16 5.234260942509385e-17
2630.059474091806 8.05359773282336e-16 5.823316439915343e-17
2631.6091342963364 6.773993000340169e-16 5.454528882592661e-17
2633.15880349869 6.032587179190848e-16 5.2273880642358047e-17
2634.708481699024 6.484921831265958e-16 5.3928433773366215e-17
2636.258168897495 6.702680767115238e-16 5.4631150173509613e-17
2637.80786509426 6.212151281866063e-16 5.293966839123463e-17
2639.3575702894746 5.767089995829908e-16 5.240482002460274e-17
2640.907284483297 5.453088000140043e-16 5.129302641560492e-17
2642.4570076758837 5.785094739914982e-16 5.15002053805474e-17
2644.0067398673905 6.059458240651307e-16 5.27450394105458e-17
2645.556481057975 6.162393390170794e-16 5.2519229029486175e-17
2647.106231247793 5.928494241511583e-16 5.2349375762504537e-17
2648.655990437003 5.337901048434114e-16 5.039829161678591e-17
2650.20575862576 5.134142508411764e-16 4.947245482693491e-17
2651.7555358142217 5.727966073391824e-16 5.236801048734413e-17
2653.3053220025454 5.601886277984205e-16 5.073850769400652e-17
2654.855117190887 5.59341541911607e-16 5.2292720507989555e-17
2656.404921379403 4.936580014398579e-16 4.864345110831181e-17
2657.9547345682518 5.272088176619231e-16 5.020660409035532e-17
2659.504556757588 5.25229354603749e-16 5.032123477964292e-17
2661.05438794757 5.639422013646188e-16 5.083925829261548e-17
2662.6042281383548 5.431785121516597e-16 5.070654543513747e-17
2664.154077330098 5.345504227926906e-16 5.0198726022201366e-17
2665.703935522957 5.627147976844881e-16 5.190405811665294e-17
2667.2538027170885 5.020258928653423e-16 5.011938285784528e-17
2668.80367891265 5.498253385074418e-16 5.13519944671126e-17
2670.3535641097974 6.099788655643636e-16 5.3141639427040476e-17
2671.9034583086886 5.62523738815323e-16 5.0924365251479834e-17
2673.4533615094797 6.125727451466523e-16 5.3087836291277577e-17
2675.0032737123274 6.12705941077608e-16 5.326387025179621e-17
2676.5531949173887 5.978282838151191e-16 5.2936353051339516e-17
2678.1031251248205 5.993556959772554e-16 5.274861613951448e-17
2679.65306433478 4.956307941135724e-16 5.006710835185438e-17
2681.2030125474244 6.212114224174621e-16 5.3732994155677086e-17
2682.7529697629093 6.268804021751983e-16 5.25976325166664e-17
2684.3029359813922 6.010078337408749e-16 5.282286387129724e-17
2685.8529112030305 6.293510384636615e-16 5.3818617275243675e-17
2687.4028954279806 6.766840336496199e-16 5.513584946117517e-17
2688.9528886563994 7.202872251314623e-16 5.758241810253551e-17
2690.5028908884447 7.873174421102274e-16 5.738065882496647e-17
2692.0529021242714 8.016507218854278e-16 5.906698230894158e-17
2693.602922364038 6.6670958542099e-16 5.51098495201614e-17
2695.152951607901 6.701119579514329e-16 5.5004509723514e-17
2696.7029898560168 7.44657527694271e-16 5.743441894733752e-17
2698.253037108543 7.307377058764491e-16 5.75026315693711e-17
2699.803093365637 6.852164612251084e-16 5.5102752310505696e-17
2701.353158627455 7.022972511834058e-16 5.606020063464602e-17
2702.9032328941535 6.540133026954769e-16 5.5186678055455326e-17
2704.45331616589 7.743411620560875e-16 5.781038246191022e-17
2706.0034084428216 7.051519639738896e-16 5.572090438226657e-17
2707.553509725105 7.781829329279186e-16 5.909489469153157e-17
2709.1036200128974 7.503209487982909e-16 5.721700279513408e-17
2710.653739306355 7.2299582473854475e-16 5.711523972745536e-17
2712.2038676056363 8.292738427239299e-16 5.965574961662212e-17
2713.754004910896 8.126201161897263e-16 5.884038114321635e-17
2715.3041512222935 7.965736063995856e-16 5.958563778790213e-17
2716.854306539984 8.419161270990555e-16 5.951490391936149e-17
2718.4044708641254 8.95567723373735e-16 6.136095267089814e-17
2719.954644194874 8.441618232004635e-16 6.041264634688774e-17
2721.504826532388 9.059653704386367e-16 6.121480640027227e-17
2723.055017876823 7.283357321962727e-16 5.7624319763645e-17
2724.6052182283365 7.754889446391763e-16 5.915978535622513e-17
2726.155427587086 8.065395313591836e-16 5.900560550749014e-17
2727.7056459532273 7.208771306396657e-16 5.718825661448664e-17
2729.255873326919 8.890405933613117e-16 6.212884759458826e-17
2730.806109708317 7.822223801138152e-16 5.853442357824524e-17
2732.356355097579 7.835303578030534e-16 5.888219677754213e-17
2733.906609494861 8.129402946437884e-16 5.985844195392212e-17
2735.4568729003217 9.050842444152554e-16 6.136584296267955e-17
2737.0071453141163 9.335021997956372e-16 6.279212733184759e-17
2738.557426736403 9.120790424936814e-16 6.206970748951317e-17
2740.1077171673383 9.178198082936974e-16 6.295193862619283e-17
2741.65801660708 1.2335626684484074e-15 7.055976356530434e-17
2743.2083250557844 1.2400900102190675e-15 7.015424654180634e-17
2744.7586425136083 1.3143309657382492e-15 7.2757033204931e-17
2746.30896898071 1.6052630661975782e-15 7.81714597096826e-17
2747.8593044572453 1.9317621859912338e-15 8.42237880505004e-17
2749.4096489433714 2.4419102248482384e-15 9.367235455033841e-17
2750.9600024392466 3.1290407158363455e-15 1.0451677179024741e-16
2752.510364945027 3.5190439073889057e-15 1.1146217725993665e-16
2754.0607364608695 4.0318497238761575e-15 1.1817561481608643e-16
2755.6111169869314 4.752817910557653e-15 1.2935633060583498e-16
2757.1615065233705 5.1824304803061924e-15 1.321425660764892e-16
2758.7119050703427 5.577652241846786e-15 1.3767939545956395e-16
2760.2623126280064 6.0724105390851275e-15 1.448805784095444e-16
2761.812729196517 6.776933157579207e-15 1.4780036715317897e-16
2763.3631547760338 7.053803664081168e-15 1.5484017709181767e-16
2764.9135893667117 6.930494725202255e-15 1.5261978609970892e-16
2766.4640329687095 6.7593356245835255e-15 1.508224351251945e-16
2768.0144855821836 6.706339737689139e-15 1.5083605382679958e-16
2769.564947207291 6.312031501182159e-15 1.4328275663366756e-16
2771.1154178441893 5.675287612094421e-15 1.4054521232259067e-16
2772.6658974930356 5.798981950964335e-15 1.4198437423953492e-16
2774.2163861539866 5.2771465515011155e-15 1.3307108624024732e-16
2775.7668838271998 5.046244099530172e-15 1.341033944098237e-16
2777.317390512832 4.681993250672985e-15 1.2617396164855157e-16
2778.867906211041 4.654716672189028e-15 1.281568260734045e-16
2780.4184309219836 4.49551767678553e-15 1.2707463560416871e-16
2781.9689646458164 4.269892240075981e-15 1.2230871208221379e-16
2783.5195073826976 4.238824342120114e-15 1.2303160176313613e-16
2785.0700591327836 4.346245484007378e-15 1.2513361990086608e-16
2786.6206198962323 3.894437262908987e-15 1.1714967262850426e-16
2788.1711896732 3.9736716894104695e-15 1.2056673588662611e-16
2789.721768463845 3.929433699674219e-15 1.19245192435342e-16
2791.2723562683227 3.9303057200934174e-15 1.1951748705810465e-16
2792.8229530867925 3.539140822853698e-15 1.1389725139950496e-16
2794.3735589194107 3.583667650824962e-15 1.1513740027851386e-16
2795.9241737663333 2.5898186945813107e-15 9.826991042169184e-17
2797.4747976277195 2.778945058077198e-15 1.0293850456405133e-16
2799.025430503725 3.4098020681815186e-15 1.1256711850474009e-16
2800.576072394508 3.4138411447905007e-15 1.1312479705627844e-16
2802.126723300225 2.8625940085415334e-15 1.034886987854073e-16
2803.6773832210342 1.8053274837787157e-15 8.612769312280145e-17
2805.2280521570915 1.5044782156938149e-15 7.705442177560119e-17
2806.778730108555 2.3956728138399943e-15 9.704140162826279e-17
2808.3294170755826 2.5481065570937727e-15 1.0001146310080589e-16
2809.8801130583297 2.1480154148976506e-15 9.092452672988626e-17
2811.4308180569546 1.6223925076107835e-15 8.262832208500811e-17
2812.981532071615 1.4543423355458328e-15 7.829351848087093e-17
2814.532255102468 1.811931376151984e-15 8.591409523630555e-17
2816.0829871496703 1.784842415465844e-15 8.469429500036546e-17
2817.6337282133795 1.6375595854434375e-15 8.179807759546619e-17
2819.184478293753 1.5777477303016143e-15 8.056602846901541e-17
2820.735237390947 1.3910126466949442e-15 7.709895056233615e-17
2822.286005505121 1.3105155058273422e-15 7.561970016418512e-17
2823.8367826364306 1.3788909699450247e-15 7.72026723937054e-17
2825.387568785033 1.2324434202877293e-15 7.253569952534651e-17
2826.938363951086 1.1815353637292065e-15 7.177524260972446e-17
2828.4891681347476 1.046935793300749e-15 6.904708183551637e-17
2830.0399813361737 1.0281906365406561e-15 6.964364449328961e-17
2831.5908035555226 8.540835965676859e-16 6.447768980965914e-17
2833.1416347929517 1.0393733772685442e-15 6.858615032842222e-17
2834.6924750486182 1.0546704746586017e-15 6.998912805665096e-17
2836.2433243226783 8.99418335151953e-16 6.540869813269982e-17
2837.794182615291 8.941240615942584e-16 6.488282302135291e-17
2839.345049926612 9.740396084644519e-16 6.856289662704213e-17
2840.8959262568 9.790231268096226e-16 6.781443713902455e-17
2842.446811606012 8.163380084930214e-16 6.453810708160001e-17
2843.997705974405 9.351969009648562e-16 6.663657826886334e-17
2845.548609362136 8.16858986695142e-16 6.495934053673652e-17
2847.099521769364 7.072459352986207e-16 6.119587389041215e-17
2848.6504431962444 7.631318456694793e-16 6.237014610543733e-17
2850.2013736429362 7.981883688344075e-16 6.507355101827294e-17
2851.7523131095954 7.521290465033236e-16 6.224245588863875e-17
2853.3032615963807 6.711406265263141e-16 6.078600258816968e-17
2854.854219103448 7.297898760084715e-16 6.345051677732549e-17
2856.405185630955 5.995329905610276e-16 5.834852631610252e-17
2857.9561611790614 7.7425460587679e-16 6.428317001681117e-17
2859.507145747921 7.155301822205638e-16 6.198376011514646e-17
2861.0581393376942 6.19356367323416e-16 5.927874716320005e-17
2862.6091419485365 6.577052546147624e-16 6.149340744802503e-17
2864.1601535806058 5.910961188899011e-16 5.936298723678245e-17
2865.7111742340603 5.886780515837269e-16 5.947946088447482e-17
2867.2622039090566 6.05482073526509e-16 5.978608019393598e-17
2868.8132426057523 5.807855044603297e-16 5.849298513827878e-17
2870.3642903243044 5.820645771502429e-16 5.954523166934014e-17
2871.9153470648716 5.158528057567623e-16 5.737722437106315e-17
2873.4664128276104 5.903975814062123e-16 5.8730352886857e-17
2875.017487612678 4.697440908169417e-16 5.646738525425893e-17
2876.568571420232 5.370648930361742e-16 5.805944323562749e-17
2878.1196642504306 5.601582404914378e-16 5.954526475656464e-17
2879.6707661034307 5.775303039044723e-16 5.957756450512361e-17
2881.2218769793894 6.673898058171944e-16 6.262768382607204e-17
2882.7729968784647 6.208630801179038e-16 6.065295885844665e-17
2884.3241258008143 4.874966837815301e-16 5.772706221316898e-17
2885.8752637465946 5.503968210490424e-16 5.964203827078844e-17
2887.4264107159643 5.604407259793471e-16 6.050053263261028e-17
2888.9775667090803 6.203835535906394e-16 6.160260190632693e-17
2890.5287317261 6.553552146421645e-16 6.383203894561455e-17
2892.079905767181 5.754428970850824e-16 6.113720362392499e-17
2893.6310888324815 5.968670602386631e-16 6.104875485538592e-17
2895.182280922157 5.830381356439933e-16 6.129143641221918e-17
2896.7334820363676 5.769985260322742e-16 6.150095133521151e-17
2898.284692175269 6.253913182539253e-16 6.322011719822742e-17
2899.8359113390193 7.323887319093253e-16 6.639208353212737e-17
2901.387139527776 5.216439170775808e-16 6.021937063368105e-17
2902.9383767416966 6.488254376517811e-16 6.400891663035799e-17
2904.4896229809387 5.219633014382549e-16 5.981647411836363e-17
2906.0408782456598 6.027477982332129e-16 6.32572145943392e-17
2907.5921425360175 6.275911157575039e-16 6.416884042126654e-17
2909.1434158521693 7.272364951889734e-16 6.748934854084631e-17
2910.6946981942724 5.227329367499538e-16 6.02761880155961e-17
2912.2459895624847 5.73227005955506e-16 6.182225475490671e-17
2913.7972899569636 5.890207822900097e-16 6.388255651998439e-17
2915.3485993778672 6.041874895457492e-16 6.377964201689299e-17
2916.899917825353 6.977007739555712e-16 6.688665812909527e-17
2918.4512452995773 6.476781844642844e-16 6.648450938505159e-17
2920.0025818006993 5.103330096768613e-16 6.132824264075534e-17
2921.553927328875 6.556219770809904e-16 6.640630442121838e-17
2923.1052818842636 6.684478029078743e-16 6.683826475453847e-17
2924.656645467022 6.364025348099944e-16 6.567741933521625e-17
2926.2080180773073 4.766071752720696e-16 6.156543171832125e-17
2927.7593997152776 7.162279256108645e-16 6.880489658705064e-17
2929.3107903810906 7.284435171388108e-16 6.988228279128871e-17
2930.8621900749035 6.291208572602452e-16 6.604436327238967e-17
2932.4135987968743 7.070185598918421e-16 6.859755880343055e-17
2933.9650165471603 6.467414189641803e-16 6.823368536069092e-17
2935.5164433259197 6.485076414778832e-16 6.784782876599209e-17
2937.0678791333094 6.717571606327968e-16 6.871730146890373e-17
2938.6193239694876 6.357950533681354e-16 6.799944104610571e-17
2940.170777834611 6.324263503973459e-16 6.747662319430279e-17
2941.722240728839 6.486942534240751e-16 6.802281386149401e-17
2943.273712652327 6.245925132451053e-16 6.814715565117298e-17
2944.8251936052347 6.004615504294551e-16 6.746301772758752e-17
2946.376683587718 7.851353264194227e-16 7.300245438395303e-17
2947.9281825999365 5.422080241523431e-16 6.626076033807845e-17
2949.479690642046 5.476289291356522e-16 6.615670763446418e-17
2951.0312077142053 5.90757199831881e-16 6.824008442990963e-17
2952.5827338165714 5.614951761195603e-16 6.677741073123417e-17
2954.1342689493026 6.458330820073685e-16 7.095572499836612e-17
2955.6858131125564 6.803888498817918e-16 7.060140052861781e-17
2957.23736630649 5.960641259442252e-16 6.881136183071836e-17
2958.7889285312617 5.65493806905311e-16 6.744636823621805e-17
2960.3404997870284 5.185541526442339e-16 6.604926679906089e-17
2961.892080073949 7.211469635729254e-16 7.339564972504644e-17
2963.4436693921803 4.609504065167843e-16 6.543119744536127e-17
2964.9952677418805 5.494058454403141e-16 6.91488713729747e-17
2966.5468751232065 6.131646094185463e-16 7.130129458851118e-17
2968.0984915363174 4.780296612278648e-16 6.702194517263954e-17
2969.650116981369 5.811646046437852e-16 7.05668243790131e-17
2971.201751458521 6.136989283895861e-16 7.325796054900331e-17
2972.75339496793 5.566533240348179e-16 6.853675110224055e-17
2974.3050475097543 5.421990244272785e-16 7.171632749777598e-17
2975.8567090841507 4.031462576879703e-16 6.533516508496631e-17
2977.4083796912782 4.529987788453162e-16 6.826235874944446e-17
2978.9600593312935 5.604978477637276e-16 7.267974806593895e-17
2980.5117480043555 5.009433847587513e-16 6.984878528520276e-17
2982.0634457106207 5.514444419861184e-16 7.280338840645847e-17
2983.615152450247 5.241985684464997e-16 7.203465968471089e-17
2985.166868223393 4.198089839472385e-16 6.694372035647163e-17
2986.718593030216 4.568422437830418e-16 7.06433021897273e-17
2988.270326870874 5.304142550321294e-16 7.169076430812565e-17
2989.8220697455245 4.3611053006384153e-16 7.036844661578818e-17
2991.3738216543256 5.516313715696656e-16 7.451240972644203e-17
2992.925582597434 4.519608458475744e-16 7.205807882221349e-17
2994.4773525750097 4.238364667927551e-16 7.127904012131105e-17
2996.0291315872087 4.702999032490181e-16 7.283998287675782e-17
2997.580919634189 5.509574509810064e-16 7.552503761488455e-17
2999.1327167161085 5.70572404698811e-16 7.650024385241516e-17
3000.684522833126 5.134655492740445e-16 7.56739698298135e-17
3002.2363379853978 5.603177473833176e-16 7.645166518940115e-17
3003.788162173082 4.584719881131182e-16 7.416686660607658e-17
3005.3399953963385 4.884123793370712e-16 7.663391623940373e-17
3006.891837655322 3.712398235841013e-16 7.091723132138036e-17
3008.443688950192 4.014352776042962e-16 7.295454408287396e-17
3009.995549281107 4.118317864686751e-16 7.329859166069192e-17
3011.5474186482234 3.2879730546801365e-16 7.158190733951367e-17
3013.0992970517004 5.590631327697564e-16 7.96814944615104e-17
3014.6511844916945 4.3811704523676856e-16 7.625775420148402e-17
3016.2030809683642 5.208474943489249e-16 7.764058180999097e-17
3017.7549864818675 3.853819915505775e-16 7.378928181750327e-17
3019.306901032362 4.888478601510783e-16 7.900384825137226e-17
3020.858824620006 4.11437174994373e-16 7.65038900645553e-17
3022.4107572449566 3.879858237699964e-16 7.728189644405327e-17
3023.962698907373 3.81558987752484e-16 7.56740757089319e-17
3025.5146496074112 2.4714573810264285e-16 7.238000428172933e-17
3027.066609345231 5.115298672313316e-16 8.24892895676502e-17
3028.618578120989 5.834145359099295e-16 8.463665043783786e-17
3030.1705559348434 4.506918316739099e-16 8.185180463061273e-17
3031.7225427869525 3.619491691719221e-16 7.879563034758041e-17
3033.2745386774736 3.295637644061604e-16 7.814236942190034e-17
3034.826543606566 3.9395163563618607e-16 7.984290717752155e-17
3036.3785575743855 5.317606668413493e-16 8.546855590604979e-17
3037.930580581092 4.858235819524661e-16 8.517400681608701e-17
3039.4826126268417 3.974350586317694e-16 8.281639648652307e-17
3041.034653711793 5.113416670983635e-16 8.840351845084104e-17
3042.586703836105 3.941530971287346e-16 8.278783559433284e-17
3044.138762999935 4.537875253378875e-16 8.782923673004753e-17
3045.6908312034407 4.3949392376231003e-16 8.614283383673362e-17
3047.2429084467794 3.9645509445135536e-16 8.386885477582124e-17
3048.7949947301104 3.5022573025611015e-16 8.47090254327138e-17
3050.3470900535917 3.9464829376552313e-16 8.536050626571567e-17
3051.89919441738 4.792629411990671e-16 9.00345995047874e-17
3053.4513078216337 4.725552343502011e-16 9.12636509286983e-17
3055.0034302665113 3.6125920789682427e-16 8.667053536287305e-17
3056.55556175217 3.769805893841173e-16 9.015687665165744e-17
3058.107702278769 3.4153511927772183e-16 8.838340141834375e-17
3059.659851846465 4.825974981541704e-16 9.329673514290053e-17
3061.2120104554165 5.012729335147925e-16 9.582817913255371e-17
3062.7641781057814 3.2677906418272307e-16 8.932389253992674e-17
3064.316354797718 4.782529602885847e-16 9.332145791704851e-17
3065.868540531384 4.153538553424769e-16 9.51838517574892e-17
3067.420735306938 4.004005209801067e-16 9.230691096958488e-17
3068.9729391245373 2.3991088559300905e-16 8.772486638907804e-17
3070.5251519843405 5.101274453684745e-16 9.922167766938516e-17
3072.0773738865046 3.3647523561840026e-16 9.295549336172035e-17
3073.6296048311888 4.04542326803723e-16 9.778552007242569e-17
3075.1818448185504 3.683823314667593e-16 9.436680245307873e-17
3076.7340938487478 3.791438850616252e-16 9.831331424279372e-17
3078.286351921939 4.513905279762763e-16 9.942241786043953e-17
3079.8386190382816 5.096128728530175e-16 1.0310279586859416e-16
3081.3908951979347 6.581644523512926e-16 1.0868175852334991e-16
3082.9431804010555 3.420807937842108e-16 9.721988073467213e-17
3084.4954746478024 3.9101748703711757e-16 1.0093168498865888e-16
3086.047777938333 6.531721989788534e-16 1.1156920781375611e-16
3087.600090272806 2.5597018028669736e-16 9.897344407628044e-17
3089.1524116513788 6.17387333358405e-16 1.1173358514508265e-16
3090.70474207421 3.7628999283430904e-16 1.0417271759498455e-16
3092.257081541458 3.99510051124526e-16 1.0504579018792202e-16
3093.80943005328 3.6704949865447507e-16 1.0587410238355302e-16
3095.3617876098347 3.560732222074802e-16 1.0581482992957992e-16
3096.9141542112798 4.908686160654311e-16 1.1299381135191944e-16
3098.466529857774 5.199461983534871e-16 1.1579428756399937e-16
3100.0189145494746 5.514104547891098e-16 1.153843500873079e-16
3101.5713082865404 4.260862921797809e-16 1.1523656930779162e-16
3103.1237110691295 2.3438717198572695e-16 1.0276434664916197e-16
3104.676122897399 4.320978173553427e-16 1.1721960578621194e-16
3106.2285437715086 6.134260249618926e-16 1.2230513866196756e-16
3107.780973691615 5.032757958581345e-16 1.1927511652118171e-16
3109.3334126578775 3.964217689988368e-16 1.1801070808916786e-16
3110.8858606704534 5.688946971280963e-16 1.240808505916576e-16
3112.438317729502 6.194070834211328e-16 1.2878839501470098e-16
3113.9907838351796 5.244658073413585e-16 1.2219580523732275e-16
3115.5432589876455 3.9055847458904455e-16 1.2038828986744127e-16
3117.0957431870584 4.999840140668674e-16 1.2644805621632715e-16
3118.648236433575 2.053393020252738e-16 1.1434759499475843e-16
3120.2007387273547 3.1391739827425855e-16 1.2214590970277355e-16
3121.753250068555 6.065024305905952e-16 1.3292202167642037e-16
3123.305770457335 5.352315431614014e-16 1.3028597573522618e-16
3124.858299893852 4.2160212622679625e-16 1.2989202600541413e-16
3126.4108383782636 5.877912080879517e-16 1.375662900913259e-16
3127.9633859107294 6.065612993804293e-16 1.406129352537016e-16
3129.5159424914063 3.615014857895186e-16 1.3087379013084106e-16
3131.0685081204538 7.282026950839945e-16 1.4478912532102053e-16
3132.62108279803 4.924916900110479e-16 1.3846362885471322e-16
3134.1736665242915 4.0828237431254476e-16 1.3605677150020033e-16
3135.726259299398 5.147410750134911e-16 1.418032018330511e-16
3137.2788611235073 5.490897433323106e-16 1.4399124675448658e-16
3138.831471996778 5.902960962712194e-16 1.482187881942328e-16
3140.3840919193676 5.697594118881245e-16 1.4877976223333155e-16
3141.9367208914346 4.997344569847826e-16 1.4527005474660376e-16
3143.4893589131375 6.615507841952969e-16 1.5109128867660894e-16
3145.042005984634 7.351422242626122e-16 1.5539890119965028e-16
3146.5946621060834 5.42287380551589e-16 1.5051592831229665e-16
3148.1473272776425 6.990514209295274e-16 1.5924869241470068e-16
3149.7000014994705 6.679458829470669e-16 1.578231491993615e-16
3151.2526847717263 4.760093817695449e-16 1.5406628014560285e-16
3152.805377094567 6.571457893531009e-16 1.6288297991912386e-16
3154.358078468151 7.777419463997543e-16 1.6940828351675458e-16
3155.9107888926364 5.469386502231991e-16 1.597245925821596e-16
3157.463508368182 5.967058592808887e-16 1.568405512758771e-16
3159.016236894947 3.7271318445629095e-16 1.5393881492193088e-16
3160.5689744730876 4.2652852278758646e-16 1.3893386448933737e-16
3162.121721102764 4.2464225982338994e-16 1.489834471873666e-16
3163.674476784133 5.459303104390521e-16 1.7511675618565653e-16
3165.2272415173534 7.930893893106142e-16 2.391500117783583e-16
3166.7800153025833 -3.248060332809922e-17 1.4568740045286126e-17
