wavelength flux error
1565.1121493535284 0.0 0.0
1566.655709677415 0.0 0.0
1568.1992790973306 0.0 0.0
1569.742857613436 0.0 0.0
1571.2864452258916 0.0 0.0
1572.8300419348589 0.0 0.0
1574.3736477404975 0.0 0.0
1575.9172626429697 0.0 0.0
1577.4608866424358 0.0 0.0
1579.004519739056 0.0 0.0
1580.5481619329921 1.210548995029745e-13 1.070716798101494e-13
1582.0918132244042 -3.4504192038264936e-14 3.379547957129726e-14
1583.6354736134533 -1.1889215333809114e-14 2.0648733713005997e-14
1585.1791431003007 6.550900721538503e-15 1.5643660073393593e-14
1586.722821685107 -4.621842052956668e-15 1.1896903004838394e-14
1588.2665093680328 1.929858860607106e-14 1.0660280641626267e-14
1589.8102061492393 -4.899432113947321e-15 8.084032473651154e-15
1591.3539120288872 1.1825154232008271e-14 7.760675104937984e-15
1592.8976270071375 -3.0733491465873225e-15 6.3078975568830846e-15
1594.4413510841512 -7.976009514854866e-15 5.0931642190939035e-15
1595.9850842600886 6.365041787636649e-15 5.277116905347962e-15
1597.5288265351114 6.0518043450607985e-15 4.66349278055553e-15
1599.0725779093798 -2.444809406868453e-15 3.73765781711932e-15
1600.6163383830556 1.929871820211199e-15 3.5487343180143002e-15
1602.1601079562981 4.285830859044465e-15 3.326348782327999e-15
1603.70388662927 3.595910665044576e-15 2.9371341784493327e-15
1605.2476744021315 -4.6659051436242e-17 2.57153061797538e-15
1606.791471275043 -6.3917809237155725e-15 1.980954047919501e-15
1608.3352772481662 -2.3386916369287766e-15 2.0145255635092146e-15
1609.8790923216618 -1.5791540167522933e-15 1.8288243894937868e-15
1611.4229164956903 -5.4630418945848116e-17 1.7718481889011342e-15
1612.9667497704131 2.5143522941456888e-15 1.7845366365718852e-15
1614.5105921459915 -1.7923704207845666e-15 1.4555020295297424e-15
1616.0544436225853 1.6563747812403564e-16 1.3965184667312155e-15
1617.5983042003566 2.3657805976149164e-15 1.449553211262057e-15
1619.1421738794656 -1.1277787353690676e-15 1.1551508168178271e-15
1620.686052660074 6.414049525778006e-16 1.1924749001221142e-15
1622.2299405423419 -1.0226202302421566e-15 1.0384579464107991e-15
1623.773837526431 -4.542680577167767e-16 1.0238185701042847e-15
1625.3177436125015 1.355075050446194e-15 1.0308775309284652e-15
1626.8616588007158 -4.080867626412882e-16 8.784346820705038e-16
1628.4055830912332 -1.030787957194293e-15 8.37440987340915e-16
1629.9495164842156 8.68233281951569e-16 8.595756523185644e-16
1631.4934589798238 -2.08602893501265e-16 7.746403764447051e-16
1633.0374105782191 5.681093387673139e-16 7.788484890662237e-16
1634.581371279562 6.3378843231609e-16 7.451786647150692e-16
1636.125341084014 -6.777376367568858e-16 6.59218426035473e-16
1637.669319991736 1.7361304771115353e-16 6.678623972622031e-16
1639.2133080028887 1.66562692874066e-17 6.304527636302433e-16
1640.757305117633 2.0403737268067453e-16 6.220932895946722e-16
1642.3013113361308 3.7542302814301467e-16 5.890264468228444e-16
1643.8453266585425 2.63658142483553e-16 5.844333577267988e-16
1645.3893510850291 -1.0405748802693346e-16 5.352882943688675e-16
1646.933384615752 1.2402192886226421e-16 5.407336574285286e-16
1648.4774272508719 9.0501150546091e-16 5.462633532060006e-16
1650.02147899055 1.2624941375530621e-15 5.516138485755692e-16
1651.565539834947 4.873713096704467e-17 4.851344147707563e-16
1653.1096097842246 8.478282979568823e-17 4.661448360658213e-16
1654.6536888385433 -2.460276810820468e-16 4.396464161625954e-16
1656.1977769980651 7.857388373943414e-16 4.835777270323805e-16
1657.74187426295 2.9980212360385767e-16 4.475827443014538e-16
1659.2859806333597 5.852533914988594e-16 4.444350110507792e-16
1660.8300961094549 8.515743673405635e-17 4.132203381670209e-16
1662.3742206913969 3.3121807269170724e-16 4.200707700674993e-16
1663.918354379347 4.1981605137839215e-16 4.1223301538787763e-16
1665.462497173466 3.970345708663957e-16 3.995491734587773e-16
1667.0066490739148 3.8198178954206193e-16 3.9969150146369563e-16
1668.5508100808552 5.7130482350039e-16 3.981450839998053e-16
1670.0949801944475 -1.709855250389911e-16 3.5082585309923983e-16
1671.6391594148538 5.184071394883261e-16 3.786414092354462e-16
1673.1833477422344 4.71034916088998e-16 3.762610613652044e-16
1674.7275451767507 5.270512165941746e-16 3.615495813790549e-16
1676.2717517185638 -1.3030233405902003e-16 3.341768117160257e-16
1677.8159673678351 5.170830086160859e-17 3.2481029491550806e-16
1679.3601921247252 8.312354651506524e-16 3.6302437161934303e-16
1680.9044259893958 -1.0252384884914585e-16 3.113860403113891e-16
1682.4486689620078 9.138746994023013e-17 3.168757137821034e-16
1683.9929210427222 -2.1700512946578264e-16 2.9457005402822706e-16
1685.5371822317004 -1.1702576759018872e-16 3.006370069222748e-16
1687.0814525291034 5.011481549737501e-16 3.225288910814174e-16
1688.625731935093 3.113924724678323e-17 2.9007755009466786e-16
1690.1700204498295 2.33972814055842e-16 2.9761640802302715e-16
1691.7143180734743 5.432211814363776e-16 3.117292210039251e-16
1693.258624806189 -1.525149525375964e-16 2.7384493128414765e-16
1694.8029406481344 8.950653401917845e-17 2.805130393427295e-16
1696.347265599472 -3.6066771420184475e-16 2.5596215994347804e-16
1697.8915996603625 2.8116694877800984e-16 2.8190190867843055e-16
1699.4359428309676 -2.3611218105258993e-16 2.5205122353754773e-16
1700.9802951114484 -4.2761727776216346e-16 2.4361744883063467e-16
1702.5246565019659 5.034273088765746e-16 2.8471773736267946e-16
1704.0690270026817 2.183975722217299e-16 2.6809188350639644e-16
1705.6134066137565 8.491749479941187e-17 2.557385432454029e-16
1707.1577953353521 2.702269888686285e-16 2.6472124824169596e-16
1708.7021931676295 2.621419799777474e-16 2.5371270513336664e-16
1710.2466001107498 -1.517300971026265e-16 2.343365088275693e-16
1711.7910161648742 5.3962765077509615e-17 2.447066008519057e-16
1713.3354413301643 6.239018372859582e-17 2.4204644094149436e-16
1714.8798756067813 5.023297460828351e-17 2.362439211456676e-16
1716.424318994886 -5.019413351544047e-17 2.2886234664770157e-16
1717.9687714946401 -1.201883007563831e-17 2.265290620455916e-16
1719.5132331062046 -1.9516286290850341e-16 2.1763223824921625e-16
1721.0577038297413 1.6350229335246476e-16 2.3110976328478364e-16
1722.602183665411 5.555662631261354e-16 2.5087996225995224e-16
1724.1466726133744 3.566845417673814e-16 2.367151096923574e-16
1725.6911706737942 -1.4730296028979368e-16 2.089414419823707e-16
1727.2356778468306 5.700998264886921e-17 2.1576197626678895e-16
1728.7801941326456 2.137393674678641e-16 2.251096465842302e-16
1730.3247195314 -1.2475907251950207e-16 2.0622213534943938e-16
1731.8692540432548 3.4522013611475166e-16 2.227512156914986e-16
1733.4137976683724 4.899452972133647e-16 2.2763282538520275e-16
1734.9583504069133 2.4204045877130437e-16 2.1345202477539787e-16
1736.5029122590392 -4.861310019727602e-17 1.9597630570544316e-16
1738.0474832249108 8.387721922617538e-17 2.034081463148728e-16
1739.59206330469 3.3624449854961227e-16 2.1375764485067906e-16
1741.1366524985383 -9.36707068065582e-17 1.872461753461095e-16
1742.6812508066164 3.266341686091834e-16 2.1337176840364552e-16
1744.225858229086 4.0404350380712903e-16 2.0878090276908642e-16
1745.7704747661087 1.5222288498947128e-16 1.9837405745577307e-16
1747.315100417845 8.479807638873881e-17 1.9067665878248942e-16
1748.8597351844573 -3.4237921407944034e-16 1.647821469008762e-16
1750.4043790661067 1.144517403426013e-16 1.8944828895540327e-16
1751.949032062954 -1.5509570310920265e-16 1.714320305162023e-16
1753.493694175161 8.938649356868476e-17 1.8362602270399363e-16
1755.0383654028892 2.573108481537437e-16 1.9002247141452328e-16
1756.5830457462996 4.929095419518403e-16 2.0192459457753648e-16
1758.127735205554 5.808827047997496e-18 1.7287860397143505e-16
1759.6724337808134 7.731378458753944e-16 2.0854062334475201e-16
1761.2171414722395 2.314037895965993e-16 1.8166191211798851e-16
1762.7618582799937 4.2292950626448254e-16 1.8951005618610383e-16
1764.3065842042372 3.819860842638023e-17 1.704444033345936e-16
1765.8513192451312 -3.174700662132799e-16 1.4800296684625036e-16
1767.3960634028379 2.992702927921004e-16 1.8317687024882223e-16
1768.940816677518 -8.533565776011457e-18 1.614172820481289e-16
1770.4855790693327 2.5591906052484158e-17 1.625498577428365e-16
1772.0303505784443 5.238324384550491e-16 1.8868392112984507e-16
1773.575131205014 1.8434691391655604e-16 1.6582688263197559e-16
1775.119920949203 1.1246687744938846e-16 1.6587121951280843e-16
1776.6647198111727 2.4801478728908087e-17 1.5651351714889814e-16
1778.2095277910846 -1.4235906720468675e-16 1.454624503396387e-16
1779.7543448891001 -4.078304160607356e-17 1.5122265819277216e-16
1781.2991711053812 1.9786667148547794e-16 1.6195150837494015e-16
1782.8440064400886 2.4175762917626024e-16 1.6240216960754884e-16
1784.3888508933842 7.087759282642682e-17 1.5461841327831465e-16
1785.9337044654294 3.262025788527777e-17 1.498333256359281e-16
1787.4785671563857 2.8349787756973526e-16 1.6151649078207606e-16
1789.0234389664142 -1.1432127079894454e-16 1.4128802051266328e-16
1790.5683198956772 5.1667653206307734e-17 1.5224159912364968e-16
1792.1132099443353 3.140378887110055e-16 1.6066491826762007e-16
1793.6581091125506 -3.9729107626562595e-17 1.4240922743703196e-16
1795.2030174004844 5.069045908832903e-16 1.681543306476834e-16
1796.7479348082986 1.6634999165135412e-17 1.407500222422588e-16
1798.2928613361537 2.262184127121861e-16 1.5200513134757792e-16
1799.8377969842122 5.853397359199201e-17 1.416532902362769e-16
1801.382741752635 4.93338140623151e-16 1.6125839719606972e-16
1802.927695641584 4.566665903256049e-16 1.5955427278531247e-16
1804.4726586512209 5.469908486285737e-17 1.381701187035998e-16
1806.0176307817067 4.2813833537362286e-16 1.5792350936872133e-16
1807.562612033203 1.8987279804576549e-16 1.4438751259001378e-16
1809.107602405872 2.397476464622054e-16 1.4396730483883684e-16
1810.6526018998745 8.015970411723956e-17 1.3659248013466927e-16
1812.1976105153722 1.7698307417092317e-16 1.4085338673160342e-16
1813.742628252527 1.8175801065283247e-16 1.3767812491014307e-16
1815.2876551115 -1.259826116118109e-16 1.2460488605332219e-16
1816.8326910924536 3.3304520216827357e-16 1.430446080265911e-16
1818.3777361955483 -3.138711357169597e-17 1.2613006151908216e-16
1819.9227904209465 -6.542258814954581e-17 1.2296919925772513e-16
1821.4678537688094 9.795685895578747e-17 1.2959739088866764e-16
1823.0129262392988 -1.134323196469685e-17 1.2235993110574307e-16
1824.5580078325756 1.2556523612705135e-16 1.30111407538753e-16
1826.1030985488023 1.6179998212161023e-16 1.2915183832352208e-16
1827.6481983881404 3.0409763943762104e-16 1.366789171999586e-16
1829.1933073507505 1.317321653786547e-16 1.2893425673519613e-16
1830.7384254367958 -1.734611244111296e-16 1.1128089897433443e-16
1832.2835526464364 1.3108114114935096e-16 1.2503483468339255e-16
1833.8286889798349 6.853524232480326e-17 1.2313002963858504e-16
1835.3738344371527 1.2795674100939526e-16 1.248654413288315e-16
1836.9189890185512 2.1354276317987248e-17 1.1965528873071108e-16
1838.4641527241922 2.975872647956857e-16 1.3071025983246178e-16
1840.0093255542374 -1.346616950011827e-16 1.0656853043395864e-16
1841.5545075088485 2.422118671378376e-17 1.1574304207069048e-16
1843.0996985881868 1.3032941264355257e-16 1.1972962910672245e-16
1844.6448987924143 1.3538334060246376e-16 1.1960813281835066e-16
1846.1901081216924 1.5183886142700986e-16 1.2276990828710395e-16
1847.735326576183 -2.5755178270512325e-17 1.1081788297209665e-16
1849.2805541560476 1.734613494042562e-16 1.207428260954264e-16
1850.825790861448 8.540714601737386e-17 1.1530779948469978e-16
1852.3710366925457 2.2842493353978353e-16 1.2072837359576388e-16
1853.9162916495027 1.2435281434217523e-16 1.1602638782643685e-16
1855.4615557324803 2.575694314306727e-16 1.2237028078956733e-16
1857.0068289416406 2.129237673838868e-16 1.191532231861159e-16
1858.5521112771448 -1.626027840671501e-16 1.0050783764278671e-16
1860.097402739155 2.7653902545200836e-16 1.1914444845417794e-16
1861.6427033278328 9.669604379635455e-17 1.1338740373970687e-16
1863.1880130433397 1.6863524683837682e-16 1.1236248063863937e-16
1864.733331885838 8.5671499706256e-17 1.100918433874017e-16
1866.2786598554887 3.364136933808263e-16 1.2187247687948802e-16
1867.8239969524536 3.705910095813943e-17 1.0518809172306074e-16
1869.3693431768952 1.6412478315935787e-16 1.1183037189419626e-16
1870.914698528975 4.0998088713002645e-16 1.2367304393222405e-16
1872.4600630088535 -8.619042650045747e-17 9.736161316954941e-17
1874.0054366166942 3.246017924615855e-16 1.1751339387001118e-16
1875.5508193526582 2.4335695972957437e-16 1.1209893427803507e-16
1877.096211216906 2.366950985389785e-16 1.1139861008422318e-16
1878.6416122096016 2.1553858456184043e-16 1.1110372350457047e-16
1880.1870223309052 1.199846919029644e-16 1.0613954795084374e-16
1881.7324415809792 5.0088287484258186e-17 1.0230221738454084e-16
1883.2778699599846 2.977074375950774e-16 1.1308114838971524e-16
1884.8233074680845 2.2988204196729774e-16 1.0992870351827155e-16
1886.3687541054394 2.80258876518994e-16 1.1009922183846568e-16
1887.914209872212 2.4671179253585264e-16 1.084975222398772e-16
1889.4596747685632 3.1856101817956384e-16 1.1230868081159892e-16
1891.0051487946557 3.233041644561715e-16 1.1063014606027161e-16
1892.5506319506512 1.154626212255901e-16 1.0146532898031889e-16
1894.096124236711 2.2188953172123477e-16 1.0492629236791016e-16
1895.6416256529967 1.24739140775462e-16 1.0085167346236785e-16
1897.187136199671 3.0370427204296023e-16 1.0928024685758918e-16
1898.732655876895 1.5068013359005578e-16 1.007916598545659e-16
1900.278184684831 1.9150709517793345e-16 1.0342077071350445e-16
1901.8237226236406 4.58252434526212e-17 9.400278342655129e-17
1903.3692696934859 -4.030647638540216e-18 9.192591157944295e-17
1904.914825894528 1.3551635124496228e-16 9.76328159139035e-17
1906.4603912269297 1.1267582988956426e-16 9.541810930696422e-17
1908.0059656908522 1.6377700996006098e-16 9.715493713041937e-17
1909.5515492864574 2.8358189265019105e-16 1.0314635850837365e-16
1911.0971420139076 8.655069343572636e-17 9.480052302674233e-17
1912.6427438733642 1.0087855352355337e-16 9.405083269397327e-17
1914.1883548649896 2.252313016912796e-16 9.9512567312318e-17
1915.733974988945 4.2402609629382164e-16 1.070389778268196e-16
1917.2796042453924 2.716803385874393e-16 9.962445507069438e-17
1918.8252426344939 2.727088483436428e-16 9.927832299773279e-17
1920.3708901564119 3.090840165189887e-16 1.0247588560850757e-16
1921.9165468113074 5.862818615503935e-17 8.855630201870204e-17
1923.4622125993428 -6.613414876479863e-17 8.204265174154097e-17
1925.0078875206798 5.107182839364089e-17 8.784177017068893e-17
1926.5535715754804 1.0566144582859421e-18 8.359378744364531e-17
1928.0992647639066 9.195685475179733e-17 8.877154103153324e-17
1929.6449670861198 3.192576366042315e-17 8.519135113917102e-17
1931.1906785422827 1.2036033778018188e-16 8.939079490787003e-17
1932.7363991325565 -3.266640463729088e-17 8.029195375357454e-17
1934.2821288571038 7.60226463103393e-18 8.311181907921271e-17
1935.8278677160863 2.107787557066388e-17 8.248660288502063e-17
1937.3736157096655 1.1081529555114058e-16 8.674768815296709e-17
1938.919372838004 5.639270077111274e-17 8.411065621248274e-17
1940.465139101263 1.1151085518462417e-16 8.756637858371288e-17
1942.0109144996054 -6.227655889093308e-18 8.032993126985807e-17
1943.5566990331924 2.391985639715927e-17 8.283571942563231e-17
1945.1024927021865 1.1633345050470633e-16 8.577570461110298e-17
1946.6482955067493 -3.9249902045375925e-17 7.690544985600284e-17
1948.1941074470426 -3.1466589084950064e-17 7.836739563573926e-17
1949.7399285232289 1.0295646430951108e-16 8.410178221887127e-17
1951.2857587354702 8.496769473642648e-17 8.299293668157659e-17
1952.831598083928 -3.887572689528756e-18 7.870528898979982e-17
1954.3774465687643 5.551399011512011e-17 8.089866095438013e-17
1955.9233041901414 6.802376677355967e-17 8.143047191380272e-17
1957.4691709482213 1.5196246206285999e-16 8.49960504878248e-17
1959.0150468431661 -3.13652516016965e-18 7.526892264490343e-17
1960.5609318751376 4.904231759968488e-17 7.964928735718004e-17
1962.1068260442978 7.400364071016272e-17 7.861303519044301e-17
1963.6527293508086 5.764546911754675e-17 7.841144796644139e-17
1965.1986417948326 3.5037848735419155e-17 7.757013910902595e-17
1966.744563376531 7.515645916882072e-17 7.870563971437955e-17
1968.2904940960666 1.713914258742933e-16 8.366777709507695e-17
1969.8364339536008 1.8339520622586683e-16 8.406917806784688e-17
1971.3823829492962 -6.489056543188641e-17 7.030145160361628e-17
1972.9283410833145 1.786963174207532e-16 8.255969918139072e-17
1974.474308355818 8.207866387668908e-17 7.762524919015669e-17
1976.0202847669686 3.112804391256681e-17 7.378298862740297e-17
1977.5662703169282 7.717945177954981e-17 7.72541627324756e-17
1979.1122650058594 1.0005076410606951e-16 7.718537439273569e-17
1980.6582688339238 4.485172797226264e-17 7.334407997693743e-17
1982.2042818012837 1.3584552942408898e-16 7.909123822872726e-17
1983.750303908101 1.853835101904279e-16 7.966405087675289e-17
1985.2963351545377 1.2676816849594027e-16 7.738628663735747e-17
1986.8423755407562 1.0084586996319018e-16 7.522447326750728e-17
1988.388425066919 1.3277950838304483e-16 7.622072297982125e-17
1989.934483733187 1.0255235680177688e-16 7.448012321277286e-17
1991.4805515397234 -6.390629991228711e-17 6.536009299990621e-17
1993.0266284866898 -6.651489007458944e-17 6.473370551796675e-17
1994.5727145742485 1.4627188296496878e-16 7.414976051100898e-17
1996.1188098025614 2.8051825388931105e-16 8.204553033007265e-17
1997.6649141717908 1.311910701440368e-16 7.416445123868793e-17
1999.2110276820993 6.705479416912525e-17 7.093399992675803e-17
2000.757150333648 1.0587444649068784e-16 7.216869603116898e-17
2002.3032821265995 7.302271038279323e-17 7.047221476927173e-17
2003.849423061116 5.573127391842554e-17 6.907038847645566e-17
2005.39557313736 6.734743743495671e-17 6.94593486528128e-17
2006.941732355494 1.131914082566461e-16 6.933380910560685e-17
2008.4879007156785 2.411790163377794e-17 6.583830927308027e-17
2010.034078218077 1.3046669815545677e-16 7.133624131503032e-17
2011.5802648628517 6.084990725357308e-17 6.727625358016285e-17
2013.1264606501636 1.268356664339246e-16 7.03798021512373e-17
2014.6726655801765 -8.720098974609105e-17 5.790712288890952e-17
2016.2188796530513 5.4667516341959895e-17 6.699353648168202e-17
2017.7651028689506 -6.993385253939772e-17 5.980554209938813e-17
2019.3113352280373 9.883456376015524e-17 6.708107866026973e-17
2020.8575767304724 1.0800376820607695e-16 6.758845139567506e-17
2022.403827376419 -1.25408422535246e-17 6.125472944535653e-17
2023.9500871660389 4.4960866182282885e-17 6.424486824572752e-17
2025.4963560994943 6.843841587102025e-17 6.486330155889666e-17
2027.0426341769473 7.354926047351999e-18 6.139224656783224e-17
2028.5889213985608 9.378400077197592e-18 6.139395386861655e-17
2030.1352177644962 5.839613883216107e-17 6.307018574911851e-17
2031.6815232749163 4.959780577696119e-17 6.266701791856016e-17
2033.2278379299835 -9.804116851254133e-18 5.920584277273208e-17
2034.7741617298593 3.0409958496642177e-17 6.124839655058682e-17
2036.3204946747062 6.659525232546019e-17 6.235235179610009e-17
2037.8668367646862 1.2582315765949029e-16 6.52647290014462e-17
2039.413187999963 1.4330851172922e-17 5.980325246345258e-17
2040.9595483806968 1.3390949003935147e-16 6.482517845882532e-17
2042.5059179070513 1.634265236083549e-16 6.545165858499338e-17
2044.0522965791886 1.1771706558915643e-16 6.455711900079893e-17
2045.5986843972703 1.6780725228010104e-17 5.833468262137083e-17
2047.1450813614592 4.364249248710607e-17 5.962610346346822e-17
2048.6914874719178 2.7006409384495967e-16 7.022117537952924e-17
2050.2379027288075 8.673595542315864e-17 6.047361948420025e-17
2051.7843271322913 5.051718394058938e-17 6.016563698108961e-17
2053.330760682532 1.3853702955354873e-16 6.372388342616202e-17
2054.8772033796904 6.586126188071739e-18 5.599688492183877e-17
2056.4236552239304 1.1061813539777734e-16 6.206613406926694e-17
2057.9701162154133 1.0769185494069545e-16 6.061887901720947e-17
2059.5165863543016 7.477122461394252e-17 5.935454999453441e-17
2061.063065640758 1.8253039882161e-16 6.396972150421278e-17
2062.6095540749443 1.0847157689278386e-17 5.455810681669873e-17
2064.156051657023 4.6297722401066586e-17 5.758270927011113e-17
2065.702558387157 4.248756554506667e-18 5.446189578529146e-17
2067.249074265508 9.247961966404105e-17 5.899661901731537e-17
2068.7955992922384 8.316285281428478e-17 5.762455137421651e-17
2070.342133467511 -2.5892129601449054e-17 5.220174056677607e-17
2071.8886767914873 9.512580353082268e-17 5.795654196742589e-17
2073.4352292643302 5.3551739031132016e-17 5.585771343813794e-17
2074.981790886203 1.9817144783653433e-17 5.3909431780334646e-17
2076.5283616572665 9.853894264411859e-17 5.768110405833554e-17
2078.0749415776836 3.9813503210100155e-17 5.405581297025448e-17
2079.621530647617 6.22261505044041e-17 5.56090033890004e-17
2081.168128867229 8.015612407954843e-17 5.541497659579751e-17
2082.714736236682 1.2083815700666191e-16 5.809198782964778e-17
2084.2613527561375 1.0428991254417106e-16 5.590764205991164e-17
2085.8079784257593 1.3469179114058982e-16 5.708401200497026e-17
2087.3546132457095 4.080051827805558e-17 5.253463113249191e-17
2088.9012572161496 6.067625226449614e-17 5.3374391507800647e-17
2090.4479103372432 1.2843498375234892e-16 5.728022586371274e-17
2091.994572609151 8.010123899154431e-17 5.306840747304993e-17
2093.5412440320374 7.618627256166964e-17 5.274834151555111e-17
2095.087924606064 1.4123080608405422e-16 5.623637687023002e-17
2096.634614331393 3.031251662048343e-17 5.033001612902578e-17
2098.1813132081875 1.31649539961628e-16 5.48649047971722e-17
2099.728021236609 5.689635450248403e-17 5.141819869461889e-17
2101.274738416821 1.1090345976954894e-16 5.328329576130141e-17
2102.8214647489845 8.643039490488155e-17 5.299128446145794e-17
2104.3682002332635 8.292263294695448e-17 5.242599915700655e-17
2105.9149448698195 1.2944164270549125e-16 5.3829377240651764e-17
2107.4616986588157 1.1705922539160526e-16 5.3631148369937107e-17
2109.0084616004137 1.4978773144056417e-16 5.3996289053375164e-17
2110.555233694777 1.068643169861178e-16 5.3238790135623604e-17
2112.1020149420674 1.2160490711238427e-16 5.284314303119459e-17
2113.6488053424478 2.5271110521685068e-17 4.7286855051390146e-17
2115.19560489608 8.992571606639583e-17 5.1097504079854533e-17
2116.742413603127 8.451734452372811e-17 5.0496941176638983e-17
2118.289231463751 1.6704576304307452e-16 5.4431170988618793e-17
2119.836058478115 1.5812685021562156e-16 5.366017910071527e-17
2121.382894646381 1.2758378181480735e-16 5.2639931224469913e-17
2122.929739968712 1.0559310582074631e-16 5.139666552891291e-17
2124.47659444527 1.3924554614414735e-16 5.1659229198949494e-17
2126.0234580762176 1.130306308153454e-16 5.1844395233430714e-17
2127.5703308617185 8.391258946916814e-17 4.9135659968727816e-17
2129.117212801933 8.559432044638235e-17 4.9177925589306826e-17
2130.6641038970256 4.068606956850274e-17 4.7250796594127734e-17
2132.211004147158 1.5136191570325669e-16 5.2540441249114485e-17
2133.757913552493 1.287589738546737e-16 5.092521228442709e-17
2135.3048321131932 7.784813796929277e-17 4.828121217446259e-17
2136.8517598294206 7.530331350605093e-17 4.8010773744994504e-17
2138.3986967013384 1.608696487779494e-16 5.206803840128545e-17
2139.945642729109 5.1196448116005676e-17 4.6361531113518927e-17
2141.492597912895 1.4446158826822913e-16 5.086676039362164e-17
2143.0395622528586 4.291044426244154e-17 4.616005307735816e-17
2144.586535749163 7.203356780630232e-17 4.7632851466731277e-17
2146.1335184019704 1.5742295260156344e-16 5.084697754209182e-17
2147.6805102114436 8.155918121711598e-17 4.692473854027158e-17
2149.2275111777444 9.692116927186698e-17 4.748176196476479e-17
2150.774521301037 1.0432577247808646e-16 4.8109347204231223e-17
2152.321540581482 4.4776196456169196e-17 4.536547330710707e-17
2153.8685690192438 1.2427029480426694e-16 4.8529905679987884e-17
2155.415606614484 9.386264579589501e-17 4.655677220786104e-17
2156.962653367366 1.1106734079250794e-16 4.7235857712265027e-17
2158.5097092780516 8.232573279949132e-17 4.701563576342381e-17
2160.056774346704 7.842018961115485e-17 4.5665160843035035e-17
2161.6038485734853 7.819902136769287e-17 4.515823147643804e-17
2163.1509319585584 6.669297875174966e-17 4.556272610469892e-17
2164.6980245020864 1.5365092959898283e-16 4.848166450666379e-17
2166.2451262042314 3.776825613217094e-17 4.363959404623968e-17
2167.7922370651563 4.9842737265060595e-17 4.3676734455743314e-17
2169.339357085024 9.747256786819483e-17 4.543016544845362e-17
2170.886486263996 1.4125973755315887e-16 4.789017742912917e-17
2172.4336246022363 -1.8400498722982867e-17 3.9637049041830343e-17
2173.980772099907 5.611583349392389e-17 4.299105135877361e-17
2175.5279287571707 8.446622476187234e-17 4.4997053679720855e-17
2177.07509457419 3.944368730183995e-17 4.205841514428742e-17
2178.6222695511287 1.7176225094290083e-17 4.1026649605192876e-17
2180.169453688148 4.356126996839826e-17 4.2165822892466204e-17
2181.716646985412 3.9449580136523776e-17 4.216778827360163e-17
2183.2638494430817 5.5057207745978526e-17 4.2121208078947544e-17
2184.811061061321 1.4632654305984629e-16 4.752976160135002e-17
2186.358281840293 1.2237679235534935e-16 4.515878403308722e-17
2187.905511780159 4.267239491703858e-17 4.2158993689328967e-17
2189.4527508810825 1.300101341619969e-16 4.651103242870931e-17
2190.999999143227 4.458304151133194e-18 3.891712728494584e-17
2192.5472565667537 2.1675913918649918e-17 4.037764038786132e-17
2194.0945231518263 1.1843151141038583e-16 4.4799582506447296e-17
2195.641798898608 4.531815857606904e-17 4.170264807155081e-17
2197.18908380726 7.958047916510543e-17 4.300562958988924e-17
2198.7363778779463 7.345480968245623e-17 4.2237450116068396e-17
2200.2836811108295 5.650464146904832e-17 4.151668463495909e-17
2201.830993506072 5.1233247727096935e-17 4.1363252557497854e-17
2203.378315063837 1.187334389514126e-16 4.361409041359345e-17
2204.925645784286 7.030073691956704e-17 4.143039977090246e-17
2206.4729856675835 -3.20812591399224e-18 3.812963479818311e-17
2208.0203347138913 7.576165759218902e-17 4.13803288740634e-17
2209.5676929233728 8.378343017960166e-17 4.261811532524285e-17
2211.11506029619 2.5382655827287844e-17 3.9279055198884744e-17
2212.662436832507 9.935594562641476e-17 4.211957357005714e-17
2214.2098225324853 1.3852277557723321e-16 4.44424059179469e-17
2215.7572173962876 5.628123652921e-17 4.095170042425067e-17
2217.3046214240776 1.4695447240644754e-16 4.39908678738889e-17
2218.852034616018 1.2066609020436108e-16 4.3165083542209864e-17
2220.399456972271 2.6359628922606874e-17 3.8177495468425427e-17
2221.9468884930006 3.3560626584130105e-17 3.8655245211734003e-17
2223.494329178368 1.1460879877986797e-16 4.2306539549551275e-17
2225.0417790285373 8.367026525435951e-17 4.06043308890927e-17
2226.589238043671 1.5121032327547777e-16 4.420581902786693e-17
2228.136706223931 1.0810486952926563e-16 4.203421514828657e-17
2229.684183569482 1.1442176331720238e-16 4.200472781381028e-17
2231.2316700804854 1.7311542908953143e-16 4.4957726204677634e-17
2232.7791657571047 6.243786241910337e-17 3.8998320025151597e-17
2234.326670599502 1.430573664603591e-16 4.261628229300543e-17
2235.8741846078415 1.0593642547962522e-16 4.1614569879926165e-17
2237.4217077822846 1.3277175273762154e-16 4.195840569950731e-17
2238.969240122996 1.050439042161254e-16 4.0970189565302456e-17
2240.5167816301364 1.0734181195779771e-16 4.106356171284744e-17
2242.0643323038703 1.0586770993177921e-16 4.114061854999043e-17
2243.6118921443594 7.553182711335238e-17 3.883462759937225e-17
2245.1594611517685 1.123643467581013e-16 4.142104270381326e-17
2246.7070393262584 6.414906087845917e-17 3.8889853485788743e-17
2248.254626667993 1.260431612326498e-16 4.116615526986117e-17
2249.8022231771347 9.636327896209181e-17 4.0537302789696306e-17
2251.349828853847 1.6012901110980411e-16 4.262982489399415e-17
2252.897443698293 5.322922792774249e-17 3.8101163241499033e-17
2254.4450677106347 1.349785514979048e-16 4.18140229779474e-17
2255.992700891036 6.234283591033328e-17 3.806145526337404e-17
2257.5403432396593 1.3004692715564326e-16 4.1386631990331053e-17
2259.0879947566677 7.57348370880076e-17 3.9191261557390816e-17
2260.635655442224 1.2338552918619042e-16 4.0396129528913105e-17
2262.183325296491 1.0567702163952859e-16 3.935360071568802e-17
2263.7310043196326 8.653288589149932e-17 3.9606671661014946e-17
2265.2786925118103 1.5293958074196683e-16 4.2031204210856874e-17
2266.8263898731884 5.574729971561314e-19 3.501316566594057e-17
2268.374096403929 2.6431171773786586e-17 3.553752538240529e-17
2269.9218121041954 6.85874010255084e-17 3.75141098520477e-17
2271.4695369741503 6.948397878273218e-17 3.831215385470416e-17
2273.0172710139573 1.4815617393058498e-16 4.0677198883613724e-17
2274.5650142237787 1.026790345495057e-16 4.001305887851735e-17
2276.112766603778 1.7582341989168303e-16 4.241380171394225e-17
2277.660528154118 -7.449387591763717e-18 3.415578965230691e-17
2279.2082988749617 1.559451051017313e-16 4.1282135917908454e-17
2280.756078766472 5.0476695103966136e-17 3.649737253032202e-17
2282.303867828812 9.491413793823772e-17 3.8793960091736696e-17
2283.8516660621453 1.5028503242483105e-16 4.0908395864822295e-17
2285.399473466634 9.247149344170333e-17 3.883053140097889e-17
2286.947290042441 1.3920924284142362e-16 4.03609280307653e-17
2288.4951157897303 1.0281754428871648e-16 3.86715671395809e-17
2290.0429507086646 9.03746501458855e-17 3.8011940231906613e-17
2291.590794799407 2.0536791916574567e-17 3.414218749431409e-17
2293.1386480621195 1.533993211089789e-16 4.087537812349163e-17
2294.6865104969665 1.1063826566516443e-16 3.8871344492402257e-17
2296.2343821041104 1.600647689547108e-16 4.0773595203478204e-17
2297.7822628837152 1.586140662138602e-16 4.097745882852557e-17
2299.330152835942 2.272390080042887e-16 4.3499879932057026e-17
2300.878051960956 2.2545351549103584e-16 4.409360701469044e-17
2302.425960258919 1.9931736099143874e-16 4.190309709502956e-17
2303.9738777299945 2.1594617946303716e-16 4.268226483610756e-17
2305.5218043743453 2.602650343759707e-16 4.4970200088314933e-17
2307.0697401921343 1.2324138800136938e-16 3.8636868567245525e-17
2308.6176851835257 2.66578367978551e-16 4.5031384983864256e-17
2310.1656393486815 2.340195067470594e-16 4.358805407663273e-17
2311.7136026877656 2.263280770090759e-16 4.250207512019146e-17
2313.26157520094 1.6608872169179557e-16 4.028856296205671e-17
2314.809556888369 2.4063483406511546e-16 4.346063848379751e-17
2316.3575477502154 2.2841447797684086e-16 4.292309019964625e-17
2317.905547786642 3.0843278053144815e-16 4.6037051320271525e-17
2319.453556997812 2.593155898514374e-16 4.362930391941952e-17
2321.0015753838884 2.606506196554286e-16 4.4933737966913596e-17
2322.5496029450346 2.7591208872214217e-16 4.357470338154612e-17
2324.097639681414 2.0244667127551055e-16 4.165672631266432e-17
2325.6456855931897 2.6784251171276885e-16 4.434653899367445e-17
2327.193740680524 2.4660154590381157e-16 4.3503271372568494e-17
2328.741804943581 2.508868179328691e-16 4.3675685590726596e-17
2330.289878382523 2.608973180013164e-16 4.3239331273992623e-17
2331.8379609975145 2.6564282008830864e-16 4.4382901853402284e-17
2333.3860527887173 2.9942299695062257e-16 4.5187209267656995e-17
2334.934153756296 1.5823938648359818e-16 3.876577970262824e-17
2336.4822639004115 2.645876552640462e-16 4.3918360530114953e-17
2338.0303832212294 2.2645997592083116e-16 4.139270018730474e-17
2339.5785117189116 2.362987135894431e-16 4.2388728215214544e-17
2341.126649393622 1.5680332153086732e-16 3.967101638650422e-17
2342.6747962455224 2.27184030272056e-16 4.141122241558103e-17
2344.222952274778 1.761286032156008e-16 3.9910683697185335e-17
2345.771117481551 1.2612492638183943e-16 3.7457881422728795e-17
2347.319291866004 1.742348095991076e-16 3.953189453364015e-17
2348.8674754283006 1.4484439422082887e-16 3.852115592571671e-17
2350.415668168605 1.3207259321411212e-16 3.7684545454180575e-17
2351.9638700870796 1.4363074159120127e-16 3.823358162267897e-17
2353.512081183888 1.42734263095651e-16 3.8125224271156976e-17
2355.0603014591925 7.089786206015682e-17 3.472142568133802e-17
2356.608530913157 1.0883401269561887e-16 3.651590468476566e-17
2358.156769545945 2.0922409952384743e-16 4.069678982924143e-17
2359.70501735772 2.388229247118201e-16 4.166582199067995e-17
2361.253274348644 2.1893508080121177e-16 4.200446973345916e-17
2362.8015405188817 1.776325234483406e-16 3.949274572960924e-17
2364.3498158685957 1.9901217766752098e-16 4.098487036681405e-17
2365.898100397949 2.650356827535845e-16 4.274961388158163e-17
2367.446394107105 1.481002962258458e-16 3.718698969828503e-17
2368.994696996228 1.9236810416881745e-16 4.004335023254904e-17
2370.5430090654795 1.340860567041846e-16 3.73386582266803e-17
2372.091330315024 2.2361116589119853e-16 4.0821799980855344e-17
2373.6396607450247 2.1802812027293923e-16 4.1581350306526036e-17
2375.1880003556444 1.7445734103621905e-16 3.827584724325798e-17
2376.7363491470473 1.8640651423247427e-16 3.981125989627891e-17
2378.284707119396 1.8643942940340898e-16 3.912877302519611e-17
2379.8330742728535 1.497397020254769e-16 3.7655838978202535e-17
2381.381450607584 1.92688719374243e-16 3.9468926236690166e-17
2382.9298361237506 1.356680495518596e-16 3.711745027854892e-17
2384.4782308215163 1.2737358529499028e-16 3.641687462183081e-17
2386.0266347010443 1.353356155898419e-16 3.698512785032004e-17
2387.575047762499 1.4924773470179975e-16 3.7506579199751016e-17
2389.123470006042 8.9862837104952e-17 3.448322413470235e-17
2390.6719014318387 1.7039314460639491e-16 3.8316478354946586e-17
2392.2203420400506 2.2502489034994556e-16 4.113266438122012e-17
2393.768791830842 2.0260686638166002e-16 3.962142194569799e-17
2395.3172508043763 1.8021371077131027e-16 3.9010317452756066e-17
2396.865718960816 1.6642719076356247e-16 3.7936024904008947e-17
2398.4141963003262 1.4800298008114016e-16 3.712507026635176e-17
2399.9626828230685 1.895985181895327e-16 3.9082070407811366e-17
2401.511178529208 2.1733225623699022e-16 3.945216424875739e-17
2403.059683418906 1.2791258941701963e-16 3.613031940530774e-17
2404.6081974923272 1.0156054077754619e-16 3.4863899270044153e-17
2406.156720749635 2.1298069064492025e-16 4.010384691382872e-17
2407.705253190993 2.1379515252837466e-16 3.990453609087284e-17
2409.2537948165636 2.0058309291243269e-16 3.9560955042920365e-17
2410.802345626511 1.6910247815301617e-16 3.748074469485976e-17
2412.3509056209987 1.8514435573172656e-16 3.7947059493380404e-17
2413.8994748001896 2.1238602057638853e-16 3.98313504589966e-17
2415.448053164248 2.5507780460698535e-16 4.1227700816157565e-17
2416.9966407133356 1.941314017718743e-16 3.8553713754626795e-17
2418.545237447618 1.1896895381541869e-16 3.533602418518737e-17
2420.0938433672577 1.859498311250062e-16 3.860821833954914e-17
2421.6424584724177 1.3394834767580676e-16 3.568933287714347e-17
2423.1910827632623 1.055384258735341e-16 3.4854555437844754e-17
2424.739716239954 2.2791054631278375e-16 3.970828252746096e-17
2426.288358902656 1.7789389928701756e-16 3.8073733932386775e-17
2427.837010751534 2.253794265779307e-16 3.906839214920219e-17
2429.3856717867493 2.7448428234064703e-16 4.1943532992093604e-17
2430.934342008466 2.735054298909763e-16 4.158497666633147e-17
2432.483021416848 1.5041407260038932e-16 3.630531442697701e-17
2434.0317100120574 2.0907339383368517e-16 3.8660132194792967e-17
2435.5804077942594 1.784842415465844e-16 3.761485714193421e-17
2437.129114763617 1.8713513462068038e-16 3.8396155700270144e-17
2438.6778309202937 1.6244248308188222e-16 3.6933425753313024e-17
2440.226556264453 2.1756524323704435e-16 3.9383726633597204e-17
2441.7752907962577 1.495714336365489e-16 3.6273759140969335e-17
2443.3240345158715 1.6655140020434343e-16 3.6957000400770785e-17
2444.8727874234596 1.960129531153017e-16 3.7933182711424215e-17
2446.421549519183 1.911007178865984e-16 3.7749733903894654e-17
2447.970320803207 1.9949326591178182e-16 3.86379869154337e-17
2449.519101275694 1.8854126225268173e-16 3.7730080092540394e-17
2451.067890936809 1.9498915497986728e-16 3.845954751369376e-17
2452.6166897867142 2.1714421492269976e-16 3.9172388604534806e-17
2454.1654978255733 1.8538587923570224e-16 3.6823609255190484e-17
2455.7143150535503 1.9059089669657992e-16 3.770879838974063e-17
2457.263141470809 2.3910578077664384e-16 3.9432877705595105e-17
2458.8119770775124 1.7202753438279149e-16 3.670174569862672e-17
2460.360821873824 2.4237268097508527e-16 4.038314279329602e-17
2461.909675859908 2.0958181212538476e-16 3.814180427935499e-17
2463.4585390359275 1.3087862086561837e-16 3.542479720852656e-17
2465.0074114020463 1.467603298079589e-16 3.602008269943402e-17
2466.556292958428 2.0490063160282467e-16 3.796848016252308e-17
2468.1051837052355 1.7649404499278182e-16 3.663307978161747e-17
2469.6540836426334 1.9789322067441845e-16 3.8349046110024024e-17
2471.202992770785 1.7265459022666589e-16 3.559654637347217e-17
2472.751911089854 2.413012637061474e-16 3.97572251499445e-17
2474.300838600003 2.4547938606737723e-16 4.0676609931017586e-17
2475.849775301397 3.123692338049145e-16 4.2533038144880545e-17
2477.398721194199 3.0024041021450257e-16 4.186115242052822e-17
2478.947676278572 2.29025400490048e-16 3.9349405255621154e-17
2480.496640554681 2.919246907246131e-16 4.108913151994268e-17
2482.045614022689 2.6184189208640297e-16 4.021556261863768e-17
2483.594596682759 2.8820573963013387e-16 4.095415218758628e-17
2485.143588535056 3.704477948388593e-16 4.383395502041004e-17
2486.692589579742 2.549726137028482e-16 3.975596783541342e-17
2488.241599816982 1.6975391266390373e-16 3.6730988187641696e-17
2489.7906192469395 2.562122728909345e-16 3.9657357980229745e-17
2491.3396478697778 2.721970286852644e-16 4.05278596958234e-17
2492.8886856856607 2.571451738032167e-16 4.010759900508726e-17
2494.437732694751 2.702982190455367e-16 4.0003351086848426e-17
2495.986788897214 2.095325783353256e-16 3.8157481006324094e-17
2497.535854293212 1.7890487281423497e-16 3.658396510556652e-17
2499.08492888291 1.9890075313028764e-16 3.759535222309021e-17
2500.6340126664704 1.434251640479247e-16 3.493530480924218e-17
2502.183105644058 1.436765872494714e-16 3.508164298577016e-17
2503.7322078158354 2.2341973644511906e-16 3.8743564940097515e-17
2505.281319181967 2.0942140526099848e-16 3.7346169026642283e-17
2506.8304397426164 1.5797190936072303e-16 3.586604843448685e-17
2508.3795694979476 1.2915472352949866e-16 3.453956175186211e-17
2509.928708448124 1.0214317371380404e-16 3.2489596435718895e-17
2511.4778565933093 1.2827196961467187e-16 3.4524652648501456e-17
2513.027013933667 1.4821787498683653e-16 3.5115540847272585e-17
2514.5761804693616 1.90738889234333e-16 3.708011465442073e-17
2516.1253562005563 2.365003603704488e-16 3.883117329313423e-17
2517.6745411274146 1.873443914633216e-16 3.641160051824517e-17
2519.223735250101 2.2780289371914365e-16 3.859513234225855e-17
2520.7729385687785 1.9970723437519214e-16 3.6958065809399753e-17
2522.3221510836115 1.574878035615876e-16 3.555457522919123e-17
2523.8713727947634 1.7859689692856923e-16 3.6631915111314995e-17
2525.4206037023982 2.1240992278736886e-16 3.753846204928126e-17
2526.9698438066794 1.5072379549150878e-16 3.4989193971788786e-17
2528.519093107771 1.5223189794942566e-16 3.4762070027916426e-17
2530.068351605836 2.1774260399526552e-16 3.712791907638139e-17
2531.6176193010397 1.5333755387827834e-16 3.5667564792143524e-17
2533.166896193545 1.478882071167872e-16 3.431455869908034e-17
2534.7161822835155 1.89104062706573e-16 3.705270188892072e-17
2536.2654775711158 1.7318863126501992e-16 3.6018418412041566e-17
2537.814782056509 1.0861122317815629e-16 3.296686310554974e-17
2539.3640957398593 2.347174089560377e-16 3.902050831790272e-17
2540.91341862133 1.9160643626077862e-16 3.598811051439762e-17
2542.462750701086 1.8263840875727471e-16 3.669784140613547e-17
2544.01209197929 1.823747035779928e-16 3.6342537554541894e-17
2545.561442456106 1.4333091839765285e-16 3.3880431152555357e-17
2547.1108021316973 1.6501152077601472e-16 3.588076894066784e-17
2548.66017100623 2.0538349332231882e-16 3.6854645071773473e-17
2550.209549079866 1.620538537777701e-16 3.5089822147667087e-17
2551.75893635277 1.2881757794671185e-16 3.4546930276758734e-17
2553.3083328251046 1.9750849566279758e-16 3.645170885178664e-17
2554.8577384970354 1.756936650320755e-16 3.574800976107553e-17
2556.407153368725 1.7621891810360178e-16 3.5783148393496783e-17
2557.956577440338 1.734536731681717e-16 3.5271530567187835e-17
2559.506010712038 2.493394210871335e-16 3.9064570574772194e-17
2561.055453183989 2.2085781912169943e-16 3.757153603889358e-17
2562.6049048563546 1.8800609624869462e-16 3.662260105761765e-17
2564.1543657292987 1.7138404080578444e-16 3.565194100473362e-17
2565.703835802986 2.1558710366785034e-16 3.7170399763919665e-17
2567.2533150775794 2.1833568587702114e-16 3.7301196871099e-17
2568.802803553243 2.1847335520072957e-16 3.760586072559208e-17
2570.3523012301407 1.6559405445059906e-16 3.5207549801168084e-17
2571.901808108437 2.4147996118823844e-16 3.8767397667906393e-17
2573.451324188296 2.898330222707074e-16 3.9912225561847134e-17
2575.0008494698795 1.958272014369468e-16 3.7465994410176715e-17
2576.5503839533544 3.2528153640175707e-16 4.081967908976476e-17
2578.099927638883 2.665454395727265e-16 3.933549538644046e-17
2579.6494805266293 2.352666039432137e-16 3.793220332957895e-17
2581.199042616757 2.4237980134579813e-16 3.840420913071396e-17
2582.7486139094317 2.3694116161015587e-16 3.8261110193464737e-17
2584.298194404815 3.067627491968179e-16 4.1159878623373117e-17
2585.8477841030726 2.5009547740189675e-16 3.874319105446064e-17
2587.397383004368 2.457017057462519e-16 3.865863996096792e-17
2588.946991108865 2.0035618072679714e-16 3.646215779728441e-17
2590.4966084167268 2.1474750872866412e-16 3.762444581959492e-17
2592.0462349281192 2.750047840867348e-16 3.982164597605013e-17
2593.5958706432048 2.02921803819361e-16 3.6974758314161073e-17
2595.145515562148 1.6908322138835594e-16 3.556021990969129e-17
2596.695169685113 1.897169439834707e-16 3.645247316667264e-17
2598.2448330122634 1.759023792442349e-16 3.6229137710005774e-17
2599.7945055437635 2.636593336236351e-16 3.914357624943836e-17
2601.344187279777 2.3462291184285966e-16 3.872646546247482e-17
2602.8938782204687 2.185691360982183e-16 3.733630241629575e-17
2604.443578366002 1.9446482835062706e-16 3.655574832051111e-17
2605.99328771654 2.0235779899049786e-16 3.735954950023094e-17
2607.5430062722485 2.0012382900145344e-16 3.6882302682734796e-17
2609.0927340332905 1.4709167850901294e-16 3.446057592953065e-17
2610.642470999831 1.9000616603028864e-16 3.654028004305637e-17
2612.192217172033 1.6282524932981256e-16 3.501442298047165e-17
2613.74197255006 1.7189584722927305e-16 3.6218701999397805e-17
2615.2917371340777 1.5676955932698535e-16 3.4655347185284834e-17
2616.8415109242496 1.7554806800937638e-16 3.634576355893085e-17
2618.3912939207394 2.1698041992652446e-16 3.77730967931156e-17
2619.941086123711 1.9871546467307576e-16 3.7122972536318325e-17
2621.490887533329 2.253325221284765e-16 3.81030326696834e-17
2623.040698149757 8.053025456188371e-17 3.1842304445339e-17
2624.59051797316 1.8624998519079964e-16 3.624230973408007e-17
2626.140347003701 2.113607798379658e-16 3.717202765536517e-17
2627.690185241545 2.1290726347630514e-16 3.7056397731897607e-17
2629.2400326868556 1.367489562367847e-16 3.425798947134906e-17
2630.7898893397964 1.9213923321949138e-16 3.662933099908138e-17
2632.3397552005326 2.3715580505294603e-16 3.83907624826763e-17
2633.889630269228 1.4370586282571088e-16 3.49987826494495e-17
2635.4395145460458 2.0580069675351097e-16 3.687521539924644e-17
2636.9894080311515 2.1275970768991549e-16 3.826911730179425e-17
2638.539310724708 2.4380869298825693e-16 3.8217696446195504e-17
2640.08922262688 2.432369986884195e-16 3.8527991746298846e-17
2641.639143737832 1.712602019419179e-16 3.6030601128103247e-17
2643.189074057728 1.8423342473651376e-16 3.625680524713445e-17
2644.7390135867313 1.7259921544773914e-16 3.584459798684212e-17
2646.288962325007 1.433865049348164e-16 3.4347606218913056e-17
2647.838920272719 1.6195361272241848e-16 3.6118695863340144e-17
2649.3888874300314 1.1920405839784096e-16 3.3837844585898677e-17
2650.9388637971083 1.9606372215257776e-16 3.743142818673935e-17
2652.4888493741137 1.318743080951158e-16 3.4107207680570445e-17
2654.0388441612126 1.298527316175954e-16 3.3882585130870445e-17
2655.5888481585685 1.3418112291762409e-16 3.419605349580354e-17
2657.1388613663453 1.2604878606081515e-16 3.385753148447744e-17
2658.6888837847077 2.0171807735708405e-16 3.7719770113385533e-17
2660.2389154138195 1.955009746382457e-16 3.7260076068487764e-17
2661.7889562538458 1.6994918022802545e-16 3.5937152879941906e-17
2663.3390063049496 1.341050620059386e-16 3.457552756489592e-17
2664.8890655672963 2.514999109680036e-16 3.882535655906676e-17
2666.4391340410493 1.7808870362999625e-16 3.61577884190894e-17
2667.989211726373 1.7363194713378914e-16 3.6276700595227573e-17
2669.5392986234315 1.2232900116827849e-16 3.331849427522358e-17
2671.0893947323893 1.3812918318944578e-16 3.527440253827462e-17
2672.6395000534108 7.014326158327164e-17 3.16426428978034e-17
2674.1896145866594 1.920180678033646e-16 3.728854100772694e-17
2675.7397383323005 1.5575208746887573e-16 3.5331133893405956e-17
2677.2898712904976 9.866161022023775e-17 3.2973497094062416e-17
2678.840013461415 1.5938806903919342e-16 3.5905789499836345e-17
2680.390164845217 1.9092519677805955e-16 3.751290878579827e-17
2681.940325442068 2.0564797936009898e-16 3.717764917480808e-17
2683.4904952521324 1.502484908940909e-16 3.527535214161783e-17
2685.0406742755745 2.0028154918321015e-16 3.792605572326646e-17
2686.590862512558 1.5503806516411995e-16 3.537733689370072e-17
2688.1410599632477 1.349737075282377e-16 3.4675632962627084e-17
2689.6912666278076 1.8549081867693317e-16 3.742493978201448e-17
2691.2414825064025 1.760772783129531e-16 3.674213527357646e-17
2692.791707599196 1.6127707162557871e-16 3.613784013143707e-17
2694.3419419063525 1.5032030340615031e-16 3.564601839154774e-17
2695.8921854280375 1.5542232695459779e-16 3.5808119321828534e-17
2697.442438164413 2.415555588787809e-16 3.9714572408838813e-17
2698.992700115646 1.9674879975333908e-16 3.715271795114573e-17
2700.5429712818986 2.661306581263679e-16 4.0191624011710395e-17
2702.093251663337 3.0088902569386255e-16 4.1832168011864365e-17
2703.6435412601236 2.026035047196506e-16 3.747500075268619e-17
2705.193840072424 2.0551297024924052e-16 3.900008026549511e-17
2706.7441481004025 1.8170284763214254e-16 3.742298101832396e-17
2708.2944653442237 1.985617546629287e-16 3.760735957686203e-17
2709.8447918040506 2.570038516499232e-16 4.0069495757350616e-17
2711.3951274800484 1.8919031448340513e-16 3.773894415998451e-17
2712.945472372382 2.563480628602912e-16 3.995541431598975e-17
2714.495826481215 2.4890960480596113e-16 3.9415546617400894e-17
2716.0461898067124 2.687887004544111e-16 4.032349645368605e-17
2717.596562349038 2.4928399336864753e-16 3.961826211575804e-17
2719.146944108356 2.8101151823218867e-16 4.1352029370946735e-17
2720.697335084831 2.39233232765426e-16 3.9517134322789756e-17
2722.2477352786277 2.7973660129767294e-16 4.1227677655100413e-17
2723.798144689911 2.3767720677154026e-16 3.938162559484132e-17
2725.3485633188448 2.597007251446421e-16 4.029060113508604e-17
2726.898991165593 2.6500039853737545e-16 4.1120726510619757e-17
2728.44942823032 2.9993097849095873e-16 4.1661970637747904e-17
2729.9998745131907 3.590021827297468e-16 4.388074697330094e-17
2731.55033001437 2.1341429210457565e-16 3.8526552452033003e-17
2733.1007947340213 1.9210330049368208e-16 3.771586251217183e-17
2734.6512686723095 1.859201982067421e-16 3.756025329533836e-17
2736.201751829399 2.8927715689907175e-16 4.1881640029939936e-17
2737.752244205454 2.943711865740795e-16 4.229823465620124e-17
2739.30274580064 2.703155567511758e-16 4.09318613244392e-17
2740.85325661512 2.2347111428732596e-16 3.93407231679118e-17
2742.4037766490596 2.5013166159061227e-16 4.083267575154919e-17
2743.9543059026223 3.471236573752485e-16 4.311011904486694e-17
2745.504844375973 3.879118936755689e-16 4.580378969625402e-17
2747.055392069277 3.6202331102458646e-16 4.4864281265238743e-17
2748.6059489826966 3.557328208418024e-16 4.420410180091527e-17
2750.1565151163986 6.309838003486126e-16 5.371697993901806e-17
2751.707090470547 5.951267781089699e-16 5.149305854005494e-17
2753.257675045305 6.673273371373344e-16 5.492635439051754e-17
2754.8082688408385 8.457251283837397e-16 6.013996129487596e-17
2756.358871857311 1.0523917442722508e-15 6.367204236281209e-17
2757.909484094888 1.2891084421513843e-15 7.162053336539744e-17
2759.4601055537323 1.4576154826122603e-15 7.355551395895089e-17
2761.0107362340104 1.4998930145920905e-15 7.484633923100724e-17
2762.5613761358863 1.910650101539157e-15 8.45171327654913e-17
2764.1120252595238 2.1746814943848737e-15 8.758657502554897e-17
2765.662683605088 2.65063629546888e-15 9.660652961918651e-17
2767.2133511727434 2.8753397368153424e-15 1.005966569882402e-16
2768.764027962654 2.9319774418664485e-15 9.960169767768182e-17
2770.314713974985 3.1862679558187406e-15 1.0663275273671726e-16
2771.8654092099 3.101302927912609e-15 1.0350776364416542e-16
2773.4161136675652 3.2354233953302758e-15 1.067395119752958e-16
2774.966827348144 3.1496130285427843e-15 1.0512244666964853e-16
2776.517550251801 3.0032442529495836e-15 1.0281335544609451e-16
2778.068282378701 3.1100987297951344e-15 1.0430185041477143e-16
2779.6190237290084 2.6833631074519443e-15 9.81350402771763e-17
2781.1697743028876 2.5085890819725705e-15 9.521897715502066e-17
2782.720534100504 2.3184956186091555e-15 9.206477204323345e-17
2784.271303122022 2.1274992181239674e-15 8.85821894631525e-17
2785.8220813676053 2.0036390725546287e-15 8.721231219431568e-17
2787.3728688374194 1.9460154211529187e-15 8.380197887765755e-17
2788.923665531628 1.7667933080301574e-15 8.266976714241947e-17
2790.474471450397 1.7351997202514008e-15 8.244118736066902e-17
2792.0252865938896 1.699662029432873e-15 8.083554376491989e-17
2793.5761109622713 1.6952648696454391e-15 8.141177763195903e-17
2795.1269445557073 1.3776807716216351e-15 7.469785700233152e-17
2796.677787374361 1.2174707365164702e-15 7.077970758145974e-17
2798.228639418397 9.53094813019458e-16 6.419177648529141e-17
2799.779500687981 1.2821233849518517e-15 7.147686863660923e-17
2801.330371183277 1.3198274684121008e-15 7.363925110672086e-17
2802.881250904449 9.588210733802523e-16 6.479622713738596e-17
2804.432139851663 7.3694201045685e-16 5.890216822625161e-17
2805.983038025083 5.360022372642844e-16 5.2997931684860413e-17
2807.533945424873 7.236594750527185e-16 5.725740891369607e-17
2809.0848620511993 7.883761274151769e-16 6.028571713625271e-17
2810.6357879042253 7.310313616113503e-16 5.843204508819078e-17
2812.186722984116 6.097801304591141e-16 5.551931054082005e-17
2813.737667291036 4.457770818161444e-16 4.9998425891232875e-17
2815.28862082515 5.434154166790949e-16 5.25773301957119e-17
2816.839583586623 5.564663415117115e-16 5.341215064840247e-17
2818.3905555756187 5.223828474449417e-16 5.2128753458246843e-17
2819.941536792304 5.039701511166462e-16 5.205287452629613e-17
2821.492527236841 5.38013305239303e-16 5.3014349565658366e-17
2823.043526909396 4.191932439341438e-16 4.859290375543992e-17
2824.5945358101326 3.342235573468023e-16 4.635625370121084e-17
2826.1455539392173 3.5848239566770826e-16 4.6242172259849975e-17
2827.6965812968133 2.695654561368229e-16 4.4103232088298105e-17
2829.2476178830852 4.382253331051191e-16 4.980319803178056e-17
2830.7986636981987 3.6095904059614103e-16 4.713806180280411e-17
2832.3497187423177 3.32449923294811e-16 4.632083713610377e-17
2833.900783015608 3.6007328236132945e-16 4.678692363277535e-17
2835.4518565182334 2.8070735399478557e-16 4.416645515687676e-17
2837.0029392503598 3.084588003247966e-16 4.574856380983753e-17
2838.5540312121498 2.1488341781202903e-16 4.157950403939882e-17
2840.1051324037703 3.5266997617431045e-16 4.7697857936710594e-17
2841.6562428253856 2.931232952845371e-16 4.5244020032127137e-17
2843.2073624771597 2.7490748117691896e-16 4.383952360029375e-17
2844.7584913592573 2.979978375470876e-16 4.59025385177806e-17
2846.3096294718443 2.6119380600263503e-16 4.4317409001222785e-17
2847.860776815085 2.6672381941746234e-16 4.493724852143327e-17
2849.411933389144 2.9531044023346613e-16 4.519381678639007e-17
2850.963099194186 2.042646025036653e-16 4.179340632836013e-17
2852.5142742303756 2.1487415338916844e-16 4.252948788569147e-17
2854.065458497879 2.141622089621114e-16 4.271027317164861e-17
2855.616651996859 2.0216147263519207e-16 4.164475535483945e-17
2857.1678547274823 2.0177433887362745e-16 4.2699493353905816e-17
2858.719066689913 1.777212766193451e-16 4.1899100158309706e-17
2860.2702878843147 2.1553904778298346e-16 4.3589724981470086e-17
2861.821518310854 1.124676450729969e-16 3.892868134374198e-17
2863.372757969695 9.39967483168021e-17 3.7362285813697266e-17
2864.924006861003 1.8112090952759923e-16 4.170226756846904e-17
2866.475264984942 1.4726694815464557e-16 4.055778709038557e-17
2868.026532341677 2.005489998363057e-16 4.2914600017839006e-17
2869.5778089313735 1.523294523221477e-16 4.1749830453690837e-17
2871.129094754196 1.5127235520397435e-16 4.089270590296339e-17
2872.68038981031 2.283325804787532e-16 4.538430324657123e-17
2874.2316940998785 1.3339301169976316e-16 4.020167260179169e-17
2875.7830076230684 2.0058772512386298e-16 4.40626075940544e-17
2877.334330380044 1.6563150918873546e-16 4.1929685988639466e-17
2878.8856623709694 1.1980688115849e-16 4.039966324448993e-17
2880.4370035960105 8.20633643440793e-17 3.9117642482873596e-17
2881.9883540553315 2.0808450933754537e-16 4.412591007197186e-17
2883.539713749098 1.3120259773305334e-16 4.126665440556391e-17
2885.0910826774743 1.3583421359330926e-16 4.1224914871854486e-17
2886.6424608406255 1.7560732061101478e-16 4.310219465459868e-17
2888.193848238717 1.4686614275191668e-16 4.235545239353276e-17
2889.7452448719123 1.8345382355279479e-16 4.367965605766685e-17
2891.2966507403776 1.0035085199741394e-16 4.0361480587414484e-17
2892.8480658442777 1.4390528614523007e-16 4.1577121759234665e-17
2894.3994901837777 1.552024424954465e-16 4.253125474347988e-17
2895.9509237590414 1.9549564097765595e-16 4.511618423154074e-17
2897.502366570235 1.6244638737437347e-16 4.3165596394189646e-17
2899.053818617523 1.1198735092212412e-16 4.150243727608848e-17
2900.6052799010704 2.287241479284011e-16 4.683623021472841e-17
2902.156750421042 2.1842659633506317e-16 4.5646612144979146e-17
2903.708230177603 1.5047490015391402e-16 4.365966475662267e-17
2905.259719170918 3.695877718472655e-17 3.8545286438546104e-17
2906.8112174011526 5.28830826198911e-17 3.8621390363623433e-17
2908.3627248684716 9.488182495478894e-17 4.121936614430548e-17
2909.914241573039 1.1817578686965384e-16 4.2857517938127947e-17
2911.4657675150206 1.5259379277614006e-16 4.391921087178466e-17
2913.0173026945818 1.4200028257707554e-16 4.3761924132668925e-17
2914.568847111887 1.2719065264816295e-16 4.323053999844241e-17
2916.1204007671013 1.713726058609965e-16 4.5319177662583705e-17
2917.67196366039 2.480804654297176e-16 4.892464288574309e-17
2919.223535791917 1.6387292320644772e-16 4.5765650052570427e-17
2920.7751171618493 2.1742834153694438e-16 4.807853638077485e-17
2922.3267077703504 1.1213304058905186e-16 4.3756305921948465e-17
2923.878307617586 1.1883452703971147e-16 4.356200119605976e-17
2925.4299167037207 1.4438715524798916e-16 4.48955652360055e-17
2926.98153502892 1.3557811847566284e-16 4.495997282722133e-17
2928.5331625933477 1.4175832232173643e-16 4.503874027387108e-17
2930.084799397171 1.596280837657318e-16 4.648525417209971e-17
2931.6364454405534 1.328585339100457e-16 4.4757753637231714e-17
2933.1881007236607 1.5760887633348576e-16 4.6983273149138284e-17
2934.7397652466566 1.4802791461352496e-16 4.651417240631456e-17
2936.2914390097085 2.4091840481398844e-16 5.0360783939090305e-17
2937.8431220129787 2.0454137051918064e-16 4.8874059136924246e-17
2939.394814256635 1.3208556340611695e-16 4.617624265630705e-17
2940.9465157408404 1.7025971044742276e-16 4.778908934083029e-17
2942.498226465761 2.2195472678839375e-16 5.0080915650639113e-17
2944.049946431562 2.0273779914645982e-16 5.038832574476587e-17
2945.6016756384083 1.9553827055770448e-16 5.0054207643021e-17
2947.153414086464 1.282974203077589e-16 4.643549760389342e-17
2948.7051617758957 2.0711248609101186e-16 5.09589645621417e-17
2950.256918706868 1.7325006762347546e-16 4.883711063332273e-17
2951.808684879546 2.058713578301577e-16 5.0548156891445817e-17
2953.3604602940945 1.3335265852076038e-16 4.862700344901181e-17
2954.912244950679 2.5781252988653467e-16 5.270481196299612e-17
2956.4640388494645 1.4214227970974885e-16 4.8783423302845586e-17
2958.015841990616 1.290602528861002e-16 4.797979417669317e-17
2959.5676543742993 1.7583040791349788e-16 5.0487464995541576e-17
2961.119476000679 8.409863231509867e-17 4.677401630649707e-17
2962.6713068699196 1.5314846700769362e-16 4.892657187093156e-17
2964.2231469821872 1.610134326207458e-16 5.120214904478739e-17
2965.774996337647 2.0463148688383461e-16 5.269015432254168e-17
2967.326854936464 1.4837364963979252e-16 4.956405349924658e-17
2968.878722778803 1.437652610111371e-16 5.104176865018071e-17
2970.430599864829 8.518992838851743e-17 4.6934757351850824e-17
2971.9824861947086 1.9069087305413553e-16 5.2998289026885036e-17
2973.534381768605 8.66995330064267e-17 4.8587778544364544e-17
2975.086286586685 1.598168927036307e-16 5.2590978675819025e-17
2976.638200649113 6.377528773814851e-17 4.781700503214273e-17
2978.1901239560543 7.776823232212015e-17 4.9302879492639086e-17
2979.7420565076745 1.2397673171359432e-16 5.120434934521678e-17
2981.2939983041383 1.0148449310075052e-16 5.055822533386181e-17
2982.845949345611 1.5074874325878338e-16 5.363446370983222e-17
2984.3979096322582 1.5294611877752844e-16 5.377674539263624e-17
2985.949879164245 2.1680438265728338e-16 5.662913545996e-17
2987.501857941736 2.1793216401316062e-17 4.8509355204849616e-17
2989.053845964897 5.0406510483352236e-17 4.952721418348592e-17
2990.605843233894 6.653733644769168e-17 5.0416635174049885e-17
2992.157849748891 1.2064830251246874e-16 5.385269380775841e-17
2993.709865510053 2.9718892108245975e-17 4.872050463673235e-17
2995.261890517547 7.49736456360016e-17 5.2117417775132417e-17
2996.8139247715367 5.1300289061383133e-17 5.163062529336741e-17
2998.3659682721873 1.2522832877228095e-16 5.4272388706955564e-17
2999.918021019665 8.003587848826282e-17 5.319149194819782e-17
3001.4700830141346 1.9717285885744807e-16 5.881489736290482e-17
3003.0221542557624 5.2050813192209647e-17 5.2431878756800576e-17
3004.574234744712 1.5015591283993397e-16 5.777225274439398e-17
3006.126324481149 7.739762232047189e-17 5.465266017815844e-17
3007.6784234652396 1.0996210838012889e-16 5.593526327492602e-17
3009.230531697149 1.3960921444609506e-16 5.851789320088398e-17
3010.782649177042 1.1296773861901177e-16 5.674441796757029e-17
3012.334775905084 7.36554638467269e-17 5.5206133343462573e-17
3013.8869118814405 5.94494904765208e-17 5.566779276949577e-17
3015.439057106277 9.547687883512489e-17 5.748494975659716e-17
3016.9912115797574 1.7877411210300259e-16 6.158314000087478e-17
3018.543375302049 1.9087812027503793e-16 6.27642215667025e-17
3020.095548273316 1.560731261907749e-16 6.233938822154016e-17
3021.6477304937243 9.16099285854477e-17 5.871881868039556e-17
3023.199921963439 1.6020807634147438e-16 6.340292411360164e-17
3024.752122682625 1.4661176816994437e-16 6.27159803933784e-17
3026.3043326514485 7.328840741299017e-17 5.97147639902441e-17
3027.8565518700743 3.7481131815386435e-17 5.817636025212818e-17
3029.408780338668 8.900270823423975e-17 6.072221703677449e-17
3030.961018057395 7.677943385276406e-17 6.087035515831539e-17
3032.51326502642 3.205101534877593e-17 5.866870477016465e-17
3034.065521245909 2.0679376347482783e-16 6.761175803661435e-17
3035.6177867160277 1.1758263881344921e-16 6.483485316326974e-17
3037.170061436941 1.9771718340517736e-16 6.796872948432284e-17
3038.7223454088144 7.247271468478427e-17 6.384434739312934e-17
3040.274638631813 1.6026867890187247e-16 6.747970692362639e-17
3041.826941106103 2.1864207357591078e-16 7.083342138171648e-17
3043.379252831849 2.2910897881914038e-17 6.262767059118224e-17
3044.9315738092164 1.0795078894220415e-16 6.641488724725423e-17
3046.4839040383713 6.318908138164443e-17 6.52570262955821e-17
3048.0362435194784 2.6836010178310043e-16 7.671707105202246e-17
3049.588592252704 1.3359768927053328e-16 6.963811892679776e-17
3051.140950238213 1.6765497825549738e-16 7.101822676545063e-17
3052.6933174761703 4.5799828328300505e-18 6.455524626389211e-17
3054.2456939667422 9.447415064425341e-17 6.883977713912078e-17
3055.7980797100936 1.242821929701979e-16 7.28881314058533e-17
3057.350474706391 9.842780927446086e-17 6.981215772767891e-17
3058.9028789557983 6.535800188731767e-17 7.098464323258098e-17
3060.4552924584823 1.90487750582917e-17 6.760674863082473e-17
3062.0077152146073 -6.876919547181285e-17 6.314049610118552e-17
3063.5601472243397 9.932742443889394e-17 7.253970969695617e-17
3065.1125884878443 -1.8446311294028504e-17 6.72209251233504e-17
3066.6650390052873 2.73973435446669e-17 6.992407195583489e-17
3068.2174987768335 4.28879780370046e-17 7.154933627571378e-17
3069.769967802649 4.597618323489681e-18 7.111843473357776e-17
3071.3224460828983 3.7565537325091346e-17 7.413740574137989e-17
3072.8749336177484 6.438689184818042e-17 7.453674207134089e-17
3074.4274304073638 1.3912119111957858e-16 7.932014226527784e-17
3075.9799364519104 6.094507272868608e-17 7.483512927934592e-17
3077.5324517515533 4.7744798782111753e-17 7.576252447747097e-17
3079.0849763064575 6.049340150854946e-18 7.51468109341559e-17
3080.637510116791 3.3207953166884446e-17 7.653452221699936e-17
3082.190053182716 -2.2587197292803662e-17 7.503169386266812e-17
3083.7426055044007 6.846348936974796e-17 8.011900683110195e-17
3085.2951670820084 1.3295705442972321e-16 8.239231091263448e-17
3086.8477379157066 1.5319560306771934e-17 7.856221983105265e-17
3088.40031800566 1.2494747117581715e-16 8.472906967331719e-17
3089.952907352035 1.1491897165724066e-16 8.562434379389558e-17
3091.505505954995 4.7238663508902807e-17 8.302606361074811e-17
3093.0581138147077 1.601302287196658e-16 8.959578349855047e-17
3094.610730931338 4.8181593158931605e-17 8.446826293490167e-17
3096.1633573050512 6.373220155440185e-17 8.586942086578279e-17
3097.7159929360137 5.144891356512421e-17 8.613708327711515e-17
3099.26863782439 1.834616586075569e-16 9.443403569326704e-17
3100.821291970346 1.7038169642671718e-16 9.39062679926786e-17
3102.3739553740475 1.8683454380352351e-16 9.653997797582294e-17
3103.9266280356605 7.097739713041501e-17 9.057212131915906e-17
3105.47930995535 -5.0554377289652215e-17 8.468258874033661e-17
3107.032001133281 1.1461173692540376e-16 9.467162181752697e-17
3108.584701569621 1.579809355555672e-16 9.912306450547904e-17
3110.137411264534 -4.995470691431761e-18 9.134560136634515e-17
3111.6901302181864 2.226134669584514e-16 1.0379899739423309e-16
3113.242858430743 1.1018167354756374e-17 9.242398680476318e-17
3114.7955959023707 1.029083223978605e-16 1.0087514553942966e-16
3116.348342633234 5.37076915279197e-18 9.398978676476686e-17
3117.9010986234994 7.04562005526127e-17 1.0048234724503027e-16
3119.453863873332 1.6209351874250325e-16 1.0475158520509406e-16
3121.0066383828976 1.2827496069976686e-16 1.0516667105391807e-16
3122.559422152362 2.973954846250265e-17 1.0123407575082866e-16
3124.1122151818904 6.789232446550254e-17 1.0371309634198069e-16
3125.6650174716488 2.3929876863099736e-17 1.0253571392785231e-16
3127.2178290218026 -6.32009729301305e-17 9.833184970595981e-17
3128.7706498325188 -4.007224530570674e-17 9.981618891923927e-17
3130.323479903961 2.5872669019485887e-16 1.15779027736059e-16
3131.8763192362962 6.664414200838452e-17 1.0824755487620857e-16
3133.4291678296904 6.587958889436911e-17 1.1091057352281689e-16
3134.982025684308 -2.841610911325456e-17 1.0520440372474029e-16
3136.5348928003154 2.3058089708834174e-16 1.1982897018956762e-16
3138.0877691778796 7.290375519326321e-17 1.1594971810982053e-16
3139.640654817163 1.235600312082146e-16 1.149118248167482e-16
3141.193549718335 5.77990600136856e-17 1.1887452287668963e-16
3142.746453881559 2.1031438974564132e-16 9.951944283756955e-17
3144.2993673070014 3.2911862212259865e-16 1.1203982726018448e-16
3145.8522899948284 4.3279272847922604e-16 1.408406415327252e-16
3147.405221945205 6.387964616771718e-16 1.9798681781509005e-16
3148.9581631582973 1.8029711704683522e-16 1.1982343800563086e-16
