wavelength flux error
1118.8993765322814 0.0 0.0
1119.4831713565877 0.0 0.0
1120.0669647160696 0.0 0.0
1120.6507566107373 0.0 0.0
1121.2345470406026 0.0 0.0
1121.818336005676 0.0 0.0
1122.4021235059688 0.0 0.0
1122.985909541492 0.0 0.0
1123.5696941122567 0.0 0.0
1124.1534772182733 0.0 0.0
1124.7372588595538 0.0 0.0
1125.321039036109 0.0 0.0
1125.9048177479492 0.0 0.0
1126.4885949950863 0.0 0.0
1127.0723707775305 0.0 0.0
1127.6561450952936 0.0 0.0
1128.2399179483862 0.0 0.0
1128.8236893368194 0.0 0.0
1129.4074592606041 0.0 0.0
1129.9912277197518 0.0 0.0
1130.5749947142729 0.0 0.0
1131.158760244179 0.0 0.0
1131.7425243094806 0.0 0.0
1132.3262869101889 0.0 0.0
1132.910048046315 0.0 0.0
1133.49380771787 0.0 0.0
1134.0775659248648 0.0 0.0
1134.6613226673103 0.0 0.0
1135.2450779452179 0.0 0.0
1135.8288317585982 0.0 0.0
1136.4125841074624 0.0 0.0
1136.9963349918219 0.0 0.0
1137.580084411687 -1.0503541938121363e-13 5.465813823139591e-14
1138.1638323670693 -2.6020552289988778e-14 4.216670195384678e-15
1138.7475788579798 -1.3484188537884328e-14 2.5620487194055784e-15
1139.3313238844287 -3.4897439789521954e-15 3.4675326574928195e-15
1139.915067446428 -6.207939198777605e-15 1.6926199033885192e-15
1140.4988095439885 -2.3367832716986127e-15 2.2283943946691106e-15
1141.0825501771208 -2.3438712434012366e-15 1.8895176882963464e-15
1141.6662893458365 -7.695228151356314e-16 1.6072575111510069e-15
1142.2500270501462 1.0636730584593756e-15 1.6908505574408234e-15
1142.8337632900611 -1.3721455171904467e-15 1.0091014785248596e-15
1143.417498065592 -2.0144256665609978e-16 1.0501930584994154e-15
1144.0012313767504 -1.2319839049138438e-15 6.609005275896016e-16
1144.584963223547 -7.504255573672768e-16 6.68599474744992e-16
1145.1686936059925 -1.2624211868404798e-15 4.1734980907334285e-16
1145.7524225240984 -6.423500295886996e-16 5.02662967520796e-16
1146.3361499778757 -3.1895449145334306e-16 4.996385305035061e-16
1146.9198759673352 -1.499737081120457e-16 4.763781057993965e-16
1147.5036004924884 -2.84757177334286e-16 3.9140571929453566e-16
1148.0873235533454 -3.7334628864480433e-16 3.3789602750830094e-16
1148.671045149918 -3.618242582819817e-16 2.988321385303535e-16
1149.254765282217 -1.9307954567006206e-16 3.087488032301128e-16
1149.8384839502532 -8.981944651873991e-17 2.9530932850272285e-16
1150.422201154038 -3.866327151065373e-16 2.141482329184817e-16
1151.0059168935825 1.8352911684087181e-16 3.011484560037388e-16
1151.5896311688969 6.305497224329244e-17 2.6603105234572673e-16
1152.1733439799932 -1.6213659830880501e-16 2.0669426357330505e-16
1152.7570553268818 3.302236030720715e-16 2.8188592093155113e-16
1153.3407652095739 -1.3294629446431512e-16 1.946808217521769e-16
1153.9244736280805 -9.644163281843529e-18 2.032556274448078e-16
1154.5081805824127 -1.2270237064445022e-16 1.705879489493736e-16
1155.0918860725815 -9.125852902634537e-17 1.7086503460224416e-16
1155.675590098598 -1.926139422468682e-16 1.4104868076550474e-16
1156.259292660473 -6.580860356292226e-17 1.6428172248261633e-16
1156.8429937582175 6.297590701162217e-17 1.770099542321087e-16
1157.4266933918427 -1.713852319458665e-16 1.305952883447618e-16
1158.0103915613597 -4.7391046721347325e-17 1.5221812042914297e-16
1158.5940882667792 4.1577295136291056e-16 2.1318702257691548e-16
1159.1777835081123 2.932962091197852e-17 1.5406354052341408e-16
1159.7614772853703 3.1657107308866747e-16 1.944264471702046e-16
1160.345169598564 4.599266480860193e-17 1.4896654623309093e-16
1160.9288604477044 -9.888979957273908e-17 1.2279441930301512e-16
1161.5125498328027 9.938858948210856e-17 1.5522552414325917e-16
1162.0962377538697 2.6640312811142043e-17 1.3623990267037467e-16
1162.6799242109164 6.266042694343934e-17 1.468912890425383e-16
1163.2636092039538 2.419221388564848e-16 1.6272101133774108e-16
1163.8472927329933 -8.324682819007116e-17 1.1432356043488009e-16
1164.4309747980453 6.901595866866069e-16 2.1144745513127156e-16
1165.0146553991215 1.1774906755269488e-16 1.4083859012480607e-16
1165.5983345362326 1.7629298054692733e-16 1.5063176006783368e-16
1166.1820122093893 2.815922982838744e-17 1.223884787630435e-16
1166.765688418603 -5.862369290995196e-17 1.0546998164092901e-16
1167.3493631638846 7.774474701016855e-17 1.271195283503732e-16
1167.9330364452453 2.2286278581251976e-16 1.4598129772450135e-16
1168.5167082626958 2.545150570926533e-16 1.4682683512920816e-16
1169.1003786162473 2.459502305069322e-16 1.4570021513491093e-16
1169.6840475059107 2.931043958619015e-16 1.4984644141172073e-16
1170.267714931697 -2.1948565883437196e-17 1.0133713583770787e-16
1170.8513808936175 2.2890620376377913e-17 1.0816468461372056e-16
1171.435045391683 1.7001754505129173e-17 1.0480242703426402e-16
1172.0187084259046 1.6610993722014633e-16 1.2758163776265962e-16
1172.6023699962932 1.177461558769387e-16 1.1744911201024845e-16
1173.1860301028598 3.010424180666544e-16 1.426159299459416e-16
1173.7696887456154 1.1339601965296722e-16 1.152737064085728e-16
1174.3533459245712 -4.677280531408029e-17 8.631545650440608e-17
1174.937001639738 1.0551738239875075e-16 1.1083084654665658e-16
1175.520655891127 3.8615514072551856e-17 9.931809384158434e-17
1176.1043086787492 1.2201294538238933e-17 9.498823346878777e-17
1176.6879600026155 1.0747084551591108e-16 1.0767598630782423e-16
1177.2716098627368 2.9575216791545924e-16 1.3095567439403891e-16
1177.8552582591246 8.12272104762413e-17 1.0079963387567091e-16
1178.4389051917892 1.056304215925398e-16 1.0480443212006885e-16
1179.0225506607424 2.026550546154249e-16 1.147418623619257e-16
1179.6061946659945 1.1767941232767302e-16 1.0310945963560889e-16
1180.1898372075568 1.652344360249304e-16 1.0740689452839338e-16
1180.7734782854402 2.870427633935537e-16 1.25937083590896e-16
1181.3571178996563 3.0696045198066297e-16 1.223417198973771e-16
1181.9407560502154 2.6358410651000706e-16 1.2050070702140968e-16
1182.5243927371287 1.7779508759976443e-16 1.0677296315926744e-16
1183.1080279604073 1.3093334713494488e-16 9.865083040249496e-17
1183.691661720062 3.551773789866404e-16 1.2625793702433796e-16
1184.2752940161045 2.5371741675413574e-16 1.1526708896367237e-16
1184.858924848545 5.800564208509806e-16 1.4393793661836876e-16
1185.442554217395 5.373316554750001e-16 1.4219536485274005e-16
1186.026182122665 2.188014084142232e-16 1.0588639097873311e-16
1186.6098085643666 6.909199046358861e-16 1.5384507219747147e-16
1187.1934335425103 3.7041393999074875e-16 1.2126891296501013e-16
1187.7770570571079 5.225422484577032e-16 1.3656876321214615e-16
1188.3606791081693 4.06342430635316e-16 1.218504010833002e-16
1188.9442996957064 7.892677354712804e-16 1.578809856677912e-16
1189.5279188197298 6.056101872597812e-16 1.3934565485060097e-16
1190.1115364802506 6.78577099347174e-16 1.485902253764936e-16
1190.6951526772798 8.8810382786120765e-16 1.5880343101713074e-16
1191.2787674108283 6.900681071283035e-16 1.4505800534221456e-16
1191.8623806809076 6.526438621780035e-16 1.426686974515776e-16
1192.445992487528 9.017531814710595e-16 1.6010182664615317e-16
1193.029602830701 1.066520359711571e-15 1.6815680557207615e-16
1193.6132117104373 1.1173846881941916e-15 1.7355390098863354e-16
1194.196819126748 1.3786675650051864e-15 1.852011731136416e-16
1194.7804250796446 1.5310726150178765e-15 1.9587049276148538e-16
1195.3640295691375 2.1588803065120815e-15 2.229380393959274e-16
1195.9476325952378 2.363877314582436e-15 2.3848990841465116e-16
1196.5312341579568 3.001138740800946e-15 2.571890606977963e-16
1197.114834257305 2.9772699876220304e-15 2.609082764900715e-16
1197.698432893294 4.32260945313072e-15 3.1232137644339464e-16
1198.2820300659344 5.132273424334529e-15 3.2469181618201086e-16
1198.8656257752373 5.530540269320502e-15 3.4263477980149473e-16
1199.4492200212137 5.431330688340395e-15 3.358132264305618e-16
1200.0328128038748 5.765453845813168e-15 3.476337035583936e-16
1200.6164041232314 6.373826366332623e-15 3.599319337382564e-16
1201.1999939792945 7.326177696182629e-15 3.9241358262264987e-16
1201.7835823720752 8.61353987403413e-15 4.088334221842929e-16
1202.3671693015847 8.143251935125492e-15 4.1593844042498037e-16
1202.9507547678334 8.108267780337994e-15 3.940691614576176e-16
1203.5343387708328 6.2364956440448625e-15 3.5181404938111e-16
1204.1179213105938 6.1347538580689386e-15 3.448805288424619e-16
1204.7015023871277 7.059065856265985e-15 3.6278092905634622e-16
1205.2850820004448 6.649425476380755e-15 3.632470354053525e-16
1205.868660150557 7.08912239688283e-15 3.6642364718557255e-16
1206.4522368374746 6.4688168762024566e-15 3.458819070745737e-16
1207.0358120612084 5.6265031730137836e-15 3.2673078330472958e-16
1207.6193858217703 6.850249788394698e-15 3.5131954095859108e-16
1208.2029581191707 6.27079793730982e-15 3.400884664131503e-16
1208.7865289534209 4.787819006004095e-15 3.1770776483410314e-16
1209.3700983245317 4.703052607324095e-15 3.1830203785594084e-16
1209.9536662325143 3.706644552788551e-15 2.902061138141933e-16
1210.5372326773793 2.6881202562419612e-15 2.876131077346315e-16
1211.1207976591381 2.4420715846246903e-15 2.949110377290561e-16
1211.7043611778013 5.47962818935548e-16 2.9872099192580596e-16
1212.2879232333805 -4.506793379379379e-15 3.181467396590177e-16
1212.8714838258861 -1.3168065677573657e-14 4.193814970066711e-16
1213.4550429553294 -1.0109638075143403e-14 6.800969411523443e-16
1214.0386006217216 1.9844872341007354e-15 9.769150735621434e-16
1214.6221568250735 4.0134514800475244e-16 1.0547628012498524e-15
1215.205711565396 2.1460302343670825e-16 1.0493072737948242e-15
1215.7892648427003 -1.2707242537757197e-16 1.0743544615616075e-15
1216.3728166569972 3.2913176172119293e-15 1.0593190973522517e-15
1216.956367008298 5.536549968081271e-15 1.0354757551617536e-15
1217.5399158966134 1.4197002338382607e-14 9.906220783519677e-16
1218.1234633219542 1.3999500513104269e-14 8.614081022208307e-16
1218.7070092843321 -1.9034321102791296e-15 4.793674968284938e-16
1219.2905537837573 -4.595587843240047e-17 3.186743088362591e-16
1219.8740968202417 -3.410338345916249e-16 2.079149571643067e-16
1220.4576383937956 9.902373665752367e-17 1.7791360603793102e-16
1221.0411785044303 4.505214721723934e-16 1.7328746942205266e-16
1221.6247171521568 1.744300639283395e-16 1.4484195900110551e-16
1222.2082543369859 2.4184164425671603e-16 1.4153277332975037e-16
1222.7917900589289 5.429083086414856e-16 1.3666185742700532e-16
1223.3753243179965 8.378244285682252e-16 1.4139842596338196e-16
1223.9588571141996 7.83835819059657e-16 1.4079380325772e-16
1224.54238844755 1.0768220802951961e-15 1.2860581970989827e-16
1225.1259183180578 9.526510736342152e-16 1.2690308496257012e-16
1225.7094467257343 1.0786664945378424e-15 1.2809231922051515e-16
1226.2929736705905 1.0953224445335325e-15 1.3193173428196169e-16
1226.8764991526377 1.0637284332383023e-15 1.2948019593948113e-16
1227.4600231718864 8.675508910334373e-16 1.17426281825342e-16
1228.0435457283481 1.2712915276223637e-15 1.3772299118656794e-16
1228.6270668220334 1.0934076206771458e-15 1.2971450642851535e-16
1229.2105864529533 9.44274129544107e-16 1.1953126457838733e-16
1229.7941046211192 9.465956350942942e-16 1.2074408340995748e-16
1230.3776213265419 6.90376427121104e-16 1.0538127479203883e-16
1230.9611365692322 7.164820884346e-16 1.0628065834590038e-16
1231.5446503492012 8.203732734537409e-16 1.1182714258108485e-16
1232.1281626664602 6.468034641275667e-16 1.0208365641436963e-16
1232.7116735210195 6.633173772859142e-16 9.980495249779835e-17
1233.295182912891 5.92579432399221e-16 9.885620280497963e-17
1233.8786908420848 5.454662952026343e-16 9.18175310668638e-17
1234.462197308613 5.54003169701096e-16 9.360528674627261e-17
1235.0457023124854 6.003903467223265e-16 9.601493666253348e-17
1235.6292058537138 5.336591323739422e-16 9.282450103991646e-17
1236.2127079323088 4.247663236803831e-16 8.29446756559178e-17
1236.7962085482818 4.1186648834973293e-16 8.226708900278376e-17
1237.3797077016432 3.0937653405336705e-16 7.569526476750306e-17
1237.9632053924045 4.205222386283858e-16 8.048918669883168e-17
1238.5467016205766 4.142526331017075e-16 8.24581081672794e-17
1239.1301963861704 4.33082413747187e-16 8.227960920853536e-17
1239.7136896891968 4.824793899975877e-16 8.642883318788505e-17
1240.2971815296673 4.650873683707335e-16 8.60255925654328e-17
1240.8806719075922 6.189053222790031e-16 9.529712256184977e-17
1241.4641608229826 6.881474069808451e-16 9.961829422949208e-17
1242.0476482758502 1.2664342171863339e-15 1.3104516871887225e-16
1242.6311342662054 1.6378672701615276e-15 1.4518622495460518e-16
1243.2146187940593 1.340779357758028e-15 1.3303924309538648e-16
1243.7981018594228 8.977765735419373e-16 1.0974351432273318e-16
1244.3815834623074 5.168325052393803e-16 8.630612590709649e-17
1244.9650636027231 5.309757849365998e-16 8.924268987355364e-17
1245.548542280682 8.393822280373443e-16 1.0817574236414917e-16
1246.1320194961947 1.1030360559468222e-15 1.1944223347469703e-16
1246.715495249272 9.391702266413077e-16 1.1328125992350407e-16
1247.2989695399247 8.23807462659265e-16 1.0420118584294618e-16
1247.882442368164 6.352989038192812e-16 9.469056094483198e-17
1248.4659137340013 5.467751199248199e-16 8.855863797675189e-17
1249.0493836374476 3.5212848389299853e-16 7.39659609788997e-17
1249.6328520785132 2.0678140208775384e-16 6.009873461314632e-17
1250.2163190572094 8.809305440589274e-17 4.8543021455780524e-17
1250.7997845735472 2.345578226548191e-16 6.384641203593827e-17
1251.3832486275378 2.7868675689911044e-16 6.686336472304578e-17
1251.9667112191923 2.546203009363496e-16 6.510270086305931e-17
1252.5501723485213 2.8506965308248402e-16 6.732088824601621e-17
1253.133632015536 1.7094713062367883e-16 5.673016399125477e-17
1253.7170902202472 2.2102833744189356e-16 6.135363377683827e-17
1254.3005469626662 2.404280786166466e-16 6.27752660822413e-17
1254.8840022428037 1.919056771191758e-16 5.839884536712535e-17
1255.467456060671 2.0104582436453975e-16 5.95821503944396e-17
1256.0509084162788 1.5558544697139324e-16 5.436720345748884e-17
1256.6343593096383 1.937714127692912e-16 5.858562936688472e-17
1257.2178087407606 2.1392096339082153e-16 5.906768375810102e-17
1257.8012567096564 1.90673164771582e-16 5.727546792082933e-17
1258.3847032163367 1.6131231613711837e-16 5.468293498857788e-17
1258.9681482608123 6.60618796490411e-17 4.538106731601492e-17
1259.551591843095 1.1082890763530076e-16 4.783521954923115e-17
1260.135033963195 1.4830997658496064e-16 5.4337630096228847e-17
1260.7184746211237 8.616835732171455e-17 4.4929989184377505e-17
1261.3019138168918 1.9790596587329666e-16 5.894340152542616e-17
1261.8853515505111 1.8759461028989644e-16 5.567793069508322e-17
1262.468787821991 1.0340560352979267e-16 4.7929051609196715e-17
1263.052222631344 6.354606606424272e-17 4.185315192964361e-17
1263.6356559785806 1.2157862262123978e-16 5.016090401587299e-17
1264.2190878637114 1.4645750229442568e-16 5.163940664275027e-17
1264.802518286748 2.1116478435490504e-16 5.93996478815308e-17
1265.385947247701 1.0801342305818667e-16 4.718301410601269e-17
1265.969374746582 8.893532941026363e-17 4.524403326701694e-17
1266.5528007834007 1.9827185763673092e-16 5.73405769612046e-17
1267.1362253581694 2.1978949881697494e-16 5.863474404293567e-17
1267.7196484708982 1.3749545696111176e-16 5.0646736968127436e-17
1268.303070121599 2.247086558930441e-16 5.969957033675273e-17
1268.8864903102817 2.0817248165005161e-16 5.731054699624648e-17
1269.4699090369584 2.3568363532083846e-16 6.147617562150432e-17
1270.0533263016391 1.6436598902597833e-16 5.271882771129522e-17
1270.6367421043353 2.0043283720852365e-16 5.70549481869676e-17
1271.2201564450584 1.4294152146993228e-16 5.0537810516344003e-17
1271.8035693238182 1.5514301784024068e-16 5.2022725447329796e-17
1272.386980740627 1.0575761550097085e-16 4.6660689253854855e-17
1272.9703906954949 1.4325882795290763e-16 5.1245397355934114e-17
1273.5537991884335 1.3883228671011586e-16 5.015749934047172e-17
1274.1372062194532 2.1677849521283292e-16 5.877817716115236e-17
1274.7206117885653 1.3876305500156762e-16 4.9775484172537583e-17
1275.304015895781 1.5054662002174482e-16 5.145139510696187e-17
1275.887418541111 2.175565876191146e-16 5.862840453072106e-17
1276.470819724566 2.1685734868626637e-16 5.776061927625903e-17
1277.0542194461575 2.301001264814361e-16 6.024259124783664e-17
1277.6376177058964 2.1322664783697922e-16 5.632581825550415e-17
1278.2210145037934 1.871324479380508e-16 5.4723202140796964e-17
1278.80440983986 1.9091403976595744e-16 5.512012972081421e-17
1279.387803714107 1.6074914510631267e-16 5.113585879049739e-17
1279.9711961265448 2.5566392493670573e-16 6.139249803073846e-17
1280.5545870771853 2.5137126783913934e-16 6.022103822979596e-17
1281.1379765660388 2.261548058318032e-16 5.751883769193223e-17
1281.7213645931167 1.331675156473363e-16 4.930623122848115e-17
1282.3047511584298 2.8003925675763874e-16 6.168128994363787e-17
1282.8881362619888 3.1890446356989586e-16 6.635452291487256e-17
1283.4715199038053 3.229045501935247e-16 6.534605078182751e-17
1284.05490208389 2.801537650241957e-16 6.184613711355234e-17
1284.6382828022538 3.531732990334367e-16 6.888966605622508e-17
1285.2216620589077 4.32143318906478e-16 7.572036473601037e-17
1285.805039853863 3.20975167958357e-16 6.562792084736108e-17
1286.3884161871304 4.448511689256771e-16 7.557146560830592e-17
1286.9717910587208 3.7502193157271015e-16 6.87044636257969e-17
1287.5551644686452 3.233474690155999e-16 6.595846222013727e-17
1288.1385364169148 3.564427403307199e-16 6.884080946052525e-17
1288.7219069035407 5.698035634805001e-16 8.323779537778209e-17
1289.3052759285335 4.593343735325415e-16 7.554514141249204e-17
1289.8886434919043 4.911590424872209e-16 7.718953676557805e-17
1290.4720095936643 3.693975004540436e-16 6.974205913384872e-17
1291.055374233824 4.571193823754715e-16 7.553880190027743e-17
1291.6387374123954 3.718639280475501e-16 6.920650270061249e-17
1292.2220991293884 5.295360936240635e-16 8.17841214041712e-17
1292.8054593848144 4.765242189827979e-16 7.539849883349864e-17
1293.3888181786842 5.035227059622591e-16 7.774904834935382e-17
1293.972175511009 4.561035251739176e-16 7.733882632253162e-17
1294.5555313817997 3.78354529764123e-16 6.761848797807809e-17
1295.1388857910677 5.387952754682963e-16 7.848989777573591e-17
1295.7222387388233 4.053379024994316e-16 7.152372014650424e-17
1296.305590225078 4.734770179550506e-16 7.669723856965589e-17
1296.8889402498426 4.711324836966099e-16 7.688272555021478e-17
1297.4722888131278 4.434575350296477e-16 7.568574888173625e-17
1298.0556359149452 3.9227427217260614e-16 6.944744386943693e-17
1298.6389815553052 2.1617692976671495e-16 6.853235050138177e-17
1299.222325734219 9.30590828441916e-17 7.231997743903758e-17
1299.805668451698 -6.611227149195783e-17 1.0801151723405534e-16
1300.3890097077522 5.343066361225589e-16 1.4827331594021229e-16
1300.9723495023936 1.4687535423521807e-16 1.5177307078980984e-16
1301.5556878356326 -1.8185421506679484e-16 1.536896813563197e-16
1302.1390247074805 -1.4048937432252089e-16 1.6815157779060481e-16
1302.7223601179478 1.181019758892345e-16 1.844804010150874e-16
1303.305694067046 9.952755582501747e-17 2.1637050326494216e-16
1303.8890265547861 -3.704193662955671e-16 2.0968103409422172e-16
1304.4723575811786 9.309767710633985e-16 2.256351775884423e-16
1305.0556871462347 2.9772721052043986e-16 1.9789377653979008e-16
1305.6390152499655 2.575290650167801e-16 1.9478779936643717e-16
1306.222341892382 4.742771993924099e-16 1.9514174002438126e-16
1306.8056670734954 5.232294568757224e-16 1.8310537537411805e-16
1307.388990793316 7.331923014784736e-16 1.6808037408347625e-16
1307.972313051855 5.174327339616284e-16 1.4136995771542034e-16
1308.5556338491242 8.233163953080944e-16 9.70883126951619e-17
1309.1389531851335 3.2213814419493716e-16 6.638455287983068e-17
1309.7222710598942 3.215866198671562e-16 6.54738534951894e-17
1310.3055874734175 2.5372824289399284e-16 6.0422929856263e-17
1310.8889024257144 2.4051786410905556e-16 5.864019681753362e-17
1311.4722159167957 2.4571562885032238e-16 5.89627376994252e-17
1312.0555279466726 2.7028548708154826e-16 6.145634313913775e-17
1312.6388385153555 2.507610070704222e-16 5.973875884545304e-17
1313.222147622856 2.4056603910793065e-16 5.880427636383964e-17
1313.8054552691851 2.1236165514426517e-16 5.558959442310746e-17
1314.3887614543535 3.1397777584153e-16 6.51649710195723e-17
1314.972066178372 2.043752991219596e-16 5.611471514573572e-17
1315.5553694412517 1.996116255312708e-16 5.4149469667930184e-17
1316.1386712430042 1.83450885407259e-16 5.40459430511855e-17
1316.7219715836397 1.7002701461494424e-16 5.2383521778190726e-17
1317.3052704631696 1.2361184580178493e-16 4.703534913178217e-17
1317.8885678816046 1.7705455581073755e-16 5.2725448464918095e-17
1318.4718638389556 2.7591007701889244e-16 6.220541804953107e-17
1319.0551583352344 2.4829397067198486e-16 5.912191371906e-17
1319.638451370451 1.3760717266592072e-16 4.893063167337797e-17
1320.221742944617 1.9667391674684588e-16 5.551663709308028e-17
1320.8050330577428 1.7570184419397243e-16 5.2397236432746855e-17
1321.38832170984 1.67071849010872e-16 5.2909367111035586e-17
1321.971608900919 1.8752116988639153e-16 5.2613620263545826e-17
1322.5548946309912 2.636125350532993e-16 6.187372524134221e-17
1323.1381789000677 2.45150975511859e-16 5.950793574988135e-17
1323.7214617081588 3.465701478139974e-16 6.756547562698079e-17
1324.304743055276 2.1466393039957176e-16 5.685135587716114e-17
1324.8880229414306 1.972702014719333e-16 5.675782491093855e-17
1325.4713013666328 3.3050727970006287e-16 6.667406609422424e-17
1326.0545783308942 1.756949885210556e-16 5.352182487145965e-17
1326.637853834225 4.209182331486721e-17 3.672577033233771e-17
1327.2211278766376 2.3434111456922e-16 5.840951930574973e-17
1327.8044004581413 2.325364844053151e-16 5.90985673734513e-17
1328.3876715787478 1.6289183406040063e-16 5.1790777386125027e-17
1328.9709412384686 1.1334912843840282e-16 4.550896267360542e-17
1329.554209437314 2.0244184054073324e-16 5.641438613805143e-17
1330.1374761752952 1.6614178036500717e-16 5.242334225287903e-17
1330.7207414524232 2.7925651890503697e-16 6.250356041207479e-17
1331.3040052687088 1.3666756166450948e-16 4.9557111799546034e-17
1331.8872676241633 1.972219205939398e-16 5.535833126744988e-17
1332.4705285187974 1.507975800021485e-16 5.006150999346862e-17
1333.0537879526223 1.618791664672887e-16 5.250121634446722e-17
1333.6370459256486 1.8105431156212136e-16 5.4345729848786966e-17
1334.2203024378878 1.3891161663958214e-16 4.856976255062314e-17
1334.8035574893504 4.08312397660058e-17 3.767958898795016e-17
1335.3868110800477 1.4424916828692551e-16 4.9863334062313165e-17
1335.9700632099903 1.1837198087606162e-16 4.782739772935885e-17
1336.5533138791895 1.7855713931960748e-16 5.26817997983549e-17
1337.1365630876564 1.6863121019698756e-16 5.41177423283551e-17
1337.7198108354016 6.467166697202528e-17 3.964233638030578e-17
1338.3030571224363 1.0438366188607537e-16 4.587160527159357e-17
1338.8863019487715 9.547055255780009e-17 4.325329077401007e-17
1339.4695453144182 4.190996931155865e-17 3.810754245838304e-17
1340.0527872193868 9.00844288648876e-17 4.3060134174811586e-17
1340.6360276636888 2.0641637059215664e-16 5.708793614979621e-17
1341.2192666473354 2.2037589707938113e-16 5.852468931679671e-17
1341.8025041703372 1.6886082230014248e-16 5.283517893625693e-17
1342.3857402327055 1.9184744360405207e-16 5.523163697610881e-17
1342.9689748344506 2.1257841616942346e-16 5.810697634234724e-17
1343.5522079755842 2.0220745064236022e-16 5.580990901617728e-17
1344.1354396561171 2.493867755228409e-16 6.171938657392962e-17
1344.7186698760597 9.41667438588491e-17 4.409875207810052e-17
1345.301898635424 2.591561094293372e-16 6.273397322606266e-17
1345.8851259342198 2.4068110323985923e-16 6.030985757524946e-17
1346.4683517724593 2.0630869152873693e-16 5.674601938923619e-17
1347.0515761501526 2.1172831272773537e-16 5.780643846474957e-17
1347.634799067311 1.8084648408757864e-16 5.503993621478842e-17
1348.218020523945 2.7357819531510135e-16 6.337215299481467e-17
1348.8012405200661 2.272699776464227e-16 5.949990217177223e-17
1349.3844590556855 1.4535538008114983e-16 5.1303902186298765e-17
1349.9676761308135 2.3852540438909703e-16 6.024517205134781e-17
1350.5508917454615 2.1456109530581917e-16 5.877993740149588e-17
1351.1341058996404 9.941510558382456e-17 4.547603095905846e-17
1351.7173185933611 2.245936976402339e-16 5.997653025817019e-17
1352.3005298266344 1.200080514834629e-16 4.914882206663476e-17
1352.8837395994717 3.556036747871257e-16 7.090187884921137e-17
1353.4669479118836 2.0609800531799723e-16 5.887823954549168e-17
1354.0501547638814 2.192848789386482e-16 5.822528302227702e-17
1354.6333601554759 1.4935394469245156e-16 5.2823542159399534e-17
1355.2165640866779 3.5202136069495047e-16 7.011797632630712e-17
1355.7997665574985 1.9550548773566778e-16 5.723214350906625e-17
1356.3829675679485 3.338306664081743e-16 7.084375121320605e-17
1356.96616711804 1.6947691965526178e-16 5.3441118513454074e-17
1357.549365207782 1.7295353991748745e-16 5.4251527211906977e-17
1358.1325618371868 1.6675909532998815e-16 5.3782744106438475e-17
1358.7157570062654 3.0656989038263993e-16 6.6745190392014e-17
1359.298950715028 1.184248807305956e-16 4.955518612308001e-17
1359.8821429634863 4.206713362794373e-17 4.1450917158816224e-17
1360.4653337516509 1.8855923523303128e-16 5.614051656340247e-17
1361.048523079533 1.4733083296771427e-16 5.1969488103105883e-17
1361.6317109471431 2.182008091150607e-16 5.769978510528943e-17
1362.214897354493 1.4293269379843512e-16 5.232948041441141e-17
1362.7980823015928 1.4446913215541561e-16 5.116736775439076e-17
1363.381265788454 1.4196472042818066e-16 5.053212943989699e-17
1363.9644478150874 1.353029915864828e-16 5.144863232371594e-17
1364.5476283815035 1.0036783897847333e-16 4.614292382123341e-17
1365.1308074877143 2.233893756079159e-16 6.09687565639847e-17
1365.7139851337301 1.1612255253572981e-16 4.860313763397843e-17
1366.297161319562 3.192829284786409e-16 6.810997222827749e-17
1366.8803360452207 1.6813364451492466e-16 5.551590917414123e-17
1367.4635093107177 2.7321015949951935e-16 6.644933766540584e-17
1368.0466811160636 1.39408719100502e-16 5.1673605597995665e-17
1368.6298514612695 1.830172177731546e-16 5.599722241152869e-17
1369.2130203463462 3.2368506458463992e-16 6.912789407264035e-17
1369.7961877713046 1.217114876799505e-16 4.873826916756754e-17
1370.3793537361562 2.2507444177735994e-16 6.142012586319773e-17
1370.9625182409113 1.7604036620529854e-16 5.586441029237717e-17
1371.5456812855816 3.083121312760236e-16 6.851061219488388e-17
1372.128842870177 1.8336407776505523e-16 5.695780409582937e-17
1372.7120029947098 1.0450946613107734e-16 4.7362512298936696e-17
1373.2951616591902 1.4803850252536563e-16 5.3601479055726055e-17
1373.878318863629 1.6581640059925331e-16 5.332035676146623e-17
1374.4614746080374 1.5130683209190556e-16 5.494637547006377e-17
1375.0446288924265 1.5754517680887427e-16 5.329193483561891e-17
1375.627781716807 1.7624681725130197e-16 5.641343984343067e-17
1376.2109330811902 2.569144632042083e-16 6.380048035088443e-17
1376.794082985587 2.4635961211825206e-16 6.424664833840573e-17
1377.377231430008 1.583302175323014e-16 5.3116642028929123e-17
1377.9603784144642 2.2649375135960293e-16 6.168885368315906e-17
1378.5435239389674 1.7630765803971647e-16 5.482627877128842e-17
1379.1266680035276 3.269571528598833e-16 7.231808484979606e-17
1379.709810608156 2.671241483641584e-16 6.449872666699759e-17
1380.2929517528642 3.5002567166188053e-16 7.388970816131211e-17
1380.8760914376621 2.3172759441046685e-16 6.185344939016731e-17
1381.4592296625615 2.4480430080841555e-16 6.39466067691756e-17
1382.0423664275727 3.379654577401962e-16 7.168191016684888e-17
1382.6255017327076 2.3818696178710974e-16 6.387291490276447e-17
1383.2086355779759 2.7358153050733116e-16 6.583006393673434e-17
1383.7917679633897 1.7603583987298665e-16 5.807380970850631e-17
1384.3748988889595 2.2185988556808087e-16 6.170448408801386e-17
1384.9580283546961 2.6328785673670487e-16 6.549516828521367e-17
1385.541156360611 3.2590328505482133e-16 7.237762200156518e-17
1386.1242829067146 3.4902641101213687e-16 7.300144853232817e-17
1386.7074079930178 1.781846962857218e-16 5.698005194558459e-17
1387.2905316195324 1.8194945333380175e-16 5.705926937848757e-17
1387.8736537862685 2.4469543060491377e-16 6.498307069414944e-17
1388.4567744932374 1.5044218350632633e-16 5.5124129966256516e-17
1389.03989374045 2.3739313309685485e-16 6.407083606229126e-17
1389.6230115279175 2.453997120307761e-16 6.435213041011849e-17
1390.2061278556505 2.456586658846195e-16 6.370659204263721e-17
1390.78924272366 2.7149155611932e-16 6.81725070825865e-17
1391.3723561319573 3.1367845557379404e-16 7.051264074016842e-17
1391.9554680805534 2.0729053506350268e-16 6.185536844918843e-17
1392.5385785694582 2.6550298024267287e-16 6.558726326589287e-17
1393.121687598684 2.420939541958794e-16 6.414540804887414e-17
1393.7047951682412 1.3249468031964077e-16 5.202804256430729e-17
1394.287901278141 2.279515744711664e-16 6.321531955067461e-17
1394.8710059283937 2.073253428236789e-16 6.091956909603984e-17
1395.454109119011 2.3628524047162583e-16 6.432242469996049e-17
1396.0372108500035 2.700896901218345e-16 6.827792959729516e-17
1396.6203111213822 3.592938797009575e-16 7.43231772720695e-17
1397.2034099331581 3.77790247002574e-16 7.759339942785094e-17
1397.7865072853422 3.104757710606663e-16 7.221716219761969e-17
1398.3696031779455 3.4533837662023244e-16 7.394014632634315e-17
1398.952697610979 2.4015395757909144e-16 6.467100522753523e-17
1399.5357905844533 3.6627994275211493e-16 7.768225847797384e-17
1400.1188820983798 1.9141360391638026e-16 5.925516920701984e-17
1400.701972152769 1.4808342174134971e-16 5.549501128314569e-17
1401.285060747632 1.3089864525388706e-16 5.164203707709819e-17
1401.8681478829803 2.722674382990049e-16 6.830062743330362e-17
1402.4512335588242 2.38983358045986e-16 6.50682107402383e-17
1403.0343177751754 2.6680960797315144e-16 6.660681300170123e-17
1403.6174005320438 2.0104795518179769e-16 6.132255163814098e-17
1404.200481829441 3.051887766923622e-16 7.285776395120526e-17
1404.783561667378 4.1128320028642994e-16 7.981418084920881e-17
1405.3666400458656 5.067304726730703e-16 8.97631850021965e-17
1405.9497169649148 2.659980180607838e-16 6.718956505196729e-17
1406.5327924245366 3.2812968468689965e-16 7.30705611268682e-17
1407.1158664247419 4.543835718349586e-16 8.431185300723524e-17
1407.6989389655416 3.33105315037749e-16 7.625954091160713e-17
1408.2820100469467 4.8532954998598e-16 8.705121049821485e-17
1408.8650796689685 4.711401069931352e-16 8.619104192283321e-17
1409.448147831617 2.4614597452708676e-16 6.628906314991756e-17
1410.0312145349044 2.8649865060406123e-16 7.029925461190934e-17
1410.614279778841 3.4275672607611974e-16 7.699656545483678e-17
1411.1973435634375 2.149407778244259e-16 6.199948316422987e-17
1411.780405888706 2.519885695692305e-16 6.740377174339402e-17
1412.3634667546557 2.0861709453802132e-16 6.137385668845396e-17
1412.9465261612988 1.9935316136835004e-16 6.200794687625751e-17
1413.5295841086458 1.3132124852011795e-16 5.2757877253652624e-17
1414.1126405967084 9.952289052636267e-17 4.9176052852400006e-17
1414.6956956254965 2.1819404608637246e-16 6.606014587847719e-17
1415.2787491950214 1.7039397840445237e-16 5.888376511198353e-17
1415.8618013052946 1.2638365524255622e-16 5.188601234440948e-17
1416.4448519563264 -1.793110846694475e-17 2.7487468181127e-17
1417.027901148128 1.2765802954659011e-16 5.2709063671344645e-17
1417.6109488807103 1.4915143764360878e-16 5.652013952500511e-17
1418.1939951540844 2.1862959307482858e-16 6.272952630308957e-17
1418.777039968261 3.714977318816504e-17 4.049398168665568e-17
1419.3600833232513 2.010273385322104e-17 3.54426047527536e-17
1419.9431252190664 7.858148983060269e-17 4.681018064287789e-17
1420.5261656557166 4.5493077497121953e-17 4.0357903858445805e-17
1421.1092046332135 3.4537887538302304e-17 3.826911730179425e-17
1421.692242151568 2.0555877620284126e-16 6.286914115559872e-17
1422.275278210791 1.0182298202485212e-16 5.052295435254255e-17
1422.8583128108928 2.454398402166523e-16 6.649114668228672e-17
1423.4413459518853 1.5313991726888227e-16 5.718845513783365e-17
1424.0243776337788 8.004604288362987e-17 4.6330462209711435e-17
1424.6074078565848 5.955309981132674e-17 4.2413057251390954e-17
1425.190436620314 1.9714399356279242e-16 6.435314949663316e-17
1425.773463924977 1.1709813596761975e-16 5.1141338034874943e-17
1426.3564897705853 8.337944178587567e-17 4.780445504788908e-17
1426.9395141571497 1.7424799154934923e-16 6.008855036544457e-17
1427.5225370846808 1.8543631740073328e-16 6.01405370125823e-17
1428.1055585531901 1.9139295748829094e-16 6.283773476210131e-17
1428.6885785626882 1.201420282729169e-16 5.2276057781730286e-17
1429.2715971131863 1.4490837167812617e-16 5.670787643683014e-17
1429.8546142046948 7.515023215316942e-17 4.5231516369987785e-17
1430.4376298372254 3.412494243290358e-17 3.934424695732127e-17
1431.0206440107884 8.952969507632994e-17 4.790842172471964e-17
1431.6036567253952 1.766279026682276e-16 6.081155254293022e-17
1432.1866679810566 2.9527346195136256e-16 7.348977626131007e-17
1432.769677777784 1.2984845674818973e-16 5.4304208690759254e-17
1433.3526861155874 7.521510296552828e-17 4.648937684027267e-17
1433.9356929944784 1.5842153827192725e-16 5.820365059489753e-17
1434.518698414468 1.6514786661074306e-16 5.920687509413655e-17
1435.1017023755664 9.45426081117483e-17 5.02304566704989e-17
1435.6847048777856 3.148055520241241e-17 3.899226506306771e-17
1436.2677059211362 1.8004594530819472e-16 5.9803623040367e-17
1436.8507055056286 2.1780863286048195e-16 6.66936802009091e-17
1437.4337036312745 2.7354248758241866e-16 7.233511815296975e-17
1438.0167002980845 7.13313576406938e-17 4.509178571219288e-17
1438.5996955060693 7.861999674247825e-17 4.7683666826121634e-17
1439.1826892552406 1.5588092912108698e-16 5.873182857706979e-17
1439.7656815456087 9.351209988718484e-17 4.9339043829019905e-17
1440.3486723771846 9.713319882392147e-17 5.0551713768079795e-17
1440.9316617499794 1.4606874064141556e-16 5.577054183646466e-17
1441.5146496640043 9.234868028179635e-17 4.9994971584994854e-17
1442.0976361192697 1.527458616599518e-16 5.784450862526171e-17
1442.6806211157868 1.1971537513040694e-16 5.254334961614822e-17
1443.2636046535667 1.2129994878159312e-16 5.530980554399507e-17
1443.8465867326204 1.7528911415553298e-16 6.112613263860658e-17
1444.4295673529587 3.0266755665508017e-16 7.437730797135497e-17
1445.012546514592 2.542237042285774e-16 7.273434198636745e-17
1445.5955242175323 1.3003426136610384e-16 5.5358089730711015e-17
1446.17850046179 1.66944052914955e-16 5.938659166274227e-17
1446.761475247376 1.1594884460709368e-16 5.358210979450251e-17
1447.3444485743012 1.3184905592537578e-16 5.577661003343834e-17
1447.9274204425767 1.1562566183304676e-16 5.331954281574348e-17
1448.5103908522137 1.4084790748722587e-16 5.586415221202606e-17
1449.0933598032227 1.8001039639418964e-16 6.249260854076458e-17
1449.6763272956148 1.9205329908001447e-16 6.309550409330753e-17
1450.2592933294009 1.835851004247294e-16 6.27954492891876e-17
1450.8422579045923 2.5223391795635864e-16 7.193245324822384e-17
1451.4252210211996 1.18087788087368e-16 5.3537372558253195e-17
1452.0081826792336 2.4202624449965826e-16 6.92270233972487e-17
1452.5911428787056 1.8159391125419175e-16 6.250631988659826e-17
1453.1741016196265 1.0114937245610323e-16 5.074442038102505e-17
1453.7570589020072 7.202094833887721e-17 4.6281330990048235e-17
1454.3400147258583 1.052717097568225e-16 5.18246520865703e-17
1454.9229690911914 1.4026522822885372e-16 5.760627399140154e-17
1455.505921998017 2.1739218381800846e-16 6.664424788750293e-17
1456.088873446346 2.9837924060136846e-16 7.804263790980604e-17
1456.67182343619 1.4932605877964117e-16 5.75402252738504e-17
1457.254771967559 3.156960880541538e-16 7.98671071735224e-17
1457.8377190404644 1.9714187598042428e-16 6.364984083517117e-17
1458.4206646549173 7.934801494319843e-17 4.877537979856912e-17
1459.0036088109284 1.7185418379617997e-16 6.133520419279059e-17
1459.5865515085086 1.333639214119809e-16 5.75213589384393e-17
1460.1694927476694 1.4586402336597604e-16 5.869732521935898e-17
1460.752432528421 1.4119096906575366e-16 5.731796515197986e-17
1461.3353708507748 6.233807796744988e-17 4.51116413556166e-17
1461.9183077147413 1.4279532887719211e-16 5.74792521365379e-17
1462.5012431203322 2.1537198376902735e-16 6.812437178838082e-17
1463.0841770675577 9.700279545471371e-17 5.1165048339953163e-17
1463.6671095564295 1.1683893065087014e-16 5.47635189238528e-17
1464.2500405869575 2.0337118126765902e-16 6.701557257320044e-17
1464.8329701591538 1.815916877927052e-16 6.348793181079249e-17
1465.4158982730285 2.1984859259993573e-16 6.876312065739426e-17
1465.998824928593 7.945944609787667e-17 4.7818752037596444e-17
1466.5817501258578 3.1571885206461124e-16 8.086795601004216e-17
1467.1646738648344 1.6457578849910138e-16 6.087279699548364e-17
1467.7475961455332 2.471839869341673e-16 7.344123068552056e-17
1468.3305169679657 2.411484801382864e-16 7.165583081649631e-17
1468.9134363321425 2.2618625192997e-16 7.016586677505149e-17
1469.4963542380744 2.1740185852245288e-16 6.791096580778704e-17
1470.0792706857726 2.260999869182481e-16 6.997842764824697e-17
1470.6621856752483 3.2571834070474427e-16 8.080807475113822e-17
1471.245099206512 1.8968025686894274e-16 6.503257579944951e-17
1471.8280112795746 1.618697299908607e-16 6.20295991559717e-17
1472.4109218944475 3.011421561961936e-16 7.92461790836258e-17
1472.9938310511411 2.0735693450563353e-16 6.696440648923036e-17
1473.5767387496667 1.8841861452889726e-16 6.45192142764093e-17
1474.159644990035 1.9339353019569739e-16 6.57701628254957e-17
1474.7425497722572 1.8455930742808006e-16 6.574033800132948e-17
1475.3254530963443 1.8082589059904852e-16 6.472339553881189e-17
1475.908354962307 1.0616781767545835e-16 5.2529548934808387e-17
1476.4912553701563 1.2051905057867366e-16 5.434724193494671e-17
1477.074154319903 2.1808157599284485e-16 6.9613846138903e-17
1477.6570518115584 3.1308905299140305e-16 7.938679317031491e-17
1478.2399478451332 2.757616874344453e-16 7.701449873051693e-17
1478.8228424206384 1.9045042157623371e-16 6.701450716457147e-17
1479.405735538085 2.4872312520866718e-16 7.253530247865249e-17
1479.9886271974838 3.3302754682527924e-16 8.37714261345523e-17
1480.5715173988458 1.9713384240231517e-16 6.602390213275756e-17
1481.1544061421819 2.0763061879182528e-16 6.885804128704595e-17
1481.7372934275031 1.4367695782638583e-16 5.817724698974484e-17
1482.3201792548205 2.0415968953221397e-16 6.777193329042912e-17
1482.9030636241448 1.6047857101922412e-16 6.347053454814928e-17
1483.4859465354868 7.867197677217109e-17 4.835729624720522e-17
1484.068827988858 7.983089651502728e-17 4.853798227148885e-17
1484.6517079842688 2.6965068882714037e-16 7.731731300916034e-17
1485.2345865217305 9.949119958273454e-17 5.232256187576802e-17
1485.8174636012536 1.254787593570926e-16 5.62578306265972e-17
1486.4003392228497 1.4227126694574792e-16 6.031768601256666e-17
1486.9832133865289 4.287391729008018e-16 9.345888901274052e-17
1487.566086092303 6.44323828114039e-16 1.1226712325762426e-16
1488.1489573401823 7.087538127634109e-16 1.1811932682976342e-16
1488.731827130178 7.858437636006825e-16 1.2568243107623786e-16
1489.3146954623012 8.899874703172236e-16 1.3381904280245247e-16
1489.8975623365625 1.3581610032312782e-15 1.6229975803026987e-16
1490.4804277529731 2.0694060987112416e-15 2.0100523295752055e-16
1491.0632917115436 2.7134694112544407e-15 2.2849388731564595e-16
1491.6461542122856 1.3899131979294081e-15 1.6481540617894574e-16
1492.2290152552093 8.504125557742858e-16 1.322815588891777e-16
1492.811874840326 9.107826585679087e-16 1.339785629292221e-16
1493.3947329676464 2.881222804150497e-16 8.109328000890161e-17
1493.977589637182 1.6543036533354217e-16 6.360488191451769e-17
1494.5604448489432 9.271389044840587e-17 5.237185191410883e-17
1495.1432986029413 1.991918942361267e-16 6.767306866361679e-17
1495.726150899187 1.545550843306176e-16 6.326058949123842e-17
1496.3090017376908 1.4620221450505712e-16 6.041864175196753e-17
1496.8918511184645 -5.5274640441794215e-18 2.786357893384874e-17
1497.4746990415188 2.0790373397775559e-16 6.991784494018359e-17
1498.0575455068642 2.127317291328765e-16 7.143854039574598e-17
1498.640390514512 1.5299140857042695e-16 6.23352655533672e-17
1499.2232340644732 7.396735725977369e-17 4.816908949679225e-17
1499.8060761567583 9.67562294577239e-17 5.3373905125600466e-17
1500.388916791379 1.9606967785298815e-16 6.919011790703904e-17
1500.9717559683452 1.9617706574883223e-16 6.924137663523772e-17
1501.554593687669 2.44589683835405e-16 7.717584527207908e-17
1502.1374299493602 3.9143195746356584e-17 4.080671882392728e-17
1502.7202647534307 2.885429381524799e-16 8.304693503196405e-17
1503.303098099891 1.813731797620932e-16 6.749942690942965e-17
1503.885929988752 5.933903208624292e-17 4.5812759642816547e-17
1504.4687604200244 1.5980173875480873e-16 6.389189373473889e-17
1505.0515893937197 9.98213108215922e-17 5.3526609284122655e-17
1505.6344169098488 9.947869922931763e-17 5.338487354052292e-17
1506.217242968422 1.8259162342182871e-16 6.760572954431007e-17
1506.8000675694511 1.814651357764295e-16 6.713291310617476e-17
1507.3828907129457 1.0393743434154997e-16 5.503325590416144e-17
1507.9657123989186 1.0325402433690356e-16 5.4438400547172507e-17
1508.548532627379 3.0473074362613443e-16 8.378466102435314e-17
1509.1313513983391 2.1100760680363016e-16 7.265212685092458e-17
1509.714168711809 1.7253898346425547e-16 6.751469335481493e-17
1510.2969845677999 4.351012704548533e-17 4.159284480831807e-17
1510.879798966323 3.54544539495923e-16 9.052877043761638e-17
1511.4626119073887 2.1456535694033504e-16 7.33997922455541e-17
1512.0454233910089 2.1471025251387473e-16 7.349603636418588e-17
1512.6282334171933 1.6725177733771453e-16 6.52273867598731e-17
1513.2110419859537 1.9811775057988984e-16 7.176012174812699e-17
1513.7938490973004 2.316705520354252e-16 7.492604635483285e-17
1514.3766547512448 1.7853621495883234e-16 6.897375392857477e-17
1514.9594589477979 2.724262834463947e-16 8.34033837015254e-17
1515.5422616869705 1.5714545666710905e-16 6.590099632862198e-17
1516.1250629687734 2.972615806274664e-16 8.74716895646327e-17
1516.7078627932176 3.082606475546983e-16 8.669507946600872e-17
1517.2906611603141 1.4947182785590772e-16 6.230233714754269e-17
1517.8734580700734 2.581281555385053e-16 8.236277063859899e-17
1518.4562535225073 1.5844844480289238e-16 6.536986696602414e-17
1519.0390475176257 2.784913040465315e-16 8.133508144556311e-17
1519.6218400554408 2.1145993563235376e-16 7.794982824507759e-17
1520.2046311359625 1.9933156202819505e-16 7.133341566605784e-17
1520.7874207592017 1.8450906778639604e-16 7.00162000237386e-17
1521.37020892517 2.0691778762715158e-16 7.353122131872143e-17
1521.952995633878 3.128181083274001e-16 8.725542484784194e-17
1522.5357808853366 3.5992992203500666e-16 9.65534180064157e-17
1523.1185646795566 2.5912257221858185e-16 8.199560170829895e-17
1523.7013470165493 2.3505648683273545e-16 7.845151659531345e-17
1524.2841278963253 1.0145437049156379e-16 5.611934735716602e-17
1524.8669073188958 2.3044375716022535e-16 7.678280874966328e-17
1525.4496852842715 1.4633509279865763e-16 6.443615872546408e-17
1526.0324617924637 2.480979619540343e-16 8.211580097747026e-17
1526.6152368434828 1.0620631796988902e-16 5.7848942313345e-17
1527.1980104373401 3.114848784684218e-16 8.947821797244954e-17
1527.780782574046 2.6928524704995934e-16 8.448104122100439e-17
1528.3635532536125 2.2105737479011662e-16 7.719409618511445e-17
1528.9463224760493 2.2623397694259187e-16 7.880580797783727e-17
1529.529090241368 2.5275643140569614e-16 8.305795307772326e-17
1530.11185654958 1.9417730036970363e-16 7.534232996118383e-17
1530.6946214006948 2.3425625245581695e-16 8.102009106830292e-17
1531.2773847947249 2.287579763067321e-16 7.935655806456487e-17
1531.8601467316803 2.5897296502427306e-16 8.47886200599761e-17
1532.4429072115722 3.869983951117347e-16 9.927424665167413e-17
1533.0256662344111 5.229490889701812e-16 1.1624643110426575e-16
1533.6084238002088 1.629757035570686e-16 6.965252510434598e-17
1534.1911799089753 2.317718254121813e-16 7.99762156050406e-17
1534.7739345607224 3.042982274274427e-16 9.016566461848521e-17
1535.3566877554606 3.3559670363341994e-16 9.524603588721849e-17
1535.9394394932006 1.891038377134464e-16 7.400974861180581e-17
1536.5221897739534 3.055226135526988e-16 9.032285540464988e-17
1537.1049385977303 3.571604684046199e-16 9.737965232434797e-17
1537.687685964542 3.227376317633564e-16 9.508631061965695e-17
1538.2704318743995 1.93231336621188e-16 7.509481105212837e-17
1538.8531763273136 3.29616889253821e-16 9.682507073702302e-17
1539.4359193232954 1.6878893037874427e-16 7.100562053291532e-17
1540.0186608623553 2.466770377152356e-16 8.397914111253171e-17
1540.6014009445053 1.9168588530425312e-16 7.430112794566129e-17
1541.1841395697552 2.3051879898539616e-16 8.305223560532929e-17
1541.7668767381163 2.419985835799745e-16 8.217983137432676e-17
1542.3496124496 2.556339611461966e-16 8.670761290665012e-17
1542.9323467042166 2.5234159701977834e-16 8.542390800530663e-17
1543.5150795019774 3.6397924244869464e-16 1.0202963821164747e-16
1544.0978108428933 3.0778223275817725e-16 9.399677478658171e-17
1544.6805407269749 2.1046708066927371e-16 8.030604891121244e-17
1545.2632691542335 7.187639025502745e-17 5.1014061408382634e-17
1545.84599612468 1.8376329498100803e-16 7.571844567698925e-17
1546.4287216383252 2.8960469395186315e-16 9.233582258635483e-17
1547.0114456951796 2.4522527618320094e-16 8.726942736125124e-17
1547.594168295255 7.765801877730359e-17 5.368701614850894e-17
1548.1768894385618 1.285437613116221e-16 6.45987493466675e-17
1548.759609125111 2.1937177922508056e-16 8.316902689037688e-17
1549.3423273549136 1.8782542676802324e-16 7.694568392099742e-17
1549.9250441279805 2.655342145826029e-16 8.886692488232795e-17
1550.5077594443223 1.403085989627311e-16 6.952318052632229e-17
1551.0904733039504 4.0730717469245905e-16 1.0902904864916907e-16
1551.6731857068758 4.1802243264280157e-16 1.1202074254909166e-16
1552.255896653109 9.39195531750607e-16 1.6129186823237606e-16
1552.8386061426609 8.182669672117155e-16 1.5468761851708329e-16
1553.4213141755426 4.501329487473997e-16 1.161237701455915e-16
1554.0040207517652 7.179518494167638e-16 1.4667365451465314e-16
1554.5867258713395 7.471437811526992e-16 1.4926740174804381e-16
1555.1694295342763 9.57567994013908e-16 1.6659747085574018e-16
1555.752131740587 1.0300346272668287e-15 1.693151760670056e-16
1556.3348324902815 7.218232135021896e-16 1.4421270616552418e-16
1556.9175317833715 2.318671166187474e-16 8.677417116745859e-17
1557.500229619868 4.34913222523118e-16 1.1568918930409083e-16
1558.0829259997815 2.6622311706651664e-16 9.284468424686275e-17
1558.6656209231232 2.883654053406913e-16 9.514271110254327e-17
1559.2483143899042 1.475294489589556e-16 7.147962149368781e-17
1559.8310064001348 1.1616066901835626e-16 6.38391262291029e-17
1560.4136969538265 1.460348990281948e-16 7.042154499366918e-17
1560.99638605099 1.1771210250548111e-16 6.492676285549173e-17
1561.579073691636 2.007083082048385e-16 7.992418925323346e-17
1562.1617598757762 9.406752850745704e-17 6.048583528748644e-17
1562.7444446034206 6.47750579311495e-17 5.2251225819741445e-17
1563.3271278745804 1.1964883010448827e-16 6.549629986829164e-17
1563.9098096892667 1.8200542368276954e-16 7.873061395143375e-17
1564.4924900474907 1.4847191869656382e-16 7.095354124154898e-17
1565.0751689492624 1.2292839609246911e-16 6.700927938310013e-17
1565.6578463945937 1.8764359261704938e-16 8.021109519433625e-17
1566.240522383495 6.734500883267825e-17 5.422041529470763e-17
1566.8231969159774 1.857625574343242e-16 7.936067411529294e-17
1567.4058699920517 3.9464214615921064e-17 4.606660482919682e-17
1567.988541611729 2.546478824466946e-16 9.356701806241346e-17
1568.57121177502 1.5634421643856568e-16 7.422913014514467e-17
1569.1538804819359 1.9681117578897048e-16 8.357068594349793e-17
1569.7365477324872 6.710932191510475e-17 5.3213564435663187e-17
1570.319213526685 3.179913620527557e-16 1.0335294852072e-16
1570.9018778645404 2.0933821074371035e-16 8.894007411825724e-17
1571.4845407460643 2.587647007983669e-16 9.462191818887988e-17
1572.0672021712676 1.0162058085512774e-16 6.30825272838578e-17
1572.6498621401608 1.3874017187710195e-16 7.250324095810993e-17
1573.2325206527553 2.381117611432613e-16 9.312451613936699e-17
1573.8151777090618 2.929158780915782e-16 1.0126292781059451e-16
1574.3978333090915 2.047764883364927e-16 8.685772302677135e-17
1574.9804874528552 3.346355065267435e-16 1.0827107989282958e-16
1575.5631401403632 1.705394827829229e-16 7.97204579770841e-17
1576.1457913716274 2.7833722345947003e-16 1.0116213088987125e-16
1576.7284411466583 1.0667009497829035e-16 6.501451017487135e-17
1577.3110894654667 1.144593636391266e-16 7.006754477872099e-17
1577.8937363280636 1.7046238954983295e-16 7.856961813445133e-17
1578.47638173446 1.1210661051411957e-16 6.871939919893716e-17
1579.0590256846665 2.745271369138222e-16 9.970176667946603e-17
1579.6416681786948 1.4991542165736276e-16 7.773821559205183e-17
1580.2243092165547 1.408780830359718e-16 7.417222011900102e-17
1580.806948798258 1.8706129717048145e-16 8.661624584490997e-17
1581.3895869238152 2.425604840613593e-16 9.405531270417086e-17
1581.9722235932372 1.7953313303308125e-16 8.412056914494358e-17
1582.5548588065355 1.491423055696462e-16 7.733461762757495e-17
1583.1374925637203 2.8736280949871783e-16 1.037476857264752e-16
1583.720124864803 2.598162657326035e-16 1.0066417477855923e-16
1584.302755709794 8.024901315361569e-17 6.151460312404109e-17
1584.8853850987048 1.5406118471302953e-16 7.948089323679894e-17
1585.4680130315455 1.497647953765393e-16 7.865923819073777e-17
1586.050639508328 7.699735954822483e-17 5.951745825309306e-17
1586.6332645290631 2.299375755649021e-16 9.627127662564122e-17
1587.215888093761 1.840702650150489e-16 8.581705702428573e-17
1587.798510202433 1.5775584978472418e-16 8.265575801156527e-17
1588.3811308550899 1.8544421862994438e-16 8.625695167404143e-17
1588.963750051743 1.6327481206656778e-16 8.399342155862683e-17
1589.5463677924029 5.4129961440363734e-17 5.30507190428311e-17
1590.1289840770805 2.3806580960587277e-16 9.921719765918757e-17
1590.7115989057868 2.8473454567272654e-16 1.0933695836038581e-16
1591.294212278533 2.4490700355327014e-16 1.0187491573243065e-16
1591.8768241953292 1.6112289839428863e-16 8.260725875789006e-17
1592.459434656187 1.627118924986683e-16 8.55560782323028e-17
1593.0420436611173 2.4294493114029436e-16 9.969702858891733e-17
1593.6246512101309 2.410661061841659e-16 1.0046078099209979e-16
1594.2072573032383 3.0221844390457817e-16 1.1623101245764777e-16
1594.7898619404511 1.708765886610403e-16 8.612204844230139e-17
1595.3724651217801 2.0632876885656482e-16 9.307741978401067e-17
1595.9550668472357 1.5792650045381632e-16 8.442294667222356e-17
1596.5376671168292 9.130378573201937e-17 6.677465787415559e-17
1597.1202659305716 1.7937860245976654e-16 9.211526976526859e-17
1597.7028632884735 1.7149526681967077e-16 8.782803235507565e-17
1598.285459190546 1.417157589161369e-16 8.220884887021512e-17
1598.8680536368 1.7314017833345902e-16 9.02622991663661e-17
1599.4506466272462 1.7521540905423205e-16 8.927097283305805e-17
1600.0332381618962 2.324550368934807e-16 1.0321442554661942e-16
1600.61582824076 2.1250696099938868e-16 9.721209200202433e-17
1601.1984168638494 3.2686003523852466e-16 1.1705254177225583e-16
1601.7810040311745 1.380403903137719e-16 8.24986664870741e-17
1602.3635897427466 2.584257288007876e-16 1.088796399782073e-16
1602.9461739985766 1.342444816438232e-17 3.838310940764896e-17
1603.5287567986754 2.347233911262277e-16 1.0697118210381475e-16
1604.111338143054 1.7487662234510993e-16 8.967387596582038e-17
1604.6939180317231 1.8561498841304473e-16 9.49185914786557e-17
1605.2764964646938 3.5170001757058587e-16 1.2724074670605916e-16
1605.8590734419768 2.722237896324417e-16 1.1313551731701712e-16
1606.4416489635835 3.5070954488766997e-16 1.2703895434126563e-16
1607.024223029524 2.7145651013112733e-16 1.1283201482410407e-16
1607.60679563981 3.228528811837422e-16 1.2373502292116142e-16
1608.1893667944523 3.158496127758436e-16 1.225786641294817e-16
1608.7719364934612 3.2335329236711226e-16 1.241244595535514e-16
1609.3545047368482 1.0069600468853027e-16 7.46508135865344e-17
1609.937071524624 1.9459681990661093e-16 9.792354673815874e-17
1610.5196368567995 1.9047744722120705e-16 9.687763310186709e-17
1611.1022007333854 6.176034855786324e-17 6.338966937146609e-17
1611.6847631543933 1.423069349737612e-16 8.716064318453317e-17
1612.2673241198333 1.0386950626964711e-16 7.65756099323861e-17
1612.8498836297172 1.0395221109601262e-16 7.887245888287434e-17
1613.432441684055 1.0542320954037282e-16 7.804854067065722e-17
1614.0149982828577 2.3604373020253994e-16 1.0810236151764837e-16
1614.5975534261372 2.0391444702420425e-16 1.0392744199975033e-16
1615.1801071139034 3.650302779873392e-16 1.3138231430165906e-16
1615.7626593461673 1.985617811327083e-16 1.0289215597996876e-16
1616.3452101229402 2.674082485086234e-16 1.1178539973865297e-16
1616.927759444233 3.9842534602622806e-16 1.436296695651274e-16
1617.5103073100563 1.0607260587823105e-16 7.851503744891263e-17
1618.0928537204215 1.5337972023718384e-16 9.28376168157091e-17
1618.675398675339 2.4844217496797476e-16 1.131959081191784e-16
1619.2579421748196 4.264558367728002e-16 1.4481450983965856e-16
1619.8404842188747 2.743353368908283e-16 1.1731311028265494e-16
1620.423024807515 3.3983954460577593e-16 1.3162913176155509e-16
1621.0055639407512 4.645216033015269e-16 1.4977055255360267e-16
1621.588101618595 3.0336773526510425e-16 1.2752762617738235e-16
1622.170637841056 3.8316279169855084e-16 1.3860301871409576e-16
1622.7531726081465 1.0923590997675633e-16 8.235690758241722e-17
1623.3357059198763 4.446731861276353e-16 1.5171670339414803e-16
1623.918237776257 2.924535304512754e-16 1.233010376497018e-16
1624.500768177299 1.4771460506726947e-16 9.200440109340688e-17
1625.0832971230136 3.4665802748227504e-16 1.3517916595750607e-16
1625.6658246134118 2.4704459707478477e-16 1.1482979496976254e-16
1626.2483506485037 1.1047972492024007e-16 8.495414220927041e-17
1626.8308752283015 5.801408726827998e-17 6.624873644069438e-17
1627.413398352815 3.81817571029413e-16 1.3999616291920247e-16
1627.9959200220555 1.5702393390895766e-16 9.728921832233877e-17
1628.5784402360339 5.429389606462643e-16 1.6835466717459883e-16
1629.1609589947614 2.422888776528663e-16 1.1410027460904997e-16
1629.7434762982482 1.6006144699737078e-16 9.984077934448925e-17
1630.3259921465058 1.5012414910441194e-16 9.422982796108485e-17
1630.908506539545 2.9441507346865913e-16 1.2657552143999912e-16
1631.4910194773765 3.089017985562106e-16 1.320116730163588e-16
1632.0735309600116 4.0959257546326956e-16 1.5116537758971409e-16
1632.6560409874608 1.942970893572911e-16 1.0553145770405396e-16
1633.2385495597352 5.56151840825374e-17 7.107672497837038e-17
1633.8210566768455 1.6204492022715454e-16 1.0250387740043637e-16
1634.403562338803 2.547416119362642e-16 1.2051126846347076e-16
1634.986066545618 2.5325750433355626e-16 1.2058118838628864e-16
1635.568569297302 1.0841134325493897e-16 8.854564131496745e-17
1636.151070593866 2.4822655214333934e-16 1.1870481188477335e-16
1636.7335704353202 3.1919637229934337e-16 1.3870754787374286e-16
1637.3160688216758 1.0618520170321176e-16 8.764447766842768e-17
1637.8985657529443 5.992983756695279e-17 7.506691852187308e-17
1638.4810612291358 2.669835408949142e-16 1.2833590736729977e-16
1639.0635552502615 2.5141181954148914e-16 1.2141567465801174e-16
1639.6460478163322 1.0472025160349055e-16 8.837036505188992e-17
1640.2285389273593 2.0570224240828246e-16 1.1316065037274894e-16
1640.811028583353 2.00694186577421e-16 1.1137063152718418e-16
1641.3935167843244 3.6708496815914134e-16 1.4773812346644558e-16
1641.976003530285 1.071467098297985e-16 9.152054675717766e-17
1642.558488821245 3.181206139865508e-16 1.3861511540337373e-16
1643.1409726572151 1.542682710337434e-16 1.0320557802278755e-16
1643.7234550382072 3.582456234891711e-16 1.4509197930433334e-16
1644.3059359642314 4.743118748036881e-16 1.6590081272640312e-16
1644.8884154352988 7.788743235711149e-16 2.0815092201456603e-16
1645.4708934514206 5.842154585011176e-16 1.846832654059548e-16
1646.0533700126075 1.0380243846558131e-16 9.134865862588915e-17
1646.6358451188698 6.176959974583403e-17 7.931376304839383e-17
1647.2183187702194 2.583559279919779e-16 1.2834783200301033e-16
1647.8007909666667 1.9767951690880415e-16 1.16705562666347e-16
1648.3832617082228 3.055818264496678e-16 1.3706012173089245e-16
1648.965730994898 1.6402967724124897e-16 1.1228006697984948e-16
1649.548198826704 1.5006148190120492e-16 1.04341952130868e-16
1650.1306652036512 3.5481678117912647e-16 1.4923264692742679e-16
1650.7131301257507 1.6469221582467945e-16 1.135032354952439e-16
1651.2955935930136 4.3405938684250604e-17 7.434763534842147e-17
1651.8780556054503 1.1579735805843317e-16 9.961627590879745e-17
1652.460516163072 1.2882330865399561e-16 1.0117049534022539e-16
1653.0429752658897 4.5397667176547637e-17 7.846250155384816e-17
1653.625432913914 2.103905962411146e-16 1.231698137173264e-16
1654.207889107156 2.094013941076196e-16 1.2361826472333834e-16
1654.7903438456267 2.0694429711142268e-16 1.2244680492239584e-16
1655.372797129337 2.617345835998977e-16 1.3685161927696988e-16
1655.9552489582973 -1.127116468100878e-17 5.641355895743888e-17
1656.537699332519 1.0297805703222117e-16 1.0089037228014553e-16
1657.120148252013 1.957614902090856e-16 1.189193362135553e-16
1657.70259571679 1.4778643081421867e-16 1.1002420648307447e-16
1658.285041726861 4.128703282713477e-17 8.15267094149896e-17
1658.867486282237 2.5301294342237128e-17 7.350315673489873e-17
1659.4499293829285 2.4367973222203746e-17 7.30831276547341e-17
1660.0323710289467 3.082025662408073e-17 7.554813911503193e-17
1660.6148112203025 3.07254584171597e-16 1.452490112718204e-16
1661.1972499570068 3.7827399545968483e-17 8.299729757776597e-17
1661.7796872390707 8.772441640282481e-17 9.619497748593933e-17
1662.3621230665046 8.545675700179234e-17 9.639971461371355e-17
1662.9445574393199 8.071704517908799e-17 9.395443637410879e-17
1663.526990357527 3.13392760625108e-17 8.068661154999094e-17
1664.1094218211372 1.3655176961364186e-16 1.1020994492653958e-16
1664.6918518301609 3.1440123937559797e-16 1.5099949148095025e-16
1665.2742803846097 1.9998474354453633e-16 1.2826262578247247e-16
1665.856707484494 2.6283985571694615e-16 1.4365645698208432e-16
1666.439133129825 9.333854415978141e-17 1.0054032267980289e-16
1667.0215573206137 1.970501978987738e-16 1.2908746381953075e-16
1667.6039800568703 6.074495457745235e-17 9.224982227242892e-17
1668.1864013386064 -4.016609060056211e-17 5.242401723225887e-17
1668.7688211658328 -3.5964102424298884e-17 5.919873563690903e-17
1669.3512395385599 8.492967089802865e-17 1.0535615497119682e-16
1669.933656456799 1.3465371436263278e-16 1.1569428473666416e-16
1670.516071920561 1.97536844796751e-16 1.326680970807013e-16
1671.098485929857 1.8469804877786235e-16 1.2674241340038782e-16
1671.6808984846973 -4.1746075053709846e-17 6.193417560050758e-17
1672.263309585093 -4.6452590464071214e-17 5.4479733108020556e-17
1672.8457192310555 1.820383156926471e-17 8.779275475631149e-17
1673.4281274225953 6.767444509215607e-17 1.0012040609620157e-16
1674.010534159723 1.1646000748406572e-17 8.306879245247015e-17
1674.5929394424497 1.3813372771973115e-17 8.581684526604892e-17
1675.175343270787 6.968458000744364e-17 1.0385960657207608e-16
1675.7577456447445 9.163690129086182e-17 1.084445892981187e-16
1676.3401465643344 7.045412929235887e-17 1.0651716582664155e-16
1676.9225460295665 6.737913499602974e-17 1.0479177294797434e-16
1677.5049440404523 1.8000121138066785e-16 1.3188606067725896e-16
1678.087340597003 1.0581197615646661e-17 9.156048303715172e-17
1678.669735699229 1.777229706852396e-16 1.318650172024756e-16
1679.2521293471411 -5.931493796936047e-17 6.125976532092575e-17
1679.83452154075 -6.084035166313686e-17 6.029534551858283e-17
1680.4169122800677 -6.556695432749347e-17 5.582405049592949e-17
1680.9993015651037 -3.7878310858309897e-17 7.386496553482943e-17
1681.58168939587 1.2111472649883024e-16 1.241105099797013e-16
1682.1640757723767 1.1588615093410706e-16 1.2143931217119605e-16
1682.7464606946355 1.4302731002562138e-16 1.304344844336815e-16
1683.3288441626562 -6.882691282623435e-17 6.229073676663224e-17
1683.9112261764508 1.1474440346076747e-16 1.244084802886776e-16
1684.4936067360297 -7.341568073076002e-17 6.15740277792469e-17
1685.0759858414037 -7.592942305530457e-17 6.334435310878799e-17
1685.6583634925837 8.273522028992957e-17 1.1582468810587192e-16
1686.2407396895808 1.1500477344781956e-16 1.2936787142974132e-16
1686.8231144324059 4.0882174239404364e-17 1.0632425407290438e-16
1687.40548772107 2.2013271921418034e-16 1.542869586981422e-16
1687.987859555583 1.0565840014957879e-16 1.2710387147573879e-16
1688.5702299359573 2.3286981833983927e-16 1.568903938708671e-16
1689.152598862203 -9.125792022141453e-17 6.151182379718291e-17
1689.7349663343307 5.337896416222684e-17 1.1505108232723273e-16
1690.317332352352 1.711307911894452e-16 1.4756564638256092e-16
1690.8996969162772 1.0054761510408316e-16 1.2977999266324994e-16
1691.4820600261173 1.0484238316657278e-16 1.3376235776943544e-16
1692.064421681884 2.9668541293487627e-16 1.7432444950772873e-16
1692.6467818835865 -1.0103394436470514e-16 6.619268668238778e-17
1693.2291406312377 -1.0312949725876737e-16 6.566515059237086e-17
1693.811497924847 9.613156251145856e-17 1.3404951517344445e-16
1694.393853764426 2.6435671636318874e-17 1.1580782685626564e-16
1694.976208149985 2.8608719773248756e-17 1.1863411110345722e-16
1695.5585610815356 -1.14737190445826e-16 6.358550603584925e-17
1696.1409125590883 -1.170318026999379e-16 6.676658459137707e-17
1696.7232625826541 -1.1118102849589723e-16 7.236618043933234e-17
1697.305611152244 -5.2095097133483286e-17 9.551506149220034e-17
1697.8879582678685 -5.466232826515796e-17 9.609176519782741e-17
1698.4703039295387 -1.2088036307023682e-16 7.11892480114572e-17
1699.0526481372654 7.784024335752657e-18 1.1711056352914275e-16
1699.6349908910597 -1.9878756835271078e-16 5.923081059913653e-20
1700.2173321909327 2.015472091394908e-18 1.1583763182809715e-16
1700.7996720368947 -1.3370446836144653e-16 7.094251657834488e-17
1701.382010428957 -2.0558884587246879e-16 5.807345567520414e-20
1701.9643473671306 7.094802229250203e-17 1.3960315286656627e-16
1702.5466828514257 -6.437270404631391e-17 1.0434802694528659e-16
1703.129016881854 -7.286655853547792e-17 9.994792901231691e-17
1703.7113494584257 5.2933368583689424e-17 1.3818273155358001e-16
1704.2936805811523 1.3431259831290571e-16 1.5897375081397785e-16
1704.8760102500444 -7.956399510985847e-17 1.0148876135271129e-16
1705.4583384651128 -8.561348456681398e-17 9.956276063188772e-17
1706.0406652263687 -8.488761703568645e-17 1.035026351243676e-16
1706.6229905338225 -8.187642814308721e-17 1.0719763768575217e-16
1707.2053143874853 2.704001541667828e-16 1.9116432476698128e-16
1707.7876367873682 1.1735599132560968e-16 1.6303249446920405e-16
1708.369957733482 2.1801898819897664e-16 1.814277207429625e-16
1708.9522772258376 -2.0047451718522897e-17 1.3240027585069132e-16
1709.5345952644457 -2.488187340525885e-16 6.180774316352917e-20
1710.1169118493174 -2.5967689241683323e-17 1.3218351482553303e-16
1710.6992269804634 -7.382131025082133e-17 7.446241493021933e-17
1711.2815406578948 1.5111937311276634e-16 1.3693026099216652e-16
1711.8638528816223 3.0098098170819884e-16 1.4998887529575747e-16
1712.4461636516564 1.3549123142412027e-16 1.3696177326478234e-16
1713.0284729680093 -1.4971291460851997e-16 6.824132850955091e-17
1713.6107808306904 3.858134262106183e-19 7.604485776414757e-17
1714.1930872397113 2.328237609233323e-16 1.5337418805324709e-16
1714.7753921950834 5.001645842858653e-17 9.78776216705498e-17
1715.3576956968163 -7.453606709196105e-17 2.793071304161051e-20
