wavelength flux error
1125.206141422599 0.0 0.0
1125.7903683702204 0.0 0.0
1126.3745946787237 0.0 0.0
1126.9588203481112 0.0 0.0
1127.5430453783842 0.0 0.0
1128.1272697695456 0.0 0.0
1128.711493521597 0.0 0.0
1129.295716634541 0.0 0.0
1129.8799391083787 0.0 0.0
1130.4641609431135 0.0 0.0
1131.0483821387465 0.0 0.0
1131.6326026952804 0.0 0.0
1132.216822612717 0.0 0.0
1132.8010418910583 0.0 0.0
1133.3852605303068 0.0 0.0
1133.9694785304644 0.0 0.0
1134.5536958915327 0.0 0.0
1135.1379126135146 0.0 0.0
1135.7221286964118 0.0 0.0
1136.3063441402264 0.0 0.0
1136.8905589449605 0.0 0.0
1137.4747731106163 0.0 0.0
1138.0589866371959 -3.1485796906987815e-14 1.2954081438174697e-14
1138.6431995247012 -1.9164938665455593e-14 2.9067234258593024e-18
1139.2274117731345 -1.1673989132351243e-15 6.370694885526624e-15
1139.811623382498 -8.961229958223075e-15 1.3598565961011976e-18
1140.3958343527934 -4.787169755250025e-15 2.145082139801309e-15
1140.9800446840231 -5.651095504087891e-15 5.357614681490274e-16
1141.5642543761892 -2.015607859857569e-15 1.992829661598243e-15
1142.1484634292935 -6.207963233337483e-16 2.0173940405850913e-15
1142.7326718433385 2.7447408088758854e-15 2.5284833448047323e-15
1143.316879618326 -3.8074035687874234e-16 1.468405094173504e-15
1143.9010867542584 -1.7661728563962936e-15 7.428516005111656e-16
1144.4852932511374 -8.893602424197818e-16 9.150743627534094e-16
1145.0694991089651 -8.009907244008391e-16 7.847396032143773e-16
1145.6537043277442 2.2160091847934766e-16 9.552010663219242e-16
1146.2379089074764 -6.496072490620969e-16 5.935689786398508e-16
1146.8221128481637 -9.295016631857551e-16 3.838177334552356e-16
1147.406316149808 -8.152733939574411e-16 3.680579443177405e-16
1147.990518812412 -1.4657688100042933e-16 5.327050556379787e-16
1148.5747208359774 4.2186115948997845e-16 6.238474948284359e-16
1149.1589222205064 -3.7217023633710094e-16 3.6836544374737343e-16
1149.7431229660012 -1.183171619625065e-16 4.041506270051771e-16
1150.3273230724635 5.198837296736271e-16 5.202029022760644e-16
1150.911522539896 -1.0390559119668913e-16 3.4715446819870487e-16
1151.4957213683 2.997384108443564e-16 4.266848797756937e-16
1152.0799195576783 -4.3553872988488567e-16 1.8013884099970688e-16
1152.664117108033 4.413967303387576e-16 4.1885170436794313e-16
1153.2483140193658 -2.231174250922881e-16 2.329326311268341e-16
1153.8325102916792 -3.630662203408933e-16 1.5921388465452445e-16
1154.4167059249746 -7.370979306935938e-17 2.4586473311881873e-16
1155.0009009192547 -6.730107561598434e-17 2.365703464677157e-16
1155.5850952745216 9.120533138679086e-17 2.759529845316268e-16
1156.1692889907772 1.7172757884034506e-16 2.7384681063849937e-16
1156.7534820680235 1.9584971398449804e-16 2.796687063129946e-16
1157.3376745062628 1.678549177357188e-16 2.59209022518761e-16
1157.9218663054971 6.348977807791971e-17 2.320063741292319e-16
1158.5060574657286 1.5791038035803889e-16 2.4429735158948385e-16
1159.0902479869592 1.6699774686287705e-16 2.4454653809465423e-16
1159.6744378691913 1.3900715930905447e-16 2.264357031329364e-16
1160.258627112427 2.5968391683459503e-16 2.536138405065543e-16
1160.842815716668 -1.5319891840761445e-16 1.4002248711501636e-16
1161.4270036819164 1.492218737271289e-16 2.2067062484035623e-16
1162.0111910081748 -2.413214336782039e-16 9.394278967108405e-17
1162.595377695445 1.5488185375980054e-16 2.1699743999480835e-16
1163.1795637437287 -1.452535243692425e-16 1.2445811112543078e-16
1163.7637491530293 2.4888302914724103e-16 2.314913251577421e-16
1164.3479339233472 1.3949381944192146e-16 2.0138003180179077e-16
1164.9321180546856 9.871090092032305e-16 3.327694135346035e-16
1165.5163015470462 1.9908960177285594e-16 2.0284891928122774e-16
1166.1004844004312 2.109799326490566e-16 2.0590829640759187e-16
1166.6846666148429 3.6980219691437393e-16 2.3269818828890187e-16
1167.2688481902826 2.046704636342981e-16 1.9870331504423858e-16
1167.8530291267537 -1.1512343746977396e-16 1.1648185332404325e-16
1168.4372094242572 4.832943945115239e-16 2.399892626104097e-16
1169.0213890827958 6.147989462553836e-17 1.6560061895594028e-16
1169.6055681023709 9.92752988254133e-17 1.6222599998940975e-16
1170.1897464829856 5.574714916874166e-17 1.5847312787237096e-16
1170.7739242246412 4.732748417784528e-16 2.308691265184246e-16
1171.3581013273401 4.776811601096289e-16 2.313117806427038e-16
1171.9422777910845 5.595334478137193e-16 2.4377023239849566e-16
1172.526453615876 6.567393194175373e-16 2.514937170395768e-16
1173.1106288017174 7.84587772558582e-16 2.6531673887339533e-16
1173.6948033486103 5.969996208949084e-16 2.416322947698462e-16
1174.278977256557 6.311423013888675e-16 2.396476965744294e-16
1174.8631505255596 8.630082003977533e-16 2.67170893994935e-16
1175.44732315562 5.612669007402753e-16 2.275013764597007e-16
1176.0314951467406 9.621962879168239e-16 2.805468677210605e-16
1176.615666498923 7.353304243955803e-16 2.4675581177933026e-16
1177.19983721217 5.998278109662313e-16 2.277400279925896e-16
1177.784007286483 6.013253652169769e-16 2.272433225783638e-16
1178.3681767218645 5.270802804121773e-16 2.1438283457509154e-16
1178.9523455183166 7.399723237652115e-16 2.3806059505929124e-16
1179.5365136758414 1.2066956303944483e-15 2.949384604207235e-16
1180.1206811944407 6.874629514199045e-16 2.301857562184476e-16
1180.704848074117 1.290098729545843e-15 2.932527325067894e-16
1181.2890143148722 1.2808120720703836e-15 2.908787109138724e-16
1181.8731799167083 1.6289548953696362e-15 3.2414066243114433e-16
1182.4573448796275 1.3318094906048417e-15 2.938456555698674e-16
1183.041509203632 1.4873573504892005e-15 3.066348207520029e-16
1183.6256728887238 1.0206261029260832e-15 2.605525755917839e-16
1184.2098359349047 1.198067223398124e-15 2.723808613045982e-16
1184.7939983421775 1.0669584875035382e-15 2.6302090900942176e-16
1185.3781601105436 1.1549439290204602e-15 2.631538667123611e-16
1185.9623212400054 1.6117939019791457e-15 3.089249860831417e-16
1186.5464817305651 1.7278696030049805e-15 3.099433843835374e-16
1187.1306415822244 1.5827296604600089e-15 3.0748458008655617e-16
1187.7148007949859 1.5627951635628526e-15 2.9453672857570853e-16
1188.2989593688512 1.3875897865550896e-15 2.8616534313931667e-16
1188.883117303823 1.480009763188243e-15 2.839756570915459e-16
1189.4672745999028 1.2771731126498607e-15 2.650276888801448e-16
1190.051431257093 2.096224220612497e-15 3.3402175174711897e-16
1190.635587275396 1.8135142689721653e-15 3.1383753894920023e-16
1191.219742654813 2.628301307199205e-15 3.616026268173767e-16
1191.8038973953467 2.195228396102895e-15 3.3818968324320217e-16
1192.3880514969994 2.0270872738752327e-15 3.164814199451565e-16
1192.9722049597729 1.7996756564381614e-15 3.068217768053297e-16
1193.5563577836692 2.2557753699638163e-15 3.316058284930925e-16
1194.1405099686904 3.40878054644713e-15 4.0559878864718593e-16
1194.724661514839 5.374743805266124e-15 4.930404614817503e-16
1195.3088124221167 5.461477861482596e-15 5.007245855605637e-16
1195.8929626905256 5.956765977829445e-15 5.105888136269321e-16
1196.477112320068 5.230473765557983e-15 4.937794447886705e-16
1197.061261310746 6.427367318928567e-15 5.289177066330087e-16
1197.6454096625614 7.021194166161298e-15 5.543564883192195e-16
1198.2295573755166 6.808126839927741e-15 5.39109101175254e-16
1198.8137044496136 8.180272357118188e-15 5.935192154541997e-16
1199.3978508848547 6.673414296479944e-15 5.272908739786884e-16
1199.9819966812413 7.109463469594669e-15 5.483427132123915e-16
1200.5661418387765 7.0661906739018145e-15 5.410851761016391e-16
1201.1502863574615 7.962956737137677e-15 5.806933366877566e-16
1201.734430237299 8.921469384646011e-15 5.979386627960582e-16
1202.3185734782905 8.474263093550052e-15 5.923310399874387e-16
1202.902716080439 7.170986860685537e-15 5.312422297380705e-16
1203.4868580437458 5.99837731839626e-15 4.923792463872999e-16
1204.0709993682128 6.2287863736754275e-15 5.033299000876403e-16
1204.655140053843 7.478874866683003e-15 5.303340515999363e-16
1205.239280100638 7.191797613166628e-15 5.272340698316631e-16
1205.8234195086002 7.274592542661894e-15 5.267456494584526e-16
1206.4075582777311 5.283034701033954e-15 4.476181079270016e-16
1206.9916964080335 5.882709887251002e-15 4.714236512722285e-16
1207.5758338995086 6.429363352068772e-15 5.023536416763705e-16
1208.1599707521593 5.169883804774988e-15 4.714755320402479e-16
1208.7441069659874 4.533848882264102e-15 4.733694977103085e-16
1209.3282425409952 3.982594334476846e-15 4.305160892054637e-16
1209.9123774771845 2.5542754980486257e-15 3.912474300125175e-16
1210.4965117745576 2.0871510154397456e-15 3.92954995494623e-16
1211.0806454331164 2.062147238111509e-15 4.1926508291598283e-16
1211.6647784528627 5.791077439500558e-16 4.773809928089456e-16
1212.2489108337993 -3.724925641372667e-15 5.22080456682772e-16
1212.8330425759282 -1.5820085177845403e-14 6.88883955068042e-16
1213.4171736792514 -4.70284889590028e-15 1.301779102130243e-15
1214.0013041437703 -1.4976764352482444e-15 1.5387392161025936e-15
1214.585433969488 1.9040430327923368e-15 1.6395455600673936e-15
1215.169563156406 3.2478478863588386e-15 1.6464393494668595e-15
1215.7536917045268 1.0823029128595235e-15 1.632247630072969e-15
1216.337819613852 -8.572129068517577e-16 1.569935545429088e-15
1216.921946884384 4.571873885332242e-15 1.5932544683461172e-15
1217.5060735161248 1.535391043092863e-14 1.5124215847940473e-15
1218.090199509077 2.5536882924579417e-15 1.0567739751039893e-15
1218.6743248632417 1.6501459656440443e-15 6.082699765932781e-16
1219.2584495786218 6.512075589972563e-16 4.0741159797298774e-16
1219.8425736552192 1.0067414329755723e-15 3.2812822884902156e-16
1220.4266970930357 3.281726716089728e-16 2.694014229126312e-16
1221.010819892074 3.2580084700776276e-16 2.3838799976318463e-16
1221.5949420523357 7.12576578333488e-16 2.3032080503397547e-16
1222.179063573823 6.690948302004581e-16 2.1965712344918685e-16
1222.7631844565378 8.386722556088676e-16 2.033975186983627e-16
1223.3473047004825 7.532872581795754e-16 2.1676330155934154e-16
1223.9314243056594 1.2946983302076706e-15 2.032989320042362e-16
1224.5155432720699 1.3490123062471029e-15 2.0859135267735867e-16
1225.099661599717 1.5442717176767035e-15 2.1783510264008365e-16
1225.683779288602 1.19795583856556e-15 1.9800543930503984e-16
1226.267896338727 1.6880963239337076e-15 2.2015408032631891e-16
1226.8520127500947 1.6578099197508012e-15 2.2586665581105913e-16
1227.4361285227071 1.3822802664043444e-15 2.073204062097832e-16
1228.0202436565658 1.6491770658315038e-15 2.2710867080952995e-16
1228.604358151673 1.26854512917001e-15 1.9633831964616577e-16
1229.1884720080313 1.345646620831188e-15 2.0149524151750716e-16
1229.7725852256424 1.4686057351028848e-15 2.0707849889400328e-16
1230.3566978045083 1.2762365059684343e-15 2.0079805399257807e-16
1230.9408097446317 1.695523532331707e-15 2.1644075406000506e-16
1231.5249210460138 1.0060372309590488e-15 1.7772827787604974e-16
1232.1090317086573 1.5631810929494453e-15 2.0907029686947177e-16
1232.693141732564 1.0357815340557124e-15 1.7620315534984897e-16
1233.2772511177363 1.1267240734706176e-15 1.822888488478547e-16
1233.861359864176 1.0493287672558608e-15 1.760617008476575e-16
1234.4454679718856 8.335054075701755e-16 1.555083802080829e-16
1235.0295754408667 8.401237524431062e-16 1.5923937505228088e-16
1235.6136822711217 1.1738428222604798e-15 1.8210663088507662e-16
1236.1977884626524 9.791933804320207e-16 1.6924139155636588e-16
1236.7818940154614 6.471523887622763e-16 1.3859086908525858e-16
1237.3659989295504 9.601109986798022e-16 1.6600417721574775e-16
1237.9501032049216 7.721887983975551e-16 1.4962827748824355e-16
1238.534206841577 8.142001502737107e-16 1.5426141536082656e-16
1239.118309839519 8.62629153153857e-16 1.5398509733156445e-16
1239.7024121987497 9.469402716247083e-16 1.6578881908890835e-16
1240.2865139192706 1.2282547364844383e-15 1.8063581111172873e-16
1240.870615001084 1.5211480358540163e-15 2.0323795886692368e-16
1241.4547154441925 1.556940260073194e-15 2.0360861519068624e-16
1242.0388152485978 2.1356455574941856e-15 2.365855665909867e-16
1242.622914414302 2.1935872697675897e-15 2.374500431229985e-16
1243.2070129413073 1.5586916065707607e-15 2.0336244624039046e-16
1243.7911108296157 1.2891321590739074e-15 1.9057782062545668e-16
1244.3752080792294 1.5242564350122028e-15 1.9479858580162486e-16
1244.9593046901507 1.1236781429922911e-15 1.7597682549936466e-16
1245.5434006623811 1.439140423483223e-15 1.9299693348792516e-16
1246.1274959959233 1.6256260558869268e-15 2.0553970472663824e-16
1246.7115906907788 1.80934580808049e-15 2.1836669522382453e-16
1247.29568474695 1.194435040241179e-15 1.7854620730063198e-16
1247.8797781644396 8.180090986188357e-16 1.4770369951807357e-16
1248.4638709432484 8.5405267986511115e-16 1.5368094632905115e-16
1249.0479630833797 7.076339822675816e-16 1.3704085173134241e-16
1249.632054584835 5.899288545490255e-16 1.2657577290290533e-16
1250.2161454476163 3.781098166517053e-16 1.046742471265428e-16
1250.800235671726 6.791654166686013e-16 1.3413096268527887e-16
1251.3843252571662 5.22402170384051e-16 1.2236444420316516e-16
1251.9684142039387 5.803434062014222e-16 1.2681033485484577e-16
1252.5525025120462 7.950257066280375e-16 1.4307815847223624e-16
1253.1365901814897 4.971392009739547e-16 1.199643101726711e-16
1253.7206772122724 4.2788544309930825e-16 1.0755404665064412e-16
1254.3047636043962 5.729236622812705e-16 1.252368652762025e-16
1254.8888493578625 5.471918071953098e-16 1.2251038533299912e-16
1255.472934472674 3.9704759399795974e-16 1.0580838453824691e-16
1256.0570189488328 4.068699998125574e-16 1.0536491646824498e-16
1256.6411027863405 7.189920058759921e-16 1.3841763761265527e-16
1257.2251859852 3.2429071961170635e-16 9.693176380115256e-17
1257.8092685454126 4.2270072795938507e-16 1.0872792843642017e-16
1258.3933504669806 3.4421378156407475e-16 9.879089524125734e-17
1258.9774317499068 6.030731647640769e-16 1.2575112015430427e-16
1259.5615123941923 3.383900065352278e-16 9.716521402234972e-17
1260.1455923998396 3.343041578256895e-16 9.620516173364108e-17
1260.729671766851 2.974344812278247e-16 9.260650255256178e-17
1261.3137504952283 3.194481263731351e-16 9.496043358276108e-17
1261.8978285849735 3.707284803817557e-16 1.0185280023157343e-16
1262.4819060360892 3.1383433610586843e-16 9.354559739327078e-17
1263.0659828485773 1.8554868161514248e-16 7.774108094569371e-17
1263.6500590224396 2.3330969313726027e-16 8.143346299889772e-17
1264.2341345576783 2.4411635123656745e-16 8.432249385863512e-17
1264.8182094542956 2.993378966092031e-16 9.276473889502073e-17
1265.4022837122936 3.7287536479591054e-16 1.0196503209708462e-16
1265.9863573316743 4.1912834003456046e-16 1.0206275852337409e-16
1266.5704303124396 5.208053015202398e-16 1.184701043490451e-16
1267.1545026545925 4.526718770672352e-16 1.0671193708239573e-16
1267.7385743581337 5.623170098366338e-16 1.2188663821157493e-16
1268.322645423067 5.620490297879462e-16 1.1737785536356069e-16
1268.9067158493926 5.609522809399295e-16 1.2155101464111521e-16
1269.4907856371142 5.12890466842418e-16 1.1196895442530094e-16
1270.0748547862331 6.670386047814391e-16 1.2814630433601281e-16
1270.6589232967513 4.99035178347265e-16 1.1134238827234917e-16
1271.2429911686709 5.013346610408236e-16 1.1423550871303504e-16
1271.8270584019947 4.1771940660592134e-16 1.0372652975512855e-16
1272.411124996724 5.2765377465702765e-16 1.1457594978338227e-16
1272.9951909528613 6.305924181874219e-16 1.2551346123815043e-16
1273.5792562704087 6.157677004841363e-16 1.2283209903427814e-16
1274.163320949368 5.482918382959971e-16 1.1655187912597954e-16
1274.7473849897417 5.839543605951265e-16 1.2111315154694394e-16
1275.3314483915315 5.838678573553881e-16 1.1887216706630508e-16
1275.9155111547395 5.045925085746413e-16 1.1455695771651805e-16
1276.4995732793684 6.909034404329738e-16 1.2811667141774871e-16
1277.0836347654194 7.336883980877686e-16 1.3539774016256708e-16
1277.6676956128956 6.657616496738941e-16 1.274192191950236e-16
1278.2517558217983 6.503810136594137e-16 1.2702340334574963e-16
1278.8358153921297 7.751697190971798e-16 1.3678070673741694e-16
1279.4198743238924 9.17579462694914e-16 1.4823317451944631e-16
1280.0039326170877 9.5320831543439e-16 1.5030815377731313e-16
1280.5879902717184 8.766707359578467e-16 1.4370685544244595e-16
1281.1720472877862 1.165007103950315e-15 1.6599377459236428e-16
1281.7561036652933 1.0981205119956687e-15 1.5835715053304613e-16
1282.3401594042416 1.3258195912392145e-15 1.766218146189192e-16
1282.9242145046337 1.3755324843091614e-15 1.7877693113453017e-16
1283.5082689664714 1.498564655172559e-15 1.8982903026519408e-16
1284.0923227897567 1.6179918538124422e-15 1.880261735765225e-16
1284.6763759744922 2.139258576530699e-15 2.1926365017540763e-16
1285.2604285206792 1.8018430019919483e-15 2.0232632642255144e-16
1285.84448042832 1.897878115243983e-15 2.0236280177884258e-16
1286.4285316974172 1.803069082183099e-15 2.0514652262043463e-16
1287.0125823279723 1.7845487067913836e-15 2.0068079286894255e-16
1287.596632319988 1.84131664315813e-15 2.028235082928101e-16
1288.1806816734659 1.926945956653146e-15 2.111921805767928e-16
1288.7647303884082 1.8545072754874844e-15 2.0131781458483699e-16
1289.348778464817 2.0636473334610965e-15 2.171122394289409e-16
1289.9328259026945 1.3643586374272195e-15 1.7460096606033786e-16
1290.5168727020427 1.6823650872543482e-15 1.928912925975348e-16
1291.1009188628639 1.9723907565809967e-15 2.1166281325811097e-16
1291.68496438516 2.028739835155326e-15 2.1666709714537917e-16
1292.269009268933 1.4406164842729321e-15 1.7831610550655443e-16
1292.8530535141851 1.618245328421908e-15 1.9038651029338542e-16
1293.4370971209182 1.4916735127510532e-15 1.7741503450424326e-16
1294.021140089135 1.4734992561974097e-15 1.8197637309965667e-16
1294.605182418837 1.514467063482548e-15 1.8679580528107643e-16
1295.1892241100263 1.213002425961467e-15 1.6601770327312422e-16
1295.7732651627057 1.074788989463549e-15 1.5560156706717068e-16
1296.3573055768763 1.2345700023809296e-15 1.6750597986611943e-16
1296.9413453525408 1.1974414778083398e-15 1.6680724385908363e-16
1297.5253844897013 1.2657974601682355e-15 1.6836873586245713e-16
1298.1094229883595 9.5866172530705e-16 1.5245542200327219e-16
1298.6934608485178 1.1659319580495982e-15 1.7517512204967827e-16
1299.2774980701786 7.514602610519071e-16 1.585612590035548e-16
1299.8615346533431 5.744365160646259e-16 1.7100552295748017e-16
1300.4455705980145 8.410324599768325e-16 1.9269827496467922e-16
1301.029605904194 9.373414825081857e-16 1.9623295668846121e-16
1301.6136405718842 6.564218408809945e-16 1.8629682346580484e-16
1302.1976746010869 9.50679392691244e-16 2.198169347435321e-16
1302.781707991804 6.100945914407822e-16 2.221149880689922e-16
1303.3657407440385 8.546450735325971e-16 2.4087655609243816e-16
1303.9497728577917 8.458961231599667e-16 2.4577447117037695e-16
1304.5338043330655 6.496157193915694e-16 2.1640617129295545e-16
1305.1178351698627 3.801845444466659e-16 2.0833061211339215e-16
1305.7018653681853 3.257159584245801e-16 1.797194802814772e-16
1306.2858949280348 4.815877819414841e-16 1.9127803894015017e-16
1306.869923849414 1.345650008962977e-15 2.1117571637388054e-16
1307.4539521323243 8.486532154032794e-16 1.85179150257013e-16
1308.0379797767685 7.97940188180862e-16 1.3637421033207368e-16
1308.622006782748 9.21497731229794e-16 1.4756131857359604e-16
1309.2060331502657 7.554457098874162e-16 1.3210298052109486e-16
1309.7900588793227 9.627316127394886e-16 1.4983278300544626e-16
1310.374083969922 9.643545278664278e-16 1.4851862462267101e-16
1310.9581084220654 8.087338760881643e-16 1.4076148365682633e-16
1311.5421322357545 7.64858204695102e-16 1.3486592258569959e-16
1312.1261554109922 8.994830272932995e-16 1.4658204260745167e-16
1312.7101779477798 5.250398839213601e-16 1.1323693627756103e-16
1313.2941998461204 8.984148128676935e-16 1.458932724724359e-16
1313.8782211060152 7.11141386883484e-16 1.2813567671950273e-16
1314.462241727466 7.012470891474881e-16 1.3172897577021269e-16
1315.0462617104763 7.809742241264767e-16 1.3436314235705515e-16
1315.6302810550474 7.552833971988986e-16 1.3555598973991582e-16
1316.2142997611809 3.895407115633593e-16 9.996128963357087e-17
1316.7983178288796 7.399648063478046e-16 1.3287833330518777e-16
1317.3823352581455 5.715352164620431e-16 1.1733005094160002e-16
1317.96635204898 7.157903272144892e-16 1.304330418306932e-16
1318.5503682013862 8.724264656173922e-16 1.4323619629134817e-16
1319.1343837153654 7.203787046897658e-16 1.3080627895796694e-16
1319.7183985909205 5.892772215147909e-16 1.2064877896850157e-16
1320.302412828053 5.749178954764624e-16 1.179098052893262e-16
1320.8864264267647 5.015909943864865e-16 1.1091622482076185e-16
1321.4704393870586 5.4109973448042e-16 1.158088062381109e-16
1322.0544517089363 7.055203174268269e-16 1.2875542690420706e-16
1322.6384633923994 4.857866830797013e-16 1.1069606242892474e-16
1323.2224744374512 3.335077615668132e-16 9.460683041450692e-17
1323.806484844093 7.048450733491876e-16 1.291959369763385e-16
1324.3904946123262 4.772952307230361e-16 1.0803713998070979e-16
1324.9745037421542 5.777674201901443e-16 1.1974495510911183e-16
1325.5585122335785 6.072937711215675e-16 1.2101775446125943e-16
1326.1425200866015 5.494126746434513e-16 1.1645167777529731e-16
1326.7265273012247 5.794144757560802e-16 1.2083683351768183e-16
1327.310533877451 5.680781044273839e-16 1.177959587672593e-16
1327.8945398152814 6.860814406829327e-16 1.3189183108921213e-16
1328.4785451147193 6.7456237493542545e-16 1.2491983672591298e-16
1329.0625497757658 4.962637394834081e-16 1.135049295611384e-16
1329.6465537984234 7.584307598726588e-16 1.3568311085645297e-16
1330.2305571826942 4.5943548809062e-16 1.0573162217740199e-16
1330.8145599285801 4.886780829847131e-16 1.109387042810886e-16
1331.3985620360831 5.807853456416521e-16 1.224352243938201e-16
1331.9825635052057 5.056028071224788e-16 1.1201857202716432e-16
1332.5665643359498 5.818617127593755e-16 1.2169929834644392e-16
1333.1505645283175 3.8386985245127136e-16 9.852269681688805e-17
1333.734564082311 4.158346524191621e-16 1.025480686974814e-16
1334.3185629979323 4.176942073757405e-16 1.0299186102228345e-16
1334.902561275183 3.9025616323621357e-16 1.0038713544780297e-16
1335.486558914066 4.676009386417107e-16 1.0734250017206735e-16
1336.070555914583 5.603358527125652e-16 1.181954539158979e-16
1336.654552276736 5.1555671480213775e-16 1.126156905503092e-16
1337.2385480005275 3.979639512979909e-16 1.0096411046867096e-16
1337.8225430859593 2.0022254804447797e-16 7.656344706865912e-17
1338.4065375330335 6.8689030420800135e-16 1.2913418298052774e-16
1338.990531341752 2.6926012722911733e-16 8.448470066803432e-17
1339.5745245121175 4.904591285749928e-16 1.1236529967016695e-16
1340.1585170441313 4.605453659493192e-16 1.0956829099921484e-16
1340.7425089377962 6.501866195980188e-16 1.2526566439640915e-16
1341.3265001931136 6.127675097849616e-16 1.2591323431947486e-16
1341.9104908100865 7.205981391626638e-16 1.3266559568652893e-16
1342.4944807887161 4.220865496632869e-16 1.0639085203838225e-16
1343.0784701290052 5.045060053349029e-16 1.1141335375146132e-16
1343.6624588309553 7.443343316853343e-16 1.3790515620978682e-16
1344.2464468945686 4.142464127035011e-16 1.0300444078503916e-16
1344.830434319848 8.837047622496424e-16 1.5017473285323078e-16
1345.4144211067944 7.476063140814592e-16 1.3333348116543895e-16
1345.9984072554105 5.448876128809821e-16 1.221640415018007e-16
1346.5823927656986 4.643136037734167e-16 1.0764401743151028e-16
1347.1663776376602 7.037357248860805e-16 1.3482987074588207e-16
1347.7503618712979 5.268287116268428e-16 1.170254764226131e-16
1348.3343454666135 8.299111820771795e-16 1.4404221431510965e-16
1348.9183284236094 6.062383151297294e-16 1.232278090044337e-16
1349.5023107422871 6.874049826025767e-16 1.3278604641860645e-16
1350.0862924226494 5.592537151828886e-16 1.1980316215445596e-16
1350.6702734646979 5.601105948881547e-16 1.2246510877499041e-16
1351.2542538684352 5.450496608717036e-16 1.1805229211292212e-16
1351.8382336338632 9.423154717326998e-16 1.5626523061623422e-16
1352.4222127609833 6.032669235507613e-16 1.249233439717102e-16
1353.0061912497986 4.567039127148433e-16 1.0946671983743823e-16
1353.5901691003105 6.496230250507395e-16 1.2996673695833992e-16
1354.174146312521 4.245669003608639e-16 1.0632707972187686e-16
1354.758122886433 4.974333861044479e-16 1.1433128961052378e-16
1355.342098822048 4.481710616228811e-16 1.0919896478187727e-16
1355.9260741193684 7.038706678224899e-16 1.3557254658705668e-16
1356.5100487783961 6.843539699265668e-16 1.3199519557855675e-16
1357.094022799133 4.2741745739595025e-16 1.0840594341990023e-16
1357.6779961815814 6.065210123758756e-16 1.2542523746273798e-16
1358.2619689257438 7.607060491876614e-16 1.402495051797703e-16
1358.8459410316214 6.366197987609651e-16 1.308868662019643e-16
1359.429912499217 5.972550542680647e-16 1.2456223000349405e-16
1360.0138833285325 8.268012476717762e-16 1.550122571290083e-16
1360.5978535195698 9.409177614906118e-16 1.5473885077550237e-16
1361.1818230723313 5.785359967106591e-16 1.2576941077200904e-16
1361.7657919868188 4.954001364541232e-16 1.135875682130549e-16
1362.3497602630348 5.756717018599595e-16 1.2509988416676372e-16
1362.933727900981 4.848381120578949e-16 1.1673503676593348e-16
1363.5176949006593 4.710980200435685e-16 1.1089624013716257e-16
1364.1016612620726 5.525162563017503e-16 1.2091101507501559e-16
1364.6856269852221 3.056429981103273e-16 1.0051982845294628e-16
1365.2695920701108 6.635165359076373e-16 1.3087675474615645e-16
1365.8535565167401 6.096761042252794e-16 1.2730709320863082e-16
1366.4375203251122 7.033767417351222e-16 1.3825859394191848e-16
1367.0214834952292 8.428312403194454e-16 1.4782628106740903e-16
1367.6054460270934 8.951160430546116e-16 1.538720449028856e-16
1368.189407920707 5.33143712825538e-16 1.1615787645660828e-16
1368.7733691760716 5.335137603443697e-16 1.2241116336416215e-16
1369.3573297931896 6.691443286883133e-16 1.3235959179944351e-16
1369.941289772063 7.020385355575789e-16 1.3466297878549338e-16
1370.5252491126942 5.444184095677624e-16 1.2264622824191502e-16
1371.1092078150846 7.477456510012826e-16 1.4307966724967354e-16
1371.6931658792369 5.388028458252624e-16 1.2055283925233522e-16
1372.2771233051533 6.558193357577007e-16 1.34660212693525e-16
1372.8610800928352 6.339868497839843e-16 1.287514034977076e-16
1373.4450362422856 6.637045242823686e-16 1.3448527392013738e-16
1374.0289917535058 6.320640320541578e-16 1.3157907740832828e-16
1374.612946626498 8.120595391973215e-16 1.4822177927932778e-16
1375.1969008612646 8.517500737375595e-16 1.5276175676260263e-16
1375.780854457808 8.118071763185989e-16 1.4665013611547703e-16
1376.3648074161292 8.684459401608891e-16 1.525570394871631e-16
1376.9487597362313 9.579602761476051e-16 1.6245816642629623e-16
1377.532711418116 1.141863940369841e-15 1.7530888708089544e-16
1378.1166624617856 6.266799730040543e-16 1.3030396195046553e-16
1378.7006128672417 9.210521918995383e-16 1.5848443046826089e-16
1379.2845626344872 1.022245524042115e-15 1.6306736840382928e-16
1379.8685117635234 8.412699468394189e-16 1.539047350806937e-16
1380.452460254353 1.0800143357151608e-15 1.6599797005243115e-16
1381.0364081069774 1.2519041081300152e-15 1.880541653684513e-16
1381.6203553213993 8.314020130039063e-16 1.4830411352877886e-16
1382.2043018976206 1.0567336351598763e-15 1.7017651593013463e-16
1382.7882478356435 9.675798175713354e-16 1.6169446034522807e-16
1383.3721931354696 1.0541712546153137e-15 1.7248518363721503e-16
1383.9561377971015 9.48170057585003e-16 1.585392361469262e-16
1384.5400818205414 1.204985259115705e-15 1.8194024185050036e-16
1385.1240252057912 8.053547969637709e-16 1.4577018799728802e-16
1385.7079679528529 9.500695289692209e-16 1.6481563117207236e-16
1386.2919100617285 1.0506410330493945e-15 1.6908528603116487e-16
1386.8758515324203 1.179855909153038e-15 1.8215693670120965e-16
1387.4597923649305 8.287909810044357e-16 1.521047371282191e-16
1388.0437325592607 9.13465211911863e-16 1.5972678957386653e-16
1388.6276721154136 1.5937966753114784e-15 2.0650125917533928e-16
1389.2116110333907 1.0044985956103613e-15 1.6805832475706804e-16
1389.7955493131944 1.1374170173967559e-15 1.7420360172895719e-16
1390.379486954827 1.2140147362125543e-15 1.836332754236045e-16
1390.9634239582904 1.1961925277276133e-15 1.8290133307805837e-16
1391.5473603235864 7.106834596963746e-16 1.4272994852157592e-16
1392.1312960507173 9.588178970067e-16 1.639036016810061e-16
1392.7152311396858 9.315767880274098e-16 1.5986284424101925e-16
1393.2991655904932 3.1009690910522724e-16 9.81272713968632e-17
1393.8830994031416 9.334502131484994e-16 1.6064173074068898e-16
1394.4670325776335 7.028936153178321e-16 1.436685007318031e-16
1395.050965113971 7.7295017513801835e-16 1.4905140834649397e-16
1395.634897012156 6.675662533680194e-16 1.3992124020803986e-16
1396.2188282721904 9.090585230037726e-16 1.6336319466065785e-16
1396.8027588940765 1.264782502939188e-15 1.872883549399048e-16
1397.3866888778166 7.3377204259131e-16 1.4739023115314048e-16
1397.9706182234124 7.348157989405641e-16 1.4430320634198238e-16
1398.5545469308663 7.365232056039919e-16 1.5013985891860554e-16
1399.13847500018 7.9642378744704e-16 1.506632855753393e-16
1399.7224024313562 8.255325511354668e-16 1.5592044850203232e-16
1400.3063292243964 7.414761778235023e-16 1.4593656379697449e-16
1400.8902553793034 6.011700934898333e-16 1.3468400902538692e-16
1401.4741808960787 4.518845070032031e-16 1.163361239524461e-16
1402.058105774724 5.765962383218876e-16 1.3186902737408527e-16
1402.6420300152422 7.345463365842188e-16 1.4859090035587345e-16
1403.2259536176352 8.456800238792984e-16 1.539906692201706e-16
1403.809876581905 8.8319479547583615e-16 1.6097706314357308e-16
1404.393798908054 8.305201458266962e-16 1.56183637520612e-16
1404.9777205960838 1.0748177885837556e-15 1.743098381893886e-16
1405.5616416459961 6.738776017371296e-16 1.3975917898242848e-16
1406.1455620577945 1.1788992913182327e-15 1.879888114826147e-16
1406.7294818314795 8.510608006767314e-16 1.548406800176301e-16
1407.3134009670541 7.663791052914563e-16 1.5296779752702223e-16
1407.8973194645203 6.187783732160333e-16 1.3446478631072567e-16
1408.48123732388 8.498405967766523e-16 1.580042819011759e-16
1409.065154545135 8.908072923310474e-16 1.6204556873675478e-16
1409.6490711282881 5.423618665113881e-16 1.2668849445933916e-16
1410.2329870733408 8.294778188455405e-16 1.5877374515930743e-16
1410.8169023802955 4.0153083350865835e-16 1.1405470688346565e-16
1411.4008170491538 7.478384011090069e-16 1.4819137873745523e-16
1411.984731079919 5.683564606296754e-16 1.3268495833030757e-16
1412.568644472592 6.348072011934001e-16 1.3732031966437713e-16
1413.152557227175 3.7910036874396e-16 1.0792576838303565e-16
1413.736469343671 5.054853871801657e-16 1.249654573910565e-16
1414.320380822081 3.799098146041799e-16 1.1212402762909748e-16
1414.9042916624078 3.430802397224117e-16 1.0475509906833619e-16
1415.4882018646529 3.065133244636311e-16 9.919307045508062e-17
1416.0721114288192 5.436511565362276e-16 1.305310461896685e-16
1416.656020354908 7.019362033896387e-16 1.4520303326465226e-16
1417.2399286429215 5.318677635696178e-16 1.3087210929983636e-16
1417.8238362928623 4.525557806139022e-16 1.189645995366742e-16
1418.407743304732 4.720445264225659e-16 1.2379937095537315e-16
1418.9916496785333 4.4384497319367776e-16 1.1674041013119262e-16
1419.5755554142677 4.031521604488215e-16 1.138230963119508e-16
1420.1594605119378 4.515144594843714e-16 1.1855086364660988e-16
1420.743364971545 7.58715839398969e-16 1.5604231536731853e-16
1421.3272687930917 5.056953984115256e-16 1.244676402460874e-16
1421.9111719765801 4.3881576800891455e-16 1.190065011977837e-16
1422.4950745220124 2.8451444945533843e-16 9.656864474713158e-17
1423.0789764293904 5.388808787355282e-16 1.321457424500414e-16
1423.6628776987166 4.862120524379006e-16 1.2321106686883563e-16
1424.2467783299924 5.04136434272104e-16 1.275079061915791e-16
1424.8306783232206 5.054438825657503e-16 1.2416339659934548e-16
1425.414577678403 1.8394577764158212e-16 8.356742354316202e-17
1425.9984763955417 3.1306554782711674e-16 1.0072592877436999e-16
1426.5823744746385 4.624909476896031e-16 1.2497094987032385e-16
1427.1662719156964 2.637203994051762e-16 9.469660928947097e-17
1427.7501687187162 3.2216937853486716e-16 1.0329653480294388e-16
1428.3340648837009 5.094703066200828e-16 1.2837929133606695e-16
1428.9179604106525 4.522552956758637e-16 1.219641152564691e-16
1429.5018552995728 2.9467736251473234e-16 9.968443559127182e-17
1430.0857495504642 5.214025126876133e-16 1.311596505156496e-16
1430.6696431633284 3.3396844161100116e-16 1.0669612138908372e-16
1431.253536138168 5.104891813765113e-16 1.2857537946335632e-16
1431.8374284749848 6.730684205747057e-16 1.5116769369542924e-16
1432.4213201737807 3.239750145503969e-16 1.0349986241495432e-16
1433.005211234558 4.969588888353079e-16 1.2894435495611417e-16
1433.589101657319 3.3838582431005074e-16 1.076489143407366e-16
1434.1729914420653 4.2074387009299083e-16 1.1749747229758075e-16
1434.7568805887993 4.733317518045965e-16 1.2700715090107419e-16
1435.3407690975232 4.4406001368316194e-16 1.1945501837824465e-16
1435.9246569682389 3.808861788945681e-16 1.1516181865019642e-16
1436.5085442009488 4.85076551832547e-16 1.2576119190544271e-16
1437.0924307956545 4.786018319837351e-16 1.2809337801169922e-16
1437.6763167523582 4.935828272657891e-16 1.2780682941262105e-16
1438.2602020710624 5.098195488921476e-16 1.3183276377603094e-16
1438.8440867517688 4.0431548079253646e-16 1.168664989263253e-16
1439.4279707944795 3.7595607656463364e-16 1.1350246787163545e-16
1440.011854199197 3.480612434385202e-16 1.0993016597359454e-16
1440.5957369659225 4.73608572759671e-16 1.2666353345717476e-16
1441.1796190946593 5.153711616471299e-16 1.3294633416898453e-16
1441.7635005854083 3.84254193651088e-16 1.1567952783453621e-16
1442.3473814381728 2.949047908610701e-16 1.0350906066336591e-16
1442.9312616529537 3.896517522887884e-16 1.1252865791497882e-16
1443.515141229754 5.823163047542551e-16 1.4103527382213648e-16
1444.0990201685752 5.766334548320076e-16 1.3946990399605133e-16
1444.6828984694196 3.425172804498428e-16 1.0778951519253591e-16
1445.2667761322898 4.2268182853674946e-16 1.2146452463626667e-16
1445.8506531571868 5.20262141642813e-16 1.3374678030413984e-16
1446.4345295441135 5.011648838744583e-16 1.290337963413883e-16
1447.0184052930717 3.641830332818481e-16 1.1396055387742242e-16
1447.6022804040638 4.620036919866951e-16 1.2301197442156147e-16
1448.1861548770917 5.00923003028458e-16 1.3301039103562063e-16
1448.7700287121575 5.10915980102809e-16 1.3142870259041104e-16
1449.353901909263 4.44420135034643e-16 1.2248072594495541e-16
1449.9377744684107 5.696006990896327e-16 1.4578055091600208e-16
1450.5216463896024 5.561123346793184e-16 1.3797287914089776e-16
1451.10551767284 4.4372657386951937e-16 1.2232822030978024e-16
1451.6893883181267 8.784399230868649e-16 1.7835283232575178e-16
1452.2732583254633 5.542328744484795e-16 1.3756674007757913e-16
1452.8571276948528 4.566414440349833e-16 1.2547312129403745e-16
1453.4409964262964 2.061053771516163e-16 8.905607130991678e-17
1454.024864519797 3.7640577165028687e-16 1.1744575034823904e-16
1454.6087319753562 6.539908563223747e-16 1.5280794652800759e-16
1455.1925987929765 3.701482892826661e-16 1.1476568516356723e-16
1455.7764649726596 4.119658823721373e-16 1.2236694559733752e-16
1456.3603305144077 5.658193322548527e-16 1.400340411738125e-16
1456.944195418223 4.474452602662026e-16 1.2732051338688888e-16
1457.5280596841076 6.253870301496298e-16 1.498162923327544e-16
1458.1119233120635 2.768080378221004e-16 1.0170687233662927e-16
1458.6957863020928 2.1991470087449097e-16 9.279150645964294e-17
1459.2796486541974 6.228741480929223e-16 1.4933294092233762e-16
1459.8635103683798 3.473886463388411e-16 1.1314681991290705e-16
1460.4473714446417 3.860045078272502e-16 1.194029655566579e-16
1461.0312318829856 5.265435791609733e-16 1.3822587729433078e-16
1461.6150916834133 3.846349084910992e-16 1.1851884844818163e-16
1462.198950845927 4.826281501589492e-16 1.3154149032129387e-16
1462.7828093705286 6.447173278575978e-16 1.5421633732616487e-16
1463.3666672572206 9.19126038977482e-16 1.786961718369654e-16
1463.9505245060047 4.02620806093097e-16 1.2408511222617347e-16
1464.534381116883 8.385783937703999e-16 1.6947619173632273e-16
1465.1182370898578 6.601085517839189e-16 1.5725410187748421e-16
1465.7020924249312 7.3960878781216175e-16 1.6325840080321473e-16
1466.285947122105 6.781686177083606e-16 1.579073495682745e-16
1466.8698011813815 5.444475792648834e-16 1.4256698732345807e-16
1467.453654602763 7.331044747497552e-16 1.6169448681500767e-16
1468.0375073862513 5.674589762825002e-16 1.4422512049215737e-16
1468.6213595318482 7.995805204227791e-16 1.6833043409137348e-16
1469.2052110395566 8.687571188898866e-16 1.78845990789511e-16
1469.789061909378 7.511551174326587e-16 1.6584336006977764e-16
1470.3729121413144 7.968646151565266e-16 1.7137043533906916e-16
1470.9567617353682 5.832406823975055e-16 1.4747559619235595e-16
1471.5406106915416 5.445275179992806e-16 1.422679582232977e-16
1472.1244590098365 5.413019106570178e-16 1.4137989711766077e-16
1472.708306690255 6.717988240658899e-16 1.5554695991185238e-16
1473.292153732799 4.495527311785305e-16 1.3151525876970859e-16
1473.876000137471 6.36234292890846e-16 1.513965778796451e-16
1474.4598459042727 3.755872731254432e-16 1.211669910786538e-16
1475.0436910332064 6.912238306452728e-16 1.5978462604229624e-16
1475.6275355242744 4.947213454260173e-16 1.385473395327036e-16
1476.211379377478 5.949873882495874e-16 1.5006502885167155e-16
1476.79522259282 2.6940724626414356e-16 1.0281666416854472e-16
1477.3790651703025 4.756692451016631e-16 1.3321334807071664e-16
1477.9629071099273 5.975537392610903e-16 1.5050188609421795e-16
1478.5467484116966 4.602314873028022e-16 1.3397821882208728e-16
1479.1305890756125 4.147221540522824e-16 1.2625019461380446e-16
1479.7144291016773 6.176428196711205e-16 1.5124023412642769e-16
1480.2982684898927 4.235247851379451e-16 1.2868215855426957e-16
1480.882107240261 2.783132947787101e-16 1.0534991472065572e-16
1481.4659453527838 6.962207956384811e-16 1.6547877856043367e-16
1482.0497828274645 5.800859611250161e-16 1.5062503674381485e-16
1482.6336196643038 5.363070632461776e-16 1.433318448399389e-16
1483.217455863304 4.246541976939903e-16 1.2881007376419477e-16
1483.801291424468 7.262965533153171e-16 1.6722993976954313e-16
1484.3851263477975 6.263471419953425e-16 1.5246287324623007e-16
1484.968960633294 4.689611676758827e-16 1.3605910084080528e-16
1485.5527942809608 6.629234540258817e-16 1.6079062325094853e-16
1486.1366272907985 6.631713699816312e-16 1.6114788586623263e-16
1486.7204596628103 5.571746198742937e-16 1.5001312161387262e-16
1487.3042913969982 3.8916531714904804e-16 1.2273140799267328e-16
1487.8881224933637 1.0935257817732877e-15 2.069040498115383e-16
1488.4719529519095 1.2959634797935133e-15 2.1959053871859879e-16
1489.055782772637 1.77658215016422e-15 2.6287413408153035e-16
1489.6396119555493 2.137161322953297e-15 2.937208505590454e-16
1490.2234405006475 3.842690749611801e-15 3.906416161667735e-16
1490.807268407934 5.205579467238179e-15 4.484622291984998e-16
1491.3910956774114 1.73202249966625e-15 2.641650652327051e-16
1491.9749223090814 2.0898854495517193e-15 2.9055924714385954e-16
1492.5587483029453 1.5525332535277483e-15 2.4359097905103297e-16
1493.1425736590068 5.882624231044211e-16 1.5697125904755028e-16
1493.726398377267 3.2818924169100347e-16 1.1558755858531012e-16
1494.3102224577278 4.92845961541237e-16 1.4117099761704418e-16
1494.894045900392 4.879064359697644e-16 1.4039772271065e-16
1495.477868705261 4.659131196151881e-16 1.3989176610845338e-16
1496.0616908723377 4.075916189440589e-16 1.2832979284821178e-16
1496.6455124016234 5.818548835562383e-16 1.555738532079277e-16
1497.2293332931204 1.8353876507553663e-16 9.019908271523235e-17
1497.8131535468308 8.413907019739618e-16 1.830935169128565e-16
1498.396973162757 6.26495372761112e-16 1.6108865973437383e-16
1498.9807921409008 5.923532746023041e-16 1.5821226819439624e-16
1499.564610481264 6.24856099310379e-16 1.5988739496159983e-16
1500.1484281838495 5.552366084909759e-16 1.5316049752252259e-16
1500.7322452486587 3.0223482869815162e-16 1.1284106748872785e-16
1501.316061675694 5.173937704460547e-16 1.476325222807246e-16
1501.8998774649579 3.5402583769484817e-16 1.2345771227516424e-16
1502.4836926164514 6.132217841424859e-16 1.6272843611091935e-16
1503.0675071301773 3.0574538321782667e-16 1.138043292382132e-16
1503.6513210061376 6.067401821509776e-16 1.610583650716197e-16
1504.2351342443344 3.0768696802139074e-16 1.1431734003667369e-16
1504.8189468447697 7.130149708232513e-16 1.7645031691687982e-16
1505.402758807446 2.611025382025684e-16 1.0473769518824807e-16
1505.9865701323647 4.512989954784136e-16 1.4017470158261591e-16
1506.5703808195283 3.288576830352851e-16 1.220064669038318e-16
1507.1541908689387 8.880823873397303e-16 1.925826682022688e-16
1507.7380002805983 3.61617158726378e-16 1.2579822312710549e-16
1508.3218090545088 7.433265742363385e-16 1.7955360740760316e-16
1508.9056171906727 5.671622500531652e-16 1.554881837662468e-16
1509.489424689092 3.7641164794135844e-16 1.3054465165638376e-16
1510.0732315497683 6.111979047941402e-16 1.6161301283339365e-16
1510.6570377727044 3.355320114920734e-16 1.2404899421190695e-16
1511.240843357902 4.070132277899822e-16 1.3321295102402262e-16
1511.8246483053629 9.218007572666742e-16 1.9964066287949387e-16
1512.4084526150898 7.517884333794089e-16 1.7997908264492083e-16
1512.9922562870847 4.601351373050521e-16 1.4314180505728852e-16
1513.5760593213492 7.162667832473198e-16 1.7701891425250387e-16
1514.159861717886 5.06896438191173e-16 1.5046570190550243e-16
1514.7436634766966 5.442788608897022e-16 1.5474419767098191e-16
1515.3274645977833 6.865295211120302e-16 1.7505747711423853e-16
1515.9112650811487 6.896128269191543e-16 1.7593972810325288e-16
1516.4950649267944 1.005071931036534e-15 2.1254740682262008e-16
1517.0788641347222 6.394808113589941e-16 1.6900722665111947e-16
1517.662662704935 7.907695248867623e-16 1.896077826123933e-16
1518.2464606374342 7.045131952525415e-16 1.7955088102030418e-16
1518.8302579322221 5.273929414488325e-16 1.5674932318047985e-16
1519.4140545893008 7.355912046642162e-16 1.8200564867589615e-16
1519.9978506086723 4.590167891168804e-16 1.4950617239494092e-16
1520.581645990339 5.92407114134014e-16 1.6152924921584408e-16
1521.1654407343026 7.757679361161782e-16 1.9144654555709457e-16
1521.7492348405656 6.781353187256217e-16 1.784482955858853e-16
1522.3330283091295 3.902055794873947e-16 1.3383002776098718e-16
1522.916821139997 8.2565727673695e-16 1.97558708834702e-16
1523.5006133331701 8.18628650280193e-16 1.9534590143444915e-16
1524.0844048886504 5.714502484695217e-16 1.6169747790010266e-16
1524.6681958064405 2.7979324662602057e-16 1.1954115104106857e-16
1525.2519860865425 7.286869861715872e-16 1.8513039292298667e-16
1525.8357757289582 6.658151715682487e-16 1.7477549455214165e-16
1526.4195647336894 5.897538363662991e-16 1.7346087294822337e-16
1527.003353100739 7.391622955698403e-16 1.8758395620360676e-16
1527.5871408301086 4.2040434223003986e-16 1.43857309669702e-16
1528.1709279218 9.816724341103972e-16 2.1671917643674551e-16
1528.754714375816 7.398690386852056e-16 1.8757806667764538e-16
1529.3385001921583 7.440575636698189e-16 1.9486653372586242e-16
1529.922285370829 9.07151534202148e-16 2.1064837218976574e-16
1530.5060699118303 6.702900466285932e-16 1.832902138450767e-16
1531.0898538151644 6.270552615392471e-16 1.774716136581419e-16
1531.6736370808326 7.13934213329259e-16 1.8712542021156656e-16
1532.2574197088381 9.707457090908167e-16 2.2010946551280025e-16
1532.841201699182 5.355263635666051e-16 1.648055197162645e-16
1533.4249830518675 8.899215076264562e-16 2.122653977907436e-16
1534.0087637668955 6.201896889248366e-16 1.7578445637610933e-16
1534.592543844269 7.507625176616064e-16 1.9607560708361893e-16
1535.1763232839892 7.88184592089979e-16 1.995755736914533e-16
1535.760102086059 7.553747708780837e-16 1.9784040022922326e-16
1536.3438802504804 7.981351116378489e-16 2.0206487117453568e-16
1536.9276577772553 6.493187814039976e-16 1.8245814955818716e-16
1537.5114346663856 6.588408610992344e-16 1.8560912535686296e-16
1538.0952109178738 5.109077744711325e-16 1.6472174286382514e-16
1538.6789865317216 6.176402785722788e-16 1.8144916126443988e-16
1539.2627615079316 6.543234226332904e-16 1.8412905439554427e-16
1539.846535846505 3.97747428500849e-16 1.4400530220745508e-16
1540.4303095474447 7.63082823637657e-16 1.9946481089871e-16
1541.0140826107527 3.939424770924439e-16 1.418044194429128e-16
1541.5978550364307 2.996890182356196e-16 1.2582400469243754e-16
1542.1816268244809 8.282318333801295e-16 2.0927002459145637e-16
1542.765397974906 8.299702626252505e-16 2.0970142905940483e-16
1543.349168487707 6.156294223554971e-16 1.8010859927651194e-16
1543.932938362887 6.167059482918981e-16 1.8041660163195728e-16
1544.5167076004473 4.86839968549612e-16 1.653888607191267e-16
1545.1004762003904 7.847647495049989e-16 2.0473961593350755e-16
1545.6842441627186 5.340489263483568e-16 1.7169975910198367e-16
1546.2680114874336 3.6147893353729796e-16 1.403163943128238e-16
1546.8517781745375 5.283945049694015e-16 1.6969291305681162e-16
1547.4355442240326 1.0079613721778553e-15 2.3335752402900054e-16
1548.019309635921 6.626461036752151e-16 1.939132643181767e-16
1548.6030744102047 3.109961139880765e-16 1.2963951754290374e-16
1549.1868385468858 9.374159155284257e-16 2.294933597236264e-16
1549.7706020459664 5.89176001077594e-16 1.804248337334134e-16
1550.3543649074481 1.0144335509278254e-15 2.4053160192466885e-16
1550.9381271313339 9.369426358691473e-16 2.292996803462808e-16
1551.5218887176252 7.713681822903433e-16 2.0804623403624132e-16
1552.1056496663243 2.0069960758828343e-15 3.358553398499081e-16
1552.6894099774336 2.214553029278028e-15 3.511542636547581e-16
1553.2731696509547 9.617637717181321e-16 2.3503610510244215e-16
1553.85692868689 1.3699315848245608e-15 2.8176315409375846e-16
1554.4406870852413 1.1547411705087112e-15 2.539472803201969e-16
1555.024444846011 2.2177715427193576e-15 3.562898244139609e-16
1555.608201969201 1.6087517831490819e-15 3.0555191559871787e-16
1556.1919584548134 1.0442286760013243e-15 2.473277707769637e-16
1556.7757143028505 9.107219898330616e-16 2.3049690847766556e-16
1557.3594695133143 6.261897526858308e-16 1.9169569235759554e-16
1557.9432240862063 3.988318424315713e-16 1.531324792608142e-16
1558.5269780215299 8.109891013102289e-16 2.1864784398786395e-16
1559.1107313192858 4.509638351290969e-16 1.6153707103571638e-16
1559.6944839794767 6.966762346663079e-16 2.0309218979065713e-16
1560.278236002105 3.405439054409771e-16 1.428278470014328e-16
1560.8619873871721 7.798620169271726e-16 2.1840401761306292e-16
1561.4457381346806 5.365971720306122e-16 1.8139252917098204e-16
1562.0294882446326 2.261566587163753e-16 1.1614951200625414e-16
1562.6132377170297 2.352493191771338e-16 1.2045314082746543e-16
1563.1969865518747 6.98438116136156e-16 2.0498737307057943e-16
1563.780734749169 2.918551016740402e-16 1.3349469535810308e-16
1564.364482308915 4.3207372985590515e-16 1.6632203956409473e-16
1564.948229231115 5.382838263868323e-16 1.815102535157606e-16
1565.5319755157707 9.223271882433928e-16 2.416178952097429e-16
1566.1157211628847 4.3880954761070816e-16 1.6851757543315748e-16
1566.6994661724584 1.7227236660921738e-16 1.366630353321976e-16
1567.283210544494 2.4296221590637426e-16 1.2447698407828679e-16
1567.8669542789944 5.634826330511741e-16 1.912567704722402e-16
1568.4506973759608 6.525127308898567e-16 1.982856351570136e-16
1569.0344398353957 6.880077524236666e-16 2.1069251054725156e-16
1569.618181657301 3.864470825421906e-16 1.609884451488018e-16
1570.2019228416789 1.2767430846104516e-16 9.166365562059424e-17
1570.7856633885315 5.9092274183351e-16 1.9943929403117396e-16
1571.3694032978606 5.017387486962231e-16 1.808365711551178e-16
1571.9531425696691 5.027721818314326e-16 1.8140185976829164e-16
1572.5368812039583 5.962652962691981e-16 2.0100831668684414e-16
1573.1206192007303 4.654664156146298e-16 1.7858768544526784e-16
1573.7043565599877 6.427566054033817e-16 2.0523067004978843e-16
1574.288093281732 2.656051006523762e-16 1.3620632575494991e-16
1574.8718293659658 2.5732249485676845e-16 1.32020765385652e-16
1575.455564812691 6.078241725652263e-16 2.0489282301784217e-16
1576.0392996219095 5.402684775218083e-16 1.9337741009991995e-16
1576.6230337936238 6.281558749750857e-16 2.1015537254468413e-16
1577.2067673278355 6.612397113454178e-16 2.1090588344062084e-16
1577.790500224547 6.22913905701884e-16 2.0831983891309426e-16
1578.3742324837606 5.423091387104216e-16 1.9387440668172141e-16
1578.957964105478 5.36818882904556e-16 1.920895626780688e-16
1579.541695089701 3.4100342081486254e-16 1.5529208240406764e-16
1580.1254254364324 3.425846460389291e-16 1.5651251129727327e-16
1580.709155145674 3.529373738878468e-16 1.5827121639356922e-16
1581.292884217428 4.0011766491528295e-16 1.6829361462794752e-16
1581.8766126516964 3.5813426512638674e-16 1.6087699414178887e-16
1582.4603404484808 3.373304477275515e-16 1.565783681089223e-16
1583.0440676077842 7.204266149908448e-16 2.303089201029343e-16
1583.6277941296078 4.693900839845486e-16 1.7939330642233528e-16
1584.2115200139544 3.794296792719847e-16 1.71252419826715e-16
1584.7952452608256 6.329125473090698e-16 2.1319858987060142e-16
1585.3789698702237 4.347047994785342e-16 1.837488027766761e-16
1585.9626938421509 7.8482261244320825e-16 2.4065939802058584e-16
1586.5464171766093 6.946105860057507e-16 2.258924638461708e-16
1587.1301398736007 2.861720929331151e-16 1.470115544861586e-16
1587.7138619331272 3.6718007407725024e-16 1.6777795685152686e-16
1588.2975833551914 2.9106032007171967e-16 1.495978504765914e-16
1588.8813041397948 3.7711865575451977e-16 1.7260146537900528e-16
1589.4650242869395 7.645059978077218e-16 2.423713839558848e-16
1590.0487437966278 4.491397496771848e-16 1.8712944361806602e-16
1590.6324626688622 6.155206845008933e-16 2.210772138899281e-16
1591.2161809036443 7.480745115430541e-16 2.3933220327135676e-16
1591.7998985009758 5.182769611122449e-16 1.9922099775879877e-16
1592.3836154608596 2.0749803166580038e-16 1.2927300373964884e-16
1592.9673317832974 2.238355502128821e-16 1.3489395408229778e-16
1593.5510474682915 4.663564354839573e-16 1.9472028819356304e-16
1594.1347625158435 4.523003472407458e-16 1.885033178236227e-16
1594.7184769259559 5.669857495627811e-16 2.1549848284574386e-16
1595.3021906986305 3.8120670145576504e-16 1.748650021118648e-16
1595.88590383387 4.607086844894616e-16 1.959239352465012e-16
1596.469616331676 7.769979338347098e-16 2.4878654680059284e-16
1597.0533281920505 6.267692291008712e-16 2.285521473005493e-16
1597.6370394149956 4.818164278976836e-16 2.0146812322830522e-16
1598.2207500005138 3.129932323892449e-16 1.621036963727601e-16
1598.8044599486068 5.567382390877802e-16 2.1436580127191785e-16
1599.3881692592768 4.10582412871475e-16 1.8952742036152254e-16
1599.9718779325258 4.784548717673865e-16 1.995897747282096e-16
1600.5555859683564 7.261690748567554e-16 2.4623949225841956e-16
1601.13929336677 2.4825347190919427e-16 1.516960040264995e-16
1601.723000127769 5.600712607956666e-16 2.1626003163977448e-16
1602.3067062513553 2.3172116225402364e-16 1.4066689389941967e-16
1602.890411737531 4.1573385549843885e-16 1.9201364735017113e-16
1603.4741165862986 4.0320126188998263e-16 1.8580764870387568e-16
1604.0578207976596 6.076040498780586e-16 2.3590500208764745e-16
1604.6415243716167 7.356284741138954e-16 2.495406708214452e-16
1605.2252273081717 7.704506867897893e-16 2.616270104155964e-16
1605.8089296073267 1.278439956301598e-15 3.338237577956983e-16
1606.392631269084 4.1324455801535647e-16 1.9077909682954798e-16
1606.976332293445 7.37304461148936e-17 8.874967699358223e-17
1607.5600326804124 2.511411131055026e-16 1.5373395206270355e-16
1608.1437324299882 1.5815748898551053e-16 1.2136082927467702e-16
1608.7274315421744 5.272008767280426e-16 2.221254436319349e-16
1609.3111300169728 2.618564769349635e-16 1.6128335819823412e-16
1609.894827854386 4.1385410410002435e-16 1.9184981264932642e-16
1610.4785250544157 1.714398126314052e-16 1.3409941070799365e-16
1611.0622216170648 2.675527999750283e-16 1.5795700687480727e-16
1611.6459175423345 5.242604018516493e-16 2.212209050884959e-16
1612.2296128302266 6.279926093745024e-16 2.4434370017356643e-16
1612.8133074807445 5.429518249591508e-16 2.291791105001951e-16
1613.3970014938893 2.5328241239616146e-16 1.5690041268244634e-16
1613.980694869663 4.1104460169310024e-16 1.9655449833617283e-16
1614.5643876080683 5.153387626368974e-16 2.2284693041453834e-16
1615.1480797091067 3.538688983715897e-16 1.867921524514914e-16
1615.7317711727808 7.1631395239457e-16 2.60232185379485e-16
1616.3154619990923 1.196044614599199e-15 3.3750909227008334e-16
1616.8991521880434 6.142508762338407e-16 2.3958935718018724e-16
1617.4828417396366 4.44719455302379e-16 2.0858788513623084e-16
1618.066530653873 3.517880031179819e-16 1.8606819074449519e-16
1618.6502189307562 4.604573274623639e-16 2.1639559661600457e-16
1619.233906570287 6.241349566349103e-16 2.442559528541868e-16
1619.8175935724676 5.612592245041908e-16 2.3918219903035394e-16
1620.4012799373006 6.499673968833576e-16 2.5443792415489393e-16
1620.984965664788 9.311665064435834e-16 3.018086917163439e-16
1621.5686507549315 6.582652492720159e-16 2.583358374292602e-16
1622.1523352077336 5.35455001040799e-16 2.284793024670854e-16
1622.7360190231964 4.726321025901644e-16 2.233140426151695e-16
1623.3197022013217 8.034991065950143e-16 2.7574326446784254e-16
1623.9033847421115 6.814835340869995e-16 2.6819360686940576e-16
1624.4870666455681 3.528701141778789e-16 1.8917500171590555e-16
1625.0707479116936 4.764111400843395e-16 2.258056429690772e-16
1625.6544285404902 7.367342756265359e-16 2.747819350122681e-16
1626.2381085319598 5.59659602783301e-16 2.400564693808184e-16
1626.8217878861046 3.631986486482406e-16 1.9569015415305902e-16
1627.4054666029265 7.719803753529714e-16 2.8342002994792667e-16
1627.9891446824276 8.617139869939079e-16 2.972144644197754e-16
1628.5728221246104 7.852263295216933e-16 2.8879784213004423e-16
1629.1564989294768 5.640452217468286e-16 2.4266702492425614e-16
1629.7401750970284 5.63106497483034e-16 2.4251879415848664e-16
1630.3238506272678 1.7608478249547018e-16 1.4855457058337012e-16
1630.907525520197 3.6261252831852023e-16 1.9736751761663895e-16
1631.4911997758181 2.7178867939534903e-16 1.7582242727494796e-16
1632.074873394133 7.891678385230636e-16 2.9126294623457066e-16
1632.6585463751442 3.5873343505745075e-16 1.9618177736960133e-16
1633.242218718853 8.146800473778895e-16 3.011066072821885e-16
1633.8258904252625 7.61782469244944e-16 2.8176744219805393e-16
1634.4095614943742 5.897185256803104e-16 2.556509547447009e-16
1634.99323192619 9.865194742719415e-16 3.238284249109627e-16
1635.5769017207124 8.139705514054456e-16 3.015588964062427e-16
1636.1605708779432 3.2846825963778496e-16 1.9414831596103977e-16
1636.744239397885 5.804683965007014e-16 2.6010253639899587e-16
1637.3279072805394 9.647302928576535e-16 3.1701666535848244e-16
1637.9115745259085 6.979585366693325e-16 2.7908803875787216e-16
1638.4952411339943 1.1029995276509719e-15 3.450831285355333e-16
1639.0789071047993 7.211464871168926e-16 2.892404962543234e-16
1639.6625724383255 5.9731127607993875e-16 2.544579353082728e-16
1640.2462371345746 8.247115644513406e-16 3.07528519920695e-16
1640.829901193549 7.054351376760686e-16 2.8357710162008314e-16
1641.4135646152506 4.510908371316259e-16 2.287064925854068e-16
1641.997227399682 6.789789106015278e-16 2.735478874174574e-16
1642.5808895468447 6.103967704447152e-16 2.687495516503802e-16
1643.1645510567412 7.768207980696153e-16 2.9080279558597476e-16
1643.7482119293732 8.225808530725224e-16 3.0840443139749474e-16
1644.331872164743 8.320890626032479e-16 3.1183994409199898e-16
1644.9155317628524 1.3510306798812915e-15 3.8856209734170497e-16
1645.499190723704 1.2628756200166818e-15 3.79471130946841e-16
1646.0828490472998 1.1110058948266563e-15 3.501160130196611e-16
1646.6665067336412 2.744385425614953e-16 1.8941305767875341e-16
1647.2501637827313 2.6345011648566327e-16 1.817021461829831e-16
1647.8338201945714 9.355217381001282e-16 3.2978592526635743e-16
1648.417475969164 4.963726361566895e-16 2.4722713267491807e-16
1649.001131106511 3.918226183232624e-16 2.2468234493212e-16
1649.5847856066148 9.30274686629243e-16 3.2880469053652253e-16
1650.1684394694769 2.3260710577729243e-16 1.7884568638704558e-16
1650.7520926951 1.1937645077843089e-15 3.7180725624942287e-16
1651.3357452834857 3.748496397772827e-16 2.1707122450544808e-16
1651.9193972346363 4.951403090975529e-16 2.484461983744742e-16
1652.5030485485543 3.9624150979974927e-16 2.2947986013602956e-16
1653.0866992252409 7.133127029042112e-16 2.927005464345184e-16
1653.670349264699 7.215263813937361e-16 2.9689732999036746e-16
1654.2539986669299 5.236695963709394e-16 2.5314365781148936e-16
1654.8376474319366 3.9373410698741933e-16 2.302948381801862e-16
1655.4212955597206 4.5601368674194945e-17 1.1096424100095933e-16
1656.0049430502838 4.98485718662293e-16 2.5348037987780255e-16
1656.588589903629 5.919968325501877e-16 2.6928416178899567e-16
1657.1722361197578 5.029826695188253e-16 2.5644110413559115e-16
1657.7558816986723 5.05920126840344e-16 2.580831569131824e-16
1658.3395266403747 3.8326274158632684e-16 2.2695715779108983e-16
1658.9231709448673 8.096217783751236e-16 3.208425278927729e-16
1659.5068146121516 6.0487056867815055e-16 2.768315694561663e-16
1660.09045764223 4.97134330534508e-16 2.5593264613922215e-16
1660.6741000351049 4.447559306586702e-16 2.4319779694482937e-16
1661.2577417907776 3.805744443001989e-16 2.286239333428291e-16
1661.841382909251 5.076354744376523e-16 2.6201741319494183e-16
1662.4250233905268 5.003312446356825e-16 2.5922530143321603e-16
1663.0086632346074 6.037070101064192e-16 2.7878972434176104e-16
1663.5923024414944 3.332407873697505e-16 2.2338649040193933e-16
1664.1759410111904 3.86852970142603e-16 2.347466845322772e-16
1664.7595789436969 5.815806037000055e-16 2.843657157637565e-16
1665.3432162390166 7.745306856780357e-16 3.258280050016341e-16
1665.926852897151 2.7747935775491374e-17 1.1480611775190882e-16
1666.5104889181025 3.870043243423655e-16 2.372500639381077e-16
1667.0941243018733 5.100871054243615e-16 2.6887808890012604e-16
1667.6777590484653 1.4088520340668466e-16 1.640004016650095e-16
1668.2613931578805 5.11187189464608e-16 2.7100448570486916e-16
1668.8450266301213 1.4462840081927902e-16 1.6877419994639593e-16
1669.4286594651899 1.57571911286272e-16 1.8034272447708895e-16
1670.0122916630878 1.348179725799511e-16 1.6372972169880254e-16
1670.5959232238172 5.145544630672991e-16 2.741050498082935e-16
1671.1795541473807 1.0108533544180183e-15 3.6226987702157626e-16
1671.76318443378 3.9355215372243726e-16 2.4710841571340446e-16
1672.346814083017 -1.022921456334024e-16 7.268043777947345e-20
1672.9304430950942 7.831278053948708e-16 3.3601924072520183e-16
1673.5140714700135 5.067983411879691e-16 2.7334891408419145e-16
1674.0976992077772 1.4723096248927707e-16 1.8052977317464434e-16
1674.6813263083873 6.363164021471704e-16 3.0387963433282147e-16
1675.2649527718452 1.4692056131005532e-17 1.23250983296475e-16
1675.848578598154 1.5655797645246164e-17 1.2703486476031716e-16
1676.432203787315 5.250211962569613e-16 2.859065745739305e-16
1677.0158283393312 5.124177695182909e-16 2.8002660420298913e-16
1677.599452254204 8.877716850667656e-16 3.5491016656156126e-16
1678.1830755319352 2.5732577710943906e-16 2.1555343410819698e-16
1678.7666981725276 -1.2111338977496036e-16 7.867739382290633e-20
1679.350320175983 2.1872398430888823e-16 2.0319096177324087e-16
1679.9339415423035 4.0119389968410835e-16 2.62397995686055e-16
1680.5175622714908 1.3784972849130087e-16 1.857453520775831e-16
1681.1011823635479 4.748614933073377e-16 2.727097747859289e-16
1681.6848018184758 5.120429574391309e-16 2.8577210809355386e-16
1682.2684206362776 8.923250694934087e-16 3.610634109371105e-16
1682.8520388169545 4.98089042545182e-16 2.80186772839359e-16
1683.4356563605095 -6.438295777718712e-18 1.2717400315679348e-16
1684.0192732669439 3.7904658215180936e-16 2.617504919374383e-16
1684.6028895362597 2.4809422971511046e-16 2.211585290528645e-16
1685.1865051684597 1.377520682394604e-16 1.9765774551508175e-16
1685.770120163546 1.1047223397261279e-16 1.753720704448047e-16
1686.3537345215198 8.199835853584447e-16 3.644901621345666e-16
1686.937348242384 1.1927769732469288e-16 1.8582580697268245e-16
1687.5209613261402 7.540554111836167e-16 3.4100699423510877e-16
1688.104573772791 1.2713419260827253e-16 1.958195516706419e-16
1688.6881855823374 1.1527783569419066e-16 1.8885418798713299e-16
1689.2717967547828 3.748788094744038e-16 2.629299059071511e-16
1689.855407290129 3.914715761061847e-16 2.7396018070453344e-16
1690.4390171883776 -2.4027141722607397e-17 1.3133366284675114e-16
1691.022626449531 -2.1149109056294496e-17 1.3886501659259335e-16
1691.606235073591 4.943062463423035e-16 2.926252928511108e-16
1692.1898430605602 1.2481066476692374e-15 4.472600776881091e-16
1692.7734504104403 9.270085275846305e-16 3.8585204189674443e-16
1693.3570571232333 -2.2665412182804226e-17 1.4796360628398263e-16
1693.9406631989414 5.2508149441489395e-16 3.1087083252122165e-16
1694.524268637567 2.557323757867557e-16 2.4890544905056366e-16
1695.107873439112 5.274627157878626e-16 3.1468353957505007e-16
1695.691477603578 4.047793372102766e-16 2.924711857942697e-16
1696.2750811309677 1.0452520241505055e-16 2.0190071883633575e-16
1696.8586840212831 3.9420428968248427e-16 2.8881835620923554e-16
1697.442286274526 3.9229928611432974e-16 2.899424748093604e-16
1698.0258878906986 2.451123561034201e-16 2.502664721781237e-16
1698.609488869803 2.430317784871675e-16 2.5136187106738074e-16
1699.1930892118419 5.424271939274451e-16 3.2978965750528127e-16
1699.776688916816 7.121675143595234e-16 3.717031241364698e-16
1700.3602879847288 5.434038758551885e-16 3.327926804708734e-16
1700.9438864155816 3.86273070211089e-16 2.9458553884929406e-16
1701.5274842093766 3.8677713422404414e-16 2.957729731622262e-16
1702.1110813661162 2.33273958934798e-16 2.5446950260195876e-16
1702.694677885802 6.625359364525129e-16 3.5560857169635203e-16
1703.2782737684363 5.499751574599874e-16 3.4225920009872625e-16
1703.8618690140215 2.3215365198293576e-16 2.5835185164591924e-16
1704.4454636225594 2.279844234676521e-16 2.5772057387219837e-16
1705.029057594052 8.374229614210063e-17 2.1716308787555577e-16
1705.6126509285014 8.323437018830163e-16 3.9904166837447397e-16
1706.1962436259098 -7.015239365723423e-17 1.5666045089546716e-16
1706.779835686279 2.319625666439911e-16 2.674816756772385e-16
1707.3634271096116 7.288052134421782e-17 2.146069277291995e-16
1707.9470178959093 2.307938464652374e-16 2.700722200672974e-16
1708.5306080451744 7.731230360337072e-17 2.2369015171353e-16
1709.1141975574092 6.767578313951494e-16 3.7485061915912797e-16
1709.697786432615 4.1779145734599716e-16 3.3358923554842725e-16
1710.2813746707945 8.555960268345677e-16 4.174787698395623e-16
1710.8649622719497 9.030516829792003e-16 4.2477368227911236e-16
1711.4485492360825 6.752433364854587e-16 3.7998422115464027e-16
1712.0321355631954 2.2175030068052984e-16 2.7698001198017263e-16
1712.61572125329 3.6267354116050214e-16 3.121630871613765e-16
1713.1993063063687 2.360069372088936e-16 2.9147470447138423e-16
1713.7828907224334 1.0080052061328757e-15 4.516005392076361e-16
1714.3664745014867 5.406514422930857e-16 3.6373587929503664e-16
1714.9500576435298 5.398309055952127e-17 2.331419806137039e-16
1715.5336401485652 -1.1796109048730448e-16 1.6246617353462574e-16
1716.1172220165952 5.354640007658635e-16 3.6679038598195406e-16
1716.7008032476217 7.599493840679673e-16 4.1934978621070826e-16
1717.2843838416468 2.2740018249228344e-16 3.001096495032702e-16
1717.8679637986725 1.9618090386687448e-16 2.9249061461249736e-16
1718.4515431187012 6.034382491992333e-17 1.7078086070311077e-16
1719.0351218017345 3.377797987060699e-16 2.371939744751317e-16
1719.618699847775 8.47000071788035e-16 3.824416490230822e-16
1720.2022772568243 7.345130905410391e-16 3.2391185765626726e-16
1720.7858540288846 4.940195786292171e-16 2.938596051437175e-16
1721.3694301639582 1.2678261040769095e-15 4.818843493521415e-16
1721.9530056620474 1.7866446898193644e-15 5.675060924901912e-16
1722.5365805231538 2.4767288376341065e-16 2.4299617663360324e-16
