wavelength flux error
1566.7635671676012 0.0 0.0
1568.3070905188192 0.0 0.0
1569.850622946115 0.0 0.0
1571.3941644496485 0.0 0.0
1572.9377150295795 0.0 0.0
1574.4812746860682 0.0 0.0
1576.024843419275 0.0 0.0
1577.5684212293595 0.0 0.0
1579.1120081164822 0.0 0.0
1580.6556040808036 -2.5528075475993867e-14 8.559242859829466e-14
1582.1992091224834 4.798388113713345e-14 3.702000864061819e-14
1583.7428232416817 -8.936920959669824e-15 2.079167052285516e-14
1585.2864464385586 3.717396789020997e-15 1.5393571901650867e-14
1586.8300787132741 -1.5376888740721746e-14 1.1465020386791213e-14
1588.3737200659893 1.6734118431227518e-14 1.0753766820981777e-14
1589.9173704968637 -2.8853582307572295e-15 8.252560689935712e-15
1591.4610300060572 -6.535642270026664e-15 7.087767567683697e-15
1593.0046985937302 -2.721974680836058e-15 6.4265812723535154e-15
1594.548376260043 -2.8660378327468325e-15 5.540394650628859e-15
1596.0920630051558 -4.492856511023493e-16 4.997798050111963e-15
1597.6357588292285 4.436427705473004e-16 4.443536535361954e-15
1599.179463732422 5.2777758969809255e-15 4.18999712787564e-15
1600.7231777148954 2.350795314228567e-15 3.624456098883519e-15
1602.26690077681 2.8631611500392793e-16 3.169382354015226e-15
1603.8106329183252 3.094892953144703e-17 2.8265614387235722e-15
1605.3543741396015 -1.7853495764430126e-15 2.4971668426788463e-15
1606.8981244407994 -1.3537827958060391e-15 2.3378215223337096e-15
1608.4418838220786 2.858623118084805e-15 2.2878184146002097e-15
1609.9856522835998 -2.4941101125304423e-15 1.8790242206292865e-15
1611.5294298255228 -1.4073488417530458e-15 1.6786155900342086e-15
1613.0732164480082 1.8503535317932677e-16 1.6894927636263747e-15
1614.617012151216 -7.250546441959647e-16 1.5454772573188832e-15
1616.1608169353062 8.905507472271477e-16 1.5068683309127297e-15
1617.7046308004399 1.2736139860846166e-15 1.3742467941743478e-15
1619.2484537467765 3.439166582880457e-16 1.269034184817931e-15
1620.7922857744763 -3.969972286248226e-17 1.1839656071339975e-15
1622.3361268837007 2.922995028037731e-16 1.131893092031237e-15
1623.8799770746084 1.3059945733504908e-15 1.08779443921481e-15
1625.4238363473607 2.114619870402729e-15 1.1050941342504133e-15
1626.967704702117 2.012514495534196e-15 1.0204028038653633e-15
1628.5115821390386 6.000524335159313e-16 9.025915323306044e-16
1630.0554686582852 7.600205348355367e-16 8.82839465154463e-16
1631.5993642600172 -8.944634041687521e-16 7.602272108746667e-16
1633.1432689443952 -7.117841260717724e-16 7.280054422864027e-16
1634.6871827115785 5.820499128923436e-16 7.630232666335532e-16
1636.231105561729 7.327774141529966e-16 7.480829289329674e-16
1637.7750374950056 8.137525992402053e-16 7.104533314325175e-16
1639.318978511569 1.1228397921327462e-15 6.984691916574084e-16
1640.8629286115802 6.099023149617555e-16 6.579311477138833e-16
1642.4068877951986 1.2245365794833472e-15 6.572414511365815e-16
1643.950856062585 1.0151183770656805e-15 6.102082526743919e-16
1645.4948334138992 1.2820713188953751e-16 5.699408886970737e-16
1647.0388198493026 2.0703590107769027e-15 6.207398368240783e-16
1648.5828153689547 1.2067376644044558e-15 5.881285389591957e-16
1650.126819973016 5.77734544723879e-16 5.353878736797291e-16
1651.670833661647 -1.929381176376502e-16 4.884536192536907e-16
1653.2148564350077 5.413754966443105e-16 5.123053258945429e-16
1654.758888293259 3.092041893183804e-16 4.799427380787979e-16
1656.3029292365607 5.986979748937124e-16 4.842783291588782e-16
1657.846979265074 5.903284423418927e-16 4.739411920101459e-16
1659.3910383789582 4.198795788494362e-16 4.591636963936698e-16
1660.9351065783746 -1.9402269038705012e-16 4.209558665578208e-16
1662.479183863483 7.684085962330776e-16 4.435351179536603e-16
1664.023270234444 1.2982855147392926e-16 4.1540650373410467e-16
1665.5673656914182 1.036804326339522e-15 4.447594776091368e-16
1667.1114702345658 7.280216947310781e-16 4.1735597653199004e-16
1668.655583864047 1.8800810795194435e-16 3.913532297215855e-16
1670.1997065800224 1.0311217940546296e-15 4.140761326113234e-16
1671.7438383826525 1.5030132722115386e-15 4.346625801800695e-16
1673.2879792720976 8.392466498262244e-16 3.940782935315802e-16
1674.8321292485182 7.57059413531054e-16 3.9206709320766366e-16
1676.3762883120744 9.520336924947852e-16 3.8341917798377287e-16
1677.9204564629274 7.921405006514526e-16 3.7474140484849137e-16
1679.4646337012366 7.175138804434741e-16 3.6004990954594115e-16
1681.0088200271634 2.2515166405062544e-17 3.2987020504460923e-16
1682.553015440868 5.729043393421613e-16 3.467443983731154e-16
1684.09721994251 1.0721705988653491e-15 3.6696683353277897e-16
1685.6414335322513 2.4293055804997063e-16 3.19876777984005e-16
1687.185656210251 5.008052125092305e-16 3.336506189673236e-16
1688.7298879766709 8.286873782870747e-16 3.3797077816589613e-16
1690.27412883167 8.272397460406579e-16 3.3121704037030277e-16
1691.81837877541 5.199173462937213e-16 3.1989996551093608e-16
1693.3626378080505 4.928253680527069e-16 3.129117054680717e-16
1694.9069059297526 1.4685900914631402e-16 2.9052369822985446e-16
1696.4511831406767 5.271574133499366e-16 3.032954727667916e-16
1697.995469440983 5.256938462961996e-16 3.0278590303967935e-16
1699.539764830832 5.278778148715764e-16 2.9853361235600555e-16
1701.0840693103846 7.244643151712877e-16 3.024952648596527e-16
1702.628382879801 5.221870240154484e-16 2.917267761825312e-16
1704.1727055392416 7.404557148802976e-16 2.975843531199295e-16
1705.7170372888675 8.735077561141215e-16 2.979013552004394e-16
1707.2613781288387 2.154319245849354e-16 2.679367441281509e-16
1708.8057280593157 4.974141161048979e-16 2.802506973570971e-16
1710.3500870804594 6.28725186994759e-16 2.7677884165519973e-16
1711.8944551924296 3.1391864235389983e-16 2.6430792263321546e-16
1713.4388323953879 4.953196153845748e-16 2.6969595215025927e-16
1714.9832186894942 1.4812904240649324e-16 2.4870279641793307e-16
1716.5276140749088 2.6191161348587384e-16 2.5452596264184918e-16
1718.0720185517928 6.790877013956908e-16 2.712750597919577e-16
1719.6164321203066 8.622299359379042e-16 2.71563924496751e-16
1721.1608547806109 4.523671040249013e-16 2.5678129374303216e-16
1722.705286532866 4.3537631131724966e-16 2.493194628733138e-16
1724.2497273772324 5.813360229364858e-16 2.58229720082837e-16
1725.7941773138707 8.45208808862829e-16 2.6141083172558934e-16
1727.3386363429422 5.211784195335053e-16 2.4698350482346405e-16
1728.8831044646065 5.212079068679816e-16 2.4547996840252847e-16
1730.4275816790246 8.641178135586564e-16 2.6010515690717644e-16
1731.9720679863572 2.845807562532407e-16 2.3209729782216375e-16
1733.5165633867648 8.144300138397719e-16 2.5124961273208994e-16
1735.0610678804082 6.531220652162878e-16 2.403111086605867e-16
1736.6055814674476 8.052838050148791e-16 2.438439242649068e-16
1738.1501041480437 6.050910619422327e-16 2.317892160573796e-16
1739.6946359223577 1.8393023988095593e-16 2.1261393861364894e-16
1741.2391767905497 5.131066720022047e-16 2.2540827863769654e-16
1742.7837267527802 7.900539938045692e-16 2.3237824806285616e-16
1744.3282858092102 3.6785910333337257e-16 2.2108867530449563e-16
1745.8728539600002 7.268360603631589e-16 2.2840820463907526e-16
1747.4174312053105 8.849135312049335e-16 2.3485653411762424e-16
1748.9620175453026 9.39944097117743e-16 2.30116881851924e-16
1750.5066129801364 4.105339467050243e-16 2.0857230767093525e-16
1752.051217509973 6.744872007613566e-16 2.1769569954581131e-16
1753.5958311349727 1.0028901859226438e-15 2.317021834220492e-16
1755.1404538552963 1.2779138429622346e-15 2.380315577110682e-16
1756.6850856711044 1.3448125051363793e-15 2.428273788490832e-16
1758.2297265825582 9.372230037746885e-16 2.2591684251318394e-16
1759.7743765898176 9.957272518041878e-16 2.23262638303183e-16
1761.319035693044 1.042235607476435e-15 2.2628641357598284e-16
1762.8637038923973 9.334027793034532e-16 2.166721925779525e-16
1764.4083811880391 9.538695305288405e-16 2.172743006545523e-16
1765.953067580129 6.840714314990982e-16 2.0079568494730371e-16
1767.497763068829 1.3154922479089348e-15 2.263797195490788e-16
1769.0424676542991 4.791013167248191e-16 1.9620549429212445e-16
1770.5871813367 6.370787847392585e-16 1.9640523524899886e-16
1772.1319041161923 6.78807704067064e-16 2.0002365412055082e-16
1773.676635992937 5.996549633054322e-16 1.9424812026502797e-16
1775.221376967095 9.603755905967007e-16 2.0235455644249665e-16
1776.7661270388264 6.413138435964116e-16 1.9434816279703259e-16
1778.3108862082927 6.840954131194174e-16 1.9119798109174484e-16
1779.8556544756539 1.0661734997196703e-15 2.0362628376857037e-16
1781.4004318410714 3.6371393584774684e-16 1.7825885137327596e-16
1782.9452183047056 9.154295871956642e-16 1.9609215069586999e-16
1784.4900138667174 1.1962720429455368e-15 2.097429733784897e-16
1786.0348185272674 8.132158979890012e-16 1.9210148731377936e-16
1787.5796322865162 1.4994369932291125e-15 2.1653456295891348e-16
1789.1244551446252 1.3172807579770623e-15 2.079726083442792e-16
1790.669287101755 7.552646036553814e-16 1.8197642603921588e-16
1792.2141281580655 9.11292360643919e-16 1.9686185218201793e-16
1793.7589783137187 1.0488744399587773e-15 1.946852951449296e-16
1795.303837568875 1.0341085381057667e-15 1.9330047568550762e-16
1796.8487059236948 1.3239415074369149e-15 2.047481259676495e-16
1798.3935833783394 1.3317265872551292e-15 2.0105931071724681e-16
1799.938469932969 1.3015934960356758e-15 2.0116910736303465e-16
1801.483365587745 8.507266461790395e-16 1.8040015066393483e-16
1803.0282703428281 1.023834557851164e-15 1.8748568714683546e-16
1804.5731841983786 1.1103268920403136e-15 1.9017806077902205e-16
1806.118107154558 1.1398671660758073e-15 1.87700105596499e-16
1807.6630392115271 1.031837642774178e-15 1.8539272167372928e-16
1809.2079803694464 1.2975064561860554e-15 1.9398596356785277e-16
1810.7529306284766 9.475717346868863e-16 1.7557734358561585e-16
1812.297889988779 7.695241386246115e-16 1.7096735353529452e-16
1813.8428584505139 8.363493736301411e-16 1.71919908258931e-16
1815.3878360138433 1.0238765918611716e-15 1.7418128770475296e-16
1816.9328226789262 1.2283385927462165e-15 1.8734061951972836e-16
1818.4778184459253 8.29656489857852e-16 1.678769405923474e-16
1820.0228233150003 6.347390679807053e-16 1.6022923893026594e-16
1821.5678372863126 7.494244173631814e-16 1.6393713889176144e-16
1823.112860360023 7.662788907058843e-16 1.638616470803374e-16
1824.657892536292 6.886641500182295e-16 1.572444007032602e-16
1826.2029338152813 6.147189148767579e-16 1.5483828450257614e-16
1827.7479841971508 8.379627596364237e-16 1.60669973995524e-16
1829.2930436820623 7.643316148997058e-16 1.5930944055888657e-16
1830.8381122701758 5.820433483870024e-16 1.5444356714915564e-16
1832.383189961653 7.628886942740581e-16 1.551433222427061e-16
1833.9282767566544 8.964526610453789e-16 1.6068361916690867e-16
1835.4733726553409 8.505650217047916e-16 1.5867654812861e-16
1837.0184776578735 5.311411681195512e-16 1.4667242366990166e-16
1838.5635917644136 8.316159417626472e-16 1.5907074932132827e-16
1840.1087149751213 6.967648554884144e-16 1.5119020624298048e-16
1841.6538472901582 6.499915902619135e-16 1.4600141475699864e-16
1843.1989887096845 6.338608536330802e-16 1.4693767733129026e-16
1844.744139233862 7.652812976522555e-16 1.523697525615913e-16
1846.289298862851 7.240313225165631e-16 1.4870122639725332e-16
1847.8344675968128 9.587997916774525e-16 1.5957011494840409e-16
1849.379645435908 7.138180109968076e-16 1.4577672603284964e-16
1850.924832380298 8.464269481200991e-16 1.5182660591905428e-16
1852.4700284301437 6.50610665467238e-16 1.4487066547708355e-16
1854.0152335856062 6.252255115545002e-16 1.412897145785578e-16
1855.560447846846 1.0366792831006835e-15 1.586624132663027e-16
1857.1056712140241 7.248358979373363e-16 1.4588486831741237e-16
1858.6509036873017 9.574261159952429e-16 1.5212075134487813e-16
1860.19614526684 8.7348393331248e-16 1.4954878874009965e-16
1861.7413959527996 1.0832835652542071e-15 1.554664123725244e-16
1863.2866557453417 7.978642199134051e-16 1.467059211759876e-16
1864.8319246446272 1.3676753008113121e-15 1.6233584957475679e-16
1866.3772026508175 1.032348086004017e-15 1.5299747014995574e-16
1867.9224897640731 1.008860285893129e-15 1.538532910640378e-16
1869.4677859845553 1.821073826268173e-15 1.7565421182557918e-16
1871.0130913124253 1.4277324778704838e-15 1.6559737640793907e-16
1872.5584057478436 1.3448773031568442e-15 1.628398606481527e-16
1874.1037292909714 1.5196877510529499e-15 1.6411518786425225e-16
1875.6490619419699 1.4026220802700116e-15 1.6089337893536232e-16
1877.1944037010003 1.6944550002687456e-15 1.695162537477499e-16
1878.7397545682236 1.4759759805351813e-15 1.622953111072968e-16
1880.2851145438 1.4889885241873755e-15 1.6322172692357658e-16
1881.830483627892 1.6201620581024262e-15 1.6685690116561642e-16
1883.3758618206593 1.792132616284625e-15 1.7038295374124826e-16
1884.9212491222638 1.3811508538482992e-15 1.5849006853131605e-16
1886.4666455328666 1.7588243161832705e-15 1.6829708216907534e-16
1888.012051052628 1.3643250737466845e-15 1.546815437026647e-16
1889.55746568171 1.7445869628893466e-15 1.6535411913339948e-16
1891.1028894202734 1.3960851034995766e-15 1.5667692833326921e-16
1892.648322268479 1.3779641041424917e-15 1.5230467660844052e-16
1894.1937642264882 1.5081057401695498e-15 1.5824629509607422e-16
1895.7392152944617 1.4272636451341785e-15 1.5336304427603477e-16
1897.2846754725608 1.7020932257497297e-15 1.6146791873650695e-16
1898.830144760947 1.4027424648276401e-15 1.5524576028976467e-16
1900.375623159781 1.4769521860068919e-15 1.5315999459671016e-16
1901.9211106692242 1.2407915652576308e-15 1.4849687969872822e-16
1903.4666072894374 1.2248507228276601e-15 1.4290568138835159e-16
1905.0121130205816 1.2392290012281835e-15 1.4430587978972215e-16
1906.5576278628182 9.121252057893068e-16 1.3271244719642393e-16
1908.1031518163088 1.1714820355573636e-15 1.3859646744364434e-16
1909.6486848812137 1.1411377154966888e-15 1.3943001403819157e-16
1911.1942270576947 1.1961615051459202e-15 1.3925347384313806e-16
1912.7397783459128 1.2525854402569629e-15 1.452864792448466e-16
1914.2853387460286 2.1499870958406218e-15 1.6909535778230332e-16
1915.830908258204 2.2554299922795734e-15 1.718732817421626e-16
1917.3764868826 1.4602701897480736e-15 1.4621870517774897e-16
1918.9220746193773 1.1890416638286557e-15 1.3702293169055206e-16
1920.4676714686975 9.376979774998614e-16 1.2785398532498147e-16
1922.0132774307217 7.146553030651685e-16 1.211030665609157e-16
1923.558892505611 9.570847617174994e-16 1.2857308982742077e-16
1925.1045166935266 7.922028634521942e-16 1.2057140780272581e-16
1926.6501499946303 8.726421943211461e-16 1.2519806057930641e-16
1928.1957924090823 7.862477983165228e-16 1.2034884989583475e-16
1929.7414439370443 7.881914742326754e-16 1.2012128920059896e-16
1931.2871045786774 8.838394404882559e-16 1.2401803780466277e-16
1932.8327743341429 9.150770097313696e-16 1.233853174279536e-16
1934.3784532036025 7.108172909020408e-16 1.1844072289368722e-16
1935.9241411872163 8.203039755707436e-16 1.2013881219469528e-16
1937.4698382851464 9.291748143472334e-16 1.247094549176387e-16
1939.015544497554 7.483939488432873e-16 1.160706982374901e-16
1940.5612598245996 9.008897372604521e-16 1.2115689285773575e-16
1942.1069842664454 9.04943319308656e-16 1.2283796209045991e-16
1943.6527178232523 8.212537112628525e-16 1.1685581837025602e-16
1945.1984604951813 7.280392706647337e-16 1.1585015203384875e-16
1946.7442122823934 8.203055108179605e-16 1.169788234360651e-16
1948.2899731850507 7.785025290468295e-16 1.1425012003137518e-16
1949.835743203314 9.873579310106049e-16 1.2434103529025247e-16
1951.381522337345 7.122612703188726e-16 1.112665126491209e-16
1952.9273105873042 7.282028539026722e-16 1.1307074576633177e-16
1954.4731079533533 8.636166876912371e-16 1.1754857220710183e-16
1956.0189144356536 9.374838899224428e-16 1.203762990572817e-16
1957.5647300343662 9.249204854905302e-16 1.1854902399692757e-16
1959.110554749653 9.161036136634418e-16 1.1835509315667573e-16
1960.6563885816743 6.958334898233491e-16 1.0844513192860054e-16
1962.2022315305924 7.010819706623327e-16 1.0997194190325092e-16
1963.7480835965678 7.84091411251491e-16 1.1242177294494717e-16
1965.2939447797621 8.967678631808759e-16 1.1353943291884922e-16
1966.839815080337 7.073970777401464e-16 1.1026359916979222e-16
1968.3856944984532 9.567402310662037e-16 1.1572120450251908e-16
1969.931583034273 7.817006078183065e-16 1.1096281825030574e-16
1971.4774806879564 1.1084203267551626e-15 1.223869302809368e-16
1973.0233874596656 8.3694054968776535e-16 1.1089086677190343e-16
1974.5693033495616 8.667743206394827e-16 1.1280975373945904e-16
1976.1152283578058 9.862950105409191e-16 1.1559590980077445e-16
1977.6611624845602 8.612975114816548e-16 1.1030172226986356e-16
1979.2071057299854 9.833710528069973e-16 1.1670642293418404e-16
1980.7530580942428 7.83234319787988e-16 1.076723864177984e-16
1982.299019577494 1.1255281688282129e-15 1.1814618042116934e-16
1983.8449901799002 9.212617266748653e-16 1.1195616952175332e-16
1985.390969901623 5.335668587222507e-16 9.595571714811959e-17
1986.9369587428237 8.187669813483915e-16 1.0569522623044965e-16
1988.4829567036636 1.0409277886058743e-15 1.145983432169253e-16
1990.028963784304 5.598302799221728e-16 9.68872681016421e-17
1991.5749799849066 1.0315623570663203e-15 1.1312553821010729e-16
1993.1210053056325 8.817134407302068e-16 1.0660110811520343e-16
1994.6670397466435 1.014785069600936e-15 1.114879455903789e-16
1996.2130833081005 9.82074774760343e-16 1.093351253281484e-16
1997.759135990165 1.0175920309090183e-15 1.1084268515558344e-16
1999.3051977929988 9.617055382030084e-16 1.0839334380480982e-16
2000.8512687167631 8.652229268570272e-16 1.0439453434804677e-16
2002.3973487616192 9.289436802317514e-16 1.0797866162012474e-16
2003.9434379277288 8.552244970080783e-16 1.0304339768316795e-16
2005.489536215253 8.64938112028513e-16 1.0467941535101003e-16
2007.0356436243535 8.529308906055912e-16 1.0219281116800213e-16
2008.5817601551917 9.975933712661074e-16 1.049082201258871e-16
2010.127885807929 7.721155829871768e-16 9.968941852728184e-17
2011.674020582727 1.046565428144562e-15 1.0689367197169608e-16
2013.220164479747 9.102037115484604e-16 1.0316003014953793e-16
2014.7663174991505 9.559223148765113e-16 1.0394389958521768e-16
2016.3124796410991 1.0071009984616817e-15 1.0351713394614442e-16
2017.8586509057538 7.617080362247041e-16 9.748682184451034e-17
2019.4048312932769 7.716324036303275e-16 9.796363521936551e-17
2020.9510208038291 9.183919790495677e-16 1.0257966037943603e-16
2022.497219437572 9.109631824647923e-16 1.0043866549124257e-16
2024.0434271946676 7.764305805787271e-16 9.612675824646085e-17
2025.5896440752772 9.570947143546296e-16 1.0096828607640313e-16
2027.1358700795618 8.26514368200453e-16 9.809339007897303e-17
2028.6821052076841 8.649806754341125e-16 9.753898716266039e-17
2030.228349459804 7.974611910491897e-16 9.532595476928092e-17
2031.7746028360843 9.514785682769784e-16 9.954536998668941e-17
2033.3208653366858 8.435904465379813e-16 9.774713889200323e-17
2034.8671369617705 9.815522613110055e-16 1.0224168761603666e-16
2036.4134177114997 1.0230454407816783e-15 1.0191440202615148e-16
2037.959707586035 1.0842391242978284e-15 1.0332534715804033e-16
2039.506006585538 8.501794628951133e-16 9.505844455918127e-17
2041.0523147101699 1.0147705641617142e-15 1.0063076991670189e-16
2042.5986319600925 1.0545882065835996e-15 1.022876325359803e-16
2044.1449583354677 8.877109633923593e-16 9.506890673956884e-17
2045.6912938364565 9.002044876061234e-16 9.815048539357389e-17
2047.2376384632207 8.732578813946815e-16 9.451212816053694e-17
2048.783992215922 8.694358569784333e-16 9.435291905367764e-17
2050.3303550947217 1.097437591681945e-15 1.0233834201625226e-16
2051.8767270997814 1.0335497081188157e-15 9.776357662513588e-17
2053.423108231263 9.296904456538744e-16 9.640382404699671e-17
2054.969498489328 9.308869855709895e-16 9.517211902768075e-17
2056.5158978741374 8.931551617817179e-16 9.312285516069698e-17
2058.062306385854 9.011870458249384e-16 9.453684431724003e-17
2059.6087240246384 1.0647095091494596e-15 9.854923938838365e-17
2061.1551507906524 1.0608529681406108e-15 9.782209469039033e-17
2062.7015866840575 1.0071781843390003e-15 9.558413438207097e-17
2064.248031705016 1.008873309024693e-15 9.561328422685734e-17
2065.7944858536885 9.536266438312153e-16 9.381828244528256e-17
2067.3409491302373 9.029148871582187e-16 9.223372864643108e-17
2068.887421534824 9.875777360604174e-16 9.47329920015335e-17
2070.43390306761 7.462047921911086e-16 8.657290819825709e-17
2071.9803937287575 1.138757764673141e-15 9.711878602892835e-17
2073.5268935184276 1.02723539513439e-15 9.485483901448501e-17
2075.073402436782 1.0950374179467814e-15 9.60651365995481e-17
2076.619920483983 1.0560613027579932e-15 9.468361924513144e-17
2078.166447660191 1.1062119001034338e-15 9.624258338455298e-17
2079.712983965568 1.1315303501715753e-15 9.540922869590785e-17
2081.259529400277 9.899586397960308e-16 9.24523491736064e-17
2082.806083964478 1.2053508597115637e-15 9.671956219553066e-17
2084.3526476583343 1.1513294276762893e-15 9.563809964523393e-17
2085.899220482006 1.2136496650122877e-15 9.667718407838834e-17
2087.4458024356554 1.0389632015638363e-15 9.152066587118587e-17
2088.9923935194447 1.0583984784177046e-15 9.204605790905505e-17
2090.538993733535 1.0558193689724337e-15 9.108642913682003e-17
2092.0856030780883 9.957505452102373e-16 9.059419049790198e-17
2093.6322215532655 9.507872835129005e-16 8.680003875957435e-17
2095.1788491592297 8.892637865429132e-16 8.506805490578632e-17
2096.725485896142 1.0529484566768337e-15 9.151006472445539e-17
2098.272131764164 9.554861987877937e-16 8.64950671938934e-17
2099.818786763457 1.032030554527915e-15 8.8721049926943e-17
2101.3654508941836 1.089986031086712e-15 9.01249673323476e-17
2102.9121241565044 1.1420155592673994e-15 9.121464874921065e-17
2104.4588065505827 1.0065009814976705e-15 8.827670835421421e-17
2106.005498076579 1.3659019314571168e-15 9.688112711277451e-17
2107.5521987346556 9.558292471314317e-16 8.573782635649295e-17
2109.0989085249744 1.1435873347801482e-15 9.155970879609837e-17
2110.645627447697 1.0886216727669222e-15 8.9123575865346e-17
2112.1923555029844 1.2342499298059859e-15 9.378416951682088e-17
2113.7390926909993 1.1375998706342444e-15 9.037748241230289e-17
2115.2858390119036 1.0791289745270432e-15 8.724835079924339e-17
2116.832594465858 1.1791876001576544e-15 9.073581043621596e-17
2118.3793590530254 1.212582615256984e-15 9.127858650183855e-17
2119.926132773567 1.3714286096797143e-15 9.545717870165633e-17
2121.472915627645 1.1704937598661547e-15 8.975296104982535e-17
2123.0197076154204 1.0108148144189182e-15 8.598294313304957e-17
2124.566508737056 1.1977683266468616e-15 9.18503271237903e-17
2126.1133189927136 1.2676767086408375e-15 9.150161424731755e-17
2127.660138382554 1.109075294981627e-15 8.850750498000631e-17
2129.20696690674 1.1490207334994293e-15 8.887130563085203e-17
2130.753804565433 1.334904337235872e-15 9.27955364835873e-17
2132.3006513587943 1.159237221392737e-15 8.9151620596834e-17
2133.8475072869865 1.106419634933748e-15 8.679820572733693e-17
2135.394372350171 1.1047864495323232e-15 8.653845778010548e-17
2136.9412465485107 1.0274034252953017e-15 8.494358076720934e-17
2138.488129882166 9.099713068835575e-16 7.907413875110457e-17
2140.0350223512996 1.1649069423043021e-15 8.773579179060864e-17
2141.5819239560733 1.2841521347396441e-15 9.00751115024678e-17
2143.128834696648 1.046582051166152e-15 8.441990264756937e-17
2144.675754573187 1.2871504196146875e-15 9.056604650474047e-17
2146.2226835858514 1.2673095198582028e-15 8.952338865133983e-17
2147.769621734804 1.1893198082727104e-15 8.732541094510883e-17
2149.3165690202045 1.398583109540148e-15 9.166191523258543e-17
2150.8635254422165 1.3479473740741674e-15 9.152230038007628e-17
2152.410491001002 1.1973142111080149e-15 8.689824164189664e-17
2153.9574656967225 1.1062269349382476e-15 8.475324981698334e-17
2155.504449529539 1.1957097189476784e-15 8.64545882834375e-17
2157.051442499615 1.2174445843742237e-15 8.622968780105169e-17
2158.598444607112 1.1874148311743354e-15 8.567746202411128e-17
2160.1454558521914 1.1254817937743507e-15 8.480270198272421e-17
2161.692476235015 1.1128122984657945e-15 8.362301008032558e-17
2163.2395057557446 1.31007039001356e-15 8.805884221575755e-17
2164.786544414543 1.1088367493278565e-15 8.471691342703511e-17
2166.333592211572 1.2913193040228364e-15 8.693887937103015e-17
2167.880649146993 1.1003926778766784e-15 8.277891527860707e-17
2169.427715220968 1.2698260547444953e-15 8.720717043962805e-17
2170.9747904336596 1.1629559077894203e-15 8.23659734819308e-17
2172.5218747852286 1.232676566106461e-15 8.596690906405584e-17
2174.0689682758375 1.1159328737225978e-15 8.174639535079388e-17
2175.6160709056494 1.2419840817682465e-15 8.453510574584085e-17
2177.1631826748244 1.126520891442395e-15 8.26233788536675e-17
2178.7103035835257 9.538196614640709e-16 7.701109736383811e-17
2180.257433631915 1.1305006757450693e-15 8.211427896514316e-17
2181.8045728201537 1.292060457851684e-15 8.595109337074383e-17
2183.351721148405 1.1837455903259482e-15 8.346526342878927e-17
2184.8988786168297 1.1420335587175286e-15 8.086276793324023e-17
2186.4460452255903 1.1267604958873495e-15 8.160130125390718e-17
2187.9932209748486 1.1189398406853505e-15 7.971033328638645e-17
2189.540405864767 1.2047980648343618e-15 8.321592472238618e-17
2191.087599895507 1.1852651674333224e-15 8.232419755227442e-17
2192.634803067231 1.0625692686499848e-15 7.78625838515104e-17
2194.182015380101 1.2072721421941732e-15 8.289933292346009e-17
2195.729236834279 1.348789536581975e-15 8.52283823608338e-17
2197.276467429927 1.1273172082919324e-15 8.115307524102184e-17
2198.823707167207 1.3050181561205434e-15 8.390803004963175e-17
2200.3709560462808 1.2820944799525266e-15 8.3925890533418e-17
2201.9182140673106 1.1843787474540208e-15 8.132613466005774e-17
2203.465481230459 1.3435851543958078e-15 8.515572943327204e-17
2205.012757535887 1.0996284424000182e-15 7.847544527607339e-17
2206.5600429837577 1.1293375936293707e-15 7.85067325555626e-17
2208.1073375742326 1.2435874092582805e-15 8.260951530660111e-17
2209.6546413074734 1.1042588538853022e-15 7.754233922299927e-17
2211.2019541836435 1.4017711297953763e-15 8.661117026467134e-17
2212.7492762029037 1.222618261616053e-15 8.164110518498323e-17
2214.296607365416 1.2155199137598252e-15 8.025294391588654e-17
2215.843947671344 1.2220118919049373e-15 8.058662195754553e-17
2217.391297120848 1.2980642273818224e-15 8.381555787459322e-17
2218.938655714091 1.269110206024947e-15 8.058388233535675e-17
2220.4860234512353 1.245852798875712e-15 8.067250315746323e-17
2222.0334003324424 1.2775631713220713e-15 8.08544167177759e-17
2223.580786357875 1.2406008769653802e-15 8.072071786100772e-17
2225.1281815276943 1.3418013030088902e-15 8.243891095962327e-17
2226.6755858420634 1.2314328041025365e-15 7.91963497235256e-17
2228.222999301144 1.1582169702077693e-15 7.798770649968762e-17
2229.7704219050984 1.1833702488511962e-15 7.892774763501738e-17
2231.317853654089 1.1782287588613626e-15 7.776966169021864e-17
2232.865294548277 1.2721964764473865e-15 8.050254070264074e-17
2234.4127445878253 1.2781455064733087e-15 8.0229054939796e-17
2235.9602037728955 1.2943086950519336e-15 7.936850255261014e-17
2237.50767210365 1.269697411615631e-15 8.021304072313698e-17
2239.0551495802515 1.3757600185346176e-15 8.252553331336983e-17
2240.602636202862 1.2486197378770367e-15 7.9093382280875e-17
2242.150131971643 1.4562539830286674e-15 8.448101475122478e-17
2243.6976368867568 1.2983917114950546e-15 8.107587612881349e-17
2245.2451509483662 1.3252972895481138e-15 8.041544189286135e-17
2246.792674156633 1.3388151942324636e-15 8.128073237059593e-17
2248.340206511719 1.3944338127689043e-15 8.218526429659001e-17
2249.887748013787 1.4722564471055508e-15 8.331954729208193e-17
2251.4352986629992 1.2969544024626824e-15 8.117445620549511e-17
2252.9828584595175 1.2793507284781331e-15 7.924532543323364e-17
2254.5304274035043 1.4799767289033002e-15 8.394651710917262e-17
2256.078005495122 1.336056302044138e-15 8.152279188760854e-17
2257.625592734532 1.3511019365279793e-15 8.001758787055805e-17
2259.1731891218974 1.3861761944452405e-15 8.209801990302282e-17
2260.72079465738 1.3691500910516003e-15 8.154892417752032e-17
2262.2684093411417 1.4274451219431277e-15 8.096873969587562e-17
2263.8160331733457 1.3383550435838677e-15 8.009884347649036e-17
2265.363666154153 1.462361619973963e-15 8.313849399960632e-17
2266.9113082837275 1.3868673733302e-15 8.098437671817533e-17
2268.45895956223 1.5258747973370505e-15 8.52737449456262e-17
2270.0066199898233 1.3251459882879105e-15 7.943261897625035e-17
2271.55428956667 1.5073897855708831e-15 8.291376557078791e-17
2273.101968292931 1.382290854316185e-15 8.109794530755641e-17
2274.6496561687695 1.4990291468650095e-15 8.208913929196645e-17
2276.1973531943486 1.5585608458595283e-15 8.567334597338322e-17
2277.7450593698295 1.516792168922761e-15 8.298698098116621e-17
2279.292774695375 1.4172483275658437e-15 8.176724691967511e-17
2280.840499171147 1.395358243351714e-15 8.028728845491974e-17
2282.388232797308 1.4426688451041293e-15 8.138553284548394e-17
2283.9359755740197 1.5811738726941396e-15 8.545019911389602e-17
2285.483727501445 1.5062433264767744e-15 8.287385576059345e-17
2287.031488579747 1.4245967618997483e-15 8.155245127565224e-17
2288.5792588090862 1.5223766571440087e-15 8.275357708208334e-17
2290.1270381896265 1.7019529359178407e-15 8.755610830922742e-17
2291.67482672153 1.6421923262693264e-15 8.59584718218078e-17
2293.2226244049575 1.6198002691548302e-15 8.394736414211987e-17
2294.770431240073 1.5333961322713135e-15 8.364871223631883e-17
2296.3182472270382 1.6205864216090006e-15 8.42535069955482e-17
2297.866072366016 1.639633651493908e-15 8.558695523020818e-17
2299.413906657168 1.6337965356961418e-15 8.498240531644013e-17
2300.9617501006564 1.5736441733095225e-15 8.277273458507007e-17
2302.5096026966444 1.5644566186888919e-15 8.351985073177287e-17
2304.0574644452936 1.4765788562353895e-15 8.006395630697532e-17
2305.6053353467673 1.7075886696323972e-15 8.544513015110229e-17
2307.1532154012266 1.5744551014774e-15 8.36887610128562e-17
2308.701104608835 1.6013027636526908e-15 8.282499254744872e-17
2310.2490029697547 1.7118429984891003e-15 8.551053697649808e-17
2311.7969104841472 1.5812225770886067e-15 8.354894763700003e-17
2313.344827152176 1.6412340143686266e-15 8.222300358485713e-17
2314.8927529740026 1.8381279876281912e-15 8.874399922585767e-17
2316.4406879497897 1.6811483244256174e-15 8.438197807084504e-17
2317.9886320797 1.6520603659839574e-15 8.42627978881884e-17
2319.5365853638964 1.573941058357535e-15 8.249135421045913e-17
2321.0845478025394 1.84516047867277e-15 8.768129051440874e-17
2322.6325193957937 1.6774390612704724e-15 8.596215773861734e-17
2324.18050014382 1.609259367642724e-15 8.112540770389317e-17
2325.7284900467816 1.6393622833134314e-15 8.364071174543422e-17
2327.2764891048405 1.8451746664746365e-15 8.744019714435159e-17
2328.8244973181595 1.9593076974359436e-15 9.011751608938972e-17
2330.372514686901 1.8981718239184436e-15 8.804807563290456e-17
2331.920541211227 2.162084208635071e-15 9.259027657766594e-17
2333.468576891301 2.05001158531796e-15 9.167784342246075e-17
2335.0166217272845 1.84833177002729e-15 8.768768958362745e-17
2336.56467571934 1.8805473976266866e-15 8.65918274732274e-17
2338.1127388676296 1.6522449132873405e-15 8.325228096466911e-17
2339.660811172317 1.7808683486355637e-15 8.522939482990356e-17
2341.208892633564 1.844718750990777e-15 8.624948057874885e-17
2342.7569832515337 1.5065169181187376e-15 8.121962688438541e-17
2344.3050830263874 1.4046860878042335e-15 7.623733276652131e-17
2345.853191958288 1.4317342850297867e-15 7.83305099978643e-17
2347.401310047398 1.5391320276318828e-15 7.945800349488838e-17
2348.9494372938802 1.6012874111805218e-15 8.041950500403022e-17
2350.4975736978977 1.466115669996194e-15 7.910174011378424e-17
2352.0457192596114 1.1725370150931689e-15 7.149752829958836e-17
2353.593873979185 1.6088438979820958e-15 8.187405248036796e-17
2355.142037856781 1.6149648756963106e-15 8.146481645283593e-17
2356.6902108925615 1.7688225872135419e-15 8.480658642288076e-17
2358.238393086689 1.844942367688852e-15 8.56325031034578e-17
2359.786584439326 1.7098093782618611e-15 8.329656490594275e-17
2361.3347849506354 1.687667725262397e-15 8.208143658610236e-17
2362.88299462078 1.7178141572507695e-15 8.469686256898682e-17
2364.431213449922 1.7074336626030496e-15 8.367244901117665e-17
2365.979441438223 1.6403937576849503e-15 8.291442069783306e-17
2367.527678585847 1.7039255697728775e-15 8.333906213709328e-17
2369.0759248929558 1.7613467803001938e-15 8.266195193999207e-17
2370.624180359712 1.7631006678966023e-15 8.490141440830383e-17
2372.172444986279 1.6809050142115186e-15 8.207571911370839e-17
2373.7207187728186 1.7902420387463534e-15 8.406993245656553e-17
2375.2690017194927 1.5708280005181387e-15 8.172782680040329e-17
2376.817293826465 1.6613635406018882e-15 8.086963022360197e-17
2378.3655950938983 1.7229076839999648e-15 8.442153715645977e-17
2379.9139055219543 1.5508683043908016e-15 7.84584450601242e-17
2381.4622251107958 1.3631041816323359e-15 7.550703154731049e-17
2383.010553860586 1.1653159533387076e-15 7.029317979749075e-17
2384.5588917714867 1.5738142151736838e-15 7.90060915651935e-17
2386.107238843661 1.6514073035816244e-15 8.077625145861208e-17
2387.6555950772718 1.7154565469212056e-15 8.214941098011951e-17
2389.203960472481 1.4558697477079692e-15 7.638328051380017e-17
2390.752335029451 1.1817034997692365e-15 6.99773159175037e-17
2392.3007187483463 1.7487521415283512e-15 8.259016589771227e-17
2393.849111629327 1.888032416023336e-15 8.6331344989612e-17
2395.397513672557 1.7498515902938873e-15 8.304050949296574e-17
2396.9459248782005 1.787100393544987e-15 8.354551980054161e-17
2398.494345246417 1.9553732293959474e-15 8.673922444093945e-17
2400.042774777371 1.9507636760969895e-15 8.634584381138883e-17
2401.5912134712253 2.0368967624373848e-15 8.876180015263981e-17
2403.139661328142 1.9785124754490404e-15 8.603441361948507e-17
2404.6881183482838 2.035766185211037e-15 8.783702546269533e-17
2406.236584531814 1.9827368405152344e-15 8.665799530478674e-17
2407.785059878894 1.963939485349767e-15 8.737942914783099e-17
2409.333544389688 2.2021420907766213e-15 9.137016532181552e-17
2410.8820380643574 2.042873638671448e-15 8.88864264924495e-17
2412.430540903066 1.844694822310017e-15 8.331199017000564e-17
2413.9790529059755 1.8933884171070618e-15 8.491571470673365e-17
2415.5275740732495 2.1278990176750714e-15 8.91718435084497e-17
2417.07610440505 1.8611761776394543e-15 8.352627627077118e-17
2418.6246439015404 1.9135609302623965e-15 8.45094300596272e-17
2420.173192562883 1.9634105132742066e-15 8.566498152302908e-17
2421.7217503892402 2.12734950505054e-15 8.901578430536299e-17
2423.2703173807754 1.960594128724586e-15 8.530843359179423e-17
2424.8188935376506 2.076152716136122e-15 8.791482676238961e-17
2426.367478860029 2.32219228214921e-15 9.183197033163653e-17
2427.916073348074 2.2053652628991607e-15 9.107259867697815e-17
2429.464677001947 2.0452025557599236e-15 8.623813827818953e-17
2431.0132898218117 1.8858407182723155e-15 8.39010486452618e-17
2432.5619118078307 1.890232795862066e-15 8.390930721649753e-17
2434.110542960166 2.1390593120298573e-15 8.861162385806958e-17
2435.659183278982 2.0279419301190123e-15 8.571073453707062e-17
2437.20783276444 1.907183619202519e-15 8.375351271120685e-17
2438.756491416703 2.086741686767985e-15 8.821236032000249e-17
2440.305159235934 2.047822852182255e-15 8.735562619852417e-17
2441.8538362222957 2.1591140876055237e-15 8.943436416509443e-17
2443.4025223759513 2.3059021445076154e-15 9.064828810996295e-17
2444.9512176970634 2.1768797566412354e-15 8.878477592133408e-17
2446.4999221857947 2.210302617948706e-15 8.889806657802935e-17
2448.0486358423072 2.1739934918734664e-15 8.84355799713836e-17
2449.597358666766 2.306285426916248e-15 9.238514902064259e-17
2451.1460906593315 2.1531596577445628e-15 8.794400307695558e-17
2452.6948318201676 2.3848394742028486e-15 9.387889162312555e-17
2454.2435821494378 2.0523644310871956e-15 8.616091269620158e-17
2455.792341647303 2.1817061503746904e-15 8.811204647275696e-17
2457.3411103139274 2.269097504158232e-15 8.989428320311881e-17
2458.889888149474 2.257514752121003e-15 8.980544400533061e-17
2460.438675154105 2.3872386950259464e-15 9.224926640705728e-17
2461.987471327984 2.1900375664438837e-15 8.951837262810531e-17
2463.536276671273 2.2238581097200902e-15 8.902446639307235e-17
2465.0850911841344 2.291483737921216e-15 9.083514490161623e-17
2466.633914866733 2.3881185504999068e-15 9.301254897165181e-17
2468.18274771923 2.325481946358109e-15 9.068361203084141e-17
2469.73158974179 2.323693012773508e-15 9.048982677437739e-17
2471.2804409345736 2.153846601464786e-15 8.920205876186503e-17
2472.8293012977447 2.2998513646489043e-15 8.726752153711992e-17
2474.3781708314664 2.308428843789275e-15 9.016993287044598e-17
2475.927049535901 2.3536184750417655e-15 9.38766218395247e-17
2477.4759374112127 2.5735895433119183e-15 9.742239440095981e-17
2479.0248344575634 2.423406790115468e-15 9.3010742409194e-17
2480.573740675116 2.3164258936025396e-15 9.036881355948333e-17
2482.1226560640343 2.4427540814219405e-15 9.21825294752365e-17
2483.67158062448 2.347110297391537e-15 9.145671488366817e-17
2485.220514356616 2.3213945888711333e-15 9.063074526353192e-17
2486.769457260607 2.2464402198521267e-15 8.865843566329518e-17
2488.3184093366135 2.1422043453630125e-15 8.741449498835834e-17
2489.8673705848005 2.373452810292909e-15 9.164101072414499e-17
2491.4163410053293 2.2438292407922153e-15 8.845222946275307e-17
2492.965320598364 2.17903397318434e-15 8.828921532507601e-17
2494.514309364067 2.2321785143609692e-15 8.945855754365038e-17
2496.0633073026015 2.0409396506946295e-15 8.410884965002493e-17
2497.612314414131 2.1169182943051035e-15 8.746832790262329e-17
2499.1613306988174 2.1109727582900887e-15 8.601093492497836e-17
2500.710356156824 2.100450915019296e-15 8.596772300977859e-17
2502.259390788314 2.3563501562966606e-15 9.004952846048276e-17
2503.8084345934503 2.248452558376566e-15 8.845453895102331e-17
2505.357487572396 2.2485362028801074e-15 8.914772292178765e-17
2506.906549725314 2.2485849072745746e-15 8.811082224545038e-17
2508.455621052367 2.2784453597641304e-15 8.918651438379394e-17
2510.0047015537184 2.2417516807308373e-15 8.936149947929586e-17
2511.5537912295313 2.278888993270255e-15 8.770372365262118e-17
2513.102890079968 2.2367205167823836e-15 8.897777370185496e-17
2514.651998105192 2.4108012457944297e-15 9.08722290628382e-17
2516.201115305367 2.2228255765573872e-15 8.832068127557753e-17
2517.750241680655 2.3472951623322753e-15 8.978598209987847e-17
2519.299377231219 2.2009901259683554e-15 8.699545852492878e-17
2520.848521957223 2.2154851890364815e-15 8.831883500845031e-17
2522.3976758588287 2.397195355562684e-15 8.959359312428843e-17
2523.9468389362005 2.1232769706401415e-15 8.632149823160017e-17
2525.4960111895007 2.263413277807445e-15 8.904787891313005e-17
2527.0451926188925 2.0597827456392487e-15 8.436002800611033e-17
2528.5943832245384 2.3091367515749427e-15 8.997461236676506e-17
2530.143583006603 2.3303303629481926e-15 8.931976325430888e-17
2531.6927919652476 2.189068137235751e-15 8.664409867049585e-17
2533.242010100636 2.136225351546581e-15 8.727865869688733e-17
2534.791237412932 2.230482754400566e-15 8.612186977128907e-17
2536.3404739022976 2.1243018805063192e-15 8.653228370401338e-17
2537.889719568896 2.3320072764255193e-15 8.91033198665058e-17
2539.438974412891 2.2895044336817194e-15 8.899151813491314e-17
2540.988238434445 2.2935250873240987e-15 8.974793840914593e-17
2542.537511633722 2.0818386365528034e-15 8.323134998644907e-17
2544.0867940108838 2.2603086902975213e-15 8.985424766147124e-17
2545.636085566094 2.3550732541286748e-15 8.956055222190062e-17
2547.1853862995167 2.278626624814843e-15 8.731539213352959e-17
2548.734696211314 2.38847853950249e-15 9.165253169571663e-17
2550.2840153016487 2.363573865029082e-15 8.896629905239762e-17
2551.833343570685 2.2074248235104095e-15 8.683491931164448e-17
2553.3826810185856 2.163960386613239e-15 8.78273375233611e-17
2554.9320276455132 2.3593941809508558e-15 8.862706235702227e-17
2556.481383451632 2.067133721071995e-15 8.45967273927536e-17
2558.0307484371037 2.4598438181657432e-15 9.103945189547192e-17
2559.580122602092 2.3356404124945298e-15 8.7641665254345e-17
2561.129505946761 2.5269982842899587e-15 9.381533768230188e-17
2562.678898471273 2.2842746405071345e-15 8.790149922836016e-17
2564.228300175791 2.402021749296139e-15 9.117179417603551e-17
2565.7777110604793 2.3880916572038315e-15 9.005028284920141e-17
2567.327131125499 2.4261880227977777e-15 9.059398535711007e-17
2568.876560371016 2.37218077856437e-15 8.907228404992281e-17
2570.425998797191 2.3471759424449493e-15 8.93404162998431e-17
2571.9754464041885 2.4193215502108607e-15 9.012244608584054e-17
2573.524903192171 2.5384484756709423e-15 9.298854088155307e-17
2575.074369161303 2.484546263522994e-15 9.173706955431954e-17
2576.6238443117463 2.493753723417885e-15 9.288653958585793e-17
2578.1733286436647 2.447380998896317e-15 8.905298096314828e-17
2579.722822157221 2.6091083876473697e-15 9.408233834914419e-17
2581.2723248525795 2.4568076285663102e-15 9.090410529492355e-17
2582.8218367299028 2.2108334958483977e-15 8.688728315314154e-17
2584.371357789353 2.168043932451952e-15 8.643492123719344e-17
2585.9208880310953 1.922446517637331e-15 8.220462032292375e-17
2587.4704274552914 2.0595106363049433e-15 8.343160710402571e-17
2589.019976062106 2.3872691882120475e-15 8.97147916276397e-17
2590.5695338517007 2.4889288119920878e-15 9.070923477749585e-17
2592.1191008242404 2.487978864541742e-15 9.154381369344756e-17
2593.6686769798866 1.9235798477207572e-15 8.194437606732477e-17
2595.2182623188046 1.886278422547809e-15 8.066013515294434e-17
2596.767856841155 2.3077457117173144e-15 8.830392590508966e-17
2598.3174605471045 2.3745963047717023e-15 8.976555404747086e-17
2599.8670734368134 1.8518912142298895e-15 8.042329018251326e-17
2601.4166955104465 1.864234178337279e-15 7.976694552750958e-17
2602.9663267681663 2.3296239374701825e-15 8.958454045966465e-17
2604.5159672101368 2.3537965637189257e-15 8.876230307845224e-17
2606.065616836521 2.1955297280738806e-15 8.686433385422687e-17
2607.615275647482 1.8570473155380633e-15 8.080052424650684e-17
2609.1649436431835 2.0029464113620115e-15 8.373232365263569e-17
2610.714620823789 2.5305119887134063e-15 9.161381302560424e-17
2612.264307189461 2.5650736858184604e-15 9.205333048100062e-17
2613.8140027403633 2.268940591304753e-15 8.772821481619765e-17
2615.3637074766593 2.5237734181015247e-15 9.231053732939031e-17
2616.913421398512 2.692909380525737e-15 9.442334190230795e-17
2618.4631445060854 2.8157848502938926e-15 9.756768040374862e-17
2620.0128767995425 2.770173820150143e-15 9.704699336920365e-17
2621.562618279046 2.764843230054835e-15 9.732508487369907e-17
2623.11236894476 2.7534428018595025e-15 9.643977000769582e-17
2624.662128796848 2.901540795214523e-15 9.819647001818693e-17
2626.211897835473 2.8184076878150655e-15 9.735769564216836e-17
2627.761676060798 2.9117890468433527e-15 9.81211171731058e-17
2629.3114634729873 2.693414000404064e-15 9.548705646538174e-17
2630.861260072203 2.9507163517585554e-15 1.0025463434856178e-16
2632.41106585861 2.681180091788633e-15 9.45519585613926e-17
2633.9608808323705 2.690815938596598e-15 9.534829526326475e-17
2635.5107049936482 2.7242466349588308e-15 9.570237488755175e-17
2637.060538342607 2.682109498690008e-15 9.462299021495375e-17
2638.61038087941 2.7072532482127782e-15 9.711273768428936e-17
2640.16023260422 2.891876572802825e-15 9.731175072222472e-17
2641.7100935172016 2.734423947578328e-15 9.529833355426655e-17
2643.2599636185173 2.688724826008064e-15 9.513105116462872e-17
2644.80984290833 2.8578273306308598e-15 9.7589054750777e-17
2646.359731386805 2.676465294645979e-15 9.423901959205154e-17
2647.9096290541042 2.621262039891048e-15 9.331956532780699e-17
2649.4595359103914 2.7423259179432634e-15 9.710966718985556e-17
2651.0094519558297 2.8408360614671753e-15 9.747668391892289e-17
2652.5593771905837 2.82429541383143e-15 9.837408223931432e-17
2654.109311614816 2.804698247805518e-15 9.669983559228249e-17
2655.6592552286897 2.7992552140864617e-15 9.644897487355231e-17
2657.2092080323687 2.8369214987014396e-15 9.796765200842007e-17
2658.7591700260173 2.759110299309581e-15 9.575092046334126e-17
2660.3091412097974 2.9828377469425698e-15 1.0205593593768175e-16
2661.8591215838737 2.7841183118025538e-15 9.658047673861354e-17
2663.409111148409 2.740045705249255e-15 9.654287641668933e-17
2664.959109903566 2.8779740092813033e-15 9.886478563101548e-17
2666.50911784951 2.6519455966470982e-15 9.424381723960434e-17
2668.0591349864044 2.8921522820271562e-15 9.854920630115915e-17
2669.609161314411 2.683180571851811e-15 9.489579438097374e-17
2671.1591968336948 2.6914025089125717e-15 9.463087159183016e-17
2672.709241544418 2.704779488490322e-15 9.810602278128794e-17
2674.2592954467455 2.7962916575622557e-15 9.618390650062092e-17
2675.80935854084 2.6530120111276914e-15 9.645802753817609e-17
2677.3594308268657 2.9040035435086648e-15 9.863035602797305e-17
2678.909512304985 2.9349433277312594e-15 1.0026452742868791e-16
2680.4596029753625 2.8740801988227753e-15 9.876885914973893e-17
2682.009702838161 2.9177830754945977e-15 1.0153085491972289e-16
2683.559811893545 2.834522066120105e-15 9.73722937256187e-17
2685.1099301416766 2.851734199124786e-15 9.795900300793521e-17
2686.6600575827206 2.833150931536737e-15 9.978304875517794e-17
2688.21019421684 2.937271186028551e-15 9.920404217872553e-17
2689.7603400441985 2.812274534002234e-15 9.834735437936151e-17
2691.3104950649595 3.190177224628556e-15 1.0633659560764367e-16
2692.860659279287 2.8088091104567798e-15 9.759192010441888e-17
2694.4108326873443 2.7736750308376187e-15 9.871926140021025e-17
2695.9610152892947 3.0128142429458995e-15 1.0058816018898806e-16
2697.5112070853024 2.784800596841567e-15 9.869601431627506e-17
2699.0614080755304 2.793514024769972e-15 9.889453766328779e-17
2700.611618260143 2.960155051648047e-15 1.003424213726108e-16
2702.1618376393026 3.0780768609824224e-15 1.0266530996878222e-16
2703.712066213174 2.775302181129294e-15 9.807998313560477e-17
2705.2623039819205 2.859012753240542e-15 9.9506188095434e-17
2706.812550945705 2.837879916481258e-15 9.879986187909742e-17
2708.362807104692 2.925932802996605e-15 1.0220755483524027e-16
2709.913072459045 2.883847971012275e-15 9.896895744863796e-17
2711.4633470089275 2.7802348774976296e-15 9.75595277116313e-17
2713.0136307545026 3.0219751160286915e-15 1.0462938085011793e-16
2714.5639236959346 2.9682806387110574e-15 1.0098833693445141e-16
2716.1142258333875 3.108001052701259e-15 1.035494270772585e-16
2717.664537167024 2.9170732618847986e-15 1.0050972361458333e-16
2719.2148576970076 3.046925742039488e-15 1.0181773439104608e-16
2720.765187423504 3.0423312235753437e-15 1.035932279450544e-16
2722.3155263466742 3.0639972675749246e-15 1.0241764547593894e-16
2723.865874466683 3.0691887325086462e-15 1.0460324856020615e-16
2725.4162317836945 3.2801016304408615e-15 1.0593346086430983e-16
2726.9665982978718 3.0982262924899445e-15 1.0356033924389929e-16
2728.5169740093793 3.1328267413523354e-15 1.0509310491896005e-16
2730.06735891838 3.1239441185927164e-15 1.0374203442853024e-16
2731.6177530250375 3.31077332873565e-15 1.0732085450979807e-16
2733.168156329516 3.3688315080393017e-15 1.0789263483641922e-16
2734.7185688319787 3.493563250511365e-15 1.096689555710401e-16
2736.26899053259 3.5295917969228267e-15 1.1162955891124798e-16
2737.819421431512 3.693736617705343e-15 1.1321283554323368e-16
2739.3698615289113 3.914370065740249e-15 1.1760839390900167e-16
2740.920310824949 4.179339759333286e-15 1.187273111974348e-16
2742.4707693197906 4.592940441763404e-15 1.2602357359574453e-16
2744.021237013598 4.967464953237839e-15 1.3174039748011082e-16
2745.571713906536 5.1649841426915956e-15 1.3002522193636987e-16
2747.122199998769 5.715332788741763e-15 1.4097962111052391e-16
2748.672695290459 5.969834849172632e-15 1.417734630356686e-16
2750.223199781771 6.7394303503230495e-15 1.5186039459271584e-16
2751.773713472869 7.182084686360463e-15 1.5622303778754912e-16
2753.324236363916 7.235595145770306e-15 1.5346439706212967e-16
2754.8747684550763 7.430574506931721e-15 1.5907347570862725e-16
2756.425309746513 7.927658333126749e-15 1.6483786578693778e-16
2757.9758602383904 8.456782874617565e-15 1.6681669357040144e-16
2759.5264199308726 8.97941744966652e-15 1.775107889319524e-16
2761.0769888241225 9.93597514513259e-15 1.8238511943626608e-16
2762.6275669183046 1.0459081517533164e-14 1.8692581160359016e-16
2764.1781542135823 9.676612809650376e-15 1.8543589388425965e-16
2765.728750710119 9.904174140160874e-15 1.8158275424208964e-16
2767.2793564080794 1.0315687309892484e-14 1.8706779550137367e-16
2768.829971307627 1.0415921800738769e-14 1.8884577059721965e-16
2770.380595408926 1.0042513255172341e-14 1.8082223776946349e-16
2771.9312287121393 1.0131735470671373e-14 1.8940416383280724e-16
2773.4818712174315 1.0249804240222097e-14 1.8559468609209023e-16
2775.0325229249656 1.0132411402963282e-14 1.8634425731085108e-16
2776.5831838349063 9.838287682358698e-15 1.8447944810302174e-16
2778.1338539474173 9.57794278865767e-15 1.8083719319493844e-16
2779.684533262662 9.889733075443136e-15 1.8396770785398213e-16
2781.2352217808047 9.993499693679471e-15 1.8432579103243389e-16
2782.785919502009 1.0166158889647788e-14 1.8853592859209198e-16
2784.336626426438 9.974534625990447e-15 1.8504602050050626e-16
2785.8873425542574 9.697028844778046e-15 1.831325068982098e-16
2787.43806788563 9.494777705764453e-15 1.8426645902145668e-16
2788.988802420719 9.581847610544512e-15 1.7873759704204205e-16
2790.5395461596895 9.264676970478086e-15 1.8081887610745407e-16
2792.090299102705 8.907882129139105e-15 1.7872527535963746e-16
2793.641061249929 8.155025693092326e-15 1.6871946044217962e-16
2795.1918326015257 6.567986223117569e-15 1.5485345168628792e-16
2796.7426131576585 5.073945888553651e-15 1.361560199388169e-16
2798.293402918492 6.4295526639324835e-15 1.5190442707108326e-16
2799.84420188419 6.885344057465338e-15 1.5724941672649471e-16
2801.3950100549164 5.697590836628574e-15 1.4181647642752136e-16
2802.945827430835 3.698740041324774e-15 1.1700154774185316e-16
2804.4966540121095 2.776994764716145e-15 1.0255295898926281e-16
2806.047489798904 4.335362381184581e-15 1.2674470303632336e-16
2807.598334791382 4.989459434262718e-15 1.3554360188306223e-16
2809.1491889897084 4.77051412289169e-15 1.3019531674009037e-16
2810.700052394047 3.862297021241896e-15 1.1980801935901288e-16
2812.250925004561 3.0520009517011988e-15 1.0698331188031723e-16
2813.801806821414 4.042264417479123e-15 1.2364338454418035e-16
2815.3526978447717 4.549310621683282e-15 1.2776495422129117e-16
2816.9035980747967 4.316788642717189e-15 1.271774839328111e-16
2818.454507511653 4.086668002156561e-15 1.240840534349894e-16
2820.005426155505 4.069226323223174e-15 1.2130818088304925e-16
2821.556354006517 4.00378371068536e-15 1.227941678401089e-16
2823.1072910648522 3.9534936705409775e-15 1.2103269665184459e-16
2824.658237330675 3.922119570174678e-15 1.203432780072286e-16
2826.209192804149 3.777970656177994e-15 1.199145999265791e-16
2827.7601574854384 3.7510735484544075e-15 1.1705869599601323e-16
2829.311131374707 3.864549281848645e-15 1.2258856382705273e-16
2830.86211447212 3.76365622288587e-15 1.1794049699877436e-16
2832.4131067778403 3.4616618721354e-15 1.1439127013110123e-16
2833.964108292032 3.451165016336551e-15 1.1563660708691206e-16
2835.515119014859 3.844638078357538e-15 1.1946555335052612e-16
2837.066138946486 3.614566565707852e-15 1.182359394437987e-16
2838.617168087076 3.4394194222152124e-15 1.1449042592548918e-16
2840.1682064367947 3.4329288204986395e-15 1.1388311653719765e-16
2841.719253995804 3.532548153666981e-15 1.173076972127264e-16
2843.270310764269 3.617656118382962e-15 1.171081415443092e-16
2844.8213767423545 3.705821660280294e-15 1.2018144177474381e-16
2846.3724519302227 3.7581568614758216e-15 1.2141562171845253e-16
2847.9235363280395 3.418541118856578e-15 1.1555384932098736e-16
2849.474629935968 3.338856282585393e-15 1.151879972622225e-16
2851.025732754173 3.294326913515287e-15 1.1351553070786889e-16
2852.5768447828173 3.0552872277783086e-15 1.0955127754837585e-16
2854.1279660220657 3.301463801370615e-15 1.1405188785193807e-16
2855.679096472083 3.6492830580840165e-15 1.204121523737522e-16
2857.2302361330326 3.709537170303425e-15 1.1971440898345147e-16
2858.781385005078 3.030612946266554e-15 1.1149214105044577e-16
2860.332543088384 3.0618134048786662e-15 1.1167119587456145e-16
2861.883710383115 2.846052302114604e-15 1.08792402202085e-16
2863.4348868894344 3.30125479599088e-15 1.1591623383862439e-16
2864.9860726075062 3.5280061512455666e-15 1.1857675109106034e-16
2866.5372675374956 3.294768852955517e-15 1.1530606571413587e-16
2868.088471679566 3.378713417918444e-15 1.1666801528398198e-16
2869.639685033881 3.67935103364565e-15 1.2150604248557193e-16
2871.1909076006054 3.402835222190352e-15 1.196368657641083e-16
2872.7421393799036 3.2763261928367123e-15 1.1616821290554274e-16
2874.2933803719393 3.712885915060395e-15 1.2437935029622593e-16
2875.844630576876 3.584762017392815e-15 1.1972948352293464e-16
2877.39588999488 3.464083327573363e-15 1.2029913964974276e-16
2878.947158626113 3.3310316039768945e-15 1.1723237745486976e-16
2880.49843647074 3.684584850226734e-15 1.2329109824746136e-16
2882.049723528926 3.4038376856834274e-15 1.2005920433254318e-16
2883.6010198008344 3.4703822880856197e-15 1.1950400070539759e-16
2885.152325286629 3.3393829253203482e-15 1.1835092416638847e-16
2886.7036399864746 3.495421640797641e-15 1.2034310595366118e-16
2888.2549639005356 3.4561419701763805e-15 1.1999175933411805e-16
2889.8062970289757 3.70099187841505e-15 1.2496114281698142e-16
2891.357639371959 3.675624088677731e-15 1.2430829217288517e-16
2892.9089909296504 3.612201649719118e-15 1.2532445377690452e-16
2894.4603517022133 3.605465196689604e-15 1.2112769669083508e-16
2896.011721689812 3.5496986650247492e-15 1.2354379199842896e-16
2897.5631008926116 3.3882522794539483e-15 1.214164819862896e-16
2899.114489310775 3.427868010397032e-15 1.2078370867002122e-16
2900.6658869444673 3.2826359530190464e-15 1.1979723292382518e-16
2902.2172937938526 3.3341952720348893e-15 1.219674901533683e-16
2903.7687098590955 3.602917745100737e-15 1.2409264287847015e-16
2905.3201351403586 3.609843086477488e-15 1.263851375502139e-16
2906.8715696378085 3.1468923587162035e-15 1.193640020410842e-16
2908.423013351608 3.4682901167059016e-15 1.2242033514279414e-16
2909.974466281921 3.7674666005990936e-15 1.2928461073800419e-16
2911.525928428913 3.505169719471117e-15 1.2566501396125995e-16
2913.0773997927477 3.734812633449493e-15 1.2928204316938282e-16
2914.628880373589 3.6553600959640924e-15 1.2807609324561931e-16
2916.1803701716017 3.780733254135464e-15 1.2941361120889306e-16
2917.7318691869496 3.6473962921940075e-15 1.2859003048636586e-16
2919.2833774197975 3.754154630800045e-15 1.3074132211882437e-16
2920.8348948703097 3.589496084535019e-15 1.284597329962765e-16
2922.3864215386493 3.80465981731303e-15 1.3168777555826265e-16
2923.9379574249824 3.770429521848589e-15 1.318538072508143e-16
2925.4895025294722 3.5924259714995715e-15 1.273521183037333e-16
2927.041056852283 3.7456233149553e-15 1.3157443196200818e-16
2928.5926203935796 3.670461422864216e-15 1.301067620924329e-16
2930.1441931535255 3.7804795677677614e-15 1.3257716015287966e-16
2931.6957751322866 3.901301617913536e-15 1.3513343941324414e-16
2933.247366330025 3.8781649129592845e-15 1.3440802186836983e-16
2934.798966746907 3.941079132149545e-15 1.3778285259313718e-16
2936.350576383096 3.859947351846213e-15 1.3457505941254634e-16
2937.9021952387566 3.921121341846339e-15 1.3857583425044482e-16
2939.4538233140534 3.940963088635771e-15 1.3589474997925834e-16
2941.0054606091494 3.667996980504179e-15 1.3317643596306208e-16
2942.5571071242107 3.672223674910978e-15 1.329226834209104e-16
2944.1087628594005 3.710168633365603e-15 1.329645056726811e-16
2945.660427814884 3.8908039150817395e-15 1.383508808284998e-16
2947.212101990825 3.820447664416903e-15 1.3635487415807464e-16
2948.7637853873875 3.946685643227421e-15 1.390061402225398e-16
2950.315478004737 3.8394957413347575e-15 1.3806118232564902e-16
2951.867179843038 3.647820655700582e-15 1.3435569111409728e-16
2953.4188909024524 3.6323944916651866e-15 1.3420507806816362e-16
2954.970611183148 3.813579074247618e-15 1.3971141426513721e-16
2956.522340685286 3.599767629569898e-15 1.3273448328794235e-16
2958.0740794090334 4.053125920961765e-15 1.430573267556897e-16
2959.6258273545536 3.643813342827122e-15 1.3695564551080455e-16
2961.177584522011 3.832617833803053e-15 1.4012828682408434e-16
2962.7293509115693 3.493749597759761e-15 1.3675541486300751e-16
2964.281126523394 3.8871485443978636e-15 1.3937344811918275e-16
2965.8329113576497 3.6838390377166765e-15 1.395070410968325e-16
2967.3847054144994 3.797759463408223e-15 1.4144166434836133e-16
2968.936508694109 3.902502287116269e-15 1.4110196443184296e-16
2970.488321196642 4.005343945374202e-15 1.4764868208117144e-16
2972.040142922264 3.770005581858488e-15 1.3918109223081722e-16
2973.5919738711377 3.948791790650769e-15 1.4491918458309347e-16
2975.143814043429 3.7687820427661795e-15 1.442646134033231e-16
2976.695663439302 3.9988738842066e-15 1.4776465942049628e-16
2978.247522058921 3.7568507366711554e-15 1.4336364828013035e-16
2979.79938990245 3.969196814350125e-15 1.4872977405455375e-16
2981.351266970055 3.850532580637481e-15 1.4465708082547746e-16
2982.9031532618988 3.754318108158865e-15 1.4464383270078681e-16
2984.455048778146 3.545925345002968e-15 1.4155936222336028e-16
2986.0069535189627 4.153940205860445e-15 1.526568570260411e-16
2987.558867484512 3.8864772707871646e-15 1.4728901071594359e-16
2989.110790674959 3.756553851623143e-15 1.4719047696137627e-16
2990.662723090468 3.805205730047535e-15 1.489846780321181e-16
2992.214664731203 3.672225368976873e-15 1.459054088663833e-16
2993.7666155973293 3.898436105452974e-15 1.5200544898493314e-16
2995.3185756890107 4.148675049060312e-15 1.5472642321397937e-16
2996.870545006412 3.744592899374965e-15 1.5108396978254907e-16
2998.4225235496992 4.157938201371485e-15 1.5788225621721208e-16
2999.9745113190343 3.9454879386400035e-15 1.5215739875473668e-16
3001.5265083145837 3.772984173217508e-15 1.5171335496702842e-16
3003.0785145365103 3.8427580887311075e-15 1.5373702255713735e-16
3004.6305299849805 3.9840855359804875e-15 1.5705479767197324e-16
3006.182554660158 3.759721754845874e-15 1.5528134890843915e-16
3007.734588562207 3.717027059139521e-15 1.525069983688261e-16
3009.2866316912923 3.7463653158170945e-15 1.5246164240147859e-16
3010.8386840475796 3.614370477580562e-15 1.5250498666557636e-16
3012.3907456312313 3.6079228627860626e-15 1.5162366211884807e-16
3013.942816442414 3.8731407370326456e-15 1.564396796986992e-16
3015.4948964812907 3.925337871857771e-15 1.5993128185617944e-16
3017.046985748027 4.069825175516883e-15 1.6319929378536414e-16
3018.5990842427873 4.097681971569709e-15 1.6398209781241492e-16
3020.151191965736 3.958976514808555e-15 1.620382366078051e-16
3021.7033089170377 3.733647116114071e-15 1.6016673054573653e-16
3023.255435096857 3.720695558834079e-15 1.58879306640359e-16
3024.8075705053593 3.8413528610716126e-15 1.6331445056152132e-16
3026.3597151427084 3.6174371603660965e-15 1.6010764999766555e-16
3027.911869009069 3.836157584489628e-15 1.6341770917174754e-16
3029.4640321046054 3.909979046941682e-15 1.6778555367827255e-16
3031.016204429483 3.587210789643327e-15 1.5841042096449454e-16
3032.5683859838664 3.558491714050196e-15 1.6105557250987171e-16
3034.1205767679194 3.755577646151432e-15 1.642562982593089e-16
3035.672776781807 3.733891908635828e-15 1.6405851606612502e-16
3037.2249860256943 3.845903545580736e-15 1.7066616714809661e-16
3038.7772044997455 3.89294775547124e-15 1.6649377549415054e-16
3040.3294322041256 3.5651692982898754e-15 1.6629541096581542e-16
3041.881669138999 3.5466664988318157e-15 1.6385444730028574e-16
3043.433915304531 3.3649504030749825e-15 1.610163310616122e-16
3044.9861707008854 3.576378932313839e-15 1.703555972240299e-16
3046.5384353282275 3.608520868046824e-15 1.6825396289810418e-16
3048.090709186721 3.591922410412429e-15 1.6776788510038842e-16
3049.6429922765324 3.734291708186932e-15 1.7460244836799556e-16
3051.195284597824 3.4718669250839197e-15 1.6533811815163025e-16
3052.747586150763 3.4172716282268806e-15 1.6836243605491193e-16
3054.299896935512 3.5093299217915565e-15 1.7016942202920137e-16
3055.852216952237 3.652904970966476e-15 1.7229691732979796e-16
3057.4045462011027 3.1842405824594874e-15 1.6762901140170811e-16
3058.956884682273 3.59846828102881e-15 1.7285164450091072e-16
3060.509232395914 3.195068416382476e-15 1.705132115266682e-16
3062.0615893421887 3.584680702229878e-15 1.761644300622917e-16
3063.6139555212626 3.2699141534259972e-15 1.6939078699243785e-16
3065.1663309333007 3.4762266036634376e-15 1.7516757816249178e-16
3066.7187155784677 3.2928018306937557e-15 1.7133459525748847e-16
3068.271109456928 3.2795929871560353e-15 1.7227073871777188e-16
3069.823512568847 3.870202803255094e-15 1.8694476396578498e-16
3071.375924914388 3.4009808553105755e-15 1.781284082993988e-16
3072.9283464937184 3.521742554358858e-15 1.8301913683217572e-16
3074.4807773069997 3.562216541435747e-15 1.8254258815511657e-16
3076.0332173543993 3.60565620261921e-15 1.8705085484242858e-16
3077.585666636081 3.3564821911848076e-15 1.7774104954470756e-16
3079.1381251522093 3.5180446202693824e-15 1.8476557318562628e-16
3080.6905929029494 3.697156513229882e-15 1.909695733635618e-16
3082.243069888466 3.66642658141997e-15 1.9087504978060414e-16
3083.7955561089234 3.4832853527293813e-15 1.8621234516420603e-16
3085.348051564488 3.775496896455538e-15 1.9470227550854409e-16
3086.9005562553225 3.735527952773449e-15 1.9334638751822677e-16
3088.4530701815934 3.72893676589439e-15 1.9715582555427437e-16
3090.005593343464 3.598129891366382e-15 1.9540506139185894e-16
3091.5581257411004 4.050851637498387e-15 2.0499909918294298e-16
3093.110667374667 3.5064188813100803e-15 1.9639616934948528e-16
3094.663218244329 3.420133752555653e-15 1.953702536316827e-16
3096.2157783502503 3.681949730727826e-15 2.022008729021292e-16
3097.7683476925963 4.107923446934961e-15 2.0768478919578015e-16
3099.3209262715322 3.75624764921271e-15 2.0682040530799694e-16
3100.8735140872222 3.875588238733737e-15 2.1143617900516124e-16
3102.4261111398323 3.96863692557199e-15 2.112264457064872e-16
3103.9787174295257 4.164125777051178e-15 2.2111080404024265e-16
3105.5313329564683 3.8971308276812555e-15 2.107742624615514e-16
3107.083957720825 3.8297497802436496e-15 2.1131722381563121e-16
3108.63659172276 3.6951435394307324e-15 2.1242711490922016e-16
3110.189234962438 3.4215362273580692e-15 2.066919739373695e-16
3111.741887440026 3.955358413574358e-15 2.2218592707832477e-16
3113.294549155687 3.698648561766471e-15 2.1672881143652053e-16
3114.8472201095856 4.246299831396107e-15 2.277695947364047e-16
3116.399900301888 4.145274211777086e-15 2.304761297006782e-16
3117.952589732758 3.972507866140942e-15 2.2331515434591276e-16
3119.5052884023617 3.919536119685553e-15 2.263531438903587e-16
3121.057996310863 4.285603430698127e-15 2.3509552975764796e-16
3122.610713458427 4.21429553851705e-15 2.3663649444694034e-16
3124.1634398452197 3.689692882415151e-15 2.2573626567674117e-16
3125.716175471404 3.6552271117913735e-15 2.2585908545409304e-16
3127.2689203371465 4.20604967277553e-15 2.4031211451221157e-16
3128.8216744426113 3.937976873980226e-15 2.319715398992761e-16
3130.374437787964 4.208703850515751e-15 2.41738041539355e-16
3131.9272103733692 3.765333348121434e-15 2.3377916114827597e-16
3133.4799921989916 3.6143874182395074e-15 2.3046739467340966e-16
3135.0327832649973 4.165982049755086e-15 2.4782098218028214e-16
3136.5855835715493 4.276959459471397e-15 2.4981309779310585e-16
3138.1383931188143 3.5753387758546105e-15 2.345392143997591e-16
3139.6912119069566 3.4508734252444587e-15 2.3212874392033057e-16
3141.244039936141 4.118120029554008e-15 2.4822030527535334e-16
3142.7968772065324 4.10857608582082e-15 2.546452884082936e-16
3144.349723718296 3.2741084488225637e-15 2.067465943275776e-16
3145.902579471597 2.5678225194905374e-15 2.0579143233065037e-16
3147.455444466602 4.758213510431663e-15 2.7640185905411236e-16
3149.008318703472 8.603728691406083e-15 3.756915111175147e-16
3150.561202182375 1.0667156405105824e-16 4.232158431053239e-17
