wavelength flux error
1565.6811027652357 0.0 0.0
1567.2220925245354 0.0 0.0
1568.7630870167845 0.0 0.0
1570.3040862420269 0.0 0.0
1571.845090200306 0.0 0.0
1573.3860988916656 0.0 0.0
1574.9271123161489 0.0 0.0
1576.4681304737996 0.0 0.0
1578.0091533646616 0.0 0.0
1579.550180988779 0.0 0.0
1581.091213346194 7.746795961877453e-14 8.72257385135626e-14
1582.6322504369516 -3.1774445406621346e-14 3.911208854077801e-14
1584.1732922610945 3.487105894837972e-14 2.7288091355775687e-14
1585.7143388186666 5.371658064239277e-15 1.9858646790795603e-14
1587.2553901097122 3.026949825231211e-14 1.6590016104042933e-14
1588.7964461342738 -2.3838773294780624e-14 1.2156654128443398e-14
1590.3375068923958 3.0970753864728627e-15 1.1105084747283812e-14
1591.8785723841215 -7.16790111965869e-15 9.413450684366779e-15
1593.419642609494 9.42394203445147e-15 8.971602723695151e-15
1594.9607175685583 -1.2126488955851067e-15 7.325269676863172e-15
1596.5017972613568 3.1195211243003913e-15 6.793334680053366e-15
1598.042881687934 -3.910544017917501e-15 5.755158160339292e-15
1599.5839708483325 -4.8760171586698965e-15 5.020536649581004e-15
1601.1250647425961 4.211479577483903e-15 4.828363508573843e-15
1602.6661633707697 -3.925757153166662e-15 4.060957587592078e-15
1604.2072667328957 -1.7718875759331816e-15 3.701877451361404e-15
1605.7483748290178 -6.037829995496997e-15 3.2603005412328977e-15
1607.2894876591804 1.1093798033261649e-15 3.1812577559357314e-15
1608.8306052234263 1.5121968034256697e-15 2.947889591055331e-15
1610.3717275217994 -7.147743641338169e-16 2.5886696943883602e-15
1611.912854554343 9.010094865433702e-16 2.4594008199343292e-15
1613.4539863211019 9.245150743461506e-16 2.287680559988044e-15
1614.9951228221182 1.9716631552793053e-15 2.1743191760416856e-15
1616.5362640574365 3.7432325644616744e-15 2.032213093755542e-15
1618.0774100271003 1.2441017700155006e-15 1.896503804287063e-15
1619.6185607311527 -1.7944892737021233e-15 1.6409133065189725e-15
1621.1597161696384 7.741697437633869e-16 1.6294492449734775e-15
1622.7008763426002 -9.659034334896007e-16 1.4519226800528825e-15
1624.2420412500815 1.5116288678345357e-15 1.4849253071393966e-15
1625.7832108921268 4.900086658657312e-16 1.3570045915000392e-15
1627.324385268779 -2.0038136672208815e-16 1.2513975824275572e-15
1628.865564380082 1.5732978427132139e-15 1.2648932524970415e-15
1630.4067482260798 -1.3427583443601692e-15 1.0980346440306408e-15
1631.9479368068153 1.7159807544364376e-16 1.0950806166270914e-15
1633.4891301223327 -7.723153239440513e-16 1.020674701441432e-15
1635.0303281726754 -1.8194374909629758e-16 9.91955837606538e-16
1636.571530957887 -5.194025090804683e-16 9.332670422736557e-16
1638.1127384780116 -5.184910486896635e-16 9.026841765592103e-16
1639.6539507330922 5.538584858857931e-16 9.035876430765755e-16
1641.195167723173 1.3254331324570297e-15 8.903171778919423e-16
1642.736389448297 3.730355334322804e-16 8.233278302528823e-16
1644.2776159085086 -1.1511584064302828e-16 7.911358666364498e-16
1645.8188471038504 -6.153370901095759e-16 7.447370429121945e-16
1647.360083034367 -1.4017600124879436e-15 7.01510728152321e-16
1648.901323700102 2.9474178995828287e-16 7.301706702578215e-16
1650.4425691010986 1.1832688166557625e-15 7.369599040278607e-16
1651.9838192374007 -7.152428262932077e-17 6.782287570476157e-16
1653.525074109052 -7.06127851808245e-16 6.321561468871717e-16
1655.0663337160956 -1.320910691202741e-16 6.323979747936128e-16
1656.6075980585758 -3.176029180371008e-16 6.274825367215777e-16
1658.1488671365364 3.991467533994927e-16 6.27658560755929e-16
1659.6901409500203 2.4693993556623966e-16 6.082144429956737e-16
1661.2314194990715 -2.6171226957569346e-16 5.701611702029191e-16
1662.7727027837338 3.2253579969389345e-16 5.870440720889142e-16
1664.3139908040507 3.815012571631727e-16 5.729970365103264e-16
1665.8552835600658 -1.178833752143939e-16 5.392168331782329e-16
1667.3965810518227 -1.0519907006415055e-16 5.342086449984735e-16
1668.9378832793655 1.4121564551778734e-17 5.277977173185017e-16
1670.479190242737 -5.522560848380452e-17 5.087018889182455e-16
1672.0205019419818 2.407973055723107e-16 5.159682139958257e-16
1673.561818377143 -3.411419371715182e-16 4.955368263959863e-16
1675.1031395482648 -2.3766182782959167e-16 4.722964128452557e-16
1676.64446545539 7.759503128976339e-16 5.096545892256698e-16
1678.1857960985626 -4.155065595009991e-16 4.471176173342928e-16
1679.7271314778266 -5.304875763216261e-16 4.495591368651941e-16
1681.2684715932257 8.603287175482327e-16 4.810535688495627e-16
1682.8098164448031 5.194808397757546e-17 4.486086070796971e-16
1684.3511660326028 3.7933944379332253e-16 4.474157199921671e-16
1685.8925203566675 3.8309728561148154e-17 4.40017337184154e-16
1687.4338794170424 3.1180976854325304e-17 4.278593703664006e-16
1688.9752432137705 1.2067393849401299e-16 4.2178961167571507e-16
1690.5166117468953 1.8833379212016363e-16 4.241860267021751e-16
1692.0579850164602 3.3150974319313834e-16 4.2296558457407965e-16
1693.5993630225096 4.550543160500656e-16 4.1860090320621705e-16
1695.1407457650862 -1.750056492857784e-16 3.883742413158717e-16
1696.682133244235 2.469126716932499e-16 4.0105660093731435e-16
1698.2235254599982 6.610937040411348e-16 4.105903008657963e-16
1699.7649224124207 -3.2959004889730487e-16 3.698372693723462e-16
1701.3063241015457 3.2831677308912445e-16 3.89442508681037e-16
1702.8477305274166 -6.015205136670904e-17 3.71799871180914e-16
1704.3891416900772 -3.316310798356519e-18 3.667207969313812e-16
1705.9305575895714 -1.276002592526094e-16 3.603890933017573e-16
1707.4719782259428 5.108906220539506e-16 3.8013078432429486e-16
1709.0134035992346 -1.6068529999791338e-16 3.4427437088958303e-16
1710.5548337094913 -4.456011636609115e-16 3.389736387056656e-16
1712.0962685567558 -2.6569414499095633e-16 3.406439612078715e-16
1713.6377081410724 5.99598953251795e-16 3.656536677667388e-16
1715.1791524624846 4.232326911200404e-16 3.516708743432444e-16
1716.7206015210354 -5.075517240549926e-16 3.2174475033049674e-16
1718.2620553167692 6.003795999918083e-17 3.323685551923154e-16
1719.8035138497298 -2.8063802964200873e-16 3.225237294743951e-16
1721.3449771199605 2.6865243402902157e-16 3.3098566802680434e-16
1722.8864451275047 -4.104044036036536e-16 3.1042288444102213e-16
1724.427917872407 3.212681354789886e-16 3.2863679272450896e-16
1725.96939535471 -3.8686816379609437e-16 2.997855270520474e-16
1727.5108775744582 4.250284803775583e-16 3.2214881151611664e-16
1729.052364531695 5.400993885697127e-16 3.3222770949505476e-16
1730.593856226464 1.5599410066377404e-16 3.128759447958298e-16
1732.135352658809 1.0105007769537237e-16 3.0320703723314235e-16
1733.6768538287733 6.426207360246862e-17 3.0530225263751467e-16
1735.2183597364012 -3.0701961193807276e-16 2.8304233266279006e-16
1736.7598703817357 1.6570260701674562e-16 2.9637494888992797e-16
1738.3013857648214 -8.56682703931446e-17 2.8836770821151665e-16
1739.8429058857014 3.676195452105323e-17 2.8532603936770606e-16
1741.3844307444188 2.5500935375693536e-16 2.9353900317318177e-16
1742.9259603410183 2.510569392063692e-16 2.995219939263329e-16
1744.4674946755433 -9.783616337824864e-17 2.774711587406821e-16
1746.0090337480374 -3.815541173130373e-16 2.662366431238931e-16
1747.5505775585439 -2.0340727281214593e-16 2.668168342229827e-16
1749.0921261071073 -1.9808588427397185e-17 2.7001062489016424e-16
1750.6336793937708 -3.6026712055735267e-16 2.5709972519164057e-16
1752.1752374185778 5.583357432263018e-16 2.837262852979183e-16
1753.7168001815726 -7.366711054975164e-17 2.567114664644429e-16
1755.2583676827985 -3.6224197787387607e-16 2.506562132129791e-16
1756.7999399222997 5.1238525139405024e-17 2.6286132270820313e-16
1758.3415169001191 3.30502753367751e-16 2.65292969011313e-16
1759.8830986163011 -1.94020969851376e-16 2.475720339031282e-16
1761.4246850708887 6.190062250788447e-16 2.707693811224469e-16
1762.966276263926 -3.7618223436155054e-16 2.3814680713145396e-16
1764.5078721954571 -3.0791135234307433e-16 2.360351010543898e-16
1766.0494728655249 1.337851879543419e-16 2.472994216430103e-16
1767.5910782741737 -2.3121786586467697e-16 2.363033458008734e-16
1769.1326884214468 -2.1600837021021135e-16 2.3224221986548304e-16
1770.674303307388 5.564689487850023e-17 2.4003092604350275e-16
1772.2159229320416 -4.674626274258469e-17 2.383966024415552e-16
1773.7575472954502 -4.081079649347492e-16 2.173680698487913e-16
1775.2991763976581 -1.929335516006689e-16 2.288625054663792e-16
1776.840810238709 2.286635321331132e-16 2.3517824781890326e-16
1778.3824488186465 3.7339507244861026e-16 2.411972639420923e-16
1779.9240921375147 4.682841236532305e-16 2.4135843843008705e-16
1781.4657401953568 -2.139314057188744e-16 2.1719993380876133e-16
1783.0073929922166 3.012831607121318e-16 2.329620655217512e-16
1784.549050528138 4.2503832713557013e-16 2.3658696948930557e-16
1786.0907128031643 9.321888090364704e-17 2.220790685780727e-16
1787.6323798173398 -9.295827930602343e-17 2.152308998437503e-16
1789.1740515707077 -1.0611610234356153e-16 2.1003709233453395e-16
1790.7157280633116 -4.89722845185592e-16 2.0283555204252888e-16
1792.2574092951959 -2.7971621956737963e-16 2.0464338504976558e-16
1793.799095266404 -2.5034786675039893e-16 2.0187424905673406e-16
1795.3407859769793 9.568381295460606e-17 2.1311043226963797e-16
1796.882481426966 -2.0599730104150257e-16 1.9953757632283506e-16
1798.4241816164072 1.0880966711583021e-16 2.1171837332549493e-16
1799.965886545347 6.861137602838264e-17 2.0541253067054188e-16
1801.507596213829 -2.536528304919076e-16 1.9362672895398834e-16
1803.049310621897 -1.8774568655697312e-16 1.9738044810397437e-16
1804.591029769595 3.5116164872326695e-16 2.1048752857401602e-16
1806.132753656966 -1.2868213208448996e-16 1.976318183659619e-16
1807.674482284054 -5.777036677259736e-17 1.9365996176227827e-16
1809.2162156509032 9.690495653186094e-17 1.9623142144124431e-16
1810.7579537575566 2.077571575732112e-16 2.0180888193600767e-16
1812.2996966040587 9.331524413628702e-17 1.9760145752875874e-16
1813.8414441904524 -3.1277385085590604e-16 1.7746144926277484e-16
1815.3831965167817 -1.5452473672830424e-16 1.87943468750157e-16
1816.9249535830907 3.784918814504762e-16 1.9872059981031849e-16
1818.4667153894227 2.1215802312978931e-16 1.9371168371161998e-16
1820.0084819358215 -2.676879050388378e-17 1.8383686773341094e-16
1821.550253222331 3.1619178761675476e-16 1.9525342925941062e-16
1823.0920292489945 -2.5431224564134507e-16 1.7279554180304492e-16
1824.6338100158564 -2.7638858776836456e-17 1.80636989016921e-16
1826.1755955229596 -4.669123868823766e-17 1.7754596726904306e-16
1827.7173857703483 3.0524097509773674e-16 1.902051923031138e-16
1829.2591807580661 4.0177705539851333e-16 1.9142143897114236e-16
1830.8009804861572 -1.4636780944624533e-16 1.7080684079178983e-16
1832.3427849546645 -1.0900277077546949e-16 1.706705876012901e-16
1833.884594163632 -1.1971421046010446e-17 1.7592489179178613e-16
1835.426408113104 -4.1468383904630894e-17 1.7348272375128457e-16
1836.9682268031236 -7.668811973058311e-17 1.7031767926475047e-16
1838.510050233735 2.460738410689497e-17 1.7245605364476336e-16
1840.0518784049814 1.103582104338948e-17 1.6781228815567026e-16
1841.5937113169068 3.310487455115952e-16 1.792657220846551e-16
1843.135548969555 1.3807854650106774e-16 1.7211946392734818e-16
1844.677391362969 3.959566354142309e-17 1.6780424134267135e-16
1846.2192384971936 -1.6546447164455895e-16 1.6168215189771328e-16
1847.761090372272 2.5988061376681524e-16 1.7400388724186238e-16
1849.3029469882483 2.4980965672175763e-16 1.719951618423386e-16
1850.8448083451663 -2.3345321228226067e-16 1.5572880729771603e-16
1852.3866744430684 6.737956512994827e-17 1.6295601004104494e-16
1853.9285452820002 -9.913893313835025e-17 1.5918881777324164e-16
1855.4704208620037 3.2610548749440354e-19 1.6213826590491992e-16
1857.0123011831245 3.1294873668973446e-16 1.6910631627105842e-16
1858.5541862454045 -1.395082587066942e-16 1.5402306823040308e-16
1860.0960760488886 -1.8880686002120515e-16 1.5121520694981428e-16
1861.6379705936201 1.15887135279036e-18 1.5868209354743656e-16
1863.1798698796429 1.01775872434606e-16 1.58136789617862e-16
1864.7217739070004 1.0654030868581955e-17 1.5603510235237707e-16
1866.263682675737 1.044761340611139e-16 1.593020819601573e-16
1867.805596185896 -5.956517664827002e-17 1.520953800611299e-16
1869.347514437521 -8.172547760746364e-17 1.5148736922367893e-16
1870.889437430656 -6.393347114104825e-17 1.527908073457155e-16
1872.4313651653447 2.927967905531502e-17 1.5107440095722305e-16
1873.9732976416308 1.6104098766131118e-16 1.5719866092410846e-16
1875.5152348595582 5.902267851533324e-17 1.509284068878299e-16
1877.0571768191703 2.925958584561937e-16 1.59406505240686e-16
1878.5991235205113 5.5264026060173935e-17 1.499831313535839e-16
1880.1410749636245 -8.119160200523211e-17 1.4492394914342177e-16
1881.683031148554 1.1774390594567255e-16 1.5083719202732245e-16
1883.224992075343 -1.4011153145359646e-16 1.4123346629690419e-16
1884.766957744036 3.435597397798964e-16 1.5697446189088209e-16
1886.3089281546763 -1.51391866258876e-16 1.3941991581727353e-16
1887.8509033073078 7.024781059525344e-17 1.465514303073423e-16
1889.392883201974 1.418934770163827e-16 1.497116175893195e-16
1890.9348678387191 2.8998808223961413e-16 1.5042227823206585e-16
1892.4768572175863 7.105443080650085e-17 1.4509264104882339e-16
1894.01885133862 2.7797395220421634e-16 1.497568809124384e-16
1895.5608502018629 8.855765197746172e-17 1.4512822966749787e-16
1897.1028538073601 2.4974610939837886e-17 1.4171197373765386e-16
1898.6448621551544 -1.0145388741808606e-16 1.358193375771731e-16
1900.18687524529 2.5426326000546968e-17 1.4041445161135828e-16
1901.7288930778102 2.1384780092000244e-16 1.45024084319655e-16
1903.2709156527594 9.599284101401097e-17 1.4147824558377088e-16
1904.8129429701805 2.319047831151206e-16 1.4451373373404447e-16
1906.354975030118 2.6829495965550066e-16 1.4334693261431187e-16
1907.8970118326158 1.716753672000807e-16 1.3964486923921855e-16
1909.4390533777173 7.5848716697299e-17 1.369720567741576e-16
1910.9810996654655 2.9786898265998655e-16 1.4542293095869336e-16
1912.5231506959055 1.0956682192644695e-16 1.3740342153743666e-16
1914.0652064690803 2.1966161007682934e-16 1.4134216444683856e-16
1915.607266985034 9.367027005519478e-17 1.3408378030313885e-16
1917.1493322438098 2.3811062294273844e-17 1.3237845151740972e-16
1918.691402245452 2.577100918394761e-16 1.379112177893156e-16
1920.2334769900046 -4.221242624817744e-17 1.305126364579555e-16
1921.7755564775107 2.0989573047657109e-16 1.3545836919274477e-16
1923.317640708014 1.7925046225671472e-16 1.3382453528171983e-16
1924.859729681559 3.5949785582256816e-17 1.3003584955287995e-16
1926.4018233981885 -4.2063053973162616e-17 1.2651344980683314e-16
1927.9439218579473 8.434885300282989e-19 1.2778610357519292e-16
1929.4860250608788 1.5595837969620155e-16 1.3204225884668857e-16
1931.0281330070266 -7.838704282964862e-17 1.230200609392298e-16
1932.570245696434 1.0347134784487839e-16 1.3042417445452664e-16
1934.1123631291457 2.0990258614948793e-16 1.3332879601444945e-16
1935.6544853052053 -1.0831849388554112e-16 1.2109255805841382e-16
1937.196612224656 -3.2999367994900625e-17 1.213525707034413e-16
1938.7387438875421 4.2899773632539605e-17 1.2580812282467652e-16
1940.280880293907 3.582850436084429e-17 1.26411448511138e-16
1941.8230214437945 1.1163681163085885e-16 1.2544670445399495e-16
1943.3651673372492 2.022079568768951e-17 1.2408685923162718e-16
1944.9073179743136 7.284045271534575e-17 1.2300413936679937e-16
1946.4494733550323 3.6528520843468317e-17 1.2234600800167258e-16
1947.9916334794486 1.6565641725134066e-16 1.2751154578627432e-16
1949.5337983476068 1.8569640945509955e-16 1.2610355203481106e-16
1951.0759679595503 1.8338115077289833e-16 1.2642419371001622e-16
1952.6181423153228 -4.4589160993503606e-17 1.1886733633152777e-16
1954.1603214149684 2.419662639790808e-16 1.2766935861225964e-16
1955.702505258531 8.593437108748045e-17 1.207426805116386e-16
1957.244693846054 -5.423988381760468e-17 1.1631494812876475e-16
1958.7868871775809 9.256498470325652e-17 1.19516798843835e-16
1960.3290852531559 9.667844139291942e-17 1.215619201903111e-16
1961.8712880728228 2.6279903931680033e-16 1.251602882038148e-16
1963.4134956366258 2.7427315606982145e-17 1.1626055273168326e-16
1964.9557079446079 -1.3366432694068056e-16 1.1113647985682757e-16
1966.4979249968133 2.08075694900938e-16 1.2178275756152807e-16
1968.0401467932854 2.2832712770415526e-16 1.2271653197653713e-16
1969.5823733340685 1.6283083445330852e-16 1.2056518740451942e-16
1971.1246046192057 2.8710409387289085e-16 1.2159087812919537e-16
1972.666840648742 1.5588340404547974e-16 1.188366049174102e-16
1974.20908142272 1.0927206107824735e-16 1.1598248769696743e-16
1975.7513269411838 -5.0440186660450495e-17 1.0954475936514893e-16
1977.2935772041774 -5.316605449000059e-17 1.1033078608786622e-16
1978.8358322117442 2.4574789551165684e-16 1.1885122947064014e-16
1980.378091963929 3.772724120867811e-17 1.1147025054271517e-16
1981.9203564607744 1.3095721625870071e-17 1.1138238410932734e-16
1983.4626257023247 2.043552747336909e-16 1.1557818828333112e-16
1985.0048996886235 1.639768832658334e-16 1.1403129436340795e-16
1986.5471784197148 1.6445875236859248e-16 1.146481196374663e-16
1988.0894618956424 1.3975994660603692e-16 1.1291464024113077e-16
1989.6317501164501 1.75869742005986e-16 1.12899605406317e-16
1991.1740430821812 1.4594769764801945e-17 1.0595551019071804e-16
1992.7163407928804 1.8664377610193408e-16 1.123956869771497e-16
1994.2586432485907 6.558026200918822e-17 1.0731634802982088e-16
1995.8009504493564 2.0270071498523784e-16 1.1213743457246574e-16
1997.3432623952208 3.275846189853415e-16 1.1538392657083426e-16
1998.885579086228 -1.61028904206923e-17 1.0241210667455728e-16
2000.427900522422 3.044046359414415e-16 1.1554789362057697e-16
2001.9702267038465 2.2730076200009946e-16 1.104178518104211e-16
2003.512557630545 3.2422664289273554e-17 1.0385478907218857e-16
2005.0548933025616 2.388149308383804e-16 1.0925966660394886e-16
2006.5972337199396 2.1690720451614617e-16 1.0742298153694631e-16
2008.1395788827235 9.138709936331571e-17 1.0504274616326783e-16
2009.6819287909568 1.230374515844281e-16 1.0484030528887405e-16
2011.2242834446831 6.824549088239328e-17 1.0208718351250155e-16
2012.7666428439466 3.538361684891122e-17 1.0201208874777154e-16
2014.3090069887908 3.324952064702646e-17 9.93018413969089e-17
2015.8513758792596 7.04093490427177e-18 9.962573223756016e-17
2017.393749515397 1.8356912591273978e-16 1.0479332143008104e-16
2018.9361278972465 1.9927715339622377e-16 1.048083165602254e-16
2020.4785110248517 1.476978099921122e-16 1.0188394192727483e-16
2022.020898898257 -7.224101808648572e-17 9.433133294841245e-17
2023.563291517506 -5.864400184835136e-17 9.376931335301942e-17
2025.1056888826422 -1.3855790097476467e-16 9.128024086306366e-17
2026.64809099371 4.842827826992962e-17 9.772741890619997e-17
2028.1904978507528 -1.0516651223524046e-16 9.124310376228248e-17
2029.7329094538143 1.8760245857954834e-16 1.0130398243875675e-16
2031.2753258029381 8.953565739418522e-17 9.707135218388211e-17
2032.817746898169 -3.5656192713082145e-17 9.293419180658589e-17
2034.3601727395499 1.220573897967018e-17 9.43820358112395e-17
2035.9026033271252 1.1547052245480121e-16 9.612799570865723e-17
2037.445038660938 -4.5811780260971284e-17 9.096630927698753e-17
2038.9874787410329 -8.102068002089905e-17 9.077875765361971e-17
2040.529923567453 1.732399164629982e-16 9.722183288091775e-17
2042.072373140243 1.9595428284881455e-16 9.756115560307681e-17
2043.6148274594457 1.4721960695382794e-16 9.759241641278641e-17
2045.1572865251057 -2.2080089255194353e-17 8.927147575887048e-17
2046.6997503372666 1.192140375047508e-16 9.420316627558104e-17
2048.2422188959717 1.7401631480338538e-16 9.557205754512769e-17
2049.784692201266 1.3002777130701775e-17 8.851854949554512e-17
2051.3271702531915 -3.6403070631768524e-17 8.787320965141085e-17
2052.8696530517936 3.011753029776998e-17 9.193108642135508e-17
2054.412140597116 7.566227680467445e-17 9.046716864303834e-17
2055.954632889202 -6.257298733524759e-18 8.828760066852031e-17
2057.4971299280955 1.1733795217081113e-16 9.114559571167473e-17
2059.0396317138407 -4.831446483508722e-17 8.588077640123192e-17
2060.58213824648 -1.3684718889760905e-17 8.578608076470685e-17
2062.1246495260593 -6.445851245433771e-17 8.351998969811578e-17
2063.6671655526216 -7.068620970246165e-17 8.357780631421078e-17
2065.20968632621 -1.3296038962195303e-16 8.135632344369347e-17
2066.7522118468696 9.436532014542103e-17 8.887564667470671e-17
2068.294742114643 -5.5129397452397254e-17 8.355674960453763e-17
2069.837277129575 -4.9114901044075186e-17 8.181359550375769e-17
2071.3798168917087 -2.9136454386612687e-17 8.343979950081244e-17
2072.9223614010875 1.1445193886594832e-16 8.729361412236229e-17
2074.4649106577567 -5.315360707614289e-17 8.180410608777048e-17
2076.0074646617595 1.048847877534947e-16 8.688953308440769e-17
2077.55002341314 -2.995218681948798e-17 8.133457851975068e-17
2079.0925869119415 1.429708069723391e-17 8.399062899687885e-17
2080.635155158207 1.7390979379282325e-17 8.249777974945745e-17
2082.1777281519826 9.540965882982638e-17 8.50381639071711e-17
2083.72030589331 -8.79976490484021e-18 8.00354946764586e-17
2085.262888382234 1.1733496108571614e-16 8.481213184170731e-17
2086.8054756187985 8.464007165685138e-17 8.392033187970164e-17
2088.348067603047 4.623959145633881e-17 8.108005173654566e-17
2089.8906643350238 1.0713082796203749e-16 8.344028919173507e-17
2091.4332658147728 6.767929567926808e-17 8.138682986468443e-17
2092.9758720423365 -9.077640515195761e-18 7.884501633887228e-17
2094.51848301776 1.5111519088758927e-16 8.402651540057385e-17
2096.0610987410873 5.799166736495734e-17 8.018311001985236e-17
2097.6037192123613 1.9184604070573318e-16 8.31911357737892e-17
2099.1463444316264 6.778223665213908e-17 8.021567446620735e-17
2100.688974398927 1.8627705384916482e-17 7.720951483173243e-17
2102.2316091143057 -2.717071260043962e-17 7.641544791346113e-17
2103.774248577807 2.864834999639617e-18 7.594161238881115e-17
2105.316892789475 -1.4900398111889263e-17 7.585852375064143e-17
2106.859541749353 7.433103714224998e-18 7.714328082572409e-17
2108.4021954574846 9.79072810585935e-17 7.84989835275842e-17
2109.9448539139153 -2.90267007542167e-17 7.428922977973032e-17
2111.487517118687 1.0605185853410699e-17 7.503205120469274e-17
2113.0301850718447 6.096518314373847e-17 7.611648498774976e-17
2114.572857773431 1.2460069059325532e-16 7.840663046655388e-17
2116.115535223492 3.7887194778088716e-17 7.547090029815418e-17
2117.6582174220694 -3.0105410447434853e-17 7.263787949205396e-17
2119.200904369208 6.789804193789651e-17 7.54524442443269e-17
2120.743596064951 1.5424365413871382e-16 7.8539667578832e-17
2122.286292509343 9.88182716108104e-17 7.705261521314338e-17
2123.828993702428 8.032060067254847e-17 7.554525390905534e-17
2125.371699644249 1.8982817330607947e-17 7.342012103628821e-17
2126.9144103348503 1.2167356351681648e-18 7.210302450797717e-17
2128.457125774276 2.6652245718658733e-17 7.191862940582685e-17
2129.999845962569 1.1697980281791037e-16 7.659266308789449e-17
2131.5425708997745 -3.9565808938754827e-17 7.017717598838631e-17
2133.085300585936 -4.938608062737212e-17 6.974082828909724e-17
2134.6280350210964 -5.48766606880378e-17 6.860663132038903e-17
2136.1707742053004 -4.54111799990343e-17 6.900555736876621e-17
2137.7135181385916 5.510455225551861e-17 7.253337018474156e-17
2139.2562668210144 -5.679830382139444e-17 6.793605915884944e-17
2140.7990202526116 7.93585896201493e-17 7.314900431871783e-17
2142.341778433428 6.985594039750135e-18 7.053396214763759e-17
2143.8845413635067 5.949196785533662e-17 7.175477485264745e-17
2145.4273090428924 9.613482491179447e-17 7.221745998264021e-17
2146.9700814716284 7.186652364468091e-17 7.074145874993529e-17
2148.5128586497585 3.7357577501650614e-17 7.065475036940503e-17
2150.055640577327 1.0449777972338319e-16 7.314257216227462e-17
2151.5984272543774 7.36344766202252e-18 6.916595761570759e-17
2153.141218680954 1.075506916060796e-16 7.236331508569046e-17
2154.6840148571 7.31188750920862e-17 7.034083201821871e-17
2156.2268157828594 1.5638316010180468e-17 6.764417028173663e-17
2157.769621458277 5.4588596694077435e-17 7.018955061035011e-17
2159.3124318833948 -5.085063698912176e-17 6.515583894560971e-17
2160.855247058259 1.0415222336812794e-16 7.044380607831421e-17
2162.398066982912 5.656313306452317e-17 6.944506158927278e-17
2163.940891657397 5.900233648970933e-17 6.79697287185028e-17
2165.48372108176 4.844749532992045e-17 6.796117236224655e-17
2167.026555256043 1.717686069987277e-16 7.235049709491834e-17
2168.5693941802915 5.549682777177086e-17 6.651788115968443e-17
2170.1122378545474 -2.551606186211917e-17 6.524067458923315e-17
2171.6550862788563 1.978910898571605e-16 7.131548239037769e-17
2173.197939453261 1.249059797962915e-16 6.882030861622373e-17
2174.740797377806 -3.465542990334609e-17 6.39482015733966e-17
2176.2836600525347 -9.848931015300418e-18 6.422891358607259e-17
2177.8265274774913 -6.237804733464844e-17 6.236053757544192e-17
2179.3693996527195 1.0129878774450991e-16 6.771992679095669e-17
2180.912276578263 -4.103619857818419e-17 6.255503089851029e-17
2182.4551582541667 -5.83824274863274e-17 6.17971216991749e-17
2183.998044680473 -1.1620990115405419e-18 6.429005215950761e-17
2185.540935857227 2.3996984371834938e-17 6.418100328499352e-17
2187.083831784472 6.704757453673889e-17 6.575267291862388e-17
2188.6267324622518 3.091787055380689e-17 6.401937881074556e-17
2190.1696378906104 -1.3201474185643138e-17 6.21230771826351e-17
2191.7125480695913 7.308449746582849e-17 6.554010073608755e-17
2193.2554629992396 -2.4182817527480183e-18 6.246181756964291e-17
2194.798382679598 1.0207130826218544e-16 6.583223445866168e-17
2196.3413071107107 -7.538130671164733e-17 5.934946779685089e-17
2197.884236292621 -2.8422130988113944e-17 6.133660047366458e-17
2199.427170225375 9.047870284949978e-17 6.505471777008633e-17
2200.9701089090136 8.545916575173609e-17 6.49965107247422e-17
2202.513052343583 2.7510486963213127e-17 6.179459383522294e-17
2204.0560005291254 2.0632109262048033e-16 6.798813845021578e-17
2205.5989534656865 4.0593107702541583e-17 6.31964465978186e-17
2207.1419111533082 2.697704480362258e-17 6.204580527853284e-17
2208.684873592036 6.795008152459344e-17 6.290116958891678e-17
2210.2278407819126 8.284753818222447e-17 6.427980835480176e-17
2211.7708127229835 6.579773771839576e-17 6.263968125367651e-17
2213.31378941529 2.1559867096153628e-17 6.048612645506206e-17
2214.856770858879 -1.6706234305127254e-17 6.023955384062735e-17
2216.3997570537917 8.16655831136699e-17 6.232069393969646e-17
2217.9427480000736 2.0116546115089452e-17 6.023451796505813e-17
2219.4857436977686 3.9477252636736124e-18 5.94541623926205e-17
2221.0287441469195 -3.5053469214106606e-17 5.781405514382996e-17
2222.5717493475713 4.137383385189363e-17 6.069343115145764e-17
2224.1147592997672 9.085149660796517e-17 6.176813067306614e-17
2225.657774003552 1.5389817057535248e-16 6.430062021901359e-17
2227.2007934589683 7.004405946676938e-17 6.140445575367353e-17
2228.743817666061 6.547717545252941e-17 6.022205731631063e-17
2230.2868466248733 7.904705024040468e-18 5.839509327586681e-17
2231.8298803354496 -2.0585466946129944e-18 5.805048983267722e-17
2233.372918797834 -9.576678578749003e-18 5.684121795157369e-17
2234.91596201207 1.282179580293946e-16 6.270169994728329e-17
2236.4590099782013 -5.008405935055712e-19 5.783377512963322e-17
2238.0020626962723 3.1314831221048635e-17 5.879388035790107e-17
2239.5451201663263 1.0692844664464781e-16 6.118756899706212e-17
2241.088182388408 6.55127773060937e-17 5.958774213538046e-17
2242.6312493625605 1.7918801673791187e-17 5.72110073900543e-17
2244.174321088828 1.5197307644448027e-16 6.213130266664632e-17
2245.7173975672554 -8.786778169223127e-18 5.619808171659126e-17
2247.2604787978844 -3.6513512478434154e-17 5.536687438881633e-17
2248.803564780761 -2.23631703131447e-17 5.666332779776049e-17
2250.346655515928 1.2258374632716522e-16 6.03480600846596e-17
2251.88975100343 8.689505865089954e-17 5.885720930559813e-17
2253.4328512433103 7.232873893608574e-17 5.943176234163256e-17
2254.975956235613 2.3792993360973236e-17 5.732892364073496e-17
2256.519065980382 1.1345721778340635e-16 6.01124261066453e-17
2258.0621804776615 7.346339250849208e-17 5.882071409697229e-17
2259.6052997274946 6.722893884912481e-18 5.5311787468742747e-17
2261.1484237299264 -2.8905409606636825e-17 5.450772489994935e-17
2262.6915524849996 8.302557391982548e-17 5.895846944746442e-17
2264.234685992759 3.1724159892809276e-17 5.657745321528768e-17
2265.777824253248 1.1823088371589477e-16 6.047850977598167e-17
2267.320967266511 7.492446478550165e-17 5.722407022628774e-17
2268.864115032592 3.449168122928509e-17 5.646575074536852e-17
2270.407267551534 9.624954493658822e-17 5.841021413746428e-17
2271.9504248233816 -2.4141874982290952e-17 5.3852955196831976e-17
2273.493586848178 7.259816820520652e-18 5.562090155493136e-17
2275.0367536259687 -4.2959995689855916e-17 5.302457682675197e-17
2276.579925156796 9.464460940744344e-17 5.875189928745278e-17
2278.123101440705 2.7272368134638712e-17 5.498305927586927e-17
2279.6662824777386 1.39135517887788e-17 5.486230414132633e-17
2281.209468267941 4.482255496641912e-17 5.55777491967357e-17
2282.752658811357 9.402348279419982e-17 5.725571484780156e-17
2284.295854108029 9.911927270955109e-17 5.803515721284293e-17
2285.839054158002 5.723952857757513e-17 5.575036524696326e-17
2287.38225896132 9.610961906416875e-17 5.707124033631244e-17
2288.9254685180263 7.688184543004303e-17 5.68148672859802e-17
2290.4686828281656 8.058647637375772e-17 5.576423541147455e-17
2292.0119018917803 7.673565283730286e-17 5.677518908635726e-17
2293.555125708916 4.186409718350891e-17 5.4576281629117746e-17
2295.0983542796166 7.1254787185751e-17 5.542028378660765e-17
2296.6415876039246 4.097624762931364e-19 5.3630185531704095e-17
2298.1848256818853 1.0424124123692844e-16 5.648341932325266e-17
2299.7280685135415 7.058896634964991e-17 5.610487500516879e-17
2301.2713160989383 1.2576505649326456e-16 5.644729469154124e-17
2302.814568438119 -6.23166572983072e-17 5.035632047250497e-17
2304.357825531127 1.159023901438927e-16 5.685271245336573e-17
2305.901087378007 3.4751472189908396e-17 5.3740180700838946e-17
2307.4443539788026 1.2081395039321616e-16 5.616073285757327e-17
2308.9876253335583 2.1884510671162315e-17 5.380886977890535e-17
2310.5309014423174 1.2064655550701503e-16 5.5470089985650695e-17
2312.074182305124 5.4746475694511756e-17 5.461486133288722e-17
2313.617467922022 -2.6986679803397597e-17 5.109635926188676e-17
2315.1607582930556 -2.6357600675744894e-17 5.1679541446071346e-17
2316.704053418269 8.69849169352024e-17 5.474313719355949e-17
2318.247353297705 3.118391830858354e-17 5.2722966923080436e-17
2319.790657931408 1.0118172514422141e-16 5.602158784365205e-17
2321.3339673194223 3.568510929293577e-18 5.130229745591041e-17
2322.8772814617923 4.3873163381445056e-17 5.330563956400769e-17
2324.420600358561 6.507732296186618e-17 5.3319946479882406e-17
2325.963924009772 9.415702283229038e-17 5.4958002320753817e-17
2327.5072524154707 1.0942494390778185e-16 5.490064892580184e-17
2329.0505855757 5.3994571826423504e-17 5.2931343645549895e-17
2330.5939234905045 7.90574495550657e-17 5.413287311611992e-17
2332.137266159927 9.123166220004964e-17 5.4499231409419656e-17
2333.6806135840134 7.283051331310531e-17 5.291146484106902e-17
2335.223965762805 5.973602584070917e-17 5.327100385739887e-17
2336.7673226963475 5.843723316499271e-17 5.271316648718291e-17
2338.3106843846854 1.9502925669596385e-16 5.682038623502716e-17
2339.854050827861 7.100384705768201e-17 5.3774650971325256e-17
2341.397422025919 -1.8968278804161715e-17 4.973391669239557e-17
2342.9407979789034 3.828093936710886e-17 5.172885795419176e-17
2344.4841786868583 6.370684350554342e-17 5.259680533605385e-17
2346.0275641498274 7.067511886480854e-17 5.257861728874503e-17
2347.570954367855 4.516080235378185e-17 5.2387584889359586e-17
2349.114349340984 7.846949619310791e-17 5.3097027922244266e-17
2350.6577490692594 6.580599628963149e-17 5.2316917195267956e-17
2352.201153552725 7.351844965006361e-17 5.317522626863258e-17
2353.744562791425 3.601159251762678e-17 5.1088001428977524e-17
2355.2879767854024 6.875502752228105e-17 5.2408919531718554e-17
2356.831395534702 -4.273581071869996e-18 4.96930969835273e-17
2358.374819039367 1.1033407495798173e-16 5.356394490825085e-17
2359.918247299442 -2.060405369449401e-18 5.004982358577447e-17
2361.4616803149715 8.873855306870462e-17 5.27598260911758e-17
2363.0051180859978 9.8013378552682e-17 5.36762462569335e-17
2364.5485606125667 1.1694340687095804e-16 5.402569697851265e-17
2366.0920078947206 1.5011635375431924e-16 5.349076258509706e-17
2367.635459932504 8.958978809347069e-17 5.337978472539449e-17
2369.178916725961 8.540090576683276e-17 5.228481266133355e-17
2370.7223782751357 8.461135194598354e-17 5.218671565812966e-17
2372.265844580072 1.5618972556992038e-16 5.5059242610285407e-17
2373.8093156408136 3.6764087819853005e-18 4.905539367080812e-17
2375.3527914574047 9.131109800863434e-17 5.283625427105325e-17
2376.896272029889 1.0473782091970118e-16 5.237830061416429e-17
2378.439757358311 8.674723816671386e-17 5.261570475868946e-17
2379.983247442714 7.005295993016045e-17 5.1610283267743506e-17
2381.5267422831416 1.2316732555804383e-16 5.374986533145072e-17
2383.0702418796395 5.84152632479233e-17 5.1064138922666595e-17
2384.6137462322504 6.681916680855584e-17 5.1278004815680955e-17
2386.1572553410183 5.825434684027968e-17 5.113330445676583e-17
2387.7007692059874 1.0924710007608295e-16 5.2409693772771903e-17
2389.2442878272013 -9.148143600345493e-18 4.8416492600561963e-17
2390.7878112047047 5.590638474538056e-17 5.1354744015468724e-17
2392.331339338541 9.275638106211149e-17 5.1827888017126606e-17
2393.874872228754 4.213295735236825e-17 5.062725521034059e-17
2395.4184098753885 1.1585585627135292e-16 5.2163101306002495e-17
2396.9619522784874 1.6949408530733348e-16 5.435892503391841e-17
2398.5054994380957 6.215830184184005e-17 5.096661101972414e-17
2400.049051354257 1.2348416881987614e-16 5.2192446365413426e-17
2401.592608027014 9.600647956795074e-17 5.1527429548867744e-17
2403.136169456413 1.9787951925475212e-17 4.921421565714075e-17
2404.6797356424963 4.160827668982586e-17 4.996297954762375e-17
2406.223306585309 1.1973627302140248e-16 5.235378298080822e-17
2407.7668822848937 -1.628627470813408e-17 4.8086457462320656e-17
2409.310462741296 5.748474461580525e-17 4.9922146603865685e-17
2410.854047954558 3.283547373705182e-17 4.92789210333771e-17
2412.397637924725 1.513644733457107e-17 4.858433747301632e-17
2413.9412326518413 9.006648235431765e-17 5.152656597230824e-17
2415.4848321359495 5.453451562562872e-17 4.930746207323263e-17
2417.0284363770947 9.228869314377401e-17 5.1373914753345253e-17
2418.5720453753206 1.6152149357042078e-16 5.290744474329201e-17
2420.115659130671 8.124055786260545e-17 5.1041192932474374e-17
2421.6592776431894 6.677574975256416e-17 5.007823227673199e-17
2423.2029009129215 4.925445633958023e-17 4.9210691867731276e-17
2424.7465289399092 4.2309828419666786e-17 4.980723798189227e-17
2426.290161724198 1.2357265729308461e-16 5.1497019080827845e-17
2427.8337992658307 1.601351256288921e-16 5.304094838543562e-17
2429.3774415648527 4.057914820252414e-17 4.9034872974171905e-17
2430.921088621307 9.556384529600627e-17 5.0525250605923e-17
2432.464740435237 1.1393944422819006e-16 5.138795035397905e-17
2434.008397006688 1.1162247824520453e-16 5.097502840963748e-17
2435.5520583357034 6.717752791969342e-17 4.987919607773948e-17
2437.0957244223273 3.9685126764265396e-16 5.999799724942716e-17
2438.6393952666035 1.5233940495927795e-16 5.273162915845509e-17
2440.183070868576 1.6404056955555507e-16 5.265405285188742e-17
2441.726751228289 1.560853287591713e-16 5.2468661824279584e-17
2443.270436345787 1.0151285546959374e-16 5.0343489246843046e-17
2444.814126221113 1.0060084583086217e-16 5.055395046445614e-17
2446.3578208543113 2.990445849814367e-17 4.8388924325106796e-17
2447.9015202454257 3.1119973938510743e-17 4.823862560780591e-17
2449.4452243945007 -1.849938485649113e-17 4.665176893812908e-17
2450.98893330158 1.8593413785442484e-17 4.7659006917700203e-17
2452.532646966708 8.120419500287762e-17 4.9374010407873746e-17
2454.076365389928 1.4341834807967725e-16 5.204802724790657e-17
2455.620088571284 1.3694927952881034e-16 5.076835237050743e-17
2457.163816510821 6.213547165693359e-17 4.8989020698456866e-17
2458.7075492085823 6.042030934808244e-17 4.9499076807769314e-17
2460.2512866646116 4.116963521869818e-18 4.6534325834758804e-17
2461.7950288789534 3.692961079632793e-17 4.8130099511438953e-17
2463.338775851652 1.14281632303991e-16 5.12428529483699e-17
2464.8825275827508 9.416340866661929e-17 4.9377438244332166e-17
2466.4262840722936 1.374195416332141e-16 5.1035455607745706e-17
2467.9700453203245 1.179847280004888e-16 5.055319276701504e-17
2469.513811326888 1.319476029148329e-16 4.9594579772572236e-17
2471.057582092029 7.742586722966813e-18 4.673537373700104e-17
2472.601357615789 -1.3736733040654005e-18 4.697275141174661e-17
2474.1451378982138 6.810430107799783e-17 4.9392529327427583e-17
2475.6889229393464 1.1955380359571818e-16 5.0125063934292294e-17
2477.2327127392323 4.759173066412004e-17 4.7998954988402346e-17
2478.776507297914 1.7614017050928673e-16 5.1415118274017745e-17
2480.3203066154365 8.605281673375315e-17 4.909907211587337e-17
2481.8641106918426 1.0065686911938916e-16 4.9264197218473657e-17
2483.4079195271784 1.0494776597661204e-16 4.916820787147055e-17
2484.9517331214856 1.1613386836650954e-16 4.987477231582355e-17
2486.4955514748094 4.414711236543282e-17 4.7406478602855115e-17
2488.039374587194 1.3422414954436664e-16 4.9818265953818826e-17
2489.583202458683 1.2291066134013598e-16 4.9862999881345694e-17
2491.12703508932 5.101584150106085e-17 4.7609134544208156e-17
2492.67087247915 7.663083912752504e-17 4.792381721028048e-17
2494.2147146282164 1.491254112328154e-17 4.663923880621013e-17
2495.7585615365633 2.4672911700660195e-17 4.652694407497238e-17
2497.3024132042347 6.547996139683249e-17 4.838818978872285e-17
2498.8462696312745 6.983893190974603e-17 4.771834554612231e-17
2500.390130817727 1.4169298167078964e-16 4.9919972773215896e-17
2501.933996763636 6.845763954845598e-17 4.830511438544292e-17
2503.4778674690456 1.0117594149737844e-16 4.852034347210677e-17
2505.0217429339996 5.052103860224388e-17 4.727099965340873e-17
2506.5656231585426 1.4661145053258915e-16 5.069964344010633e-17
2508.1095081427184 2.9730413079817613e-17 4.5877762804073414e-17
2509.653397886571 -1.7403572376927833e-17 4.515120705867624e-17
2511.1972923901435 3.962797321614941e-17 4.680519770686787e-17
2512.7411916534816 1.2033610469695653e-16 4.938637510367019e-17
2514.2850956766274 2.035176253233054e-16 5.1727865337456694e-17
2515.829004459627 1.8366235247649696e-16 5.0835449953075284e-17
2517.3729180025225 3.164251385762784e-17 4.672117270024473e-17
2518.9168363053595 1.0999446603133074e-18 4.550676237317603e-17
2520.4607593681812 8.759135282076708e-17 4.811260960456713e-17
2522.004687191032 1.6119549176484628e-16 5.071136293502498e-17
2523.548619773955 1.9655789970285164e-16 5.1000323592769354e-17
2525.0925571169955 8.919529904189925e-18 4.5949052537985684e-17
2526.6364992201966 6.148962888698689e-17 4.709006878366378e-17
2528.180446083603 1.541123772667792e-16 4.9755261260921887e-17
2529.724397707258 1.0969672898728718e-16 4.8871723178874396e-17
2531.268354091206 6.928220627027334e-17 4.6533230647627784e-17
2532.8123152354915 1.8516451246889325e-16 5.111975192960976e-17
2534.3562811401584 1.1066815004633475e-16 4.8227647266716107e-17
2535.90025180525 6.079587581596111e-17 4.671462804723821e-17
2537.44422723081 1.3460358060006717e-16 4.9494239455547104e-17
2538.9882074168845 5.837448655244689e-17 4.595761551168683e-17
2540.532192363515 1.9672810038569055e-16 5.1393287323291245e-17
2542.076182070748 1.4012383990111125e-16 4.942449158629663e-17
2543.6201765386254 1.6173498557779827e-16 4.906656722652249e-17
2545.164175767193 1.4199424746732636e-16 4.9759754506009275e-17
2546.708179756493 9.19657287454088e-17 4.721739173227039e-17
2548.252188506571 3.831920474224556e-17 4.548229767937916e-17
2549.79620201747 1.55516281437294e-16 5.037830362446418e-17
2551.3402202892353 1.281381516438955e-16 4.831719453110865e-17
2552.8842433219097 1.2750991789482882e-16 4.8822539019651993e-17
2554.4282711155374 8.992287718253354e-17 4.7141916464458604e-17
2555.972303670163 1.4378341927994386e-16 4.874918795165324e-17
2557.51634098583 1.2725301544890455e-16 4.903618322826219e-17
2559.0603830625832 7.052084637184495e-17 4.661386421373945e-17
2560.6044299004657 7.207109533633263e-17 4.669898771621606e-17
2562.148481499522 1.129698959060493e-16 4.874078048790725e-17
2563.6925378597966 -1.5037402382385196e-17 4.3521558681550816e-17
2565.2365989813325 1.3380587408710063e-16 4.8494955644746293e-17
2566.7806648641745 1.2087154863362945e-16 4.785068782668589e-17
2568.3247355083663 1.2812037718689295e-16 4.8858432040791894e-17
2569.8688109139525 1.099326541328771e-16 4.782725876301594e-17
2571.412891080977 1.2853490717034533e-16 4.849394648439898e-17
2572.956976009483 1.4854542527451773e-16 4.9767553164824425e-17
2574.5010656995155 5.219481541068778e-17 4.5661908368866476e-17
2576.0451601511177 1.1647613585164928e-16 4.792288745927197e-17
2577.589259364335 1.208941141207399e-16 4.83999026661966e-17
2579.1333633392096 6.2243236747137e-17 4.6443570886671936e-17
2580.677472075787 4.1414441802525086e-17 4.601605085888003e-17
2582.221585574111 8.83653953507697e-17 4.7213212815815775e-17
2583.765703834226 1.059376960290461e-16 4.785877765307666e-17
2585.3098268561744 6.872692323378894e-17 4.6514552909396336e-17
2586.853954640002 1.5883314334473364e-16 4.888625839659818e-17
2588.398087185752 4.864811971568906e-17 4.631545384467727e-17
2589.942224493469 1.130195664474719e-16 4.7898449235254703e-17
2591.4863665631965 9.307718817343916e-17 4.759012593373169e-17
2593.0305133949787 2.1598635397102763e-17 4.4574142702302093e-17
2594.57466498886 9.210325910277432e-17 4.736941098524539e-17
2596.118821344884 1.2069070709939066e-16 4.8463301097065114e-17
2597.662982463095 1.2799397075440505e-16 4.775474149307464e-17
2599.2071483435375 1.2200756539968528e-16 4.826236238266373e-17
2600.751318986255 1.5061728109839155e-16 4.89801533222903e-17
2602.295494391291 4.013723523207381e-18 4.429762945841542e-17
2603.8396745586906 3.931225822867262e-17 4.582602431111945e-17
2605.3838594884974 1.7582646391633722e-16 5.026394755913995e-17
2606.928049180756 1.1527145647730665e-16 4.78476636543664e-17
2608.4722436355096 8.390154495362934e-17 4.6553658700035393e-17
2610.016442852803 1.2797646099519853e-16 4.8208294549104816e-17
2611.5606468326796 8.94199976922156e-17 4.7459990571042395e-17
2613.1048555751836 3.6752640467355884e-17 4.500192742789002e-17
2614.64906908036 1.1057234267906641e-16 4.789871062432827e-17
2616.1932873482515 6.292928049485378e-17 4.6499895268941897e-17
2617.737510378903 9.266582794609408e-17 4.7259253688710477e-17
2619.2817381723585 1.38638157346517e-16 4.87563215572559e-17
2620.825970728662 8.726491426382915e-17 4.681255630559714e-17
2622.370208047857 8.795888571053664e-17 4.704698921736202e-17
2623.9144501299893 1.0292672551212857e-16 4.777225125228116e-17
2625.4586969751003 4.584396089552205e-17 4.5560499334489925e-17
2627.002948583237 1.2289832642284158e-16 4.8575800969094776e-17
2628.547204954441 1.1188222619243598e-16 4.7598645894040984e-17
2630.091466088758 1.1064216995765569e-16 4.784643942705982e-17
2631.6357319862304 1.291492045804517e-16 4.8913674470820636e-17
2633.180002646904 8.382719796017307e-17 4.661099886009757e-17
2634.7242780708225 1.5694451133526277e-16 4.9881601518960786e-17
2636.2685582580293 1.1531632275373153e-16 4.7690985720181503e-17
2637.812843208569 1.4436668087346725e-16 4.879032529787673e-17
2639.3571329224856 9.462711950057162e-17 4.73204452017047e-17
2640.901427399823 6.605866357081949e-17 4.6536827228931164e-17
2642.4457266406257 8.590727265061322e-17 4.728409226814422e-17
2643.9900306449367 1.0540157711299333e-16 4.7702999691398224e-17
2645.5343394128013 9.58061165712557e-17 4.8350834312259954e-17
2647.0786529442635 1.5382868740389802e-16 4.9036444617335756e-17
2648.6229712393665 1.3489465553145723e-16 4.90028279972416e-17
2650.1672942981554 3.675505914346699e-17 4.519386310850437e-17
2651.7116221206734 1.335464305423346e-16 4.848932419913603e-17
2653.2559547069654 1.3096733433195346e-16 4.831116603880436e-17
2654.800292057075 1.0060730445708498e-16 4.7560933075553466e-17
2656.344634171046 5.591926891060169e-17 4.6956144933768995e-17
2657.8889810489227 1.191345619914967e-16 4.8067253637219625e-17
2659.4333326907495 1.2364851968142308e-16 4.8557854458524825e-17
2660.9776890965704 1.0044724831727842e-16 4.822895752080639e-17
2662.522050266429 6.958206255104626e-17 4.630913749351982e-17
2664.0664162003704 1.171957035752316e-16 4.8448507798990215e-17
2665.6107868984377 1.0612835123407222e-16 4.7478423463812527e-17
2667.1551623606756 1.2353315114702908e-16 4.87758463284346e-17
2668.699542587128 1.4252623709776126e-16 5.0062558858485337e-17
2670.2439275778383 4.147391608856765e-17 4.5380346014520776e-17
2671.788317332852 1.4187111005261926e-16 4.95254274733628e-17
2673.332711852212 1.3858333346987822e-17 4.520706491108072e-17
2674.8771111359624 3.438103755055e-17 4.5858731032539794e-17
2676.4215151841486 7.68027531082077e-19 4.439736758795461e-17
2677.9659239968137 9.86388594446701e-17 4.8421197603886165e-17
2679.5103375740014 6.12152762388602e-17 4.655235175466756e-17
2681.0547559157562 1.0156979858296189e-16 4.767466379233461e-17
2682.599179022123 9.058572678587434e-17 4.78204295598787e-17
2684.143606893145 8.311547190879774e-17 4.739491130916917e-17
2685.6880395288663 7.134209113632229e-17 4.7319773531047306e-17
2687.2324769293305 2.2193787877367727e-16 5.255717345854521e-17
2688.7769190945833 -2.277552481158606e-18 4.461903213978412e-17
2690.321366024668 1.4483281369225313e-16 4.988088021746664e-17
2691.865817719628 3.21144964977057e-17 4.587300816991246e-17
2693.4102741795077 1.266547057856776e-16 4.9020188863937864e-17
2694.9547354043525 1.4239652194282315e-16 5.032525487741993e-17
2696.499201394205 1.582444289766123e-16 5.0044125965715205e-17
2698.04367214911 8.805739961276925e-17 4.7776337524507175e-17
2699.588147669111 6.189500032669707e-17 4.721964497225899e-17
2701.1326279542527 6.847955652596619e-17 4.753854956817778e-17
2702.677113004579 1.8906896377882115e-16 5.1233214639872433e-17
2704.221602820134 1.4020837114226927e-16 5.0201234033818627e-17
2705.7660974009623 1.198145176899051e-16 4.906812563479654e-17
2707.310596747107 1.2071258437223146e-16 4.905946670814433e-17
2708.855100858613 1.2663433729027409e-16 4.987807442082886e-17
2710.3996097355243 1.1908526202698854e-16 4.929011775014862e-17
2711.9441233778844 1.976991442503788e-16 5.1693232939570324e-17
2713.488641785738 7.664371667530126e-17 4.8007971257079174e-17
2715.0331649591294 1.6193247660340653e-16 5.0753248052522214e-17
2716.577692898102 1.42665812245601e-16 5.0174039644000333e-17
2718.1222256027004 1.5401191121830097e-16 5.0240197549392324e-17
2719.6667630729685 7.293573730446696e-17 4.819724672484356e-17
2721.211305308951 6.805173209570886e-17 4.778560525609022e-17
2722.7558523106914 3.88899825259643e-17 4.6824474323862804e-17
2724.3004040782334 1.3501789882528273e-16 5.022154628094048e-17
2725.8449606116224 1.79005352097603e-16 5.149098397107866e-17
2727.3895219109013 1.7106106978997433e-16 5.112429811425635e-17
2728.934087976115 1.5627604352120151e-16 5.067614489326492e-17
2730.4786588073075 1.7175608679297609e-16 5.1592978649328897e-17
2732.0232344045226 1.4045307101979716e-16 5.074336489856343e-17
2733.567814767804 1.2512272758655998e-16 4.998308334523124e-17
2735.112399897197 1.4131265064258266e-16 5.1576904875665766e-17
2736.656989792745 7.802897950353157e-17 4.871918776519717e-17
2738.2015844544926 1.9736944660182742e-17 4.675903771996496e-17
2739.7461838824834 8.905980354884061e-17 4.936739296297332e-17
2741.290788076761 5.0057562687585516e-17 4.713578209303591e-17
2742.835397037371 1.9692156800479936e-16 5.3419443072682735e-17
2744.3800107643565 1.439995582652815e-16 5.140945374118298e-17
2745.9246292577614 1.6023395055103504e-16 5.1450826006700434e-17
2747.469252517631 1.4129216303317095e-16 5.1475466062787163e-17
2749.0138805440083 1.1680369937422028e-16 4.9819493489847855e-17
2750.5585133369377 1.1539915992899504e-16 5.1015176447848356e-17
2752.103150896464 2.0631500457117194e-16 5.341043011272836e-17
2753.64779322263 1.947368715104835e-16 5.2299304865665477e-17
2755.1924403154812 1.6118972135289311e-16 5.252012569327018e-17
2756.7370921750608 3.0171568352826844e-17 4.773362853511984e-17
2758.281748801414 3.732286238570299e-17 4.790038483788808e-17
2759.826410194583 3.7304882787908536e-17 4.9064522436048256e-17
2761.371076354614 1.904713889504007e-17 4.7274176026960933e-17
2762.9157472815496 1.4850623676581742e-16 5.1746308156394176e-17
2764.4604229754354 7.053550401229939e-17 4.948136521649333e-17
2766.0051034363146 9.341363892451142e-17 5.0077213190217326e-17
2767.549788664231 1.1397474167928892e-16 5.105553624429604e-17
2769.0944786592295 1.1783387672653872e-16 5.0959345065223477e-17
2770.639173421354 8.728026673599813e-17 5.001942304390192e-17
2772.183872950648 1.4067430543770814e-16 5.232092405815516e-17
2773.728577247157 8.426065383604066e-17 5.030568378412692e-17
2775.273286310924 8.014891106460697e-17 4.993861080677794e-17
2776.8180001419933 7.659057197530596e-17 4.9870967285005804e-17
2778.3627187404095 1.6074549227672763e-16 5.366003351692746e-17
2779.9074421062164 9.230860503547938e-17 5.076531165457569e-17
2781.452170239458 6.994321622393182e-17 5.014575668449592e-17
2782.9969031401793 1.2499996074876731e-16 5.275736109295039e-17
2784.541640808423 1.838019011545571e-16 5.3514727661803943e-17
2786.0863832442346 1.3877472817437197e-16 5.283303157538674e-17
2787.6311304476576 1.2142787722640812e-16 5.266264560409062e-17
2789.175882418736 1.0347402791006306e-16 5.1625688679471694e-17
2790.720639157514 1.543947039360109e-16 5.409109718646354e-17
2792.265400664036 1.4468519173141446e-16 5.371854827345946e-17
2793.810166938347 1.0655258900919352e-16 5.253556419222287e-17
2795.354937980489 1.0886835723465207e-16 5.228703943154254e-17
2796.899713790508 2.4584189962518982e-17 4.965003065211534e-17
2798.444494368447 9.719846171989068e-18 4.946939425866846e-17
2799.9892797143507 1.7174126371639914e-16 5.5326878551838164e-17
2801.534069828263 1.822028485339288e-16 5.551238869345421e-17
2803.0788647102286 1.1777368444772446e-16 5.348989239109265e-17
2804.6236643602915 8.446069092357436e-18 4.924864622295766e-17
2806.1684687784955 1.48768036120968e-16 5.426016959494693e-17
2807.713277964885 1.701606472972634e-16 5.4945200873593946e-17
2809.258091919504 3.886125950637401e-17 5.090463203078677e-17
2810.8029106423965 3.843335235805543e-17 5.1023100838116614e-17
2812.347734133607 1.3908356432787476e-16 5.40077504679427e-17
2813.8925623931796 2.1568727854875296e-16 5.719906951945393e-17
2815.437395421158 1.7924134341764194e-16 5.500817578798883e-17
2816.982233217587 -2.408358356452434e-17 4.924596284905054e-17
2818.5270757825106 -9.805965599923189e-18 4.9255743432613365e-17
2820.071923115973 3.471147966165268e-17 5.0661067045059305e-17
2821.616775218017 1.0668750547582337e-16 5.3688974912199464e-17
2823.161632088689 4.3774063835338753e-17 5.1194072453286424e-17
2824.706493728032 1.0354113541879826e-16 5.420754767309876e-17
2826.2513601360906 6.333788786512027e-17 5.217922801922483e-17
2827.796231312908 1.5988574060037472e-16 5.486258207401215e-17
2829.3411072585295 1.20393358830235e-16 5.4717418493953994e-17
2830.8859879729985 9.093099859099887e-17 5.309928447095531e-17
2832.4308734563597 8.370816336130424e-17 5.343500068564363e-17
2833.9757637086564 1.2757699231633952e-16 5.5169992168138906e-17
2835.5206587299335 1.5661979331399895e-16 5.529391705878915e-17
2837.0655585202353 5.3739250949830437e-17 5.2757728361142365e-17
2838.610463079606 8.381228223936751e-17 5.317932908447084e-17
2840.1553724080886 3.002921321638443e-16 6.044386745192795e-17
2841.7002865057284 1.1102205099960944e-16 5.5200875783489186e-17
2843.2452053725697 9.88370188322133e-17 5.445328979819846e-17
2844.790129008656 1.956835234732688e-16 5.803258964422157e-17
2846.3350574140313 1.4881438470505057e-16 5.620360728308312e-17
2847.879990588741 1.6421701710637998e-16 5.72906681917656e-17
2849.424928532828 7.602933323841118e-17 5.4110800628654555e-17
2850.969871246337 5.62064991065046e-17 5.355273495658953e-17
2852.514818729312 1.0468167189972108e-16 5.489438220548114e-17
2854.059770981797 1.219889571446253e-16 5.596295066438939e-17
2855.6047280038365 1.1170696978169315e-16 5.656746087348804e-17
2857.149689795475 1.861347787838057e-17 5.336775090184307e-17
2858.6946563567562 3.283268779274874e-17 5.418797657980575e-17
2860.2396276877244 1.836583820095567e-16 5.783432437755996e-17
2861.784603788424 1.5147376375696366e-16 5.767555202206408e-17
2863.3295846588985 3.833420318111237e-17 5.363795110329474e-17
2864.8745702991923 6.921505243942384e-17 5.567261026938328e-17
2866.41956070935 9.268542220044424e-17 5.671826582532381e-17
2867.964555889416 1.2238633471089576e-16 5.697878139616371e-17
2869.5095558394337 6.777585743525507e-17 5.611053953800355e-17
2871.054560559447 3.762647075773445e-17 5.4915683760615604e-17
2872.599570049502 1.334919689708041e-16 5.813308216247941e-17
2874.144584309641 1.3084431603125457e-16 5.806440631930281e-17
2875.689603339908 9.418165296220976e-17 5.728106627921509e-17
2877.2346271403485 1.0068882476081331e-16 5.831678905036009e-17
2878.7796557110064 1.4182452324052028e-16 5.905830022123222e-17
2880.3246890519254 1.5226261612865343e-16 5.955571370206241e-17
2881.8697271631504 2.313179216315714e-16 6.179779667855474e-17
2883.4147700447243 6.625345467890838e-17 5.726122717940362e-17
2884.9598176966924 1.7769843319954883e-16 6.106738958022552e-17
2886.5048701190985 1.8859312978581125e-16 6.113689922145957e-17
2888.0499273119867 9.236645473879889e-17 5.88443383752668e-17
2889.5949892754015 2.075889421238424e-16 6.142260078759049e-17
2891.1400560093866 1.2578243390357307e-16 5.943681145209159e-17
2892.685127513987 1.7861187882382379e-16 6.268449459054219e-17
2894.2302037892464 4.0382520753475383e-17 5.659569751087815e-17
2895.7752848352084 2.30494817365077e-16 6.361931456184551e-17
2897.3203706519184 8.190988594450376e-17 5.96320525464337e-17
2898.8654612394193 1.28517384176249e-16 6.035144821644862e-17
2900.4105565977566 6.396609514440734e-17 5.90314598647161e-17
2901.9556567269738 1.8288838935583314e-16 6.286961099418665e-17
2903.500761627115 1.5069793451683792e-16 6.170777295812937e-17
2905.045871298224 1.1963121446616334e-16 6.107004979307549e-17
2906.5909857403462 1.2280734979035055e-16 6.199772954133126e-17
2908.136104953525 1.7791891322874116e-16 6.324821486927462e-17
2909.681228937805 1.7072871523729542e-16 6.314784146502499e-17
2911.2263576932296 7.263740303602113e-17 6.037083733000686e-17
2912.771491219844 1.3900023746168862e-16 6.251871436089676e-17
2914.3166295176916 1.3195186454934878e-16 6.287106021461985e-17
2915.861772586817 1.9539084712021283e-16 6.507644945913933e-17
2917.4069204272646 1.2970199945765354e-16 6.298625007800153e-17
2918.9520730390777 1.9976528260185866e-16 6.625090696262172e-17
2920.4972304223024 1.5830145811676416e-16 6.40995094510448e-17
2922.04239257698 1.1860798543099035e-16 6.361622421507702e-17
2923.5875595031575 3.2421620718212757e-16 6.993465325023067e-17
2925.1327312008775 1.5799999379688043e-16 6.484071621945151e-17
2926.677907670185 8.13957501804102e-17 6.297069908248553e-17
2928.223088911123 1.8168856718604742e-16 6.655440283808987e-17
2929.7682749237374 2.1463761943864767e-17 6.160892818365173e-17
2931.3134657080714 1.7873320305862816e-16 6.658876061201287e-17
2932.858661264169 1.6221932960495012e-16 6.672695271386843e-17
2934.403861592075 8.874648076769533e-17 6.419379480598604e-17
2935.9490666918337 1.6720869777141277e-16 6.704579444406067e-17
2937.4942765634883 1.7724982337485927e-16 6.698580068859343e-17
2939.0394912070847 1.3449717208606835e-16 6.645137583843517e-17
2940.584710622665 5.640526068153375e-17 6.432782453499923e-17
2942.129934810275 1.941488718264114e-16 6.933887806840057e-17
2943.6751637699585 1.6201549906712725e-16 6.708561161002653e-17
2945.2203975017596 1.2193658668568333e-16 6.835952931036229e-17
2946.7656360057226 1.7143786710260449e-16 6.881921012037026e-17
2948.310879281892 5.1346670732690207e-17 6.517203183328105e-17
2949.856127330311 1.980031761388839e-16 7.072869369872237e-17
2951.4013801510255 1.2112736581859005e-16 6.716898479832697e-17
2952.9466377440776 1.0522850445906763e-16 6.87667006950854e-17
2954.4919001095136 1.3055801889508262e-16 6.897690383234737e-17
2956.0371672473766 1.897093603916148e-16 7.1476352475907e-17
2957.5824391577103 1.1195831357390106e-16 6.97073241655664e-17
2959.1277158405596 2.606483333282155e-17 6.522712206207708e-17
2960.6729972959697 3.013079099560594e-16 7.665970442218069e-17
2962.218283523983 1.3914596683328576e-16 7.096232259093185e-17
2963.7635745246444 2.809947363919212e-16 7.528131711920192e-17
2965.308870297999 7.849006982930333e-17 7.023668005293093e-17
2966.85417084409 1.0483727449910965e-16 7.026136973985441e-17
2968.399476162962 1.8004210719015247e-16 7.370526011960259e-17
2969.944786254659 1.395178275320202e-16 7.331068173252499e-17
2971.4901011192255 2.0706842714286484e-16 7.515016597872042e-17
2973.0354207567057 4.2081281725140835e-17 7.027586194418634e-17
2974.580745167143 -3.746886307254105e-17 6.866267446125073e-17
2976.126074350583 1.432037708113361e-16 7.533364787347448e-17
2977.6714083070697 2.2180783274649413e-16 7.702835566013842e-17
2979.216747036646 1.511922841206792e-16 7.579230297952288e-17
2980.762090539358 3.2485546559439836e-17 7.183938550314427e-17
2982.307438815248 7.681824516710505e-17 7.424397307405632e-17
2983.8527918643617 2.455913002955332e-16 8.106296549381277e-17
2985.3981496867427 1.0258345217536397e-16 7.546575854346655e-17
2986.943512282435 1.4377968704102002e-16 7.732471793000392e-17
2988.488879651484 1.751274102719462e-16 7.988055382156006e-17
2990.0342517939325 3.9853578456417124e-17 7.509500295803048e-17
2991.5796287098256 2.706570433778173e-16 8.355067479011904e-17
2993.1250103992074 1.1389048837081672e-16 7.849537702011347e-17
2994.670396862122 1.4667239720012206e-16 7.917420775288878e-17
2996.215788098613 2.1680767814484379e-16 8.280341305962844e-17
2997.7611841087255 7.736186164823e-17 7.975664216579962e-17
2999.306584892504 2.13500729169865e-16 8.366285371607103e-17
3000.851990449992 1.9345373570940145e-16 8.458832323773006e-17
3002.3974007812335 1.5891725106941803e-16 8.269320613225677e-17
3003.9428158862747 3.0587929383283166e-16 8.767948395195093e-17
3005.488235765157 2.1120693747892074e-16 8.593077119745462e-17
3007.0336604179265 9.332577249112359e-17 8.25593881614804e-17
3008.5790898446267 1.5086270889485848e-16 8.455601687172619e-17
3010.1245240453027 2.3942450339282787e-16 8.865526590718788e-17
3011.6699630199973 8.939828585549731e-17 8.465498737765694e-17
3013.215406768756 8.648247419624789e-17 8.398898787054354e-17
3014.7608552916226 1.0966890924892579e-16 8.600338442034698e-17
3016.306308588642 4.8449136456255756e-17 8.403930692156637e-17
3017.8517666598577 1.907979168428448e-16 8.93497071924833e-17
3019.397229505313 2.1219725134315903e-16 9.078217887263323e-17
3020.942697125054 -2.3665470234658386e-17 8.426343978034374e-17
3022.488169519124 3.014325230609793e-17 8.673888695124953e-17
3024.0336466875674 3.7839777476654727e-17 8.674328093466341e-17
3025.579128630429 3.3807080084556604e-17 8.640985435591064e-17
3027.1246153477514 5.909402780624961e-17 8.92358937576409e-17
3028.6701068395805 2.1182441126257933e-16 9.3715910572673e-17
3030.2156031059603 2.7231129872380493e-16 9.745268906371395e-17
3031.7611041469345 1.6870386974199422e-16 9.512835124710935e-17
3033.3066099625476 4.1632364189263406e-17 9.078606993023468e-17
3034.8521205528436 2.220976238935735e-16 9.800973895798676e-17
3036.3976359178673 1.4112036092866614e-16 9.554082320519769e-17
3037.9431560576627 7.226140643422393e-17 9.399103746185304e-17
3039.488680972274 1.406610837827971e-16 9.84315348959398e-17
3041.0342106617454 3.4770027505409186e-17 9.508218795148399e-17
3042.579745126121 1.1791369634692764e-16 9.751857234514258e-17
3044.1252843654456 1.5181847969671656e-16 1.0078499608755118e-16
3045.670828379763 2.0330349804121748e-16 1.023015291702712e-16
3047.2163771691175 1.9376155277638958e-16 1.037912814534792e-16
3048.761930733554 -5.878412624411785e-17 9.463063998125864e-17
3050.3074890731154 1.3799034919543488e-16 1.0343963704891556e-16
3051.8530521878474 1.6897407325216834e-16 1.0573440812170507e-16
3053.3986200777936 5.158150069114911e-17 1.0136352620797076e-16
3054.944192742998 2.544313331797731e-16 1.1013213700940039e-16
3056.4897701835052 1.134471857369373e-16 1.0594142165052504e-16
3058.0353523993595 2.0927674460675275e-17 1.0270925642036593e-16
3059.5809393906047 1.3533791846066724e-16 1.0829152779757189e-16
3061.126531157286 1.3518705395182737e-16 1.0829919079876658e-16
3062.6721276994467 4.965531799059078e-17 1.0675803420357209e-16
3064.217729017132 3.925416037116935e-17 1.0688399726725166e-16
3065.763335110386 1.712697707672439e-16 1.1307330010006334e-16
3067.308945979252 1.4816475013917593e-16 1.1391402000488263e-16
3068.8545616237743 -2.843599453518033e-17 1.080014719526965e-16
3070.400182043999 8.278922525776193e-17 1.131084254975948e-16
3071.945807239968 2.7547316683678683e-16 1.1914652633187667e-16
3073.4914372117273 2.4179013406561113e-16 1.196789659485648e-16
3075.03707195932 1.2115562230831487e-16 1.1809448494160723e-16
3076.5827114827916 2.3801533173617234e-16 1.2109965195934708e-16
3078.1283557821853 2.221440783567745e-16 1.21950033333721e-16
3079.6740048575457 2.854203247226473e-17 1.169194914250879e-16
3081.2196587089174 8.936971834586218e-17 1.198225909726836e-16
3082.765317336344 1.9555918168358982e-16 1.243213417742288e-16
3084.310980739871 -2.7612170621553045e-17 1.1815614629318938e-16
3085.8566489195414 7.743098086021493e-17 1.2245625463371364e-16
3087.4023218753996 2.182319508107621e-16 1.3104495696063544e-16
3088.947999607491 1.3978874572624357e-16 1.275236160057727e-16
3090.493682115858 1.1579997856661373e-16 1.2886114720393624e-16
3092.039369400547 2.0946038201146198e-16 1.3025576048181084e-16
3093.5850614616006 -6.656972884047925e-17 1.242134641874621e-16
3095.130758299064 1.009194559504829e-16 1.3194181926798993e-16
3096.6764599129815 1.866845527974105e-16 1.3535181509495813e-16
3098.2221663033965 7.727664384716356e-18 1.3243041169476785e-16
3099.7678774703545 1.6890605212244657e-18 1.318085968672546e-16
3101.3135934138986 6.597867851430806e-17 1.332548262153525e-16
3102.859314134074 1.1497977274098575e-16 1.3928436407593324e-16
3104.4050396309244 1.1452557779280024e-16 1.3924296534063618e-16
3105.950769904494 -1.9409358969171327e-16 1.3111544598371476e-16
3107.4965049548277 -4.1574147217751924e-17 1.3663857725584562e-16
3109.04224478197 2.422033802647528e-16 1.4643475151885802e-16
3110.5879893859637 -2.078647704621819e-16 1.3520800478238212e-16
3112.1337387668545 2.851158957874482e-16 1.5218916249025872e-16
3113.6794929246867 3.8887573776020547e-16 1.5730885461659032e-16
3115.2252518595033 1.46946068251424e-16 1.5072636306013014e-16
3116.77101557135 8.63276871969433e-18 1.4983913575255067e-16
3118.31678406027 1.65034562719158e-16 1.5451279885770388e-16
3119.8625573263084 1.0112765400194004e-16 1.539141318524523e-16
3121.4083353695087 1.9902304351204748e-16 1.5836675906304154e-16
3122.9541181899162 6.70695246014736e-17 1.5471538531588547e-16
3124.499905787575 -6.430488640302283e-19 1.5390245867964795e-16
3126.0456981625284 -7.430364257472345e-17 1.5547277835451862e-16
3127.5914953148217 -5.802817580847298e-17 1.5414310868089678e-16
3129.1372972444983 1.0771089994711887e-16 1.6539632519697438e-16
3130.6831039516037 1.9364425194808466e-16 1.6784622241311964e-16
3132.228915436181 3.592100234391793e-16 1.7029584169657907e-16
3133.7747316982754 -1.4001948279503156e-16 1.6416669805535716e-16
3135.320552737931 1.4456283517520562e-16 1.7036770714819768e-16
3136.8663785551917 2.8703360484981153e-16 1.6751839419275262e-16
3138.4122091501017 7.5608606679554045e-16 1.4838088912451358e-16
3139.958044522705 5.798784380529388e-16 1.47426680039652e-16
3141.503884673048 1.44832755458738e-15 1.9320915494588177e-16
3143.0497296011727 1.9070025659100433e-15 2.5534274063101874e-16
3144.595579307124 5.860755957928473e-17 3.5622013610171454e-17
