wavelength flux error
1121.7025779552214 0.0 0.0
1122.284471691103 0.0 0.0
1122.8663640225866 0.0 0.0
1123.4482549496836 0.0 0.0
1124.0301444724037 0.0 0.0
1124.6120325907568 0.0 0.0
1125.1939193047533 0.0 0.0
1125.7758046144038 0.0 0.0
1126.3576885197176 0.0 0.0
1126.9395710207054 0.0 0.0
1127.5214521173775 0.0 0.0
1128.1033318097436 0.0 0.0
1128.6852100978142 0.0 0.0
1129.2670869815995 0.0 0.0
1129.8489624611093 0.0 0.0
1130.4308365363545 0.0 0.0
1131.0127092073444 0.0 0.0
1131.5945804740893 0.0 0.0
1132.1764503366003 0.0 0.0
1132.7583187948865 0.0 0.0
1133.3401858489583 0.0 0.0
1133.9220514988262 0.0 0.0
1134.5039157445 0.0 0.0
1135.0857785859905 0.0 0.0
1135.667640023307 0.0 0.0
1136.2495000564602 0.0 0.0
1136.8313586854604 0.0 0.0
1137.4132159103174 0.0 0.0
1137.9950717310412 -2.3774851635778723e-16 1.1158241146921703e-14
1138.5769261476423 -6.201801174525326e-15 3.087375800435617e-15
1139.1587791601312 -4.075039933856654e-15 2.0004828160349224e-15
1139.7406307685173 -3.0173373988842374e-15 1.507863700504872e-15
1140.3224809728113 -2.6687073198820768e-15 1.0549877943764668e-15
1140.9043297730232 -2.9872859404650757e-15 5.527750765659248e-19
1141.486177169163 -1.655926965509055e-15 8.211131567331675e-16
1142.0680231612412 -1.382486836564356e-15 7.066737645427504e-16
1142.6498677492677 -1.764612833465688e-15 3.327458866568261e-19
1143.231710933253 -1.4996675979490025e-15 2.6655013775181065e-19
1143.8135527132067 2.2511553280146912e-17 7.619090477309993e-16
1144.3953930891396 -7.28951631028045e-16 3.927725393038285e-16
1144.9772320610612 3.3080797639633815e-16 6.549031637461268e-16
1145.5590696289823 -2.721872613365914e-16 4.1899543527118034e-16
1146.1409057929127 2.3873989232193203e-17 4.544181413671184e-16
1146.7227405528627 -6.78735600387429e-16 1.2076778782137384e-19
1147.3045739088425 -4.4210882034960246e-16 1.9280816425469566e-16
1147.8864058608617 -3.773906062701476e-16 1.7453374605503935e-16
1148.4682364089313 -1.7408558621660302e-16 2.315617347714826e-16
1149.0500655530611 1.0316609834651162e-17 2.7195297731733676e-16
1149.6318932932613 -4.229553407693738e-16 7.82542069290545e-20
1150.2137196295419 -1.2612802334605283e-16 1.8752749616371634e-16
1150.7955445619132 -3.627589061997176e-16 6.573964280772342e-20
1151.3773680903855 4.658505434018484e-18 1.9838268660392322e-16
1151.9591902149687 -1.0064749881741016e-16 1.5459150674734952e-16
1152.541010935673 -2.0000094304965257e-16 9.90539320586043e-17
1153.1228302525087 -2.8516849123951676e-16 5.395823535892709e-20
1153.704648165486 -1.6193260895230454e-16 1.222433317265976e-16
1154.2864646746148 -2.1091213030860684e-16 9.003739206653538e-17
1154.8682797799056 -8.171596833914173e-17 1.1654248235422093e-16
1155.4500934813682 -1.2223369507246135e-17 1.347770900053563e-16
1156.031905779013 -1.5289193513868377e-16 7.424954496266248e-17
1156.6137166728502 -5.653328838802225e-17 1.1006979406099349e-16
1157.1955261628896 -7.061865220747322e-17 1.0060573612264358e-16
1157.7773342491419 -1.3839279572449908e-16 6.77996471496721e-17
1158.3591409316168 -6.639932301684843e-17 9.46986540799452e-17
1158.940946210325 1.0574479461506659e-18 1.135422519503768e-16
1159.522750085276 -6.388994820593816e-17 8.911702459489458e-17
1160.1045525564805 -1.8647800910717846e-16 3.564105417049908e-20
1160.6863536239482 6.4016020457458595e-18 1.0860139627247916e-16
1161.2681532876895 -5.58492960482246e-17 8.560689359169316e-17
1161.8499515477147 -1.7314117095019408e-16 3.1857875784328186e-20
1162.4317484040337 -1.1204064782335214e-16 5.763332610615447e-17
1163.013543856657 -1.1238881806934306e-16 5.340252888351725e-17
1163.5953379055945 -1.0617594389779607e-16 5.726449619718443e-17
1164.1771305508562 -5.266847226432544e-17 7.56272043467022e-17
1164.7589217924524 -1.0350975549508045e-16 5.284155153569604e-17
1165.3407116303933 5.403529640952133e-18 9.21809346710155e-17
1165.9225000646893 1.3975131745788677e-16 1.1825961666165241e-16
1166.5042870953503 -4.618123551848442e-17 7.259803585630851e-17
1167.0860727223865 -5.926842394915539e-17 6.381238513426029e-17
1167.667856945808 9.843136945981729e-17 1.0804940872355517e-16
1168.249639765625 4.8112358141660916e-17 9.718559575264303e-17
1168.8314211818476 5.300506529046307e-17 9.585967155283483e-17
1169.4132011944862 -1.3627760887141728e-16 2.5308949549839485e-20
1169.9949798035507 1.9715310164851724e-18 7.855016284644408e-17
1170.5767570090513 -1.2833253288399086e-18 7.553652549923168e-17
1171.1585328109982 -9.503061158593008e-17 3.8875844354934545e-17
1171.7403072094016 1.0493551212301768e-17 7.764406920345349e-17
1172.3220802042717 -3.837968487991299e-17 6.239588796609998e-17
1172.9038517956187 1.2555107479496444e-16 1.0203614977742948e-16
1173.4856219834521 -1.2259490333926733e-16 2.3006547244760685e-20
1174.067390767783 -8.086602371613124e-17 3.967111233945528e-17
1174.6491581486214 -7.915765090574792e-17 4.008045424610572e-17
1175.2309241259766 3.998201975321191e-17 7.854066681301197e-17
1175.8126886998596 -3.4780952906939786e-17 5.718566257608567e-17
1176.3944518702806 -4.344721830553945e-17 5.189426429820031e-17
1176.9762136372492 -3.491502234062238e-17 5.422912054347414e-17
1177.5579740007759 6.763228762544216e-19 6.38062573802825e-17
1178.1397329608708 9.053575349634756e-18 6.593976132084867e-17
1178.721490517544 -7.040735719180267e-17 3.641076341146527e-17
1179.303246670806 -3.492714549967996e-17 4.956152232657217e-17
1179.8850014206664 1.0532707791830435e-16 8.529685968066339e-17
1180.4667547671356 -6.866835884642019e-17 3.3125738031441576e-17
1181.0485067102238 -6.612916582878861e-17 3.4472361598898303e-17
1181.6302572499412 4.4813332729769765e-18 5.822700355795113e-17
1182.2120063862978 -6.444629003360663e-17 3.329130319412774e-17
1182.7937541193041 -3.131613154897157e-17 4.5927254674483687e-17
1183.3755004489697 -9.56346188692163e-17 1.8837495565182338e-20
1183.957245375305 8.831105951069232e-17 7.525024159794953e-17
1184.5389888983207 6.791745090378945e-17 7.199660937653345e-17
1185.120731018026 3.0882751773720336e-17 6.116180066661987e-17
1185.7024717344316 3.172748846759419e-17 6.082233897811791e-17
1186.2842110475476 6.608547745755601e-17 6.95545141279258e-17
1186.8659489573845 -2.8620737053187926e-17 4.1935439856980385e-17
1187.4476854639518 5.677844486924827e-17 6.412308078978011e-17
1188.0294205672596 3.524325008922526e-18 5.16592821385087e-17
1188.611154267319 2.7414270968722184e-17 5.591769395871539e-17
1189.1928865641394 6.651119009570949e-18 5.1214824760494154e-17
1189.774617457731 8.275587333546379e-17 6.740285853599776e-17
1190.356346948104 1.8579022497145287e-18 4.815187090516135e-17
1190.9380750352686 1.0676717951242447e-16 7.068680527250269e-17
1191.5198017192351 1.0400988212831981e-16 7.058319593769674e-17
1192.1015270000134 -1.0176533208565054e-18 4.553222630115286e-17
1192.6832508776138 1.4056832044018295e-16 7.725334216930794e-17
1193.2649733520468 7.233659384318255e-17 6.186832540630346e-17
1193.8466944233217 7.70077357018287e-17 6.28983770271688e-17
1194.4284140914492 7.533618897231624e-17 6.112763479859898e-17
1195.0101323564397 1.51516671269698e-16 7.464172121724122e-17
1195.5918492183027 9.710342693931446e-17 6.51884563315239e-17
1196.173564677049 2.0427384045674629e-16 8.329647887915905e-17
1196.7552787326883 1.4988977244092871e-16 7.323063711900946e-17
1197.336991385231 1.0020915926720606e-16 6.442696709449739e-17
1197.918702634687 4.678475641957046e-17 5.179396037712213e-17
1198.5004124810666 1.9681431245785328e-16 8.043779562173499e-17
1199.0821209243802 1.8042914830748849e-16 7.499832208803528e-17
1199.6638279646374 1.1557760594817988e-16 6.483070402531717e-17
1200.245533601849 1.3998925430672642e-16 6.904061659184865e-17
1200.8272378360248 6.240488769116456e-17 5.224005888147198e-17
1201.4089406671749 8.829711655428712e-17 5.74279206164453e-17
1201.9906420953093 2.3809227938547447e-16 8.096338618295118e-17
1202.5723421204384 1.9586705169013716e-16 7.443505841300097e-17
1203.1540407425725 1.24938974376565e-16 6.282888062082454e-17
1203.7357379617217 2.498138389469347e-16 8.130122659745254e-17
1204.317433777896 3.5035683507447736e-16 9.249564711558987e-17
1204.8991281911055 3.3692246901455053e-16 9.126339284834718e-17
1205.4808212013602 4.270315015395779e-16 9.704642426894221e-17
1206.0625128086706 4.10223350311178e-16 9.775020276899213e-17
1206.644203013047 -2.3377475723869474e-17 1.0455465666230234e-16
1207.225891814499 -6.387768690771829e-18 1.31603019323978e-16
1207.8075792130371 -1.9462592012056054e-17 1.4928725408274509e-16
1208.3892652086715 -6.800794446280275e-17 1.8212214217592322e-16
1208.9709498014122 -1.1563990257447247e-15 2.7156564503242513e-16
1209.552632991269 -2.8425255745595924e-16 4.813380131011625e-16
1210.1343147782532 1.391085491528408e-15 5.847616888729782e-16
1210.7159951623737 1.2029375304959381e-16 6.006088812227181e-16
1211.2976741436412 -7.56802299326893e-17 6.003762118600192e-16
1211.8793517220658 1.2039757017216963e-15 6.129910735434775e-16
1212.461027897658 1.3872121157397325e-15 6.037708022752592e-16
1213.042702670427 4.272295219607782e-16 6.004766911433873e-16
1213.6243760403838 2.743898381670282e-16 5.869775800025547e-16
1214.2060480075381 2.0906839898627433e-15 6.043046977298255e-16
1214.7877185719003 2.637066351197833e-16 5.706573197517733e-16
1215.3693877334808 1.1493137274898405e-16 5.930453005202109e-16
1215.9510554922892 9.074807256161644e-17 5.680066360224593e-16
1216.532721848336 8.307833613150554e-16 5.509464924922513e-16
1217.114386801631 1.2038364706809914e-15 5.813515871668916e-16
1217.6960503521848 3.735858136804201e-16 5.610510132178438e-16
1218.2777125000075 -4.2534934704589007e-16 5.399626456882903e-16
1218.8593732451086 -1.4740098053063672e-15 5.351070822577143e-16
1219.441032587499 3.2573853714658037e-16 5.222441987393881e-16
1220.0226905271886 -4.474677066393048e-16 5.209689376977375e-16
1220.6043470641873 5.934910516087034e-16 5.244380670123359e-16
1221.1860021985058 1.8007503294899902e-15 4.703885240711246e-16
1221.7676559301538 -1.7210632168177594e-16 3.38339687484205e-16
1222.3493082591415 -8.78458994563068e-17 1.8826685004755093e-16
1222.930959185479 -4.0838542116453417e-16 1.1079339842596508e-16
1223.5126087091764 7.223934387292591e-17 1.1493237860060892e-16
1224.0942568302444 2.3379881165090778e-17 8.674498823544772e-17
1224.6759035486928 -1.4731755837324402e-16 7.137589966231856e-17
1225.2575488645314 5.687443256189015e-18 7.401313012614992e-17
1225.8391927777707 1.2863475117900293e-16 7.370321532912836e-17
1226.4208352884214 6.23415455085777e-17 6.39778675788852e-17
1227.0024763964923 1.0552069112120096e-16 6.388528290728336e-17
1227.5841161019944 1.0918608723410104e-16 6.440192668299418e-17
1228.1657544049378 2.1700415421984044e-18 4.579248379164165e-17
1228.7473913053327 3.5307105950972516e-17 4.420049860216699e-17
1229.329026803189 1.4467141421113178e-16 5.142359522093519e-17
1229.910660898517 1.9419895264941782e-16 5.686983178332313e-17
1230.492293591327 1.0668740621414986e-16 4.419610131003066e-17
1231.073924881629 9.683204552394807e-17 4.3211756381092556e-17
1231.6555547694327 1.0685155193490488e-16 4.3696748917844647e-17
1232.237183254749 1.3707532861927362e-16 4.8947492922984254e-17
1232.8188103375876 6.789741328063097e-17 3.783348097783197e-17
1233.4004360179588 1.0410926291583438e-16 4.339119170829001e-17
1233.9820602958725 1.0753116352617845e-16 4.365619721549485e-17
1234.563683171339 8.054463426965234e-17 3.972712239309247e-17
1235.145304644369 1.6980284205149747e-16 5.208909841968105e-17
1235.7269247149716 1.136047206302368e-16 4.4844008722786294e-17
1236.3085433831577 6.584174372698359e-17 3.609104156110127e-17
1236.890160648937 5.701176274154743e-17 3.5236286055648176e-17
1237.47177651232 8.042800180328236e-17 3.8774613991570306e-17
1238.053390973317 6.238639193266787e-17 3.6470135127111874e-17
1238.6350040319371 1.4300842383787557e-16 4.8185166579177834e-17
1239.216615688192 1.675618840406382e-16 5.195854284924058e-17
1239.7982259420908 7.256347955903849e-17 3.8167976273936166e-17
1240.3798347936438 9.362087744645801e-17 3.978396293606466e-17
1240.961442242861 1.4850147220548911e-16 4.9080099901343855e-17
1241.543048289753 3.217487075625472e-17 3.007787856792664e-17
1242.1246529343298 1.0262545309814696e-16 4.2976205121139505e-17
1242.7062561766013 1.1259974250809918e-16 4.524449317943752e-17
1243.287858016578 4.5271925797272226e-17 3.272179926855233e-17
1243.8694584542695 1.448369826825404e-16 4.782730177640779e-17
1244.4510574896865 9.497499196154202e-17 4.0766299470475486e-17
1245.032655122839 6.257737139249412e-17 3.475156814285945e-17
1245.6142513537368 1.1105652788754065e-16 4.294434543266641e-17
1246.1958461823906 4.141344256834512e-17 3.053104119470769e-17
1246.7774396088103 8.91906767566363e-17 3.869196541348646e-17
1247.3590316330058 5.533294013136695e-17 3.347517551813093e-17
1247.9406222549876 6.763971674131865e-17 3.560289912057658e-17
1248.5222114747653 5.1457082800853785e-17 3.1821472728792464e-17
1249.1037992923498 4.9535446284942045e-17 3.1952647030331123e-17
1249.6853857077506 2.822976517358106e-17 2.7141978000320753e-17
1250.2669707209782 8.898812338567922e-17 3.8370714933350463e-17
1250.8485543320428 1.141115375002705e-16 4.300279070602696e-17
1251.4301365409544 1.2593912176392532e-16 4.3828396366693686e-17
1252.011717347723 1.0672467566382905e-16 4.0686423601804915e-17
1252.593296752359 1.4133597051841176e-16 4.630803238022145e-17
1253.1748747548722 1.0012604415925673e-16 3.973338580469072e-17
1253.756451355273 4.118036292406238e-17 2.9670048747435944e-17
1254.3380265535716 9.957944321048169e-17 3.974586630577292e-17
1254.9196003497782 7.698397245719127e-17 3.5791291159446755e-17
1255.5011727439025 1.5811051836160732e-16 4.7315071836445555e-17
1256.0827437359549 3.9895847385718584e-17 2.8881563643938147e-17
1256.6643133259456 1.082994224093381e-16 4.0131388719504284e-17
1257.245881513885 5.189425768075541e-17 3.119902593529121e-17
1257.8274482997826 5.960950029421306e-17 3.2852106684809034e-17
1258.4090136836492 6.288036434214984e-17 3.297655435360641e-17
1258.9905776654944 1.3493979974056792e-16 4.4145355433811755e-17
1259.5721402453282 1.0200552424243032e-16 3.897009331392884e-17
1260.1537014231617 2.195956076813925e-17 2.44058729835097e-17
1260.735261199004 2.813162184826287e-17 2.5942842390443455e-17
1261.316819572866 -6.895778768839127e-18 1.6197855718097063e-17
1261.8983765447572 9.260200930747439e-17 3.679123009729271e-17
1262.4799321146884 5.94183355459296e-18 2.053684485613377e-17
1263.0614862826692 2.641158413688133e-17 2.4883540008757022e-17
1263.64303904871 5.915063342992784e-17 3.2363719398823026e-17
1264.224590412821 2.7946389639332646e-17 2.5508417058897956e-17
1264.8061403750123 4.0153252757455286e-17 2.822989752247907e-17
1265.3876889352935 2.659526951806608e-17 2.4756423855303548e-17
1265.9692360936754 6.30669564360071e-17 3.2488163758897953e-17
1266.550781850168 4.9826932325096544e-18 1.9397166988686785e-17
1267.1323262047813 6.481321411844535e-17 3.308039860770632e-17
1267.7138691575256 3.3547308976268e-17 2.6277939874033587e-17
1268.2954107084108 -6.005389563368166e-18 1.5811314217851033e-17
1268.8769508574471 1.6379860268277106e-17 2.232597861844309e-17
1269.458489604645 2.6111433379810338e-17 2.4559927100791577e-17
1270.0400269500142 -2.804124740325778e-17 6.228531475927567e-21
1270.6215628935647 5.647375868087865e-18 1.9420329700199495e-17
1271.2030974353074 -5.706838573601852e-18 1.5658821817565658e-17
1271.7846305752519 -1.6266010437487757e-17 1.1606348191382618e-17
1272.3661623134083 1.646976156597182e-17 2.2068465713226758e-17
1272.9476926497866 -2.7637624623362527e-17 6.2724249588715125e-21
1273.5292215843976 -2.7509419900222933e-17 6.1861077733786805e-21
1274.110749117251 6.764319089989137e-18 1.9775400286860332e-17
1274.6922752483567 1.6839200279872703e-17 2.2094033865960772e-17
1275.273799977725 -1.7166732576375578e-19 1.758924960902761e-17
1275.8553233053663 -5.535947194951459e-18 1.5310955974040157e-17
1276.4368452312906 6.1712744313610815e-18 1.9242065660749417e-17
1277.0183657555078 -1.6198057550166526e-17 1.0802073037171796e-17
1277.5998848780284 1.8573809604924977e-17 2.2810582380307282e-17
1278.1814025988624 -9.15310192773229e-19 1.6928959302502057e-17
1278.76291891802 -4.218600444505127e-18 1.6019012652218198e-17
1279.344433835511 -7.909601933266782e-18 1.4869670006494143e-17
1279.925947351346 -5.222934192945574e-18 1.5102466755007392e-17
1280.5074594655348 -1.449135729898179e-17 1.2088726010218429e-17
1281.0889701780877 -2.6537049237832148e-17 6.183595131488694e-21
1281.6704794890147 1.9390582631010863e-17 2.191444633753061e-17
1282.251987398326 4.1912526954012666e-17 2.791228001959341e-17
1282.833493906032 1.6802139279707877e-17 2.1510409967329083e-17
1283.414999012142 2.409187522298457e-17 2.3287897026613656e-17
1283.9965027166672 -1.475675819851943e-17 1.1451629020888249e-17
1284.578005019617 5.559585121726081e-18 1.8159299473807305e-17
1285.159505921002 -4.1874012597511585e-18 1.5427793581202047e-17
1285.7410054208322 1.7347530890427365e-17 2.157112336992925e-17
1286.3225035191176 6.306688447129381e-18 1.8500786100448796e-17
1286.9040002158683 7.556333773160698e-18 1.925405812527021e-17
1287.4854955110945 1.8430626295253273e-17 2.2117634983198135e-17
1288.0669894048065 2.0544588921028492e-17 2.2244066231104415e-17
1288.648481897014 -8.71923018681174e-19 1.6316001924988012e-17
1289.2299729877275 6.405592365020815e-18 1.8362512934893207e-17
1289.8114626769575 7.293890044312936e-18 1.8915767724515624e-17
1290.3929509647132 5.198874486776612e-17 2.4027290615117656e-17
1290.9744378510054 3.986036133744006e-17 2.472301403036253e-17
1291.555923335844 4.284710538857713e-17 2.395698026305065e-17
1292.1374074192395 2.621548277470216e-17 2.1278660429471326e-17
1292.7188901012012 1.2844070122474289e-17 2.174652040137622e-17
1293.3003713817402 4.1371530981068285e-17 2.845602554089392e-17
1293.881851260866 9.152386209707278e-17 3.381960359903066e-17
1294.463329738589 3.0668551699738504e-17 2.6122903066184e-17
1295.0448068149192 6.819995624403346e-17 3.0831890092215675e-17
1295.6262824898668 -4.7665134671677996e-17 2.5209091828078292e-17
1296.2077567634421 1.273603950729425e-17 4.7313185864648934e-17
1296.7892296356545 4.048523011577487e-17 4.4836716298506026e-17
1297.3707011065155 -7.126773090797623e-17 3.7054991524856267e-17
1297.9521711760337 4.0186141458610394e-17 4.927128119323956e-17
1298.5336398442205 1.9868939194016809e-16 5.951722002507664e-17
1299.115107111085 2.5753308842327955e-17 5.412222564727514e-17
1299.6965729766382 5.4370995253416786e-18 5.807664197492369e-17
1300.2780374408894 1.351001669002848e-16 7.1822656602436e-17
1300.8595005038496 -2.0718748490279082e-17 6.236777044271808e-17
1301.4409621655284 3.8513029703378987e-17 5.3362976415347415e-17
1302.022422425936 -5.21662710621098e-17 6.156115684891557e-17
1302.6038812850825 4.1630163888834015e-17 6.23213027446273e-17
1303.1853387429783 -3.48673750829781e-18 6.398332035348315e-17
1303.766794799633 1.7901650910970513e-17 6.435137602139984e-17
1304.3482494550572 5.915541784259085e-17 5.779778284681982e-17
1304.929702709261 -1.8844092524437904e-17 5.3968988784438464e-17
1305.5111545622542 -1.0491626032144112e-16 4.978833525053421e-17
1306.0926050140474 -1.3872253142335864e-17 5.72562905655079e-17
1306.6740540646504 8.830312519425671e-17 6.828385221048104e-17
1307.2555017140733 -1.1253089461135516e-16 5.316648793264157e-17
1307.8369479623263 -6.27580408731655e-17 5.1140113807568365e-17
1308.4183928094199 4.4471221581765795e-17 5.664718123220345e-17
1308.9998362553636 2.5274971800784466e-17 4.438828514482878e-17
1309.581278300168 6.15799652816838e-18 5.1392010156425463e-17
1310.162718943843 2.504091277465646e-17 5.4013319047826406e-17
1310.7441581863986 -6.508268309223552e-17 3.408143935012819e-17
1311.3255960278452 -6.625183340490777e-17 2.18924830379061e-17
1311.9070324681932 4.732014079923928e-17 3.1786678203506033e-17
1312.4884675074518 5.886047832337894e-17 2.874620049977752e-17
1313.069901145632 4.2545521954685196e-17 2.6918677285239613e-17
1313.6513333827434 2.0256650658521233e-17 2.1815826556179587e-17
1314.2327642187965 3.016398476097096e-17 2.429945454334353e-17
1314.8141936538013 8.14410267384189e-18 1.8560637580850683e-17
1315.3956216877682 9.995979739974583e-18 1.9254225215753946e-17
1315.977048320707 -1.1470845460493622e-18 1.5610901590319236e-17
1316.5584735526274 1.036681638911068e-17 1.9388594088818285e-17
1317.1398973835405 5.880863064258412e-17 3.103744778315755e-17
1317.7213198134555 2.2620891667875397e-17 2.2489265725722284e-17
1318.302740842383 -1.16854407200131e-17 1.1571288141119558e-17
1318.8841604703332 1.0581741073309109e-17 1.9447558831603515e-17
1319.4655786973162 2.1170043343236988e-17 2.2056450087648812e-17
1320.046995523342 1.1747675307759753e-17 1.964013971309566e-17
1320.6284109484209 9.431207287502977e-19 1.648374257268519e-17
1321.2098249725625 3.1956739920002036e-17 2.4498950654756618e-17
1321.7912375957774 2.4394766015834645e-19 1.6402574647897812e-17
1322.3726488180757 2.3707586962727136e-17 2.3285754628827144e-17
1322.9540586394676 2.189846355373486e-17 2.2032756326182843e-17
1323.5354670599631 2.3851974647370717e-17 2.3094718920719247e-17
1324.1168740795722 9.77465764091867e-18 1.861386665326847e-17
1324.698279698305 -6.486531936260341e-20 1.601286339154448e-17
1325.279683916172 4.4749677045730746e-17 2.7262746369753495e-17
1325.8610867331831 2.010803442658628e-17 2.146052270458601e-17
1326.4424881493483 3.4735047691665543e-17 2.5403002815995423e-17
1327.0238881646778 3.624719340841658e-17 2.6322389251429737e-17
1327.6052867791818 -2.498456130222144e-19 1.5605574547174394e-17
1328.1866839928707 -1.1609905895197208e-17 1.122572682278063e-17
1328.768079805754 1.1326520434781441e-17 1.940253373650103e-17
1329.3494742178423 -1.129033086939194e-18 1.5171025138537012e-17
1329.9308672291454 2.3351530376776135e-17 2.2830606768575966e-17
1330.512258839674 2.3439395155802743e-17 2.2872351265369067e-17
1331.0936490494373 4.432171695785296e-17 2.7120380314526993e-17
1331.675037858446 2.353349356792555e-17 2.2879822360661646e-17
1332.2564252667107 3.660204727375693e-17 2.6301296145809635e-17
1332.8378112742405 2.2064998172098935e-17 2.2069623766084332e-17
1333.4191958810463 4.7471392428605826e-17 2.8395340262434577e-17
1334.0005790871378 -2.1995558014036334e-17 6.341510695891029e-21
1334.5819608925253 -2.1872658827345655e-17 6.19395387229443e-21
1335.163341297219 1.3159755331449026e-17 2.034573304740952e-17
1335.7447203012287 -1.0701622705125194e-17 1.1289689390826905e-17
1336.3260979045651 2.3395289885541416e-17 2.2597935751515825e-17
1336.9074741072375 1.4097662340798402e-17 2.084195538815763e-17
1337.4888489092568 1.3042576925874764e-17 2.013608577551918e-17
1338.0702223106325 -9.939351782419815e-18 1.1963572756358543e-17
1338.6515943113754 1.3369684671928247e-17 2.0243610983344948e-17
1339.2329649114952 -9.27695216533225e-18 1.2670942874628165e-17
1339.8143341110022 2.500931282089571e-17 2.3334485493073868e-17
1340.395701909906 -9.895767635944396e-18 1.189536013432497e-17
1340.9770683082174 4.747970063067831e-17 2.818561688992788e-17
1341.5584333059462 1.5806475211267598e-17 2.1786587375887062e-17
1342.1397969031027 2.4639890650607078e-17 2.3097757982289767e-17
1342.7211590996965 1.4686454463897323e-17 2.1001869252898832e-17
1343.3025198957384 2.1466362599710634e-18 1.6779436480615746e-17
1343.8838792912384 2.3276436439226734e-18 1.68294213506711e-17
1344.4652372862063 3.743038593916753e-17 2.6325175195732816e-17
1345.0465938806524 5.1561281088255865e-17 2.984911018899652e-17
1345.6279490745865 -9.697849785140058e-18 1.15963310341646e-17
1346.2093028680194 2.840741048193295e-17 2.498661333052603e-17
1346.7906552609606 -9.146417274407095e-18 1.2099863997166455e-17
1347.3720062534207 2.890844246435275e-18 1.7199544970119178e-17
1347.9533558454093 3.1109088241649546e-18 1.7215426837880196e-17
1348.5347040369372 2.8254349394976444e-18 1.6966371027246605e-17
1349.1160508280138 3.894689255210795e-17 2.6901142710614714e-17
1349.69739621865 3.13959917012105e-18 1.722960636794058e-17
1350.278740208855 1.5386705865815313e-17 2.1071234964706304e-17
1350.8600827986397 3.821423883123503e-17 2.686394605282943e-17
1351.4414239880136 -8.220011384294656e-18 1.2875197756105272e-17
1352.0227637769874 5.263068334522157e-17 2.987931551624451e-17
1352.6041021655708 -8.215415568811312e-18 1.2882624183644773e-17
1353.1854391537743 -8.629485639843106e-18 1.2251833619304697e-17
1353.7667747416076 2.961322805679845e-17 2.501279855999701e-17
1354.348108929081 1.16505927588591e-16 4.144862421415823e-17
1354.9294417162048 1.5984699546048274e-17 2.124518277572008e-17
1355.5107731029889 2.9123798523240626e-17 2.4972404021963594e-17
1356.0921030894433 5.286135754828301e-17 3.000909684563163e-17
1356.6734316755783 5.582612837362822e-17 3.128761697889564e-17
1357.2547588614043 3.9637101981389547e-17 2.6915019492570903e-17
1357.836084646931 1.935514290484664e-17 2.2740768336607807e-17
1358.4174090321685 5.822836178851694e-18 1.8764133937706078e-17
1358.9987320171272 1.5759134010449963e-17 2.081895811276743e-17
1359.580053601817 3.008815876857945e-17 2.526434914735806e-17
1360.1613737862483 3.012813806194536e-17 2.5275241461664158e-17
1360.742692570431 6.717611178648473e-17 3.274925835616664e-17
1361.324009954375 6.935612974725598e-17 3.391656240171167e-17
1361.9053259380908 4.860564978149875e-18 1.7838173070763193e-17
1362.4866405215885 1.740944535927696e-17 2.1738814386789675e-17
1363.0679537048782 4.3281795417918646e-17 2.844014036441045e-17
1363.6492654879694 9.024296960981196e-17 3.676960428735812e-17
1364.230575870873 9.841495819646424e-17 3.9224140332378573e-17
1364.8118848535992 2.876676420980559e-17 2.4902037421614933e-17
1365.3931924361573 4.1990980072029646e-17 2.7694006908275367e-17
1365.974498618558 1.0936132379250917e-16 4.09630890469243e-17
1366.5558034008118 3.1631045825615406e-17 2.5817314423766083e-17
1367.1371067829277 9.408339052288336e-17 3.799943326104481e-17
1367.7184087649166 6.484756444774284e-18 1.8726440971553262e-17
1368.2997093467886 3.093021539726863e-17 2.5344686582810435e-17
1368.8810085285534 2.0169993563188953e-17 2.3151342742370952e-17
1369.4623063102215 1.861013772306708e-17 2.2197284204380866e-17
1370.0436026918032 1.955236426957521e-17 2.2726084226373765e-17
1370.624897673308 6.180595516093635e-18 1.8300780445778374e-17
1371.2061912547465 1.935381776150533e-17 2.2505061566699596e-17
1371.7874834361287 1.8198198469293223e-17 2.177151449076512e-17
1372.3687742174643 6.615076682330482e-18 1.8647852195915824e-17
1372.9500635987645 7.244131821745421e-18 1.9004181751468967e-17
1373.531351580038 6.012128686536697e-17 3.2534829980335745e-17
1374.112638161296 3.2931205003703805e-17 2.620760636090943e-17
1374.693923342548 1.9942535438349122e-17 2.273238072519652e-17
1375.2752071238044 -6.144192538106095e-18 1.345706555029651e-17
1375.8564895050754 1.9946482744232225e-17 2.2665604088706338e-17
1376.437770486371 1.8823934132909987e-17 2.3161095201792952e-17
1377.0190500677013 6.97476128244814e-18 1.8571945139824283e-17
1377.6003282490763 2.2277186542831038e-17 2.4049111639676805e-17
1378.1816050305065 3.315625106987743e-17 2.6183130086583984e-17
1378.762880412001 4.598327465428823e-17 3.007321326927184e-17
1379.3441543935712 7.070562859452194e-18 1.849232735150483e-17
1379.9254269752266 3.732476490111186e-17 2.8328269149646327e-17
1380.5066981569776 3.186349350391016e-17 2.5424582303815707e-17
1381.087967938834 6.572596491100576e-17 3.4747716789927405e-17
1381.669236320806 1.1794289416818953e-17 2.0355548372558073e-17
1382.2505033029033 -1.9186785180412498e-17 7.98855896583552e-21
1382.831768885137 9.939682654664836e-18 2.0551912778172037e-17
1383.4130330675164 1.8346376295503522e-17 2.2807640926049044e-17
1383.994295850052 8.065190470584944e-18 1.903696788222812e-17
1384.5755572327537 3.779210209486962e-17 2.843127629696633e-17
1385.156817215632 8.220093275175299e-18 1.9104477400741022e-17
1385.7380757986964 1.0394937221215033e-17 2.0746219158421968e-17
1386.3193329819574 9.477195220838475e-18 2.000796377044084e-17
1386.9005887654248 2.2564812131066752e-17 2.3861723798070267e-17
1387.481843149109 2.4977153693040874e-17 2.5274303438849523e-17
1388.0630961330203 3.650902915951412e-17 2.751102297625006e-17
1388.6443477171683 9.816253245201511e-18 2.01683755979108e-17
1389.2255979015638 8.986218032354563e-18 1.9429547800945786e-17
1389.806846686216 2.367901449000833e-17 2.4409509269482484e-17
1390.3880940711358 1.0037132802629708e-17 2.0189018717277673e-17
1390.9693400563333 6.102731433390855e-17 3.3566416848417976e-17
1391.550584641818 2.432960031358741e-17 2.4750153826260396e-17
1392.1318278276003 8.07328608724e-17 3.7448994194227525e-17
1392.7130696136903 5.622308904086997e-17 3.3436168989165377e-17
1393.2943100000984 9.317407087550382e-18 1.9406763938153625e-17
1393.8755489868345 4.231897703724162e-17 3.0417548705942963e-17
1394.4567865739084 3.883040566952578e-17 2.847074273835246e-17
1395.038022761331 6.275697546453653e-17 3.436434173706623e-17
1395.6192575491116 3.987942288747573e-17 2.8985576642883015e-17
1396.2004909372606 1.0006436295533988e-16 4.183580429783715e-17
1396.7817229257882 6.164966517445875e-17 3.379140004886505e-17
1397.3629535147043 2.583802702630441e-17 2.5375560271993364e-17
1397.9441827040196 6.844762735432164e-17 3.710867223788851e-17
1398.5254104937433 1.023628315254675e-17 1.9742581068876678e-17
1399.106636883886 3.932940650995146e-18 1.7991153507609975e-17
1399.6878618744583 5.58757261231569e-17 3.299090759159543e-17
1400.2690854654693 -2.6122218987817417e-18 1.5031908248756618e-17
1400.8503076569298 2.807014909386038e-17 2.6476529395495318e-17
1401.4315284488498 5.940306248309942e-17 3.458009360187721e-17
1402.0127478412392 -2.7416101105827457e-18 1.4853422524902376e-17
1402.5939658341083 7.572346831766867e-17 3.820469978441107e-17
1403.1751824274672 4.792933285060498e-17 3.091171633004949e-17
1403.7563976213257 1.9731425711135788e-17 2.3712148036624753e-17
1404.3376114156945 1.2096811700706135e-17 2.0876931893178823e-17
1404.9188238105833 2.70475404441468e-17 2.561589263588697e-17
1405.500034806002 -1.899116110144677e-18 1.5593411683447414e-17
1406.0812444019614 9.458742144861397e-17 4.242752960338818e-17
1406.662452598471 7.408907192382719e-17 3.731243329253992e-17
1407.2436593955415 -1.7396329583484318e-17 8.892772388519682e-21
1407.824864793182 4.098214067079262e-17 2.9119090211193974e-17
1408.4060687914036 5.769376323043005e-17 3.347411672694686e-17
1408.9872713902162 4.269553281313291e-17 2.9843558152725067e-17
1409.5684725896294 2.1088420469112705e-17 2.4680372869785423e-17
1410.1496723896537 6.010954751811361e-17 3.4500459269945505e-17
1410.7308707902994 5.890930183185427e-17 3.3868718275081606e-17
1411.3120677915763 1.0905653751528544e-16 4.458718568620083e-17
1411.8932633934942 3.593300374198934e-17 2.864260439986138e-17
1412.4744575960642 4.595337042078321e-17 3.1437607985008656e-17
1413.0556503992955 3.817415696747316e-17 2.8815246919868545e-17
1413.6368418031984 4.1096073219643226e-17 3.041970930170295e-17
1414.2180318077833 1.3825873125390016e-17 2.1438559404961502e-17
1414.79922041306 1.2822342403888236e-16 4.832592294093231e-17
1415.380407619039 1.4021429375545515e-17 2.1533966416813368e-17
1415.96159342573 3.833802144681992e-17 3.006632781785295e-17
1416.542777833143 -8.457967775276281e-19 1.5463370619347953e-17
1417.1239608412884 1.5858873794350382e-17 2.2847059390959646e-17
1417.7051424501765 7.655113862114433e-17 3.787385731789191e-17
1418.286322659817 4.729816095600252e-17 3.184078574173435e-17
1418.8675014702203 7.789917170436485e-17 3.839216538099519e-17
1419.4486788813963 1.5878706276716954e-17 2.275539123547652e-17
1420.029854893355 1.4626096748960553e-17 2.1545958881334162e-17
1420.611029506107 3.013722184923969e-19 1.6700963510264066e-17
1421.1922027196617 4.578353038869137e-17 3.0792880254527675e-17
1421.7733745340302 8.361745142660922e-17 4.076680570501037e-17
1422.3545449492215 6.324245769221125e-17 3.535394753470017e-17
1422.9357139652464 6.442890600585321e-17 3.5904194695615343e-17
1423.5168815821148 9.50292947143949e-17 4.186752501996733e-17
1424.0980477998366 6.619698140412816e-17 3.6713494972047425e-17
1424.6792126184225 3.2842941523621947e-17 2.801567428744009e-17
1425.260376037882 8.209195170604913e-17 3.9972927383918725e-17
1425.8415380582258 5.497927409738623e-17 3.4254654279119247e-17
1426.422698679463 7.840768264029304e-17 3.841480696872199e-17
1427.0038579016048 1.2257642743310535e-16 4.895978813560924e-17
1427.585015724661 4.920323731605095e-17 3.234084620052471e-17
1428.166172148641 5.276390243723446e-17 3.4247315532724676e-17
1428.7473271735557 7.321666769282467e-17 3.885365606218342e-17
1429.328480799415 1.0014139001398082e-16 4.3653841405110296e-17
1429.909633026229 7.20816766307284e-17 3.925447139107967e-17
1430.4907838540078 1.1898590770925357e-16 4.750968758224458e-17
1431.0719332827616 7.252470794936691e-17 3.9377804020411324e-17
1431.6530813125 1.734332054110947e-17 2.299619509231928e-17
1432.234227943234 7.302021560606577e-17 3.95022119845393e-17
1432.8153731749728 1.430963432108226e-16 5.2229868016325325e-17
1433.396517007727 8.952964875421563e-17 4.3460056148646273e-17
1433.9776594415064 3.7113135704473844e-17 3.011411238747891e-17
1434.5588004763213 1.1046512683678974e-16 4.739798842104787e-17
1435.139940112182 7.26385081493195e-17 3.919757459982582e-17
1435.7210783490987 9.304095766260933e-17 4.409988035245604e-17
1436.3022151870807 8.696346979628013e-17 4.1512370060884014e-17
1436.8833506261385 1.094989401766584e-16 4.754771803808732e-17
1437.4644846662827 2.580304721256077e-18 1.7468315803472358e-17
1438.0456173075227 3.693707858289806e-17 2.8878900122365726e-17
1438.6267485498695 5.5423145831527085e-17 3.504132951143678e-17
1439.2078783933323 9.056738322861036e-17 4.2923335045107566e-17
1439.7890068379213 1.7869364397301343e-16 5.858764768757935e-17
1440.370133883647 9.245667698257128e-17 4.4209170763708996e-17
1440.9512595305193 1.1017339016090963e-16 4.7109160112201505e-17
1441.5323837785484 1.641969530134419e-16 5.608185953180511e-17
1442.113506627744 1.1114706776866825e-16 4.747443645326002e-17
1442.694628078117 7.108725333320696e-17 3.79595002897932e-17
1443.2757481296767 1.7230282009064914e-16 5.865773304651974e-17
1443.8568667824334 4.0472077944035274e-17 3.139088220656676e-17
1444.4379840363977 1.873888838541096e-17 2.3533510111537802e-17
1445.0190998915793 1.7371009915806315e-16 5.949178256687941e-17
1445.600214347988 1.8626680673573652e-16 6.036406768387373e-17
1446.1813274056346 9.173492550217181e-17 4.332885868605046e-17
1446.7624390645287 9.674503935839729e-17 4.552551621202383e-17
1447.3435493246807 7.928101331358163e-17 4.158949307247601e-17
1447.9246581861 7.692731389395384e-17 4.041565760881426e-17
1448.5057656487977 9.936067048207367e-17 4.6139628333673e-17
1449.0868717127832 9.638664516003521e-17 4.484911077280452e-17
1449.6679763780671 7.915900748195251e-17 4.1432818447013564e-17
1450.249079644659 2.1645606021005975e-17 2.4580626468440104e-17
1450.8301815125694 1.5721147229743568e-16 5.706546330691437e-17
1451.411281981808 7.66068773595406e-17 4.0110788613529263e-17
1451.9923810523856 6.073930989695229e-17 3.693882227962932e-17
1452.5734787243111 6.036151335014217e-17 3.673680823043162e-17
1453.1545749975958 2.4339324648868585e-17 2.649059146590872e-17
1453.7356698722494 1.3243370718232826e-16 5.135139558834911e-17
1454.316763348282 4.3010675391625815e-17 3.230717002342645e-17
1454.8978554257033 9.781860067948291e-17 4.516337653984812e-17
1455.4789461045239 8.057590169680684e-17 4.177016255314739e-17
1456.0600353847537 1.0103984712555631e-16 4.6495339158127955e-17
1456.641123266403 6.262015979122026e-17 3.7668769465537964e-17
1457.2222097494814 4.46171858726569e-17 3.301538221155965e-17
1457.8032948339992 8.434983052351877e-17 4.344764182201308e-17
1458.3843785199672 8.085314616835501e-17 4.1715810169457756e-17
1458.9654608073945 1.262725086380087e-16 5.257949740891679e-17
1459.5465416962918 8.089637131844459e-17 4.16220972235004e-17
1460.127621186669 2.1287925844948655e-16 6.805727089709052e-17
1460.708699278536 6.591710980695452e-17 3.913062921849068e-17
1461.2897759719033 8.789442517976161e-17 4.487970322057918e-17
1461.8708512667808 1.7313893425381774e-16 6.189215482538989e-17
1462.4519251631784 4.768839829922544e-17 3.449092022312154e-17
1463.0329976611065 1.6483063953710652e-16 5.904326538641846e-17
1463.6140687605753 8.663218726967509e-17 4.3988128251700126e-17
1464.1951384615943 6.792574256224968e-17 3.999542007913527e-17
1464.7762067641743 8.692328205339985e-17 4.420596461165474e-17
1465.357273668325 1.0672765351403424e-16 4.855108150366924e-17
1465.9383391740566 1.6947394180505659e-16 6.046313745147798e-17
1466.519403281379 2.0458267661024908e-16 6.528254978056304e-17
1467.1004659903026 1.282131405295071e-16 5.284895645653961e-17
1467.6815273008376 1.053481610977571e-16 4.76324246415352e-17
1468.262587212994 4.924274677082893e-17 3.5179971599545566e-17
1468.8436457267817 1.2532306411347543e-16 5.1562981771595274e-17
1469.4247028422103 4.903295060642833e-17 3.493509966845027e-17
1470.0057585592906 6.652240087455142e-17 4.4230654298578224e-17
1470.5868128780328 2.926600741415074e-17 2.861895365178726e-17
1471.1678657984467 8.859495451436541e-17 4.4546230319712104e-17
1471.7489173205424 4.959047033928907e-17 3.500375565929217e-17
1472.3299674443301 6.903453515998516e-17 3.990378501087664e-17
1472.91101616982 8.732734323901975e-17 4.435318621707693e-17
1473.4920634970215 1.5364366364448216e-16 5.820526525145324e-17
1474.0731094259459 3.000584768018552e-17 2.8930853682278957e-17
1474.6541539566022 4.7007334178796227e-17 3.363172441214026e-17
1475.2351970890008 1.1395281146688892e-16 5.089982445706661e-17
1475.8162388231522 4.900340371494794e-17 3.432034565464576e-17
1476.397279159066 7.449707048916285e-17 4.260769615824713e-17
1476.9783180967527 1.584486168564598e-16 5.978401555112705e-17
1477.559355636222 9.562835711197928e-18 1.983440969739864e-17
1478.1403917774844 7.213275668791478e-17 4.118290071418169e-17
1478.7214265205491 3.165983171093225e-17 2.968667176902581e-17
1479.3024598654276 -1.0014864273359168e-17 1.1430565739006639e-20
1479.883491812129 3.3284205984472035e-17 3.078825135181983e-17
1480.4645223606638 7.723167003725905e-17 4.384250806794384e-17
1481.0455515110418 3.453113443578142e-17 3.149899471262744e-17
1481.6265792632735 3.516240559205739e-17 3.126093874977958e-17
1482.2076056173687 3.1698398179811924e-17 2.9368822655568633e-17
1482.7886305733373 1.1211695358049893e-17 2.119571406636696e-17
1483.3696541311897 1.0951942447734766e-17 2.0504439228456393e-17
1483.950676290936 5.690966880162368e-17 3.856062898454774e-17
1484.531697052586 3.42328464894499e-17 3.1313762503697217e-17
1485.1127164161503 1.0119971135946076e-16 4.9613578456881354e-17
1485.6937343816385 9.223934023970664e-18 2.0190878219294692e-17
1486.2747509490607 1.2159178637350795e-17 2.1916769060690658e-17
1486.8557661184273 1.2722232208509516e-17 2.2187687254914026e-17
1487.4367798897485 1.0097028454476305e-16 4.8644400711655024e-17
1488.0177922630337 -9.546618008108213e-18 1.281224170530576e-20
1488.598803238294 1.3517799632411992e-17 2.2772115173101116e-17
1489.1798128155388 3.3779190863023767e-17 3.0448779737150515e-17
1489.7608209947782 9.544172035036894e-18 2.02951046308376e-17
1490.3418277760227 1.3183413524148655e-17 2.246035410895233e-17
1490.9228331592817 5.694690516407837e-17 3.806974692183427e-17
1491.5038371445658 8.033892437747775e-17 4.470734525070273e-17
1492.0848397318855 -5.251580698329204e-18 9.090001075089141e-18
1492.6658409212498 3.584126279461231e-17 3.156042114491563e-17
1493.2468407126696 1.3385195135594228e-17 2.2069003380624917e-17
1493.827839106155 3.607241345370658e-17 3.173173024977536e-17
1494.4088361017155 3.56383057595163e-17 3.1247313430729607e-17
1494.9898316993617 3.801846503257843e-17 3.3180613193278344e-17
1495.5708258991035 5.755664315464836e-17 3.808117194045485e-17
1496.1518187009515 3.8866808233923016e-17 3.361775498595547e-17
1496.7328101049147 3.6308408082467956e-17 3.153520206240011e-17
1497.3138001110037 3.748167113714582e-17 3.251037521270623e-17
1497.8947887192294 1.4034179537507407e-17 2.2393842170258166e-17
1498.4757759296006 -8.506502080729947e-18 1.3518507737790428e-20
1499.0567617421282 1.8752897516265158e-17 2.4579435328358027e-17
1499.6377461568222 1.5301650192148936e-17 2.3741421958503005e-17
1500.2187291736923 3.7511866538226455e-17 3.2406428388210364e-17
1500.7997107927492 3.8873045175741666e-17 3.328333909919008e-17
1501.3806910140024 4.100659212969969e-17 3.4906975527623465e-17
1501.9616698374623 3.32072384828352e-17 3.06513264906627e-17
1502.5426472631389 8.801363183219785e-17 4.8071320057110935e-17
1503.1236232910426 1.602631003958214e-17 2.423434053988458e-17
1503.7045979211828 -7.733826053099264e-18 1.3460767461418673e-20
1504.2855711535701 3.930428089884516e-17 3.3537240533852006e-17
1504.8665429882142 6.270741741967725e-17 4.0624964082292225e-17
1505.4475134251259 3.9748291599328925e-17 3.365940518415874e-17
1506.0284824643147 1.5949529480763744e-17 2.343778049924704e-17
1506.609450105791 4.1134130145265566e-17 3.436004039788095e-17
1507.1904163495644 -7.365610739324346e-18 1.3651069893300587e-20
1507.7713811956457 4.059232353532088e-17 3.4006271793504274e-17
1508.352344644044 1.6617378563726807e-17 2.3817747567984498e-17
1508.9333066947706 1.6635942151033722e-17 2.4122305543359172e-17
1509.514267347835 4.123124114917929e-17 3.4268382168565177e-17
1510.0952266032466 6.612887466121299e-17 4.2335262569141567e-17
1510.6761844610166 -7.120748734396399e-18 1.4072053126301793e-20
1511.2571409211548 1.808869795416468e-17 2.5386771878015908e-17
1511.8380959836709 1.7985412874158857e-17 2.4838698547750523e-17
1512.4190496485753 4.3734137481532044e-17 3.590098523483864e-17
1513.000001915878 6.781548931276372e-17 4.323116865570795e-17
1513.580952785589 1.2826649698773922e-17 2.2987915014387625e-17
1514.1619022577186 -6.693819313561855e-18 1.418364334522689e-20
1514.7428503322767 9.194881455624332e-17 5.122117089015366e-17
1515.3237970092734 4.504672091242099e-17 3.646776608183752e-17
1515.9047422887186 1.9203156739096148e-17 2.6221325978549233e-17
1516.4856861706232 -6.950958333141314e-18 1.525103591519561e-20
1517.066628654996 7.105922183660876e-17 4.472863687966985e-17
1517.6475697418484 7.511368400498438e-17 4.728818184909268e-17
1518.2285094311899 2.051434885219478e-17 2.7208809230731362e-17
1518.80944772303 7.017767229675385e-17 4.4133629321448204e-17
1519.39038461738 -6.97971526713672e-18 1.6064758686923313e-20
1519.9713201142488 9.994849149513345e-17 5.3269091415822646e-17
1520.552254213647 2.1055281959412606e-17 2.7148984220109077e-17
1521.1331869155852 4.824855839260145e-17 3.902550448880254e-17
1521.7141182200724 2.0507610638924922e-17 2.6701754132681257e-17
1522.2950481271198 4.7937604656730513e-17 3.8417566443245467e-17
1522.8759766367366 2.0299195866147286e-17 2.645293655006408e-17
1523.4569037489334 4.5830484468982333e-17 3.656477451535529e-17
1524.03782946372 2.179784861274636e-17 2.838944742775075e-17
1524.6187537811068 6.015400351295466e-17 4.3824498691647336e-17
1525.1996767011035 4.7835467703414916e-17 3.8087124332142783e-17
1525.7805982237207 2.1322269391365122e-17 2.7128246802152373e-17
1526.3615183489678 1.494605384949076e-16 6.510434198939461e-17
1526.9424370768554 5.2778017447207065e-17 4.158175066194251e-17
1527.5233544073933 -5.956465552448411e-18 1.6201938190462136e-20
1528.104270340592 1.0400917406171547e-16 5.4900278348887416e-17
1528.685184876461 5.334288585262973e-17 4.187730229480771e-17
1529.2660980150108 8.183939692142444e-17 5.0810187857167915e-17
1529.8470097562513 2.4720494438216695e-17 3.033651478441482e-17
1530.4279201001928 4.361597969411252e-17 3.8288092825046217e-17
1531.0088290468452 -5.608220860202361e-18 1.6392307669210107e-20
1531.5897365962185 7.007601510819353e-17 4.658233208878893e-17
1532.170642748323 8.019566993027337e-17 4.9499576424859296e-17
1532.7515475031685 2.4571340538883583e-17 3.010899048512598e-17
1533.3324508607654 6.397449268198598e-17 4.554031612754363e-17
1533.913352821124 5.249169053253306e-17 4.083547823946452e-17
1534.4942533842532 5.20353052100855e-17 4.0660350868897244e-17
1535.0751525501646 2.3452734270360773e-17 2.877208132678308e-17
1535.6560503188673 2.317361044446088e-17 2.839528070543047e-17
1536.2369466903717 8.273232184906318e-17 5.073114909527725e-17
1536.8178416646876 5.124640982500388e-17 3.977985019405905e-17
1537.3987352418255 2.374444282210005e-17 2.8873715354286244e-17
1537.9796274217956 8.147943438862096e-17 4.99559121164701e-17
1538.5605182046074 2.4138733350324475e-17 2.9010378826369805e-17
1539.1414075902717 5.57524298897722e-17 4.3117550435490116e-17
1539.722295578798 2.5133054077449968e-17 3.005573990601227e-17
1540.3031821701961 5.655691266631677e-17 4.373302905951122e-17
1540.8840673644768 3.747547720871902e-17 3.606198436054351e-17
1541.46495116165 1.1303258957903593e-16 5.897228005497161e-17
1542.0458335617254 8.289337722304971e-17 5.0531563648358e-17
1542.6267145647137 5.622226847770231e-17 4.342675054846244e-17
1543.2075941706246 5.565205648552256e-17 4.255584186000741e-17
1543.7884723794677 1.199317788135406e-16 6.249923922055481e-17
1544.3693491912543 2.675685097892219e-17 3.156590038929318e-17
1544.9502246059933 5.836729338984012e-17 4.473988653600057e-17
1545.5310986236955 1.2389045346698259e-16 6.445182883498828e-17
1546.1119712443708 2.6278120199407124e-17 3.0809910248978916e-17
1546.692842468029 2.6708877812116563e-17 3.134750485524448e-17
1547.2737122946808 -4.545798353245378e-18 1.8101711947967884e-20
1547.8545807243354 9.211397936351301e-17 5.5805475328094e-17
1548.4354477570039 1.5950247142663195e-16 7.354370843724853e-17
1549.0163133926953 -4.322879795607237e-18 1.805787783785111e-20
1549.5971776314204 -4.517694064753276e-18 1.8538683031246092e-20
1550.1780404731894 9.020386712789536e-17 5.4687934468200153e-17
1550.7589019180116 1.2829322484769203e-16 6.645016484601839e-17
1551.3397619658977 5.883214242431532e-17 4.463286590834846e-17
1551.9206206168576 6.073424755160346e-17 4.637564943221398e-17
1552.5014778709017 -4.1864065750645635e-18 1.8479276276745726e-20
1553.0823337280394 3.0216997112068257e-17 3.475886056713972e-17
1553.6631881882815 7.834129643305199e-17 5.188380211781274e-17
1554.2440412516378 9.800844855623118e-17 5.916923506754293e-17
1554.8248929181182 6.368634266124191e-17 4.8351922881946074e-17
1555.4057431877325 1.3324299422387055e-16 6.907739635060521e-17
1555.9865920604916 9.506293118682375e-17 5.757409997429568e-17
1556.5674395364053 1.5541732416625306e-16 7.135210994790154e-17
1557.1482856154832 6.279494636337517e-17 4.7335992888498246e-17
1557.729130297736 2.8485340821802796e-17 3.243191547724435e-17
1558.3099735831731 9.70165729749964e-17 5.855062308336148e-17
1558.8908154718051 3.112635977283965e-17 3.5854911274719434e-17
1559.471655963642 9.803070964087621e-17 5.906804771757055e-17
1560.0524950586941 -4.203101561367721e-18 1.979608318844479e-20
1560.6333327569712 2.2778275021686676e-16 9.130862308424158e-17
1561.2141690584829 6.45892996353497e-17 4.868658692289523e-17
1561.7950039632399 1.3104211145932825e-16 6.76047236926852e-17
1562.3758374712522 2.947921487139751e-17 3.387656987345596e-17
1562.95666958253 6.449067985399867e-17 4.838864639242098e-17
1563.537500297083 4.859110711914946e-17 4.422244535817925e-17
1564.1183296149215 -4.53309658134932e-18 2.1046234206173713e-20
1564.6991575360553 2.116853125707724e-16 8.826391683322169e-17
1565.279984060495 2.7893641986031364e-17 3.406690082368196e-17
1565.8608091882504 1.021923413294142e-16 6.155323576736976e-17
1566.4416329193311 1.060032749080093e-16 6.378973362036614e-17
1567.0224552537481 -4.453651673777889e-18 2.1348140589471363e-20
1567.603276191511 6.878726109639101e-17 5.207999281549807e-17
1568.1840957326299 1.0523547262854778e-16 6.334809858260163e-17
1568.7649138771146 1.0461265856685455e-16 6.296510072409977e-17
1569.3457306249757 1.05756741998244e-16 6.379593416623784e-17
1569.9265459762225 3.264514940427072e-17 3.705163648029175e-17
1570.5073599308662 3.225192759339771e-17 3.6822715900128926e-17
1571.088172488916 3.2322548965375036e-17 3.6750767730449064e-17
1571.6689836503824 1.0684068609037839e-16 6.41682316163357e-17
1572.249793415275 7.128797367192662e-17 5.363477803846499e-17
1572.8306017836046 1.4844376808595741e-16 7.662819214956487e-17
1573.4114087553805 7.022322017000347e-17 5.2805804098343947e-17
1573.9922143306133 -4.603825900396585e-18 2.244452648614492e-20
1574.5730185093128 7.176212021648692e-17 5.410041785760579e-17
1575.153821291489 -4.418054369706976e-18 2.2177287371566338e-20
1575.7346226771526 3.422302289249522e-17 3.9217943095229326e-17
1576.315422666313 3.276750596047956e-17 3.7457090638063194e-17
1576.8962212589804 7.241303856667225e-17 5.472856227116631e-17
1577.4770184551653 7.376378480230194e-17 5.5786800898585e-17
1578.0578142548773 1.1086943948531585e-16 6.652001859438727e-17
1578.6386086581265 8.975292134515595e-17 6.206718624300611e-17
1579.219401664923 1.1178500269195895e-16 6.720616822122245e-17
1579.8001932752773 -5.512881677160724e-18 2.4548129178811098e-20
1580.3809834891988 3.659327915926387e-17 4.169564681484616e-17
1580.9617723066979 -5.131737944001909e-18 2.3847350488026696e-20
1581.542559727785 1.5677714291884124e-16 8.092213964888684e-17
1582.1233457524695 7.966882205452609e-17 6.018079754735648e-17
1582.704130380762 -5.0765922941048364e-18 2.377831483420833e-20
1583.2849136126724 7.884747141093034e-17 5.974841369756276e-17
1583.8656954482108 3.547832902904854e-17 4.106480248376627e-17
1584.4464758873874 -5.404180218503906e-18 2.4437256280573448e-20
1585.0272549302117 3.496241978972167e-17 4.083839322394316e-17
1585.6080325766948 -5.509320251033377e-18 2.4651269877025937e-20
1586.1888088268456 7.335646948815225e-18 2.300412940875489e-17
1586.769583680675 1.255910044574936e-16 7.585165484283479e-17
1587.3503571381925 1.132427993337428e-16 7.262636513792722e-17
1587.9311291994088 1.148150248327448e-16 6.995197110353508e-17
1588.5118998643336 8.123937995741317e-17 6.182567597392023e-17
1589.0926691329767 3.964556238469474e-17 4.588187554607903e-17
1589.673437005349 3.960672460057415e-17 4.539990718164643e-17
1590.2542034814594 8.245288700325297e-17 6.287601006340536e-17
1590.8349685613193 3.6273289302381405e-17 4.223268555574009e-17
1591.4157322449375 8.160700549141134e-17 6.221427219080784e-17
1591.996494532325 -6.7132166989262235e-18 2.67401949605807e-20
1592.5772554234918 3.907821243743442e-17 4.5720095561875906e-17
1593.158014918447 1.2909994432061295e-16 7.815594841883601e-17
1593.7387730172018 1.7656579133039222e-16 9.20249085551533e-17
1594.3195297197658 8.131479897694331e-17 6.19779963206382e-17
1594.9002850261493 -6.939660700335065e-18 2.6912508637520287e-20
1595.4810389363618 1.3601852266867587e-16 8.318919024498847e-17
1596.0617914504141 -7.015067312156012e-18 2.6895780848335963e-20
1596.6425425683158 1.1628419024486758e-16 7.445743861165421e-17
1597.223292290077 1.3390412990898213e-16 8.173601919719001e-17
1597.804040615708 8.936815662886568e-17 6.843441231685549e-17
1598.3847875452188 3.8970066844149236e-17 4.7431300638676606e-17
1598.965533078619 9.784081544201363e-17 7.063376645162579e-17
1599.5462772159194 1.3403180689089091e-16 8.217707851724819e-17
1600.1270199571297 8.883757651419457e-17 6.871051858788079e-17
1600.7077613022598 1.3395869735963103e-16 8.189153576979488e-17
1601.2885012513202 4.0025459970260743e-17 4.8427457706761966e-17
1601.8692398043208 4.0789510158463724e-17 4.926813128946696e-17
1602.4499769612714 7.608205442193286e-17 6.30637999147896e-17
1603.0307127221822 9.038183007360247e-17 7.055994885376155e-17
1603.6114470870637 4.0457589048425795e-17 4.961414093969789e-17
1604.1921800559253 8.671171572248839e-17 6.75594074300071e-17
1604.7729116287776 1.9831495043792248e-16 1.0408839149461845e-16
1605.3536418056303 4.3221735488002395e-17 5.2359652654434895e-17
1605.9343705864935 9.158943435859108e-17 7.15979414085074e-17
1606.5150979713776 9.184805734018946e-17 7.192070728352559e-17
1607.0958239602926 9.44318651713397e-17 7.399950480709995e-17
1607.676548553248 1.4236511554932573e-16 8.798618928819579e-17
1608.2572717502544 1.954948998238271e-16 1.0277372356858587e-16
1608.837993551322 -1.046202984069921e-17 3.054161170990611e-20
1609.4187139564606 4.016294731423441e-17 5.062858862548802e-17
1609.99943296568 1.44687415192901e-16 8.977231045871419e-17
1610.5801505789907 9.553350431113782e-17 7.533988150657068e-17
1611.1608667964028 9.321186641205259e-17 7.346394837386372e-17
1611.741581617926 1.0081360330185571e-16 7.943077932656803e-17
1612.3222950435702 9.446328479972691e-17 7.45478130566593e-17
1612.903007073346 1.4921184168065985e-16 9.314482507776639e-17
1613.4837177072634 4.116335609066829e-17 5.302051702430556e-17
1614.0644269453323 9.247126844857671e-17 7.417994929464472e-17
1614.645134787563 2.6427774708446953e-16 1.2380267967782336e-16
1615.2258412339654 3.569107525038575e-16 1.3959349139701165e-16
1615.8065462845493 2.0874086722743885e-16 1.110089153714821e-16
1616.3872499393249 2.0038639598021248e-16 1.0654114744696068e-16
1616.9679521983028 9.88323998556728e-17 7.971123325889291e-17
1617.5486530614924 2.5156801771091875e-16 1.1819014672508776e-16
1618.1293525289036 1.5206594566621282e-16 9.615675512419448e-17
1618.7100506005474 9.669322476482697e-17 7.818210056108248e-17
1619.2907472764332 2.2356804662022737e-16 1.194168357211692e-16
1619.8714425565713 2.5943470385964506e-16 1.2277440814963624e-16
1620.4521364409713 5.880518824774692e-16 1.817476477341184e-16
1621.032828929644 7.538735108581938e-16 2.0550240880717945e-16
1621.613520022599 2.6044981990737013e-16 1.2336228871970013e-16
1622.1942097198462 3.699861089430465e-16 1.4562651003361e-16
1622.7748980213962 5.008931451170673e-16 1.7249705533336639e-16
1623.3555849272589 3.7425875488723403e-16 1.473719537703255e-16
1623.936270437444 2.0833358996359734e-16 1.122786111419714e-16
1624.5169545519616 4.1121768758191574e-17 5.792410325252401e-17
1625.0976372708224 1.5478390234038446e-16 9.903499293129929e-17
1625.6783185940358 1.5184287159861952e-16 9.736214256514145e-17
1626.258998521612 -1.7529131776468482e-17 3.471204956324534e-20
1626.8396770535612 3.9110776883789406e-17 5.616149386373682e-17
1627.4203541898935 9.884860597823394e-17 8.256323289696754e-17
1628.001029930619 3.894943034222726e-17 5.717905836607505e-17
1628.5817042757476 3.8928886484533896e-17 5.706033478711654e-17
1629.162377225289 1.0053811245320615e-16 8.436093459606169e-17
1629.743048779254 3.8494150133078076e-17 5.791067645682105e-17
1630.3237189376525 1.5332030881686783e-16 1.0066588869678844e-16
1630.9043877004942 4.293870075216635e-17 6.765052302884104e-17
1631.4850550677895 3.496194002496639e-17 5.476679125035606e-17
1632.0657210395482 3.744921587863169e-17 5.693461656889828e-17
1632.6463856157802 3.8216154581533705e-17 5.849964228784861e-17
1633.2270487964963 -2.1119702785518236e-17 3.590846292172672e-20
1633.8077105817058 9.230219934881577e-17 7.965409823962265e-17
1634.3883709714194 2.229520948488959e-16 1.2249527108884655e-16
1634.9690299656465 1.0100595257277634e-16 8.707275689881063e-17
1635.5496875643976 3.584924343316222e-17 5.765121305972032e-17
1636.1303437676827 -2.2167465997659554e-17 3.5254867453187655e-20
1636.7109985755117 9.742482962068317e-17 8.508098539312175e-17
1637.2916519878947 -1.3688581823221527e-17 2.326789083631845e-17
1637.872304004842 1.6176322883263328e-16 1.0756186847051642e-16
1638.4529546263636 3.6425718836940226e-17 6.037027484719033e-17
1639.0336038524695 3.597857146757366e-17 6.080065361117922e-17
1639.6142516831692 3.5876904352845994e-17 6.093954716219422e-17
1640.1948981184737 9.551898563702629e-17 8.505244435326622e-17
1640.7755431583926 9.863239420100238e-17 8.812722027391363e-17
1641.3561868029358 -2.5563030831661157e-17 3.6336570893988396e-20
1641.9368290521136 -2.6037802724764543e-17 3.658024990139342e-20
1642.5174699059364 3.728919613477208e-17 6.499667616086471e-17
1643.0981093644134 -2.7544962196783112e-17 3.81928837420053e-20
1643.6787474275552 1.629208978784033e-16 1.1004626904437248e-16
1644.259384095372 3.37625281367645e-17 6.201885904289831e-17
1644.8400193678735 3.519988018252849e-17 6.344201997807335e-17
1645.4206532450698 -2.87194197002655e-17 3.7667404333183916e-20
1646.0012857269712 1.7130141538875774e-16 1.137232125986238e-16
1646.581916813588 1.6315160847741168e-16 1.0949228964453347e-16
1647.162546504929 9.591847416822e-17 8.912628901775518e-17
1647.7431748010058 3.937247035982158e-17 6.630147085910586e-17
1648.3238017018277 9.677812658289941e-17 9.045943284994974e-17
1648.9044272074048 1.0376306466842379e-16 9.584181106904859e-17
1649.4850513177473 3.126767530868821e-17 6.271148714829102e-17
1650.065674032865 3.227373869178951e-17 6.566288742621492e-17
1650.646295352768 -3.189425138780733e-17 3.7105348031651205e-20
1651.226915277467 3.346616917562145e-17 6.717515887441907e-17
1651.8075338069714 -3.367273933563309e-17 3.900374692450601e-20
1652.3881509412913 -3.381544122618829e-17 3.846548499028127e-20
1652.9687666804366 -3.467352199770385e-17 3.9340929652872206e-20
1653.549381024418 2.9970030759661975e-17 6.454712665899929e-17
1654.1299939732453 2.927818682148997e-17 6.505521407845386e-17
1654.710605526928 3.0403830742664384e-17 6.577158557614929e-17
1655.291215685477 1.7366045508642017e-16 1.2023047704145596e-16
1655.8718244489014 -3.638018750730286e-17 3.843235576051367e-20
1656.4524318172125 -3.797444248037836e-17 4.072334878925292e-20
1657.033037790419 1.5504623109112708e-16 1.1103416092377721e-16
1657.6136423685318 -3.897109585683125e-17 4.0858085525045295e-20
1658.1942455515612 9.551641806840493e-17 9.507261250871307e-17
1658.7748473395166 1.6923609760044554e-16 1.2071703129520455e-16
1659.3554477324083 2.6173892133502992e-17 6.677550490710285e-17
1659.9360467302463 9.235034126046636e-17 9.408172292676845e-17
1660.5166443330404 3.018756867285158e-16 1.5340802966646786e-16
1661.0972405408015 2.490604097577969e-17 6.659678757267709e-17
1661.6778353535387 9.857251955954334e-17 1.0011349086628063e-16
1662.2584287712627 -4.396633038819813e-17 4.2872364020665683e-20
1662.8390207939833 2.6221355757051285e-17 7.003276348832436e-17
1663.4196114217104 9.43274352733661e-17 9.832877921152602e-17
1664.0002006544546 -4.5045390805996003e-17 4.171666992030693e-20
1664.5807884922256 8.876885434890366e-17 9.49248581989764e-17
1665.161374935033 9.192370797029111e-17 9.780306291885671e-17
1665.7419599828875 -4.466985742534183e-17 1.1545794434640673e-17
1666.3225436357989 1.6537863014931065e-16 1.230530025799441e-16
1666.9031258937773 -4.883055274542641e-17 4.346324239666704e-20
1667.4837067568328 -4.8793375939975824e-17 4.2198050262721577e-20
1668.0642862249756 2.35280209409929e-17 7.349911347606457e-17
1668.6448642982155 8.824860406572211e-17 9.764744046713344e-17
1669.2254409765626 -5.054879216615626e-17 4.2089612054294703e-20
1669.8060162600268 -5.1660807459558245e-17 4.309089156757027e-20
1670.3865901486186 1.2730087115606319e-17 6.834051739116337e-17
1670.9671626423474 -5.278199453159222e-17 4.2863927424652496e-20
1671.547733741224 8.58509184898412e-17 9.853016129473573e-17
1672.128303445258 9.18175641540883e-17 1.0305450837315577e-16
1672.7088717544598 1.626731076541069e-17 7.21112169047639e-17
1673.289438668839 1.8754982011408792e-17 7.37787534626667e-17
1673.8700041884056 -5.701931324617881e-17 4.5162274606025226e-20
1674.4505683131702 8.733302762418922e-17 1.0216978245974865e-16
1675.0311310431425 1.5508375200371248e-16 1.2266385711512975e-16
1675.6116923783327 2.289453029369733e-16 1.43483093160583e-16
1676.192252318751 -5.979493433521275e-17 4.553749794904606e-20
1676.7728108644067 1.1413072478175927e-17 7.036999509789488e-17
1677.3533680153103 1.3864989669377036e-17 7.50267241615479e-17
1677.933923771472 1.3062007398463635e-17 7.466817114450822e-17
1678.5144781329022 1.0790850677801289e-17 7.211481679478973e-17
1679.0950310996107 7.464241604895577e-17 1.0323799026790983e-16
1679.6755826716067 -6.26176583970479e-17 4.276261395548609e-20
1680.2561328489014 8.742296531783088e-17 1.0790731894665326e-16
1680.836681631504 -6.54052835311312e-17 4.541635476339825e-20
1681.4172290194251 -6.575276556285248e-17 4.462520174393103e-20
1681.997775012675 -6.853350193679444e-17 4.860931716429269e-20
1682.5783196112627 -6.780336615370614e-17 4.560447049809444e-20
1683.158862815199 -6.88307774140562e-17 4.5995041918887254e-20
1683.739404624494 6.712131272526431e-17 1.0404631116249665e-16
1684.3199450391578 1.5330086676375039e-16 1.292194024359554e-16
1684.9004840592 4.518816135254204e-18 7.62324887968542e-17
1685.481021684631 1.8986715005654297e-18 7.402089238901812e-17
1686.0615579154605 2.93751398339067e-18 7.742697730605017e-17
1686.642092751699 1.8512533719508274e-18 7.615648744217283e-17
1687.2226261933565 7.581464347350671e-17 1.0717610452004619e-16
1687.8031582404428 -5.608238541187954e-19 7.579829176715777e-17
1688.3836888929682 1.3908488823044516e-18 7.979321678376427e-17
1688.9642181509419 1.484984000566941e-18 8.070290369933578e-17
1689.5447460143753 -3.6160298705453345e-19 7.942160093049114e-17
1690.1252724832775 -1.4133801448170538e-18 7.955443290197736e-17
1690.7057975576593 -1.806714245458216e-18 8.046672709083964e-17
1691.2863212375298 8.558820592729436e-17 1.1969235965704326e-16
1691.8668435228994 -8.446177783889925e-17 4.951515748322068e-20
1692.4473644137788 -8.514980020264126e-17 4.8826074027698527e-20
1693.0278839101773 -2.7871354431606736e-18 8.438588898078119e-17
1693.6084020121052 -8.808557834751649e-18 7.925316048799574e-17
1694.1889187195727 -8.864726541630327e-17 4.958657289688727e-20
1694.7694340325897 1.5962072516700253e-16 1.4428974645905491e-16
1695.349947951166 -4.580269120040055e-17 5.98551001442474e-17
1695.930460475312 -9.272325413293997e-17 5.130272709869045e-20
1696.5109716050374 -9.307111335902057e-17 4.976389327835479e-20
1697.0914813403529 -9.725084706808366e-18 8.558969485239696e-17
1697.6719896812679 -1.2610866401099664e-17 8.318718515918364e-17
1698.2524966277927 -9.693603205311333e-17 5.084992003032583e-20
1698.8330021799372 -5.895285123674396e-17 5.819074657734171e-17
1699.413506337712 -9.924131824584962e-17 5.082395754508417e-20
1699.9940091011265 6.688817352397747e-17 1.1873408746101283e-16
1700.574510470191 -1.0299240365276529e-16 5.3707615789194864e-20
1701.1550104449154 -1.0297188957357397e-16 5.119760730623659e-20
1701.73550902531 -1.0585623528232188e-16 5.45754381116881e-20
1702.3160062113843 -1.8756093742152063e-17 8.730450643666839e-17
1702.8965020031492 -2.0058029704196226e-17 8.801954121049393e-17
1703.4769964006143 -1.0990723652701457e-16 5.536553130599548e-20
1704.0574894037895 -1.1098901671466652e-16 5.499893519826964e-20
1704.637981012685 -6.074960002377245e-17 6.624262853905128e-17
1705.2184712273108 -1.9197938883792163e-17 9.475115027034027e-17
1705.7989600476772 6.508454259425254e-17 1.274349157743274e-16
1706.379447473794 -3.0926585728740746e-17 8.478460988836645e-17
1706.9599335056714 -2.6573360812362e-17 9.291741658376331e-17
1707.5404181433191 -3.120371108628071e-17 8.769531949759764e-17
1708.1209013867474 6.277263895661584e-17 1.3015124455705354e-16
1708.7013832359664 -3.465009624275635e-17 8.732470949594938e-17
1709.281863690986 -3.1954887035429917e-17 9.224869068935094e-17
1709.8623427518164 -2.971520619143644e-17 9.646718608191828e-17
1710.4428204184678 5.3740319667181855e-17 1.27678040699969e-16
1711.0232966909496 -2.643348953386296e-16 1.2322397915819759e-17
1711.6037715692723 4.181351012596762e-17 1.252212613411273e-16
1712.1842450534461 -1.2009898841128453e-16 9.526124939304457e-17
1712.7647171434805 -5.096266040511859e-17 8.851394375389442e-17
1713.3451878393864 7.897723950542766e-17 1.368735759591495e-16
1713.925657141173 -3.174494528724151e-17 3.946842209595621e-20
1714.5061250488507 5.602727222882151e-17 9.404911877574406e-17
1715.0865915624295 -3.8179216004099537e-17 3.3047267801125674e-20
1715.6670566819196 3.4097634223033e-16 1.8965725463046887e-16
1716.247520407331 -3.8497395989801734e-17 3.3322673708666084e-20
