wavelength flux error
1120.8442849813018 0.0 0.0
1121.4259644810531 0.0 0.0
1122.0076426817593 0.0 0.0
1122.589319583429 0.0 0.0
1123.1709951860705 0.0 0.0
1123.7526694896933 0.0 0.0
1124.3343424943055 0.0 0.0
1124.9160141999157 0.0 0.0
1125.4976846065333 0.0 0.0
1126.0793537141665 0.0 0.0
1126.6610215228238 0.0 0.0
1127.2426880325143 0.0 0.0
1127.8243532432466 0.0 0.0
1128.4060171550293 0.0 0.0
1128.9876797678712 0.0 0.0
1129.5693410817812 0.0 0.0
1130.1510010967675 0.0 0.0
1130.732659812839 0.0 0.0
1131.3143172300047 0.0 0.0
1131.8959733482732 0.0 0.0
1132.477628167653 0.0 0.0
1133.0592816881526 0.0 0.0
1133.640933909781 0.0 0.0
1134.2225848325472 0.0 0.0
1134.8042344564597 0.0 0.0
1135.3858827815268 0.0 0.0
1135.9675298077575 0.0 0.0
1136.5491755351607 0.0 0.0
1137.1308199637447 0.0 0.0
1137.7124630935186 -1.3949748338881393e-14 2.3374255344308682e-15
1138.2941049244907 -4.346096406208661e-15 1.3913309218064168e-18
1138.8757454566698 -2.5718459259899953e-15 8.4014175726990935e-19
1139.457384690065 -1.8192527054315764e-15 5.810004436201889e-19
1140.0390226246845 -1.4117919530778683e-15 4.54999794921531e-19
1140.6206592605374 -1.1557670332869546e-15 3.8255319722381712e-19
1141.202294597632 -9.595512157807855e-16 3.028915166331095e-19
1141.7839286359774 -8.01181995028241e-16 2.6152087962748824e-19
1142.3655613755818 2.6265445310880974e-18 6.787834577489488e-16
1142.9471928164544 -5.755867868069973e-16 1.8796832852609394e-19
1143.5288229586038 -4.95398018871755e-16 1.6014367877982348e-19
1144.1104518020384 -4.260532314250584e-16 1.3728808391891805e-19
1144.6920793467673 4.7523302975127204e-17 4.129754132963664e-16
1145.2737055927987 -3.2574001945423806e-16 1.0526215799209662e-19
1145.855330540142 1.5005838824571397e-17 3.021348788103756e-16
1146.4369541888054 -2.562872617765461e-16 8.313154170165418e-20
1147.0185765387973 -2.290592023985994e-16 7.212145755584367e-20
1147.6001975901272 1.1694350282390909e-17 2.179261454470237e-16
1148.1818173428032 -1.8836357062221553e-16 6.202863916117205e-20
1148.7634357968345 8.646326209934073e-18 1.7978623706563267e-16
1149.345052952229 -1.5697410454885746e-16 5.013157829180888e-20
1149.9266688089963 -1.4456435718753272e-16 4.561507844321558e-20
1150.5082833671445 -1.3410377822162793e-16 4.2262786839176654e-20
1151.0898966266825 7.044363567910802e-18 1.3265180493135645e-16
1151.6715085876192 -1.1696803700087741e-16 3.6481518140466975e-20
1152.2531192499628 -1.1053987749438493e-16 3.5404118623790924e-20
1152.8347286137223 -1.0424026185508318e-16 3.2982272730729174e-20
1153.4163366789066 -9.878621009026784e-17 3.0771564689021584e-20
1153.997943445524 4.371458045030945e-18 9.870096416506058e-17
1154.5795489135835 5.141975958443478e-18 9.575682322419244e-17
1155.1611530830935 9.446142529770989e-17 1.2781900551123783e-16
1155.742755954063 -8.340211315210452e-17 2.685524738273373e-20
1156.3243575265008 -8.029011410389222e-17 2.5628567614886e-20
1156.9059578004149 -7.751298423742099e-17 2.4305645705885152e-20
1157.4875567758147 3.3037010503036075e-18 7.821033719847259e-17
1158.0691544527087 -7.33763863429413e-17 2.3998979802891055e-20
1158.6507508311056 -7.082004090812783e-17 2.199293757047925e-20
1159.2323459110141 5.023813621530584e-18 7.451805440694209e-17
1159.8139396924425 -6.347892546828301e-17 1.6937613266070587e-17
1160.3955321754004 -2.083662586347095e-18 6.348593995987746e-17
1160.9771233598956 6.656360770394636e-17 9.256050469305893e-17
1161.558713245937 2.1723375887836985e-18 6.502112761977178e-17
1162.1403018335338 -6.130751018588231e-17 1.8871023844972012e-20
1162.7218891226942 6.939495264212554e-18 6.752745178858295e-17
1163.3034751134269 -1.5840718110483032e-19 5.879626263806522e-17
1163.8850598057409 -5.776646909755101e-17 1.8013014598730045e-20
1164.4666431996447 2.0258412139635665e-18 5.91141580736367e-17
1165.048225295147 -5.53157314659034e-17 1.6550442953462652e-20
1165.6298060922566 -5.4970750828354484e-17 1.795564671519265e-20
1166.2113855909818 -5.3566327188415e-17 1.6468884883769484e-20
1166.792963791332 -5.269521666789051e-17 1.63070773699616e-20
1167.3745406933153 -5.224335106030994e-17 1.7160984640470614e-20
1167.9561162969408 -5.111070919115333e-17 1.6176486230754792e-20
1168.5376906022168 5.325402018506193e-17 7.317162274538748e-17
1169.119263609152 -4.9471783156277514e-17 1.5595903991557734e-20
1169.7008353177557 7.444326952474906e-20 4.878568316027908e-17
1170.2824057280363 -1.0927812762085982e-18 4.6856178502380737e-17
1170.863974840002 1.2995679507455764e-18 4.847832931443398e-17
1171.445542653662 2.257740264717042e-18 4.8893226566078325e-17
1172.027109169025 -4.1356624049056737e-19 4.528776134291894e-17
1172.6086743860994 -4.510900761254623e-17 1.40964355673265e-20
1173.1902383048941 4.319590429183359e-17 6.203328507278124e-17
1173.771800925418 -4.3872346126999854e-17 1.382799768709457e-20
1174.353362247679 -4.325334702229172e-17 1.3634151464834463e-20
1174.9349222716867 1.884793064248015e-20 4.2808658033705664e-17
1175.5164809974494 3.796818237750256e-17 5.789521148808876e-17
1176.098038424976 4.430452256125497e-19 4.179077920273466e-17
1176.679594554275 -4.061929624073501e-17 1.2703036092990287e-20
1177.2611493853549 -3.987128012152576e-18 3.8134895666878946e-17
1177.8427029182246 4.525563861101106e-18 4.4081209231669493e-17
1178.4242551528928 3.7805432937621525e-17 5.4177544177920234e-17
1179.0058060893684 1.295020137587154e-19 3.8439989655290554e-17
1179.5873557276598 3.750960998951541e-17 5.311585455298597e-17
1180.1689040677759 -3.7133576991771255e-17 1.1679820945404295e-20
1180.7504511097252 -4.747108885332102e-18 3.383885705496844e-17
1181.3319968535166 1.5881967022691638e-18 3.7677977640116904e-17
1181.9135412991584 2.3353990825508174e-18 3.7807285822193644e-17
1182.4950844466598 8.111395125240931e-18 4.102407211040416e-17
1183.0766262960292 6.824185790514295e-17 5.931903416775384e-17
1183.6581668472754 3.635944181754003e-17 4.9958042933728037e-17
1184.239706100407 -3.3701971898480716e-17 1.0565625623960272e-20
1184.8212440554328 3.4529172363368445e-17 4.784024218991057e-17
1185.4027807123614 1.2877887912893417e-16 7.441381641487061e-17
1185.9843160712014 -3.250109093751093e-17 1.0373618747652102e-20
1186.5658501319617 2.9911559016521826e-17 4.3722953999650327e-17
1187.147382894651 -3.172735611869618e-17 1.0192800620039704e-20
1187.7289143592777 6.360265183558625e-17 5.474525146720518e-17
1188.310444525851 -3.0961228052794467e-17 9.95921580104724e-21
1188.891973394379 2.9390838894752345e-17 4.232613380390143e-17
1189.4735009648707 2.848107918728692e-17 4.319201323423214e-17
1190.055027237335 -4.924305034611374e-18 2.6842004259900848e-17
1190.63655221178 1.4396141531287547e-16 7.171407756650984e-17
1191.218075888215 -2.894324815657745e-17 9.011738570504567e-21
1191.7995982666484 -4.6109669506247556e-18 2.6327744418715405e-17
1192.381119347089 3.0518964357764415e-17 4.159875418661415e-17
1192.9626391295453 2.8165701689500055e-17 3.967425562578298e-17
1193.5441576140263 -4.9602844961252866e-18 2.481839622679602e-17
1194.1256748005405 5.2430790187114456e-17 4.746532423163214e-17
1194.7071906890965 5.3468726493578644e-17 4.641460633034278e-17
1195.288705279703 2.2087424692866473e-17 3.612086307654503e-17
1195.870218572369 5.70488071981e-17 4.667531049836234e-17
1196.451730567103 4.6324529670358205e-17 4.3138435091595855e-17
1197.0332412639134 -4.536617139584528e-20 2.5485987229407968e-17
1197.6147506628095 2.2938621667324365e-17 3.603877367255527e-17
1198.196258763799 -1.0959243557411465e-18 2.3768783438805034e-17
1198.777765566892 7.285907420529554e-17 5.0105873344081063e-17
1199.3592710720961 2.4338125898724873e-16 8.15704705781161e-17
1199.9407752794204 2.3944281386286735e-17 3.386148540780544e-17
1200.5222781888733 6.945891190144937e-17 4.674208713485252e-17
1201.1037798004638 8.459265766413984e-17 4.950396379082828e-17
1201.6852801142009 2.7174949419537117e-17 3.4031107064215566e-17
1202.2667791300923 2.231667614527432e-17 3.19819093716808e-17
1202.8482768481474 4.164739571535472e-17 3.8742962752611577e-17
1203.4297732683751 1.265192863932353e-16 5.725431194948267e-17
1204.0112683907835 1.189754521463109e-16 5.771254353905745e-17
1204.5927622153815 8.402636981678604e-17 4.735037921371177e-17
1205.1742547421777 6.620087246172961e-17 4.396210845835166e-17
1205.7557459711813 1.1050298523906506e-16 5.389453260314134e-17
1206.3372359024004 1.2513792124005136e-16 5.527880281463658e-17
1206.918724535844 2.4303813785171683e-17 7.768226509541874e-17
1207.5002118715206 -9.260822143387467e-18 7.247980858571753e-17
1208.0816979094388 7.416815700783216e-17 1.0423917659411951e-16
1208.6631826496077 -5.2042541386084116e-17 1.4598889455124704e-16
1209.244666092036 3.1236388690943496e-16 2.3130309855499444e-16
1209.8261482367318 2.1728793920849207e-17 3.1689122507295e-16
1210.407629083704 -1.7747531942728613e-16 3.533460143453378e-16
1210.9891086329615 1.7557268490440595e-16 3.643249113005132e-16
1211.5705868845132 -3.594111143548134e-16 3.369222307865341e-16
1212.1520638383672 -5.98135650895854e-16 3.422518679697766e-16
1212.7335394945326 -1.860793477565973e-16 3.5046456707745627e-16
1213.315013853018 -4.318542689132275e-16 3.409498459809487e-16
1213.896486913832 6.392422657052236e-16 3.547392511946731e-16
1214.4779586769832 -2.81686960833175e-17 3.4439798476032296e-16
1215.059429142481 -1.241122305153754e-16 3.470290014433928e-16
1215.640898310333 -5.163291559104745e-16 3.290427597342602e-16
1216.2223661805483 4.484652467533743e-16 3.4170886691102737e-16
1216.803832753136 7.474645948814718e-16 3.3045036967391922e-16
1217.3852980281042 -3.909338160637966e-16 3.201220469617943e-16
1217.9667620054622 4.4007167964167627e-16 3.319536678668384e-16
1218.5482246852184 -3.099968533383328e-16 3.1994295243300923e-16
1219.1296860673813 -4.952248006340415e-16 3.1760659733646546e-16
1219.7111461519598 -8.146405544667238e-16 3.0129456918714015e-16
1220.2926049389623 7.716488148936805e-16 3.257390136026132e-16
1220.874062428398 -5.841565367717242e-17 2.8989461744784054e-16
1221.4555186202751 2.0756792511883866e-16 2.4941673931335004e-16
1222.0369735146028 -8.221342814208622e-17 1.5354006092712112e-16
1222.618427111389 1.6018229477614233e-16 1.0848477704099898e-16
1223.1998794106432 4.2538801939388815e-17 6.771641954515946e-17
1223.7813304123736 4.614417120959714e-17 6.733277317705737e-17
1224.3627801165892 1.4017978378029944e-16 6.279994915171989e-17
1224.9442285232983 -3.6803809860048414e-17 3.924704661790139e-17
1225.5256756325098 6.274037229528137e-17 5.196102769980069e-17
1226.1071214442327 -1.9843564932418377e-17 3.488382770536178e-17
1226.688565958475 -1.8612177550457637e-17 3.9809112535408724e-17
1227.2700091752458 2.4724911582687728e-17 3.9241348997842127e-17
1227.851451094554 -3.4265408867853355e-19 3.022329030216856e-17
1228.4328917164078 4.389899126889141e-17 3.6991318470024385e-17
1229.0143310408164 2.185393973008358e-17 2.7845946751911557e-17
1229.5957690677878 4.873937758958836e-17 2.983208350326773e-17
1230.1772057973312 2.902291557573366e-17 2.5027818505559746e-17
1230.7586412294554 3.045411008901781e-17 2.5788834595275883e-17
1231.3400753641688 5.659931725323869e-17 3.1676110625387295e-17
1231.92150820148 3.6320713221260295e-17 2.695912807155468e-17
1232.5029397413978 1.1563171017768575e-16 4.320048356370468e-17
1233.0843699839309 5.561349663408779e-17 3.1076920841988583e-17
1233.6657989290884 4.583514645891468e-17 2.986484316424728e-17
1234.2472265768783 3.304326481564759e-17 2.50590627716571e-17
1234.8286529273096 2.977899836027653e-17 2.511829055787712e-17
1235.4100779803905 2.979676619983417e-17 2.500828546257492e-17
1235.9915017361307 9.853373471498196e-17 3.960939804831392e-17
1236.572924194538 7.41870911720535e-18 1.6713816242621915e-17
1237.1543453556217 2.8978079077810834e-17 2.444503171370796e-17
1237.73576521939 4.054408236199679e-17 2.689781082710735e-17
1238.3171837858517 1.5106531520537477e-17 2.0028740893066948e-17
1238.898601055016 1.5327013204091037e-17 2.0175618391354314e-17
1239.4800170268907 -1.0508633041314082e-19 1.2844051924500813e-17
1240.0614317014852 2.7702387902241754e-17 2.3517002895233693e-17
1240.6428450788078 2.953412642918123e-17 2.3789684638523024e-17
1241.2242571588672 8.866762729426187e-17 3.732509577335688e-17
1241.8056679416723 4.811785723837317e-17 2.839933719915443e-17
1242.3870774272314 6.955996028507885e-17 3.361105151427134e-17
1242.9684856155534 6.154426912952969e-17 3.1323122879508867e-17
1243.5498925066474 8.320484711962287e-17 3.624500634287699e-17
1244.1312981005217 4.099999122841152e-17 2.6775411257506654e-17
1244.7127023971848 4.616551246940101e-17 2.7236883740721412e-17
1245.2941053966456 4.5082379014266925e-17 2.7546621521091893e-17
1245.8755070989127 9.04915340751617e-17 3.6371875996507925e-17
1246.4569075039951 7.232445414051272e-19 1.3106844723567072e-17
1247.038306611901 5.42682263341132e-17 2.979400010786579e-17
1247.6197044226392 2.5905437283143808e-17 2.2012083428313918e-17
1248.2011009362188 3.3088306454362326e-17 2.4863080523486136e-17
1248.7824961526478 4.6294125819763206e-17 2.703287618624746e-17
1249.3638900719354 2.2657798812446288e-17 2.125508412765234e-17
1249.9452826940903 6.865396590376177e-17 3.300414579011873e-17
1250.5266740191207 3.997534275130738e-17 2.6006037334881282e-17
1251.1080640470357 2.6004798218323677e-17 2.192399861924437e-17
1251.689452777844 5.169223039666791e-17 2.84580604052008e-17
1252.270840211554 1.4360154873302305e-17 1.8556144335763295e-17
1252.8522263481748 1.7351931491286147e-17 1.928853832192387e-17
1253.4336111877146 5.2369621835177384e-17 2.869004155363007e-17
1254.0149947301825 3.727920710169489e-17 2.5054943412206585e-17
1254.5963769755867 6.407753291653049e-17 3.0925149743197354e-17
1255.1777579239363 6.105915086132449e-17 2.965842520546835e-17
1255.75913757524 1.2755579994904591e-17 1.7177687549613077e-17
1256.3405159295062 5.194412343680256e-17 2.8388269522558473e-17
1256.9218929867436 1.4383066121908798e-17 1.8295188704837516e-17
1257.5032687469613 1.1184016447187797e-18 1.2544107135402347e-17
1258.0846432101673 1.2638037629860806e-17 1.6966238678348597e-17
1258.6660163763709 3.7010201349047745e-17 2.415504204328157e-17
1259.2473882455804 2.4933190697844905e-17 2.0908897460770322e-17
1259.8287588178048 8.815383729166436e-19 1.211541747422429e-17
1260.4101280930522 2.600391478942947e-17 2.150849752575286e-17
1260.991496071332 3.6054873915998e-17 2.3568552791007998e-17
1261.5728627526526 7.102104083389454e-18 1.5382088543636042e-17
1262.1542281370225 7.424846073567458e-19 1.176666406590152e-17
1262.7355922244508 1.3596130327698313e-17 1.7451347020386445e-17
1263.3169550149455 2.5688638207677334e-17 2.1172319744282734e-17
1263.8983165085156 1.3099432358097984e-17 1.7018969788037627e-17
1264.47967670517 6.878173780464584e-19 1.1527685796670662e-17
1265.0610356049174 1.2934260933383396e-17 1.6846069187679343e-17
1265.6423932077662 1.3167553990264176e-17 1.6925139382433287e-17
1266.2237495137251 1.4169633671535416e-17 1.7696354609102202e-17
1266.805104522803 3.750148707590014e-17 2.4153601094654503e-17
1267.3864582350086 4.995297727965676e-17 2.7149806437637955e-17
1267.9678106503502 1.3469079521513231e-17 1.7078614473286376e-17
1268.5491617688367 1.2567923319598973e-17 1.6379938023254686e-17
1269.1305115904768 -1.0620122253731569e-17 3.78460575740369e-21
1269.711860115279 1.1945483143542621e-17 1.6521516602538037e-17
1270.2932073432523 1.0594694721701689e-17 1.5457082392331325e-17
1270.8745532744056 -1.0531006777618781e-17 3.787951234461198e-21
1271.4558979087465 -1.0443554761717838e-17 3.6331820260021184e-21
1272.0372412462848 2.393109612732264e-18 1.2870399281371852e-17
1272.6185832870287 -1.035324400961991e-17 3.54379522495489e-21
1273.199924030987 1.3536270989080607e-18 1.1732619793430675e-17
1273.7812634781683 1.1165769876850642e-18 1.142349660825532e-17
1274.3626016285812 1.1745990340851982e-17 1.6050913699721918e-17
1274.9439384822344 1.1676347109948999e-18 1.1450063167988686e-17
1275.5252740391365 1.004779598790613e-18 1.1238836808308983e-17
1276.1066082992968 1.1082016805853883e-18 1.1333336403028878e-17
1276.6879412627234 1.1290179908930149e-17 1.5550332117145653e-17
1277.269272929425 -1.0174801299157521e-17 3.6260621335030536e-21
1277.85060329941 1.6847076900460586e-18 1.1843230384941266e-17
1278.431932372688 -1.0191583139424997e-17 3.806738089447668e-21
1279.0132601492667 -1.0064592717424631e-17 3.5321981366110256e-21
1279.5945866291552 -1.0044204369686424e-17 3.5436861728233526e-21
1280.1759118123623 2.4641280314036167e-17 2.005085804828539e-17
1280.7572356988965 3.4256527016026067e-17 2.2298213474002136e-17
1281.3385582887665 2.3564713018604527e-18 1.2401539248106382e-17
1281.9198795819811 2.3332753376871182e-17 1.922697788637645e-17
1282.501199578549 -9.917447212618798e-18 3.549041440275423e-21
1283.0825182784783 -9.922716353120761e-18 3.634879604183056e-21
1283.6638356817784 2.210189373614125e-18 1.1781916449216385e-17
1284.2451517884579 2.4230671166687294e-17 1.9684383949699897e-17
1284.826466598525 2.0548357555899284e-18 1.18733993162423e-17
1285.4077801119888 1.2730085461245094e-17 1.592004049192623e-17
1285.9890923288579 -9.814190256753804e-18 3.667484172028927e-21
1286.5704032491406 1.419830540592773e-17 1.6982238005756597e-17
1287.1517128728462 1.463110450038895e-18 1.1189417729792615e-17
1287.7330211999829 1.391605649167361e-17 1.6727110689426867e-17
1288.3143282305596 1.175827831564661e-18 1.0812718851655353e-17
1288.895633964585 -9.592502543867142e-18 1.2024052480435664e-18
1289.4769384020672 -9.668345907051517e-18 3.617037059876346e-21
1290.0582415430156 -9.650872543791946e-18 3.6206773815857895e-21
1290.6395433874388 6.574197912766479e-17 2.7541779205786008e-17
1291.2208439353453 2.1454095511226473e-17 1.6343646301059534e-17
1291.8021431867437 2.428042277180991e-17 2.0164790597135995e-17
1292.3834411416428 1.1622895112356128e-17 1.1628758995718517e-17
1292.9647378000514 9.316721354822575e-18 1.0939152581103471e-17
1293.5460331619777 -1.3211383809381523e-17 3.692492653068018e-21
1294.127327227431 -2.1549148489776166e-17 1.1596221019143131e-17
1294.7086199964192 2.887292456962064e-17 1.944285879136299e-17
1295.289911468952 -1.090048271464723e-19 2.0569157839582542e-17
1295.871201645037 -2.4430703291137317e-17 1.572661257748683e-17
1296.4524905246835 -4.879334533429316e-18 1.613532913559418e-17
1297.0337781079002 3.556521277186866e-17 2.9389899217576484e-17
1297.6150643946958 -6.8028768734723775e-18 2.3316762321269307e-17
1298.1963493850783 -3.419060402992804e-17 2.794066885821623e-17
1298.7776330790573 -4.070695091588603e-17 3.895890652332467e-17
1299.358915476641 -1.893444215402462e-17 4.3195963848837693e-17
1299.940196577838 1.271294131586932e-17 3.698905199514599e-17
1300.521476382657 3.1360524678086064e-17 3.1455858898044026e-17
1301.102754891107 2.821619941153519e-17 3.8172469519023554e-17
1301.6840321031964 -2.0730166891454764e-17 3.385049714054829e-17
1302.2653080189339 3.4898068446787494e-17 3.730317879584668e-17
1302.8465826383283 -2.5192025437680098e-17 3.291834399953983e-17
1303.427855961388 1.9914915877695976e-17 3.545260040327569e-17
1304.009127988122 1.6999330865934393e-17 3.413538476095645e-17
1304.5903987185386 3.079699630525574e-17 3.6978348278019553e-17
1305.1716681526468 -6.336822223254382e-17 2.425472061581666e-17
1305.7529362904552 4.0454637668000206e-17 3.879667655286832e-17
1306.3342031319726 4.1194646678879946e-17 3.990065495943874e-17
1306.9154686772072 8.827076588869363e-17 4.2597018910900297e-17
1307.4967329261679 3.6216657208923574e-17 3.3158788859996745e-17
1308.0779958788635 9.576944269161755e-17 4.565823568694674e-17
1308.6592575353027 3.23367599282987e-17 3.055791794717076e-17
1309.2405178954941 9.42966625002179e-18 3.0991645138279267e-17
1309.8217769594467 2.0755124584896714e-17 2.5502135449326228e-17
1310.4030347271685 7.92595694833818e-18 2.592996153394478e-17
1310.9842911986686 1.9670947227829586e-17 2.323919759523021e-17
1311.5655463739554 1.0146702800929707e-17 2.0350754033727716e-17
1312.1468002530378 -1.2424605179487423e-17 3.579565535789624e-21
1312.7280528359247 2.4310236015447545e-17 2.0745421756311467e-17
1313.3093041226243 2.626768945188283e-17 2.0349617487566068e-17
1313.8905541131453 2.777642718451015e-18 1.1733781982191312e-17
1314.471802807497 -8.96001874081317e-18 3.7229008302053615e-21
1315.0530502056872 1.8183125584171282e-18 1.0733421182232957e-17
1315.634296307725 5.0790679629601464e-17 2.671218488020555e-17
1316.215541113619 2.711868128554881e-17 2.0816939792072802e-17
1316.7967846233782 -8.87045824153083e-18 3.645756544561988e-21
1317.378026837011 3.9128855743257365e-17 2.4021465609244058e-17
1317.9592677545256 -8.917744848428036e-18 3.855336162125509e-21
1318.5405073759316 -8.799251225679814e-18 3.5756412746413985e-21
1319.1217457012372 2.7900756566479933e-18 1.159947680203414e-17
1319.702982730451 2.9699163023455973e-18 1.1788742343631173e-17
1320.2842184635815 2.998444107311326e-18 1.1768665015803286e-17
1320.865452900638 3.2686571300624923e-18 1.2097408925108398e-17
1321.4466860416283 2.619645844779405e-18 1.1388858420104663e-17
1322.0279178865621 -8.745931163394646e-18 3.675301190376266e-21
1322.609148435447 1.6445621126975072e-17 1.78281443330166e-17
1323.1903776882928 2.6375418146139286e-17 2.022943310764579e-17
1323.771605645107 1.5636062770191874e-17 1.7226357202494472e-17
1324.352832305899 3.089598376838904e-18 1.1791867431985398e-17
1324.9340576706775 3.7213121988196804e-17 2.292075456609322e-17
1325.515281739451 3.498604654955802e-18 1.2197003125221007e-17
1326.0965045122277 3.595974979991563e-18 1.231024828698258e-17
1326.677725989017 -8.644636279942628e-18 3.74020942296432e-21
1327.2589461698276 5.154611059582164e-17 2.6927241913301987e-17
1327.8401650546675 -8.619739797866007e-18 3.751411096357165e-21
1328.4213826435457 3.4107522836383827e-18 1.1999542705295411e-17
1329.002598936471 3.505998822451414e-18 1.2127876468610564e-17
1329.583813933452 -8.612207491208099e-18 3.852943073683431e-21
1330.1650276344972 2.9047162721029425e-18 1.1437947453556622e-17
1330.7462400396153 4.094669763590595e-18 1.2714319398769833e-17
1331.3274511488153 2.890919147639742e-17 2.1643327965599004e-17
1331.9086609621054 5.2381943517581974e-17 2.725991906641979e-17
1332.4898694794945 1.5325004809563758e-17 1.6880620521865683e-17
1333.0710767009916 4.030483525906685e-17 2.442872467511209e-17
1333.652282626605 -3.2597847908122485e-18 7.92275245064515e-18
1334.2334872563433 4.1630957982222066e-18 1.2714131628770784e-17
1334.8146905902152 3.677245475174898e-18 1.2197932876229517e-17
1335.3958926282294 3.536918006568033e-18 1.1991337073618885e-17
1335.9770933703944 4.377570496167406e-18 1.2912148741248628e-17
1336.5582928167196 4.13216296562548e-18 1.2573141174902958e-17
1337.1394909672126 3.9965475313780235e-18 1.249650950859482e-17
1337.720687821883 1.5189691296239883e-17 1.6663988536882945e-17
1338.3018833807391 4.582460238764647e-18 1.3081729038628124e-17
1338.8830776437894 2.7049174953037204e-17 2.0441240975296117e-17
1339.464270611043 4.3056628583375586e-18 1.275041507915981e-17
1340.0454622825077 1.4967770318420482e-17 1.647134313530302e-17
1340.6266526581933 1.2139430734201857e-18 1.1224633290010835e-17
1341.2078417381076 1.5950374859349773e-17 1.7162804916032023e-17
1341.7890295222599 4.276740901809948e-18 1.2686441757765571e-17
1342.3702160106582 3.871059352088115e-17 2.4338988813539888e-17
1342.951401203312 1.701143748137972e-17 1.792071742408986e-17
1343.532585100229 2.9304901446552985e-17 2.1736190569886657e-17
1344.113767701418 1.7167347791956164e-17 1.8036499548790132e-17
1344.6949490068887 2.5590953140418497e-17 2.0503765903437775e-17
1345.2761290166488 -8.33585223881842e-18 4.075934083942178e-21
1345.8573077307074 4.510126602919335e-18 1.2790257887724651e-17
1346.4384851490727 4.696331989840228e-18 1.2975542209033467e-17
1347.0196612717539 1.669869703538567e-17 1.7663599911206327e-17
1347.6008360987596 2.625061478967851e-17 2.0939724827838948e-17
1348.1820096300983 2.1631090655616894e-17 1.9743762282791404e-17
1348.7631818657783 5.567364920823264e-17 2.858105554484253e-17
1349.3443528058087 4.714412917259718e-18 1.2923086550488417e-17
1349.9255224501985 4.311188838419719e-18 1.2510858610680778e-17
1350.5066907989558 3.125115154877185e-17 2.2786164008624717e-17
1351.0878578520894 8.518375431242533e-18 1.457169969751784e-17
1351.6690236096078 -8.18586619578908e-18 4.1114798281653e-21
1352.2501880715201 4.27407820741814e-18 1.2413352214434252e-17
1352.8313512378347 3.0603498907644884e-17 2.236262602830164e-17
1353.4125131085602 5.840922813817411e-17 2.9782085398322576e-17
1353.9936736837058 4.3702956081161245e-17 2.5885034046154575e-17
1354.574832963279 -8.124716041825485e-18 4.178086042831075e-21
1355.1559909472896 -8.009035660340556e-18 3.915001410567298e-21
1355.7371476357457 7.695876454161403e-19 1.0934712275575286e-17
1356.3183030286564 5.396798872307789e-18 1.3368768155809538e-17
1356.8994571260298 1.8872102514340175e-17 1.9054394923373386e-17
1357.480609927875 5.187909711448854e-18 1.3250713765966582e-17
1358.0617614342004 1.7874360568201163e-17 1.8276191674889623e-17
1358.642911645015 1.8463291657642992e-17 1.8685344984360403e-17
1359.2240605603272 -8.015631598545054e-18 4.265497788607119e-21
1359.8052081801454 1.7147985148177523e-17 1.773616681198438e-17
1360.386354504479 3.193432994284675e-17 2.303345792455357e-17
1360.9674995333357 4.742794890283454e-17 2.7738209785848975e-17
1361.5486432667249 5.210038860786179e-18 1.3092488176855601e-17
1362.1297857046552 1.8623313055863826e-17 1.8784748932932125e-17
1362.7109268471352 4.656005694207349e-18 1.2471611372156974e-17
1363.2920666941732 5.415469993094336e-18 1.337474039983217e-17
1363.8732052457785 4.533638632804726e-17 2.6592759852087594e-17
1364.4543425019592 1.9345835468594194e-17 1.9204243654421042e-17
1365.035478462724 3.272816194182409e-17 2.3460446902392218e-17
1365.616613128082 5.596016637444754e-18 1.3459356840593283e-17
1366.1977464980414 1.7882604250185867e-17 1.8152241968821002e-17
1366.7788785726111 3.3538941217191415e-17 2.3892043276242786e-17
1367.3600093517998 4.3376964201754096e-17 2.5562158983295526e-17
1367.9411388356161 2.0297060085805674e-17 1.989281030300611e-17
1368.5222670240687 2.0513488584357723e-17 2.0011576895356473e-17
1369.1033939171662 3.312316053665286e-17 2.3625557115741477e-17
1369.684519514917 5.2960996416148695e-17 2.883734256839106e-17
1370.2656438173306 4.4674446623380274e-17 2.6202191636619656e-17
1370.8467668244145 3.319619727601884e-17 2.3609984613529554e-17
1371.4278885361784 -7.75755124742851e-18 4.503034333729085e-21
1372.00900895263 6.36598323497902e-18 1.4095488510148613e-17
1372.590128073779 -1.0879352385899562e-17 6.963233796829178e-19
1373.1712458996333 5.976729823094735e-18 1.3689746493524002e-17
1373.7523624302019 6.419309501118782e-18 1.404554334476266e-17
1374.333477665493 6.461060201766477e-18 1.4184953056479898e-17
1374.9145916055163 -7.562969416034598e-18 4.2634706306508676e-21
1375.4957042502795 2.2265146101834716e-17 2.120682475635477e-17
1376.0768155997912 1.9635439672855135e-17 1.9223257227981186e-17
1376.657925654061 6.350800748425915e-18 1.3964985879267347e-17
1377.2390344130963 3.420710462878725e-17 2.4117028131051084e-17
1377.820141876907 2.1592046076343166e-17 2.0669858807354748e-17
1378.4012480455008 5.8858247417266885e-18 1.3408733387105037e-17
1378.9823529188868 5.080906620025729e-17 2.9198363892378606e-17
1379.5634564970742 -7.472027525129293e-18 4.3727226910964394e-21
1380.1445587800702 2.175651605189831e-17 2.0753088066228608e-17
1380.725659767885 -7.50641921345741e-18 4.5567962267836304e-21
1381.3067594605263 6.968444104110073e-18 1.4520801620066228e-17
1381.8878578580031 2.1246908274477865e-17 2.033999572268085e-17
1382.468954960324 2.288754491886044e-17 2.1475168764511873e-17
1383.0500507674979 4.892859019162619e-17 2.8188151371324744e-17
1383.631145279533 2.3377689136467512e-17 2.1848826099536777e-17
1384.2122384964382 3.544089414324684e-17 2.4744701051662447e-17
1384.7933304182222 7.201945610505217e-18 1.469537974270677e-17
1385.3744210448938 7.216854713865872e-18 1.4640567446596556e-17
1385.9555103764612 7.213979434056638e-18 1.4655021600620308e-17
1386.5365984129335 8.277048465380393e-17 3.6833618140602375e-17
1387.117685154319 7.343555622651845e-18 1.4688725901859393e-17
1387.6987706006266 2.1862320724049967e-17 2.0678893274005052e-17
1388.279854751865 5.168972900249555e-17 2.954673266171654e-17
1388.8609376080426 3.68519848589235e-17 2.552541231176347e-17
1389.4420191691686 -7.345335715330059e-18 4.792617826162969e-21
1390.0230994352507 7.23692873297131e-18 1.457462460816383e-17
1390.6041784062986 8.114843641214664e-18 1.550491328407159e-17
1391.1852560823206 -7.26228512746851e-18 4.721648314545334e-21
1391.766332463325 8.46582464692704e-18 1.5813489702862048e-17
1392.347407549321 2.1714482041890815e-17 2.0436512810914764e-17
1392.9284813403165 2.290639140193685e-17 2.1388129511736594e-17
1393.5095538363212 2.197839732504831e-17 2.0625217524056486e-17
1394.0906250373428 7.938305927702985e-18 1.5170638018010337e-17
1394.6716949433903 -7.143884976129507e-18 4.724711063854411e-21
1395.2527635544725 4.097682355381513e-17 2.78879311310823e-17
1395.8338308705981 -7.129803880562017e-18 4.800645678631282e-21
1396.4148968917757 -7.182279391441768e-18 5.003039164623248e-21
1396.9959616180136 -7.156335698709655e-18 4.9884023490869644e-21
1397.577025049321 7.882480335342393e-18 1.494214757176604e-17
1398.1580871857059 -2.4614171537411273e-18 8.406907880617338e-18
1398.7391480271776 2.462033113784265e-17 2.2445435079424324e-17
1399.3202075737447 5.309661102321554e-17 3.0082203068169066e-17
1399.9012658254157 8.166381956460393e-18 1.5235694118826407e-17
1400.4823227821987 2.411501808216258e-17 2.2078797199077545e-17
1401.0633784441036 3.8384171507555476e-17 2.621318652132171e-17
1401.644432811138 2.61057903536715e-17 2.3461775354455978e-17
1402.2254858833105 -3.1283985242416226e-18 7.46249095984717e-18
1402.8065376606307 9.06845467449336e-18 1.6049821821313348e-17
1403.3875881431068 4.575090059506799e-18 1.563677083679622e-17
1403.9686373307468 -6.8698871884856046e-18 4.859289472107667e-21
1404.5496852235606 -6.953778191849508e-18 5.150341937143043e-21
1405.1307318215556 -6.982194327432542e-18 5.2893236281297235e-21
1405.711777124741 2.6045512048073537e-17 2.3259309664643824e-17
1406.292821133126 -6.922301488000027e-18 5.226798790460945e-21
1406.8738638467182 8.591026704443066e-18 1.542222831004079e-17
1407.4549052655273 8.766879512407552e-18 1.5584971132476923e-17
1408.0359453895612 -6.774710960024641e-18 5.002913552723588e-21
1408.616984218829 2.7324321694551942e-17 2.4233117966939226e-17
1409.1980217533392 1.2238341476333345e-17 1.743599454821746e-17
1409.7790579931002 3.994723184537038e-17 2.6977969591547414e-17
1410.360092938121 -6.7789287539680486e-18 5.211128403055753e-21
1410.9411265884103 9.466329376311978e-18 1.6220973761856695e-17
1411.5221589439761 4.16844864940216e-17 2.7961672628330176e-17
1412.1031900048279 8.787184314903891e-18 1.5441450333115298e-17
1412.6842197709736 7.334756075295506e-17 3.579997324715611e-17
1413.2652482424226 2.5369465605240073e-17 2.2590714464768237e-17
1413.8462754191835 4.248681529225108e-17 2.8371580326519603e-17
1414.4273013012644 4.154007399395964e-17 2.7764002931709604e-17
1415.008325888674 -6.635881101916803e-18 5.342919115709478e-21
1415.5893491814215 9.39954033211261e-18 1.593637730902415e-17
1416.1703711795153 4.365983681019008e-17 2.84362559242539e-17
1416.7513918829636 9.217163550656918e-18 1.5693786742058274e-17
1417.3324112917755 1.0033589160885531e-17 1.6571205341934097e-17
1417.9134294059597 -6.484338718564945e-18 5.241408544912736e-21
1418.494446225525 2.710472013117014e-17 2.3796945629940014e-17
1419.0754617504795 9.716609414252148e-18 1.6105587029489223e-17
1419.6564759808323 6.260351029985079e-17 3.4599029420459774e-17
1420.237488916592 -6.380852633670273e-18 5.180021484483001e-21
1420.8185005577668 2.82233495607501e-17 2.4604933997920587e-17
1421.399510904366 4.318183560397529e-17 2.8626047552720516e-17
1421.9805199563978 2.786438626212659e-17 2.4238550889202474e-17
1422.561527713871 4.42840736225369e-17 2.9261871511087977e-17
1423.1425341767945 6.293319802223483e-17 3.4720879742133735e-17
1423.7235393451765 2.7519762966602296e-17 2.3933389071980636e-17
1424.304543219026 6.481444496319683e-17 3.5635440405874414e-17
1424.8855457983516 1.1790501756794073e-17 1.8142109006317228e-17
1425.4665470831617 4.64039720963878e-17 3.048408711441673e-17
1426.0475470734655 -5.999912800532452e-18 2.6340768377460053e-18
1426.6285457692709 2.8780459012027015e-17 2.4799376035790977e-17
1427.2095431705873 4.665782390021297e-17 3.059440984707415e-17
1427.7905392774226 1.2355282481071804e-17 1.868797541870832e-17
1428.371534089786 1.0525269452890113e-17 1.6734050734766187e-17
1428.952527607686 4.9031130809080715e-17 3.195290511068224e-17
1429.5335198311316 9.807380905951267e-17 4.256495408163529e-17
1430.1145107601305 1.171535239814363e-17 1.7957187817297323e-17
1430.6955003946925 2.8682014592965854e-17 2.461015516194702e-17
1431.2764887348258 4.871762273947822e-17 3.170507518171645e-17
1431.8574757805384 1.150101004909644e-17 1.7594490625388747e-17
1432.43846153184 3.089362423569173e-17 2.620764606557883e-17
1433.0194459887384 1.2807861945521005e-17 1.890149058714296e-17
1433.6004291512427 2.989181586966141e-17 2.5428412150051827e-17
1434.1814110193618 -5.153710342613155e-18 3.766643433466873e-18
1434.7623915931033 4.8188174207885076e-17 3.1325882354032343e-17
1435.3433708724772 1.1890561163283183e-16 4.721997915322646e-17
1435.9243488574914 1.0730852620994858e-16 4.630295349126037e-17
1436.5053255481548 -5.997163665766632e-18 5.981287675511607e-21
1437.0863009444756 4.7141138914682805e-17 3.061015936593716e-17
1437.667275046463 4.884606734499545e-17 3.206727771961872e-17
1438.248247854125 4.8915672939180564e-17 3.165181136771294e-17
1438.8292193674715 1.2753603860421202e-17 1.8586710313758354e-17
1439.4101895865097 3.2136430018828155e-17 2.6924273989264147e-17
1439.991158511249 1.361038843991689e-17 1.9493444194543057e-17
1440.5721261416982 1.5455173259477552e-17 2.028031464148515e-17
1441.1530924778651 -5.88951893034235e-18 6.313246806777145e-21
1441.7340575197595 1.2268512061995604e-17 1.7927394425994388e-17
1442.315021267389 5.4108130489637234e-17 3.461164557916243e-17
1442.895983720763 3.311458432806191e-17 2.745921500012464e-17
1443.4769448798902 4.8811018048080355e-17 3.142299997539097e-17
1444.0579047447784 1.1112008182836432e-16 4.773005511487361e-17
1444.6388633154372 6.97307565379588e-17 3.772092816624311e-17
1445.2198205918744 8.294058607496933e-17 3.95841061739045e-17
1445.8007765740992 1.3545664038526453e-17 1.9264962020104885e-17
1446.3817312621204 7.237218907930193e-17 3.829580214835521e-17
1446.962684655946 3.1724305476597085e-17 2.633498390343647e-17
1447.5436367555853 5.430132348478267e-17 3.456556169287588e-17
1448.1245875610466 3.0793853018928037e-17 2.674838230381087e-17
1448.7055370723388 3.188237307421107e-17 2.6436533558517154e-17
1449.2864852894702 9.055149474340444e-17 4.291916274609785e-17
1449.8674322124496 3.2966796931100737e-17 2.7223729914620594e-17
1450.4483778412857 7.020998528020262e-17 3.780343777798405e-17
1451.029322175987 5.02304699053887e-17 3.3104376919303007e-17
1451.6102652165625 9.265109089630084e-17 4.385029680059164e-17
1452.1912069630205 8.977773014608764e-17 4.2550491655805414e-17
1452.7721474153698 1.383103225087051e-17 1.9131555985273558e-17
1453.3530865736188 3.2911253407329026e-17 2.7033958138488678e-17
1453.9340244377765 6.816600875169429e-17 3.764090671378473e-17
1454.5149610078515 1.4983532410428802e-16 5.558014471178965e-17
1455.0958962838524 1.892957303806689e-16 6.155596877211364e-17
1455.6768302657877 1.172549032373108e-16 5.0066277862519375e-17
1456.2577629536663 9.62476391124569e-17 4.5373771583012205e-17
1456.8386943474964 9.536847847021104e-17 4.502817552308755e-17
1457.4196244472873 8.948528540360319e-17 4.326347502171182e-17
1458.000553253047 1.640014439125813e-17 2.1643643948593e-17
1458.5814807647846 5.893816712650992e-17 3.566942098543809e-17
1459.1624069825086 5.747387215383385e-17 3.620101026045652e-17
1459.7433319062275 3.5714522181156934e-17 2.88566324202758e-17
1460.32425553595 1.5398178860911424e-17 2.051811086962067e-17
1460.905177871685 3.660034328169507e-17 2.9472766171342047e-17
1461.486098913441 3.600038256596546e-17 2.901483236678779e-17
1462.0670186612267 5.70565231388539e-17 3.5838390823525525e-17
1462.6479371150506 3.4437924415636496e-17 2.7883054074190686e-17
1463.2288542749216 1.5279116137901766e-17 2.024427934527989e-17
1463.8097701408476 5.657470035820911e-17 3.55291311535491e-17
1464.3906847128383 1.68898468944181e-17 2.1814893496448627e-17
1464.9715979909017 1.5687640790107005e-17 2.0623525112523203e-17
1465.5525099750466 1.193730017661488e-16 5.074787137854062e-17
1466.1334206652818 5.793031041584061e-17 3.6237078643886283e-17
1466.7143300616158 4.97695350895721e-17 3.5305084321555436e-17
1467.295238164057 5.880141101019775e-17 3.676131593762034e-17
1467.8761449726144 1.568279185735622e-17 2.0344933990937793e-17
1468.4570504872966 8.089057443671181e-17 4.2831316165044717e-17
1469.0379547081118 1.546886144425408e-17 2.0145917644279985e-17
1469.6188576350696 1.6176633572301403e-17 2.0869730458765936e-17
1470.1997592681778 7.954273987683831e-17 4.2092822549047175e-17
1470.7806596074454 -4.6615316742895096e-18 6.942144794800396e-21
1471.3615586528808 3.839737331013182e-17 3.0417396504710254e-17
1471.942456404493 3.81583379654387e-17 3.0249429209525236e-17
1472.5233528622903 1.7063781470542075e-17 2.1677085206397293e-17
1473.1042480262815 -4.5434615680149155e-18 6.952171128553333e-21
1473.6851418964752 3.63473418195396e-17 2.8879217759720946e-17
1474.2660344728802 1.7873401038690602e-17 2.2353616377069713e-17
1474.8469257555053 1.0148208435080676e-16 4.7402888638996634e-17
1475.4278157443584 4.002568165466491e-17 3.150429528599268e-17
1476.0087044394488 1.7265287630843668e-17 2.1817017696261663e-17
1476.589591840785 1.0197857800679579e-16 4.757598114525703e-17
1477.1704779483755 3.8241261167485914e-17 3.015306597688526e-17
1477.7513627622293 -4.3997575481476094e-18 7.21610232847527e-21
1478.3322462823546 4.0656162026275275e-17 3.1820844071526924e-17
1478.91312850876 1.8023287820046435e-17 2.2426300737494747e-17
1479.4940094414549 4.224997363054245e-17 3.2998292660104306e-17
1480.074889080447 -4.264260400727748e-18 7.182965020771998e-21
1480.6557674257456 1.880479648225796e-17 2.315630251732382e-17
1481.236644477359 1.6998857718624013e-17 2.1199396674454045e-17
1481.8175202352963 -4.19001804561897e-18 7.229151425755721e-21
1482.3983946995654 3.9375011458663345e-17 3.07550383958646e-17
1482.9792678701754 6.294628732824787e-17 3.8762120255598305e-17
1483.5601397471353 1.9551871269930128e-17 2.3865305490122622e-17
1484.141010330453 4.085765329732584e-17 3.179939031515975e-17
1484.7218796201373 -4.095719869378231e-18 7.396951960036778e-21
1485.302747616197 4.0591105925459205e-17 3.158168630410314e-17
1485.883614318641 -4.099137366078994e-18 7.600852788824667e-21
1486.4644797274777 1.8084954134712264e-17 2.200094792290773e-17
1487.045343842716 1.913823464153931e-17 2.3211238890525917e-17
1487.626206664364 1.9569693703408195e-17 2.3494751736756017e-17
1488.2070681924304 6.62459372615015e-17 4.052382636315659e-17
1488.7879284269243 1.7282626990844004e-17 2.1160772302931494e-17
1489.3687873678539 5.806260637428989e-17 3.8310367144581045e-17
1489.9496450152287 -3.8401582832269105e-18 7.457403999412773e-21
1490.5305013690563 1.937080143384227e-17 2.3199309291731677e-17
1491.1113564293455 1.942072012944862e-17 2.3298475012286984e-17
1491.6922101961056 6.633312871550949e-17 4.046370687623624e-17
1492.2730626693444 4.3564773905473036e-17 3.350768040748181e-17
1492.8539138490717 5.227853022458121e-18 1.4273348885459765e-17
1493.4347637352946 1.9237463227821172e-17 2.2949462696432485e-17
1494.015612328023 2.0366700421576513e-17 2.4148576799613856e-17
1494.596459627265 4.393796471063246e-17 3.3715696479204196e-17
1495.1773056330294 2.132286496140616e-17 2.5043470417110475e-17
1495.7581503453246 4.415022918198092e-17 3.377536928859377e-17
1496.3389937641596 2.0827630274309437e-17 2.4532962667183573e-17
1496.9198358895424 1.9514163414526285e-17 2.315364230447385e-17
1497.5006767214825 -3.656875739000473e-18 8.016224279916297e-21
1498.081516259988 2.025878478450162e-17 2.378546436303778e-17
1498.662354505068 4.70474491297826e-17 3.586869210372457e-17
1499.2431914567303 -3.573873954795065e-18 8.037988661990532e-21
1499.8240271149843 -3.539174968869384e-18 8.026488912771484e-21
1500.404861479839 4.7474019554231294e-17 3.613157341111637e-17
1500.9856945513015 2.1074993673409745e-17 2.4493565708968897e-17
1501.5665263293818 2.1121830294053722e-17 2.4576318511809927e-17
1502.147356814088 2.0705229050347515e-17 2.422857012793141e-17
1502.7281860054293 2.149369099278816e-17 2.4796287343383704e-17
1503.3090139034132 1.8197829546740025e-17 2.5873779426740178e-17
1503.8898405080497 2.0589362553224762e-17 2.3892435359853136e-17
1504.4706658193466 4.912309674958436e-17 3.717393678821894e-17
1505.0514898373124 2.1168933266854942e-17 2.4474295709418862e-17
1505.6323125619563 -3.2788376554514886e-18 8.164295264118258e-21
1506.2131339932866 2.1890487878268623e-17 2.5178957638362985e-17
1506.7939541313121 -3.305305160306501e-18 8.420171954384173e-21
1507.3747729760412 -3.2529537265186324e-18 8.3536194579906e-21
1507.9555905274833 -3.2654629721271187e-18 8.481528722555147e-21
1508.536406785646 2.1011833470557646e-17 2.4270647151330757e-17
1509.1172217505386 3.6608353698747034e-17 3.216134469887825e-17
1509.6980354221694 -3.211199717148487e-18 8.588445047901894e-21
1510.2788478005468 -3.2521776243089046e-18 8.789323920955836e-21
1510.8596588856806 2.2366091915068237e-17 2.5496833221599763e-17
1511.4404686775779 2.3278384449569296e-17 2.6420767496041894e-17
1512.0212771762488 5.058670681671324e-17 3.8066845172245433e-17
1512.6020843817007 2.3015173924293698e-17 2.6148138692311766e-17
1513.1828902939428 2.3860249762218698e-17 2.6907516964415047e-17
1513.7636949129837 6.466123126141731e-17 4.299917427238888e-17
1514.3444982388326 2.2206320325392395e-17 2.5137997308790585e-17
1514.925300271497 -3.0558109439482568e-18 8.91588497805715e-21
1515.5061010109862 -3.151126552342436e-18 9.288239846121755e-21
1516.0869004573092 4.90090086907786e-17 3.663998839409351e-17
1516.6676986104735 5.159722374023252e-17 3.857112094343736e-17
1517.248495470489 2.4531420802521774e-17 2.7478971381874856e-17
1517.8292910373634 -2.7018624277883476e-18 8.352326988283486e-21
1518.4100853111058 1.0870612395547327e-17 2.0035651159904216e-17
1518.9908782917248 1.0454619295027469e-16 5.3726601703903276e-17
1519.5716699792288 -2.775463304332091e-18 8.819545093882431e-21
1520.152460373627 1.381199452363648e-16 6.312215254392154e-17
1520.7332494749276 -2.7231999652794593e-18 8.836412631353837e-21
1521.314037283139 -2.833810143199744e-18 9.247475351559376e-21
1521.8948237982704 2.5716927784626648e-17 2.8495488673557597e-17
1522.47560902033 2.5508448491761233e-17 2.8120147198805535e-17
1523.0563929493267 -2.984847739582792e-18 9.943835411532582e-21
1523.6371755852688 -2.7293787976600772e-18 9.294963919773016e-21
1524.2179569281657 -2.7527125287644325e-18 9.450040897581102e-21
1524.7987369780249 8.333680558838223e-17 4.9720456809468106e-17
1525.379515734856 1.0651699046435168e-17 1.9740039970034915e-17
1525.9602931986672 -2.663355309117626e-18 9.455980603678859e-21
1526.5410693694673 2.6717834523789288e-17 2.951792030662009e-17
1527.1218442472648 2.7350528430718847e-17 3.000581128423857e-17
1527.7026178320684 8.403369532829081e-17 5.007430151446114e-17
1528.2833901238866 5.638152390667592e-17 4.1747021348330606e-17
1528.8641611227283 2.7594339916268852e-17 3.0210270479326975e-17
1529.4449308286019 2.7541155511604143e-17 3.017776889869854e-17
1530.0256992415163 -2.53632270090602e-18 9.678161800886742e-21
1530.6064663614802 -2.625240894442714e-18 1.0018675869923024e-20
1531.1872321885016 5.331419592026394e-17 3.944807135908648e-17
1531.7679967225897 2.6167641956794542e-17 2.863416715761334e-17
1532.3487599637529 8.790128085267845e-17 5.2204152625442277e-17
1532.9295219120002 8.665552699783888e-17 5.143738597610767e-17
1533.5102825673396 8.72703339512026e-17 5.1812876343369993e-17
1534.09104192978 -2.44272886895687e-18 9.987747069831784e-21
1534.6717999993305 -2.4235004352326153e-18 1.0014923668804559e-20
1535.2525567759992 5.917402609765084e-17 4.3566474588812445e-17
1535.8333122597946 2.854091081535411e-17 3.097238837361903e-17
1536.4140664507258 5.7860039768443e-17 4.261471064984158e-17
1536.9948193488017 2.791975773233089e-17 3.03651054551071e-17
1537.57557095403 -2.3516637281402945e-18 1.0202162947480612e-20
1538.1563212664198 1.6478825811124175e-17 2.4246352856740074e-17
1538.7370702859798 2.989632565836105e-17 3.224574689986071e-17
1539.3178180127186 -2.53155917455348e-18 1.0981818641109487e-20
1539.8985644466452 -2.3715584558479605e-18 1.0586700150328335e-20
1540.4793095877676 -2.3817784791112063e-18 1.0697819425603903e-20
1541.0600534360947 6.166798887938802e-17 4.521049936498404e-17
1541.640795991635 6.561454037377242e-17 4.813163475865585e-17
1542.2215372543974 6.449284375848111e-17 4.71831729246903e-17
1542.8022772243903 -2.427984167742959e-18 1.1144224729950477e-20
1543.3830159016225 -2.330963326516002e-18 1.0928801533723667e-20
1543.9637532861027 1.2656338504605174e-16 6.442296354033263e-17
1544.544489377839 -2.415185408920079e-18 1.1338565321873556e-20
1545.125224176841 2.9943514657945975e-17 3.2159194029285614e-17
1545.7059576831166 -2.2523921284665805e-18 1.1017796958787709e-20
1546.2866898966743 9.616353800521741e-17 5.683340274914629e-17
1546.8674208175232 2.865899911960218e-17 3.0847788503588945e-17
1547.4481504456714 3.183588552378559e-17 3.418353329005194e-17
1548.0288787811282 -2.1829277753710618e-18 1.114010255937835e-20
1548.6096058239023 6.318280804387883e-17 4.616365296738399e-17
1549.1903315740012 3.241529245565448e-17 3.465246197930825e-17
1549.771056031435 -2.1725601003684753e-18 1.1308015376965213e-20
1550.3517791962113 -2.1230938725571917e-18 1.1233737142897365e-20
1550.932501068339 6.671193773138937e-17 4.876040452075946e-17
1551.5132216478266 -2.1366265473785592e-18 1.1419741305209558e-20
1552.0939409346836 9.998027508299019e-17 5.903407375545177e-17
1552.674658928917 6.805247324953771e-17 4.95971010190793e-17
1553.2553756305374 6.724492659600424e-17 4.909471452840644e-17
1553.8360910395518 1.0403954151636351e-16 6.137688747821836e-17
1554.4168051559693 -2.2211571681511188e-18 1.1966514152455645e-20
1554.9975179797989 1.391669441336201e-16 7.070365328721917e-17
1555.5782295110491 3.122711368017106e-17 3.326093243075724e-17
1556.1589397497287 3.288541228499287e-17 3.4923198193796855e-17
1556.7396486958455 6.991053928101352e-17 5.0901425878732514e-17
1557.320356349409 -2.1448956651670987e-18 1.2026682656289641e-20
1557.9010627104274 6.30404204819564e-17 4.9439797736351314e-17
1558.4817677789094 6.04820964311177e-17 4.729536508553209e-17
1559.0624715548638 7.010770605182166e-17 5.105033162388186e-17
1559.6431740382993 3.518179470561563e-17 3.7405792205195105e-17
1560.223875229224 1.0343916059288273e-16 6.090305195356838e-17
1560.8045751276472 9.816239017694975e-17 6.021909931844014e-17
1561.3852737335772 3.3024653251865146e-17 3.507570713769448e-17
1561.9659710470223 3.2484441446141465e-17 3.4339972996220416e-17
1562.5466670679916 7.256816471002799e-17 5.286524529716201e-17
1563.127361796494 -2.1155644610314277e-18 1.2533557771470683e-20
1563.7080552325374 -2.065854008144288e-18 1.2426434650970798e-20
1564.288747376131 -2.0534183816103188e-18 1.2456870696986201e-20
1564.869438227283 -2.008105427654664e-18 1.2374970930614215e-20
1565.450127786002 -1.995680761263811e-18 1.2393154363806176e-20
1566.0308160522973 3.643358367020438e-17 3.850871182058146e-17
1566.6115030261767 -2.180116395264147e-18 1.3033332381198266e-20
1567.1921887076494 3.331844464438683e-17 3.5382925325919126e-17
1567.7728730967237 7.527387249368895e-17 5.469690772348513e-17
1568.3535561934086 3.6650311608138174e-17 3.8787104418819856e-17
1568.9342379977124 -2.1306696061972586e-18 1.3111567188157017e-20
1569.5149185096438 3.6511037554041396e-17 3.868046429424952e-17
1570.0955977292115 -2.137493846250821e-18 1.3199264488958976e-20
1570.6762756564242 -2.0926842316979047e-18 1.3101558625862552e-20
1571.2569522912904 1.1384301482110108e-16 6.69666828902761e-17
1571.8376276338186 -2.2229813081969514e-18 1.356511742660323e-20
1572.4183016840177 1.1921370663250578e-16 7.005954428783637e-17
1572.9989744418958 -2.1583673354182904e-18 1.345297225349764e-20
1573.579645907462 -2.2205363691013977e-18 1.367510659867864e-20
1574.1603160807254 -2.123793046969952e-18 1.3422528129546568e-20
1574.7409849616938 3.7261799912884325e-17 3.952687520168318e-17
1575.3216525503763 -2.2004509762625383e-18 1.370234862893034e-20
1575.9023188467809 3.802997938670517e-17 4.02923448318173e-17
1576.482983850917 -2.3339604086704346e-18 1.4149811335056045e-20
1577.0636475627928 -2.1127973350872847e-18 1.3541649407896306e-20
1577.644309982417 -2.440673738724982e-18 1.4529212586405123e-20
1578.2249711097982 3.908292405820352e-17 4.1273235454517384e-17
1578.8056309449453 3.945383515359475e-17 4.1895804670749294e-17
1579.3862894878664 3.9928157060444905e-17 4.229260651931343e-17
1579.9669467385706 -2.291856295106026e-18 1.4169765451746753e-20
1580.5476026970664 -2.2586203848887986e-18 1.407970454696791e-20
1581.1282573633623 3.795618494989809e-17 4.210739085399546e-17
1581.708910737467 -2.28014900110141e-18 1.4176730247880964e-20
1582.2895628193896 8.522485526270187e-17 6.206341429941287e-17
1582.8702136091376 -2.3683829094763694e-18 1.4469009347447748e-20
1583.4508631067206 4.492662752236809e-17 4.738409509547943e-17
1584.0315113121471 4.237552310391575e-17 4.50235135331552e-17
1584.6121582254252 4.492928111777316e-17 4.61333549959074e-17
1585.192803846564 4.1725150692934704e-17 4.4170918623462094e-17
1585.7734481755722 8.374158807549628e-17 6.093118271184009e-17
1586.3540912124581 8.45717200684749e-17 6.16083590833903e-17
1586.9347329572304 -2.660501742799471e-18 1.5349410631365467e-20
1587.5153734098978 1.355571808799979e-16 7.981697341095679e-17
1588.096012570469 9.197309396158298e-17 6.701454686924087e-17
1588.6766504389523 8.622900620422694e-17 6.281665820009346e-17
1589.2572870153567 -2.8930873534613658e-18 1.6019152277720658e-20
1589.837922299691 -2.6708375713484744e-18 1.5337650772617863e-20
1590.418556291963 -2.8020567474353645e-18 1.5703750895093603e-20
1590.999188992182 4.352101935979143e-17 4.6479126418121915e-17
1591.5798204003568 4.429749049207251e-17 4.718912200765578e-17
1592.160450516495 -2.8584791506079128e-18 1.579848246227653e-20
1592.7410793406061 4.394294764664248e-17 4.7095256860465713e-17
1593.321706872699 -2.876145453745361e-18 1.5804208103079046e-20
1593.9023331127814 -3.0932290793425524e-18 1.6419766188137746e-20
1594.4829580608628 -3.3854413840748726e-18 1.7272069180622804e-20
1595.0635817169511 -3.0686471326938547e-18 1.6284472074784175e-20
1595.6442040810555 4.4236113690621074e-17 4.733078165063916e-17
1596.2248251531842 -3.232001034807511e-18 1.6697183501659852e-20
1596.8054449333458 -3.1681085703181496e-18 1.646225936093339e-20
1597.3860634215496 -3.524747284625234e-18 1.7481963029883867e-20
1597.9666806178031 4.758113944355691e-17 5.09230847758916e-17
1598.547296522116 -3.282945227578274e-18 1.6683998695060154e-20
1599.1279111344963 -3.583587950318581e-18 1.7513221409750422e-20
1599.708524454953 -3.2516058357104773e-18 1.6462073568412992e-20
1600.2891364834945 -3.501464218333398e-18 1.7154152322481383e-20
1600.8697472201293 4.7358885939131264e-17 5.0979902157806644e-17
1601.4503566648661 -3.3886527060079566e-18 1.66864414628066e-20
1602.0309648177135 4.938642142578449e-17 5.341235909791683e-17
1602.6115716786805 4.402608591564896e-17 4.778501299477163e-17
1603.1921772477754 -3.8279218004254135e-18 1.781782905473594e-20
1603.772781525007 4.869337311264061e-17 5.273114608497736e-17
1604.3533845103836 4.889647242280198e-17 5.1256001811387044e-17
1604.9339862039142 1.0007903383068412e-16 7.356334901371299e-17
1605.514586605607 -4.144705918843928e-18 1.8367526114694373e-20
1606.0951857154712 5.044509018712171e-17 5.4519937394513084e-17
1606.6757835335147 -4.221950112395661e-18 1.839048522345412e-20
1607.2563800597466 -4.0459095344321255e-18 1.774120498814968e-20
1607.8369752941755 -4.3734461736332164e-18 1.8618806459564363e-20
1608.4175692368099 -4.489122419215082e-18 1.886368100144847e-20
1608.9981618876586 4.875211617102168e-17 5.311220834084584e-17
1609.5787532467302 1.066271676132213e-16 7.866987242469275e-17
1610.159343314033 4.858368565469363e-17 5.297634557959523e-17
1610.7399320895759 4.708080766952564e-17 5.416893157338233e-17
1611.3205195733676 -4.676109905405144e-18 1.8778667190875905e-20
1611.9011057654163 5.1401420163073866e-17 5.621191217643315e-17
1612.481690665731 1.0658402848991543e-16 7.88124783622969e-17
1613.0622742743203 -5.1717643866627376e-18 1.9858018336809698e-20
1613.642856591193 -5.251489294871517e-18 1.992409261941164e-20
1614.2234376163572 1.0867163383265226e-16 8.044329471844724e-17
1614.8040173498216 5.208641835449638e-17 5.735023181331432e-17
1615.3845957915955 -5.107593782692405e-18 1.9027884430975915e-20
1615.965172941687 1.1026360578723712e-16 8.191136163471655e-17
1616.545748800104 -5.081529321590859e-18 1.8597387005343215e-20
1617.1263233668567 1.7186291882344853e-16 1.0250057529543106e-16
1617.7068966419527 1.0930010580973535e-16 8.119371958760025e-17
1618.2874686254008 1.0248598382942562e-16 7.861421971308018e-17
1618.8680393172097 4.6577732964583137e-17 5.543383300504127e-17
1619.4486087173877 2.1223955005096254e-16 1.1208914045958245e-16
1620.029176825944 1.65699324764075e-16 1.0102614901461244e-16
1620.6097436428865 2.2841569558670254e-16 1.172657029073883e-16
1621.1903091682248 4.554723268095355e-16 1.6318395454808496e-16
1621.7708734019666 2.3233314355841487e-16 1.1937893099677957e-16
1622.3514363441209 2.2976554846727067e-16 1.1802036955872248e-16
1622.931997994696 1.6639592995385286e-16 9.975366729982006e-17
1623.5125583537013 1.7815407075072264e-16 1.0678249889736895e-16
1624.0931174211448 2.3229259185606507e-16 1.1942064736943184e-16
1624.673675197035 2.3033276937435543e-16 1.1853159364705985e-16
1625.254231681381 2.388041576380825e-16 1.2293853401805656e-16
1625.8347868741912 6.003779456305831e-17 6.287765780718557e-17
1626.4153407754743 1.7891260198987867e-16 1.074742998221491e-16
1626.9958933852386 5.338477427884941e-17 6.048798595707907e-17
1627.576444703493 -7.161202002253305e-18 2.0728349666121864e-20
1628.156994730246 1.1641123195206592e-16 8.756584918812084e-17
1628.7375434655064 -7.554279883699729e-18 2.138370450904974e-20
1629.3180909092828 -7.358239732885886e-18 2.0541080499083834e-20
1629.8986370615835 -7.795320314197681e-18 2.1569227226396034e-20
1630.4791819224174 5.599773857223092e-17 6.362642831511347e-17
1631.0597254917932 1.7258392915001916e-16 1.0407617569133226e-16
1631.6402677697192 5.268882090739425e-17 6.059940387686752e-17
1632.2208087562042 -8.24655147424842e-18 2.1809256622465596e-20
1632.801348451257 5.22699829673117e-17 6.022151468582879e-17
1633.3818868548858 5.627229636114952e-17 6.473788112569892e-17
1633.9624239670998 -8.985917765792206e-18 2.3280240629939168e-20
1634.542959787907 -8.61736909823043e-18 2.1884323263054783e-20
1635.1234943173163 1.136859431489446e-16 8.642010477806139e-17
1635.7040275553363 1.111104865332587e-16 8.476113119385974e-17
1636.2845595019758 4.474282799025881e-17 5.818315636804092e-17
1636.8650901572432 -9.21660354938222e-18 2.2174631346318218e-20
1637.445619521147 5.267344196544566e-17 6.178127953608328e-17
1638.026147593696 -9.442485895155137e-18 2.2189856639468022e-20
1638.6066743748988 -9.586639487685366e-18 2.2305156246452538e-20
1639.187199864764 5.3154910712788277e-17 6.257786770086165e-17
1639.7677240633002 -9.749653625362416e-18 2.2050323225475117e-20
1640.3482469705166 -9.74366731926937e-18 2.1669282153185138e-20
1640.9287685864203 -1.0025319836301838e-17 2.2129155799673408e-20
1641.509288911022 1.3308866217390285e-16 9.716415523116566e-17
1642.0898079443284 -1.0627877071974254e-17 2.321130837369737e-20
1642.6703256863493 5.667504067523424e-17 6.709830386934554e-17
1643.2508421370926 1.170411332972475e-16 9.034538118709093e-17
1643.8313572965674 5.728181405048884e-17 6.826657406184603e-17
1644.4118711647823 -1.0759225908622162e-17 2.200090564622361e-20
1644.9923837417455 -1.1605320833061827e-17 2.423073093048655e-20
1645.5728950274658 -1.14301835363272e-17 2.3206836428510757e-20
1646.1534050219525 -1.1433691609305037e-17 2.2812578237878402e-20
1646.7339137252131 5.344289529740984e-17 6.512854198539546e-17
1647.3144211372569 5.555814832494064e-17 6.723730991692385e-17
1647.8949272580926 -1.2216557674901761e-17 2.3853678742830153e-20
1648.4754320877284 -1.1860485372519122e-17 2.2340565069666063e-20
1649.055935626173 5.637470793842849e-17 6.917330297954706e-17
1649.6364378734356 5.305033853974932e-17 6.540376151880411e-17
1650.216938829524 1.2078406601204585e-16 9.455721943008843e-17
1650.7974384944469 -1.3096699353354109e-17 2.4313385983843632e-20
1651.3779368682133 -1.2898140437575042e-17 2.3215344110357835e-20
1651.9584339508317 -1.3501289107385433e-17 2.459980211770152e-20
1652.5389297423108 -1.3327824369849388e-17 2.3608334065090084e-20
1653.1194242426589 -1.3677678755567466e-17 2.4180321380734833e-20
1653.699917451885 -1.3636083978465237e-17 2.359310069400461e-20
1654.2804093699974 5.665504275674516e-17 7.048505261237855e-17
1654.860899997005 -1.4133189748107555e-17 2.4080394085329306e-20
1655.4413893329163 -1.438097666368149e-17 2.4340025400094388e-20
1656.0218773777397 2.9656013146802144e-18 3.3304177433181515e-17
1656.6023641314841 5.652391808604325e-17 7.144391376100512e-17
1657.1828495941581 -1.460258000414567e-17 2.345175943800888e-20
1657.76333376577 -1.515837589260985e-17 2.4617405555112414e-20
1658.3438166463288 -1.531443675005778e-17 2.4519447660423102e-20
1658.924298235843 -1.5410892626926364e-17 2.428690166395773e-20
1659.504778534321 -1.5509657992065195e-17 2.401733125714494e-20
1660.0852575417716 -1.5834898791476145e-17 2.4523607797292875e-20
1660.6657352582033 5.375850771449067e-17 6.99694610104069e-17
1661.246211683625 1.2115697226707455e-16 9.729347995685465e-17
1661.8266868180453 -1.6572532139636632e-17 2.49364597802492e-20
1662.4071606614725 1.2510963828054694e-16 1.0039921228474624e-16
1662.9876332139152 -1.7131507710375466e-17 2.538651388813767e-20
1663.5681044753821 -1.718586671151e-17 2.4892389794410877e-20
1664.1485744458819 -1.7414635090440117e-17 2.4942180574290314e-20
1664.7290431254235 -1.7659316769994527e-17 2.5004983292946122e-20
1665.309510514015 -1.821475366207286e-17 2.6072879926100617e-20
1665.8899766116651 5.5041597193458426e-17 7.364237454071386e-17
1666.4704414183827 5.676754593749727e-17 7.526592494236354e-17
1667.0509049341763 -1.890822383732914e-17 2.6133553300913954e-20
1667.6313671590542 -1.8868347114359184e-17 2.531407742340246e-20
1668.2118280930254 -1.925122916757528e-17 2.5807190159583438e-20
1668.7922877360984 5.481175678845444e-17 7.465902583565583e-17
1669.372746088282 5.837028447493512e-17 7.829879920190146e-17
1669.9532031495842 5.691393043613955e-17 7.703872519629738e-17
1670.5336589200142 1.2575364801825623e-16 1.0314422769111572e-16
1671.1141133995804 -2.0445937706814193e-17 2.5941183725294225e-20
1671.6945665882915 -2.1206677518205736e-17 2.756612672427923e-20
1672.2750184861561 -2.0768716816722185e-17 2.5479694491672062e-20
1672.8554690931826 -2.16113160758932e-17 2.7324441351397427e-20
1673.43591840938 5.3453463356915816e-17 7.506041357353596e-17
1674.0163664347563 -2.1801670187176354e-17 2.6483628414608613e-20
1674.596813169321 -2.1946555834548692e-17 2.614799018754242e-20
1675.177258613082 1.3114057903944657e-16 1.0863130050598418e-16
1675.757702766048 -2.2444169493087118e-17 2.6132207516831422e-20
1676.338145628228 -2.3262183290091833e-17 2.795807462531012e-20
1676.9185871996299 -2.327687898085445e-17 2.7137220651973413e-20
1677.4990274802633 5.210078151865275e-17 7.529066095140132e-17
1678.079466470136 -2.4671482332561703e-17 3.0226019687997255e-20
1678.6599041692568 -2.364493630313237e-17 2.588666250628675e-20
1679.2403405776345 1.3731289489119885e-16 1.14671532157524e-16
1679.8207756952777 -2.4518126355716822e-17 2.6873337111871926e-20
1680.4012095221947 1.5596037154711658e-17 5.575211886986187e-17
1680.9816420583943 -2.5509323648849314e-17 2.8186447560208644e-20
1681.5620733038854 -2.5778994454708952e-17 2.813687811576655e-20
1682.1425032586762 -2.585196501962593e-17 2.740979928202951e-20
1682.7229319227756 -2.6282977403964035e-17 2.780810936519367e-20
1683.3033592961917 -2.6639834700747987e-17 2.7948681601713666e-20
1683.8837853789335 -2.6716793930578696e-17 2.7232036229687304e-20
1684.4642101710099 -2.735791349922772e-17 2.826557578685244e-20
1685.0446336724292 -2.777126888621027e-17 2.8477566668213293e-20
1685.6250558831998 5.067845107281272e-17 7.840155488631525e-17
1686.2054768033304 -2.875681819012025e-17 2.945411154246896e-20
1686.7858964328302 -2.8470683181348357e-17 2.750944546527374e-20
1687.366314771707 5.114969586778418e-17 8.071166519638394e-17
1687.9467318199697 1.2886599117360335e-16 1.1194391401379774e-16
1688.527147577627 -3.0213830664683404e-17 2.961648128059944e-20
1689.1075620446875 -3.045415641113211e-17 2.921858155656729e-20
1689.6879752211596 -3.0698647839145634e-17 2.883413321101193e-20
1690.2683871070524 1.3934426518717188e-16 1.2088702021980665e-16
1690.8487977023742 -3.147322638218519e-17 2.889370960216136e-20
1691.4292070071333 -3.2355000915166717e-17 3.049015525969163e-20
1692.009615021339 5.881479148378641e-17 9.150167380432165e-17
1692.5900217449991 -3.310784776915328e-17 3.0431890725294926e-20
1693.1704271781227 5.083589993932851e-17 8.429888943267531e-17
1693.7508313207186 -3.391105337883207e-17 3.0522053412063206e-20
1694.331234172795 1.4396390347215803e-16 1.2618902295314494e-16
1694.9116357343603 -3.480162911353116e-17 3.0777733000698786e-20
1695.4920360054239 4.872018699937713e-17 8.385301261272963e-17
1696.0724349859938 -3.6012813436210906e-17 3.193250944756549e-20
1696.652832676079 1.3636769876629166e-16 1.2195874189120995e-16
1697.2332290756874 -3.677973228677822e-17 3.169947069702428e-20
1697.8136241848285 -3.7172735721969515e-17 3.158376557766916e-20
1698.3940180035104 1.3734068815978063e-16 1.2368257305288066e-16
1698.9744105317418 -3.783058584568804e-17 3.0938933053744325e-20
1699.5548017695312 -3.881730974606784e-17 3.261805153609015e-20
1700.1351917168874 -3.87744816426723e-17 3.1038110716719726e-20
1700.715580373819 -3.980763684519593e-17 3.2909923507699194e-20
1701.2959677403346 -4.020062373677497e-17 3.269364162691072e-20
1701.8763538164424 -4.0421418094600077e-17 3.195946067213309e-20
1702.4567386021515 5.1509357306844686e-17 9.305034781692303e-17
1703.0371220974705 -4.150057115662656e-17 3.240119450628201e-20
1703.6175043024077 -4.2032587256841063e-17 3.2571535551331114e-20
1704.1978852169718 -4.2778535424518933e-17 3.3343314449888696e-20
1704.7782648411721 4.7591174798748405e-17 9.048199833706019e-17
1705.358643175016 5.4053867441453756e-17 9.795803024353485e-17
1705.9390202185125 1.4159603610299843e-16 1.3165294132830681e-16
1706.5193959716707 -4.501163852828139e-17 3.4163111829239834e-20
1707.099770434499 -4.543598218252109e-17 3.387423515617703e-20
1707.6801436070057 -4.598038613958919e-17 3.401163761074033e-20
1708.2605154891996 -4.693891310724829e-17 3.538068291682668e-20
1708.8408860810896 -4.7172661113465975e-17 3.448039698646501e-20
1709.421255382684 2.623709171015225e-16 1.8024346280358258e-16
1710.001623393991 -4.821162643261218e-17 3.4319406959746875e-20
1710.58199011502 -1.4916897056387245e-17 3.434671361348393e-20
1711.162355545779 -9.333394503557561e-17 3.571063427718157e-20
1711.7427196862773 -1.3644881044279738e-17 3.5351786525349874e-20
1712.3230825365229 -8.619145080854975e-20 3.6541233472109914e-20
1712.9034440965243 4.647159617941554e-19 2.3824843743664437e-20
1713.4838043662905 8.31709128621735e-17 9.805950876108285e-17
1714.0641633458297 1.8182516448368198e-16 1.3914085816582264e-16
1714.6445210351512 8.380566479446709e-17 9.88168422427119e-17
1715.2248774342631 -1.5073136584847486e-17 1.993364235496008e-20
