wavelength flux error
1663.3100839763833 8.24012285813823e-15 1.1776071213813726e-14
1664.680443183461 1.8632156635698532e-14 1.041124448480403e-14
1666.0508173702626 4.3801161292824145e-14 1.0674713236014533e-14
1667.4212065053841 9.58725591591273e-15 9.473271539233667e-15
1668.7916105574182 1.824138476174634e-14 9.412414763072287e-15
1670.162029494954 2.165532564466638e-14 9.208337421024414e-15
1671.5324632865766 6.1915757927860724e-15 8.48062176988509e-15
1672.9029119008685 1.716419263393231e-14 8.54291003172733e-15
1674.2733753064083 -4.94530233617293e-15 1.43294410218835e-14
1675.6438534717713 3.1761760241203266e-14 8.460347189259611e-15
1677.0143463655302 8.093889396058353e-15 7.678452769715061e-15
1678.384853956252 3.001847156806382e-14 7.730448734215214e-15
1679.755376212503 3.6141316989927313e-14 8.423319991003337e-15
1681.1259131028448 9.442673321047052e-15 7.076679059371191e-15
1682.4964645958353 -3.6621170366030176e-16 8.039957114240777e-15
1683.8670306600295 3.795126037975209e-14 7.186013225169829e-15
1685.2376112639795 1.6880910935052583e-14 8.659516822411093e-15
1686.608206376233 8.069425390475754e-14 1.260361223888581e-14
1687.9788159653351 -8.614213400752468e-13 2.1325867097634135e-14
1689.3494399998274 2.1522112773051695e-14 5.832548596114602e-15
1690.7200784482482 6.690526479596849e-15 5.619107728351306e-15
1692.090731279132 9.995003177160847e-15 6.0793816202410304e-15
1693.4613984610103 1.619138715247201e-14 7.212134027197257e-15
1694.8320799624119 1.3504763815206083e-14 5.564264039082485e-15
1696.2027757518613 1.6143392571614686e-14 5.362545683792715e-15
1697.5734857978798 1.9730831213120824e-14 5.235352251817694e-15
1698.9442100689866 1.351031442210944e-14 7.841233020419551e-15
1700.314948533696 1.2723170092357808e-14 4.7938503041050195e-15
1701.6857011605198 5.273112557089817e-15 4.6087160068895416e-15
1703.0564679179665 2.1687085992056626e-14 4.905329580842579e-15
1704.4272487745416 1.8883261246977964e-14 4.640510659114153e-15
1705.7980436987468 8.442225766386053e-15 4.4389549341502556e-15
1707.1688526590808 1.2270729984680765e-14 4.389919349800757e-15
1708.5396756240389 1.840332899093189e-14 4.474603586284874e-15
1709.9105125621134 1.0065538998810502e-14 4.366459925293602e-15
1711.2813634417928 8.571019667114911e-15 4.492146909171931e-15
1712.6522282315639 6.0822860962171654e-15 6.602723891317415e-15
1714.023106899908 2.1145706577884935e-14 4.409295651985673e-15
1715.3939994153052 1.003026007655736e-14 4.124862411814152e-15
1716.7649057462318 1.09722352528035e-14 4.2853929430107345e-15
1718.1358258611597 2.0166875304037865e-14 4.0569244402137265e-15
1719.506759728559 8.675978060708033e-15 3.913930455640624e-15
1720.8777073168962 2.0273015308592407e-14 4.061511547139582e-15
1722.2486685946355 6.353417954501478e-14 1.1031857054927784e-14
1723.6196435302359 1.4313955565541797e-14 3.726482487929721e-15
1724.9906320921546 6.162306992810174e-15 3.650322791026771e-15
1726.3616342488458 1.6497103365992714e-14 3.786036527418223e-15
1727.7326499687601 -5.3724716393851145e-15 9.857351852902551e-15
1729.1036792203454 6.8786677437750795e-15 3.4220893398726263e-15
1730.4747219720455 1.6466157864297726e-14 3.5297711561494078e-15
1731.8457781923019 1.6880465395722327e-14 3.524962761866082e-15
1733.2168478495528 1.4169197634856037e-14 3.38449272371756e-15
1734.587930912233 5.9090344007022445e-15 3.3659895007430267e-15
1735.9590273487754 1.5843742808062215e-14 3.598111680158016e-15
1737.330137127608 1.907489906316246e-14 3.4557032071097027e-15
1738.7012602171567 -4.6941452088507685e-15 3.813831066549426e-15
1740.0723965858442 1.0252806124987166e-14 3.2743168189275883e-15
1741.4435462020906 1.5423755073693327e-14 3.2551484633312235e-15
1742.8147090343116 4.880488222081978e-15 2.9443904979502234e-15
1744.1858850509213 4.221586798127015e-15 3.090382343881896e-15
1745.5570742203297 1.369126183546664e-14 3.154729531060674e-15
1746.9282765109447 1.3763724657071298e-14 3.0567845702708174e-15
1748.2994918911702 9.942881004751554e-15 3.0202965084854703e-15
1749.6707203294077 1.2549649463882134e-14 2.9764409541249053e-15
1751.0419617940552 2.029925808336424e-14 3.1094399499204074e-15
1752.4132162535086 9.017230694497846e-15 2.9625388141198573e-15
1753.7844836761592 1.1314264615805945e-14 2.8716750487690467e-15
1755.1557640303968 1.2043212699883524e-14 2.844498420172866e-15
1756.5270572846075 1.3726314599922865e-14 3.053969244512381e-15
1757.898363407175 7.689517561105044e-15 2.801475710957689e-15
1759.2696823664787 9.623478432869113e-15 3.033157221481869e-15
1760.6410141308968 1.1970204389060834e-14 2.6585289484713955e-15
1762.012358668803 1.2990644462375876e-14 2.7427936918883846e-15
1763.3837159485684 1.0938616515126977e-14 3.1633127276734386e-15
1764.755085938562 1.5661308851882584e-14 2.77985604201197e-15
1766.126468607149 1.4845643228731005e-14 3.3505211968185055e-15
1767.4978639226917 6.027015502342928e-15 2.8692523227816626e-15
1768.8692718535506 1.1801384793442421e-14 2.5420362954772747e-15
1770.2406923680812 1.5483140553625326e-14 2.63192681997169e-15
1771.6121254346376 5.827866621498654e-15 2.5841768198778866e-15
1772.9835710215707 9.966753781336969e-15 2.5960672566332057e-15
1774.3550290972287 1.1296790326104089e-14 2.5710048222733718e-15
1775.7264996299557 1.0795099487708945e-14 2.5526638061082376e-15
1777.097982588095 1.6710633595731945e-14 4.366507359138648e-15
1778.469477939985 1.4462350655703067e-14 2.5267748793501204e-15
1779.8409856539624 1.7030735816828818e-14 2.485250359660399e-15
1781.2125056983602 8.991464799275317e-15 2.335000479102879e-15
1782.58403804151 8.346535607301787e-15 2.323981427492048e-15
1783.9555826517387 1.3378222175083974e-14 2.519545241387068e-15
1785.3271394973715 1.3789284723287644e-14 2.34822456923365e-15
1786.6987085467306 9.462100868725277e-15 2.410703201730785e-15
1788.0702897681351 1.524400621195649e-14 2.3135978623498943e-15
1789.4418831299017 1.2430571031058282e-14 2.7129675442331925e-15
1790.8134886003431 5.844436703529316e-15 2.817449481793484e-15
1792.1851061477714 1.1681228934709662e-14 2.2609670466557747e-15
1793.5567357404939 1.054700353745816e-14 2.3773652554762766e-15
1794.9283773468155 9.957731186382816e-15 2.2006413601523235e-15
1796.3000309350396 1.0244991610774035e-15 2.3546842542476482e-15
1797.6716964734644 1.6153338432481346e-14 2.2487259382602924e-15
1799.0433739303878 9.170810473329259e-15 2.4995417113047105e-15
1800.4150632741037 -1.2977201202470003e-15 2.9003473257918416e-15
1801.7867644729035 1.169865324946763e-14 2.1069781509108374e-15
1803.1584774950754 1.1137856452013081e-14 2.169363821542011e-15
1804.5302023089052 9.34192891636652e-15 2.0295180466756158e-15
1805.9019388826764 6.2402848459344046e-15 2.111656102120286e-15
1807.2736871846691 1.2601433670145473e-14 2.347435134526809e-15
1808.6454471831607 1.2244985265281918e-14 2.249498855824662e-15
1810.0172188464264 1.0410028145491773e-14 1.9686945165574158e-15
1811.3890021427387 8.994773309967292e-15 1.93210269323603e-15
1812.7607970403662 1.6446018808943808e-14 2.9526177289669045e-15
1814.1326035075765 8.946452621425276e-15 1.8976866857979037e-15
1815.5044215126331 1.0239896495838063e-14 1.879635778417204e-15
1816.876251023798 1.1300204715914471e-14 1.9769234416399913e-15
1818.2480920093292 1.426883750857335e-14 1.9416296963102727e-15
1819.6199444374838 1.0814035756277762e-14 1.8819934946258865e-15
1820.9918082765143 1.1839676611888946e-14 1.9352132099765846e-15
1822.363683494672 3.757111199302436e-14 6.137239052736183e-15
1823.7355700602047 1.2930559333229445e-14 1.9529555856062468e-15
1825.107467941358 1.0384052186098326e-14 1.8357863650455067e-15
1826.4793771063748 1.271214087635161e-14 1.9932991296092587e-15
1827.8512975234955 1.3980770920574582e-14 2.2760893376213426e-15
1829.2232291609573 8.42361221737014e-15 1.8035349503040888e-15
1830.5951719869956 1.2738477671780588e-14 1.8494316423093e-15
1831.9671259698423 1.5792107679597593e-14 1.9095057600274166e-15
1833.3390910777277 9.937740361794668e-15 1.7982160069118054e-15
1834.7110672788788 1.0588109199355464e-14 1.7584911145976444e-15
1836.0830545415204 8.814301082093502e-15 2.736585787417958e-15
1837.455052833874 1.417328118069475e-14 1.804819264010363e-15
1838.8270621241602 8.05877141006519e-15 2.6981783489741324e-15
1840.199082380595 1.2822552468059155e-14 1.9109584215319577e-15
1841.5711135713927 1.5719244211408884e-14 1.7585739120682385e-15
1842.943155664766 4.7872188831609656e-15 1.682916823340366e-15
1844.3152086289238 1.3625562571945807e-14 1.8018055207840323e-15
1845.6872724320726 1.3225560579967384e-14 1.7194456485862997e-15
1847.059347042417 1.7883294807031005e-14 2.081542598537738e-15
1848.4314324281586 1.593907806034158e-14 1.9915330659142335e-15
1849.8035285574965 1.198072199716689e-14 2.096458001705939e-15
1851.1756353986277 1.4180053209108048e-14 2.1569098961185312e-15
1852.5477529197462 1.4651870889519428e-14 1.874855971495848e-15
1853.9198810890446 1.0831803119379368e-14 1.5715608957757505e-15
1855.2920198747106 1.490819152968805e-14 2.1391385096104255e-15
1856.6641692449327 1.3602798561488348e-14 1.6612975779111208e-15
1858.036329167894 1.0110182717328487e-14 1.543523787584278e-15
1859.408499611777 1.2198705079109837e-14 1.685309585537241e-15
1860.7806805447608 1.6697994170093017e-14 1.7670247597829946e-15
1862.1528719350226 1.573860060831954e-14 1.6512319677615427e-15
1863.5250737507367 1.4059567854558808e-14 1.5649291571943414e-15
1864.897285960076 1.7455685470202723e-14 1.6161720035252664e-15
1866.2695085312098 1.481312055168823e-14 1.7201017814830665e-15
1867.641741432305 1.1380083310972341e-14 1.4950977493194471e-15
1869.013984631527 1.5258605671835367e-14 1.565217466033763e-15
1870.386238097038 1.68065278897565e-14 1.607095621978963e-15
1871.7585017969982 1.4939484314891414e-14 1.5634598726682104e-15
1873.1307756995654 1.3244056391403629e-14 1.5073141878803407e-15
1874.5030597728949 1.2804768164298604e-14 1.4864654247957417e-15
1875.8753539851398 1.4481329275919247e-14 1.5203586011471753e-15
1877.2476583044506 1.1504155003020256e-14 1.434593550622362e-15
1878.6199726989757 1.3546069376878939e-14 1.4729329087930518e-15
1879.9922971368608 1.6214463718087005e-14 1.5368172983452736e-15
1881.3646315862497 1.4722196646998163e-14 1.7519937366174934e-15
1882.7369760152835 1.5789405644495852e-14 1.5011207888491356e-15
1884.1093303921016 1.6494160773533953e-14 1.517338716931977e-15
1885.4816946848398 1.243630967927593e-14 1.4252815880376035e-15
1886.8540688616329 1.2968668192559363e-14 1.4392186681517257e-15
1888.2264528906126 1.4746037236331583e-14 1.4315216797600259e-15
1889.5988467399088 1.2387407926132098e-14 1.3966193695310572e-15
1890.9712503776493 1.27342780824281e-14 1.4014037292545047e-15
1892.3436637719585 1.736316236730824e-14 1.6012715293127608e-15
1893.7160868909598 3.285572700950472e-14 6.412855950476207e-15
1895.0885197027735 1.3367946818400832e-14 1.3482611997811251e-15
1896.4609621755183 1.1565996878499293e-14 1.401591982327032e-15
1897.8334142773097 1.4742378053999444e-14 1.6464606311696593e-15
1899.2058759762617 1.424629287964923e-14 1.3680101964628328e-15
1900.5783472404864 1.461909579665837e-14 1.4182658258937329e-15
1901.9508280380928 1.4640402063413605e-14 1.3505982695617182e-15
1903.323318337188 1.5382318221913646e-14 1.3534033250456692e-15
1904.6958181058767 1.2326432565358102e-14 1.3039800113645648e-15
1906.0683273122627 1.2509181617794112e-14 1.2859101516216704e-15
1907.4408459244453 1.729863200925462e-14 1.3975348003888023e-15
1908.8133739105233 1.2394376466189159e-14 1.289297859894214e-15
1910.1859112385928 1.16970430398349e-14 1.253411085622299e-15
1911.558457876748 1.5680539887917046e-14 1.3719062303828473e-15
1912.9310137930804 1.6359462206129785e-14 1.5542311310705196e-15
1914.30357895568 -2.7210761313449516e-13 5.380612896557649e-15
1915.6761533326337 1.3371646658314439e-14 2.426823721024692e-15
1917.0487368920274 1.2023190535076327e-14 1.7137792099274052e-15
1918.421329601944 1.2108439319019788e-14 1.4238301970824832e-15
1919.7939314304645 1.0606677008592226e-14 1.1946104819403791e-15
1921.1665423456682 1.3732551303513498e-14 1.2315121075622232e-15
1922.5391623156315 1.3862601354103134e-14 1.2586637486864598e-15
1923.9117913084294 1.3320529066980589e-14 1.2435241994245916e-15
1925.2844292921343 1.196958859610818e-14 1.7266833333623509e-15
1926.6570762348167 1.6597298893323426e-14 1.434663324961392e-15
1928.029732104545 1.1854805467359855e-14 1.246818416435582e-15
1929.4023968693857 7.48771704361939e-15 1.872856761982091e-15
1930.775070497403 1.4233365462808234e-14 1.200458715045578e-15
1932.1477529566591 1.521585930711923e-14 1.2334164493858876e-15
1933.520444215214 1.014781215601026e-14 1.1949384954492034e-15
1934.8931442411256 1.3113046652484753e-14 1.6401287422515782e-15
1936.2658530024503 1.5148384662540954e-14 1.603558412391229e-15
1937.6385704672418 1.67402018218547e-14 1.6524251195468688e-15
1939.0112966035524 1.131331000967439e-14 1.1519364326621154e-15
1940.3840313794321 1.3579411981814657e-14 1.1456612949515004e-15
1941.756774762928 1.4115599931052627e-14 1.1552870832432166e-15
1943.1295267220867 1.3474810189092329e-14 1.1698193098819035e-15
1944.5022872249522 1.3174625947750141e-14 1.648394725025596e-15
1945.8750562395658 1.646688461856647e-14 1.200723412841595e-15
1947.2478337339678 1.4260311274926288e-14 1.134089342584349e-15
1948.6206196761962 1.3395808273134868e-14 1.1135663695470877e-15
1949.9934140342868 1.5208905166622273e-14 1.2231216109449589e-15
1951.366216776274 1.4279596521069374e-14 1.2713199032260967e-15
1952.7390278701896 1.0704161183458776e-14 1.1496099507933631e-15
1954.1118472840633 1.6143689033146225e-14 1.2277899271546325e-15
1955.4846749859241 1.676501988720925e-14 1.2094010536279785e-15
1956.8575109437977 1.2508351525505803e-14 1.1453398459480174e-15
1958.230355125708 1.7277686578534915e-14 1.1480496102254023e-15
1959.6032074996783 1.506562615546242e-14 1.0869327949492155e-15
1960.9760680337283 1.3861508681601176e-14 1.0717016602499255e-15
1962.3489366958772 1.3723300856696534e-14 1.0645065388794738e-15
1963.721813454141 1.5604666064633795e-14 1.1152259188489957e-15
1965.094698276535 1.53432157929366e-14 2.029641501727678e-15
1966.467591131072 1.414468704246134e-14 1.0669238650318192e-15
1967.8404919857628 1.5128338780811233e-14 1.2813349031570763e-15
1969.2134008086166 1.724176729937365e-14 1.1309241922186964e-15
1970.586317567641 1.6039251564815664e-14 1.0852512227906789e-15
1971.9592422308406 1.6696042606182543e-14 1.1579213557091775e-15
1973.33217476622 1.6933545562394965e-14 1.0776140561008789e-15
1974.7051151417804 1.961347479827874e-14 1.1321912476286704e-15
1976.0780633255222 1.568105657801487e-14 1.052838977668401e-15
1977.4510192854425 1.4935164446860417e-14 1.1061896654885684e-15
1978.8239829895388 1.8330861934162494e-14 1.092243162132908e-15
1980.1969544058045 1.7687342205013196e-14 1.0872028925802712e-15
1981.569933502233 1.6556707380425105e-14 1.0699190794124288e-15
1982.9429202468148 1.813188711858888e-14 1.1188804424999243e-15
1984.315914607539 2.0600476551935025e-14 1.1056534936329564e-15
1985.6889165523933 1.7783275462553323e-14 1.0548152114134637e-15
1987.0619260493627 1.6570808784930995e-14 1.4164317878046905e-15
1988.434943066431 1.877852901118176e-14 1.058333256880766e-15
1989.8079675715808 1.8467352823283052e-14 1.0475881145492532e-15
1991.180999532792 1.691337431978905e-14 1.013088039091112e-15
1992.5540389180428 1.820500639072766e-14 1.0292914617347315e-15
1993.9270856953103 1.8456675125949965e-14 1.0155757748571978e-15
1995.3001398325698 1.6506105632156133e-14 9.901268817151792e-16
1996.6732012977943 1.7227310141029913e-14 1.0096674024127439e-15
1998.0462700589555 1.7724274535579378e-14 1.0021306091271935e-15
1999.4193460840236 1.740739781594565e-14 9.966922340893473e-16
2000.792429340966 1.7868498835508367e-14 1.0730691949432675e-15
2002.1655197977502 1.6942041302855926e-14 1.0210187026971356e-15
2003.5386174223404 1.7625210644266198e-14 1.0160227964951113e-15
2004.9117221827003 1.6855018831920913e-14 1.0005611629550497e-15
2006.284834046791 1.8693120985044213e-14 1.0471367518674851e-15
2007.6579529825724 1.9966382605422772e-14 1.0224678701907693e-15
2009.031078958003 1.7933410358388253e-14 1.0346806029825186e-15
2010.4042119410387 1.6003354308511027e-14 1.0125192564670307e-15
2011.7773518996353 1.810842938814762e-14 9.657159215709023e-16
2013.1504988017455 1.685928957204097e-14 9.548492300114585e-16
2014.5236526153212 1.5900134873558618e-14 9.089139980071473e-16
2015.896813308312 1.5173544929206195e-14 9.078731003940902e-16
2017.2699808486666 1.5106629326373106e-14 9.03078152758802e-16
2018.6431552043323 1.4482049253924413e-14 8.721436095525685e-16
2020.0163363432534 1.4712006840642694e-14 8.994010768556527e-16
2021.3895242333745 1.4820469409538607e-14 9.625790409298644e-16
2022.7627188426372 1.7260130973670122e-14 9.536164794358482e-16
2024.1359201389819 1.374114529979634e-14 8.602765720824173e-16
2025.5091280903478 1.590364497809204e-14 9.794556430083143e-16
2026.8823426646723 1.4017612618615408e-14 9.300236472395006e-16
2028.255563829891 1.4084969525614017e-14 8.499239236428385e-16
2029.6287915539383 1.4386258297919424e-14 8.42647381230332e-16
2031.0020258047468 1.5564382871728275e-14 9.276092857024706e-16
2032.375266550248 1.2739353503848048e-14 8.730822279372447e-16
2033.7485137583717 1.4656202616011686e-14 8.581773597413252e-16
2035.1217673970457 1.3452505270492281e-14 9.640431373791935e-16
2036.495027434197 1.5364266255741763e-14 8.446527317329566e-16
2037.868293837751 1.4016954474015391e-14 8.185200183047077e-16
2039.2415665756307 1.2562482013033036e-14 7.883996325794632e-16
2040.6148456157591 1.356892232579586e-14 8.098018787555336e-16
2041.9881309260568 1.3705533493594928e-14 7.928457614591602e-16
2043.3614224744422 1.2388321027649238e-14 7.668012453365442e-16
2044.7347202288342 1.447054315836891e-14 8.009095151170211e-16
2046.1080241571494 1.2510519082817827e-14 1.0025785836771726e-15
2047.4813342273014 1.2261676896540511e-14 7.60106508679683e-16
2048.854650407205 1.3555838207859622e-14 8.121339192780023e-16
2050.2279726647716 1.3638359545712925e-14 7.682569773355191e-16
2051.601300967912 1.2972902510262688e-14 8.766834414520555e-16
2052.974635284535 1.1260416190250148e-14 9.920369410112376e-16
2054.3479755825497 1.2167576618298242e-14 7.423487805778518e-16
2055.7213218298607 1.1741484317478491e-14 9.240291950717819e-16
2057.0946739943747 1.1484971400830841e-14 1.219660422564241e-15
2058.4680320439943 1.0732761250922818e-14 7.005946620198655e-16
2059.8413959466225 1.1991711402624568e-14 7.435428323356843e-16
2061.214765670159 1.2324248067387134e-14 7.985424286063598e-16
2062.5881411825058 9.547599527388179e-15 6.669355314596701e-16
2063.961522451558 1.252550478972065e-14 7.082004884906171e-16
2065.334909445214 1.1483467070316517e-14 6.942881311506428e-16
2066.70830213137 1.0542362643940154e-14 6.806200898763922e-16
2068.0817004779187 1.1051930888744763e-14 7.119614735951038e-16
2069.4551044527543 2.5260636681359583e-13 3.996040558998035e-15
2070.8285140237676 1.0186464810492315e-14 7.281565847279284e-16
2072.2019291588485 1.0219016286655298e-14 7.458576675014119e-16
2073.575349825886 1.0542441418004249e-14 6.610790927227947e-16
2074.9487759927683 1.0181603688408022e-14 6.479921160503605e-16
2076.322207627382 8.87207635239277e-15 6.237643797204866e-16
2077.695644697611 9.508214189406748e-15 6.335756682276515e-16
2079.06908717134 1.0657582841689262e-14 6.610732693712823e-16
2080.4425350164506 9.101404593631242e-15 6.280486723676988e-16
2081.815988200825 8.330510590972683e-15 6.534347791925022e-16
2083.189446692343 1.0522616611873762e-14 6.352876276931709e-16
2084.5629104588834 1.055736613853487e-14 6.804703238634058e-16
2085.936379468323 8.200696862575331e-15 7.360580786368309e-16
2087.309853688539 9.441980448096198e-15 6.130121964275997e-16
2088.6833330874065 9.494100926439597e-15 6.294704171696652e-16
2090.0568176327984 7.69698754466688e-15 5.845074201701243e-16
2091.430307292588 7.511251007025904e-15 5.906483031585996e-16
2092.803802034647 9.040812091749405e-15 6.051562305396121e-16
2094.1773018268455 8.281737586836833e-15 5.995099618527741e-16
2095.550806637052 8.834005609545479e-15 7.223040105788748e-16
2096.9243164331356 9.699839300097036e-15 8.517301684632991e-16
2098.2978311829625 8.981387648301833e-15 5.701228419620558e-16
2099.6713508543976 8.290210457408218e-15 7.208267321793041e-16
2101.0448754153063 6.5713934131478996e-15 5.383708060826035e-16
2102.418404833551 8.892992136959321e-15 6.177383226359235e-16
2103.791939076995 8.717970566101112e-15 5.725434503670718e-16
2105.165478113499 7.093933120506761e-15 5.343217768364911e-16
2106.5390219109217 8.060171555527001e-15 5.766653773862072e-16
2107.912570437124 8.890247750210217e-15 5.644351745399208e-16
2109.2861236599615 6.986450992247295e-15 5.501141238028963e-16
2110.6596815472917 8.317094436121122e-15 5.660632248041027e-16
2112.033244066971 8.161048944380252e-15 1.0384190887743438e-15
2113.406811186852 8.304620181906908e-15 5.707391643103017e-16
2114.780382874789 7.077167373865283e-15 5.515089753087873e-16
2116.1539590986345 7.621518603132416e-15 6.156517099099217e-16
2117.5275398262397 8.180801752710222e-15 5.635451546705933e-16
2118.901125025454 6.42467036602451e-15 5.486195871070253e-16
2120.2747146641273 8.128316203166557e-15 6.009463179730806e-16
2121.6483087101064 7.303687277367132e-15 5.560736358615407e-16
2123.02190713124 8.17777615102263e-15 5.315272563248216e-16
2124.395509895373 7.248756343704744e-15 5.197102996776768e-16
2125.769116970351 6.847017087151502e-15 5.002167363691256e-16
2127.1427283240178 8.405158757581258e-15 5.197695390444254e-16
2128.5163439242156 6.44765629911415e-15 4.85441464214136e-16
2129.889963738788 6.47508746111098e-15 4.839218871067618e-16
2131.263587735574 7.420720125623365e-15 4.889337810556654e-16
2132.637215882415 7.56091085465753e-15 5.168813155129659e-16
2134.0108481471498 7.087125940226152e-15 5.107112098878103e-16
2135.384484497616 8.01428947484013e-15 5.099118225438391e-16
2136.758124901651 7.159384203374048e-15 4.883724629094319e-16
2138.1317693270917 6.597808982640972e-15 4.783589982256691e-16
2139.505417741772 6.554957585839377e-15 4.668854075595176e-16
2140.879070113527 7.996932075684995e-15 4.951738727780879e-16
2142.25272641019 6.898269356723965e-15 5.008616460793413e-16
2143.626386599593 6.477904269177074e-15 4.614496265600723e-16
2145.000050649568 5.8230042288649406e-15 5.77946673537607e-16
2146.3737185279456 6.838254531312156e-15 4.628866179550893e-16
2147.7473902025554 6.905901123578726e-15 4.619770104488565e-16
2149.1210656412263 6.742865492440639e-15 5.149725267663283e-16
2150.494744811786 6.919451533152427e-15 4.704840799754867e-16
2151.868427682062 7.417224420650046e-15 5.254465656151606e-16
2153.24211421988 6.755822978951262e-15 4.650550752396195e-16
2154.615804393066 1.3731576368591208e-14 1.3982165560322236e-15
2155.989498169444 7.227177332340493e-15 4.565558937073106e-16
2157.3631955168375 6.839882528636779e-15 4.874745021062239e-16
2158.7368964030697 6.467722509634604e-15 4.604397515287084e-16
2160.1106007959625 7.492894108993009e-15 4.527886087952787e-16
2161.4843086633373 6.5313977879279724e-15 4.455877170128739e-16
2162.8580199730145 6.544449718612214e-15 4.3827435513694145e-16
2164.231734692813 7.377240230374907e-15 4.507961755450998e-16
2165.605452790552 6.307317762830689e-15 4.325689264926937e-16
2166.9791742340494 6.246195865356819e-15 4.349339483605461e-16
2168.3528989911224 6.813139157393119e-15 4.991123642245836e-16
2169.7266270295877 6.485264138455767e-15 4.2273805034862347e-16
2171.1003583172605 6.385835175942321e-15 4.20658928570249e-16
2172.4740928219558 6.4811310411896396e-15 4.3106591946735014e-16
2173.8478305114877 6.722534584124168e-15 6.083632031570353e-16
2175.221571353669 7.060041214704748e-15 4.279737462840595e-16
2176.5953153163136 6.411277081062525e-15 4.407179393106517e-16
2177.9690623672327 5.6290828118546465e-15 4.290199907925962e-16
2179.3428124742372 6.621999396581608e-15 4.3030936022677444e-16
2180.7165656051375 5.493756593036563e-15 4.173646321499198e-16
2182.0903217277446 5.988786787850973e-15 4.060007587202173e-16
2183.464080809866 6.278113760875255e-15 4.0343676351909893e-16
2184.8378428193105 5.9450921697503864e-15 4.037719238684156e-16
2186.211607723886 5.166657032762423e-15 3.946213475298886e-16
2187.5853754914 6.309074932679768e-15 4.164736858383063e-16
2188.959146089658 5.622301042562455e-15 3.9549273267437646e-16
2190.3329194864655 5.811927579013696e-15 3.9904881521496643e-16
2191.7066956496283 6.323372848829421e-15 4.039774087674636e-16
2193.0804745469504 6.164373753201474e-15 4.0064041659263687e-16
2194.4542561462354 5.842403824455906e-15 6.934317279014095e-16
2195.828040415286 6.365306908949139e-15 3.987782940674371e-16
2197.2018273219055 6.494086833634368e-15 3.9626003864547045e-16
2198.5756168338953 5.848624434420541e-15 3.959350426915208e-16
2199.9494089190566 4.904354645920289e-15 3.8142235075018006e-16
2201.32320354519 5.737541569102297e-15 3.8601334873363717e-16
2202.697000680096 6.240288657582667e-15 4.031212172764671e-16
2204.070800291573 5.170958689585054e-15 3.7334049176307156e-16
2205.444602347421 5.649030437762485e-15 3.988735588042236e-16
2206.8184068154374 6.004733453632456e-15 5.46531545012925e-16
2208.1922136634207 6.434423526895669e-15 4.37222313746672e-16
2209.5660228591673 4.989972736228754e-15 3.7235441306356955e-16
2210.939834370474 6.379028419178185e-15 6.731444417817218e-16
2212.313648165137 6.798325821695062e-15 3.96452526882734e-16
2213.6874642109515 5.0990515215937945e-15 3.692023387690403e-16
2215.0612824757136 4.526321300461853e-15 4.538466058859585e-16
2216.435102927216 4.0218424531208215e-15 3.7220946455047066e-16
2217.8089255332543 6.3614537560720795e-15 4.3092435908604026e-16
2219.1827502616215 4.547675001062134e-15 3.5800781898922944e-16
2220.55657708011 5.5716421195695434e-15 3.655555178239757e-16
2221.930405956513 5.9764472118753725e-15 4.0714486200394144e-16
2223.304236858622 4.785604014847025e-15 3.5125315475135e-16
2224.6780697542285 5.691695910832158e-15 4.736055552047964e-16
2226.051904611124 6.8756747528559564e-15 4.076452467175319e-16
2227.4257413970986 5.371310357214429e-15 3.752892234071281e-16
2228.7995800799426 5.3999091541290494e-15 3.544785768051556e-16
2230.173420627446 5.115765175709016e-15 3.425099218511135e-16
2231.5472630073973 6.02625444323982e-15 3.6634754656921767e-16
2232.921107187586 5.499800596631696e-15 3.4708392623606634e-16
2234.2949531358004 5.070430701822545e-15 3.4482203062954214e-16
2235.6688008198284 5.666774930974516e-15 3.4935034817490244e-16
2237.042650207458 5.0668807867406025e-15 3.4607667171288297e-16
2238.4165012664753 4.8203323656844516e-15 3.856202989763316e-16
2239.7903539646686 5.190754696595334e-15 3.511885420193423e-16
2241.1642082698227 5.9206955032870944e-15 3.497351658307519e-16
2242.538064149724 5.44522372274126e-15 3.512919065086869e-16
2243.9119215721594 8.584680614488228e-15 9.721814299364128e-16
2245.285780504913 6.7681706017398615e-15 4.394042441490195e-16
2246.65964091577 5.901282778685447e-15 3.5120677969748785e-16
2248.0335027725155 5.62753147101175e-15 3.874693454304081e-16
2249.407366042933 5.730044480486149e-15 3.5131107062911853e-16
2250.781230694807 6.498081864530093e-15 3.58702783052672e-16
2252.1550966959207 5.49016220872489e-15 3.4181943118042366e-16
2253.5289640140577 6.232162647003183e-15 3.545880822833678e-16
2254.9028326170005 7.226748733669183e-15 3.603953666395229e-16
2256.2767024725326 5.650159956197649e-15 3.358626455090782e-16
2257.6505735484357 6.387051515254578e-15 3.4029567184787237e-16
2259.024445812492 7.498562453476035e-15 3.7252281380139554e-16
2260.3983192324836 7.138218544088058e-15 3.5859910092597214e-16
2261.7721937761917 6.998381874825845e-15 5.440256509780324e-16
2263.1460694113975 7.578895058193633e-15 3.5505987963498846e-16
2264.5199461058824 7.806181102996274e-15 3.5922913462005173e-16
2265.8938238274277 6.7240151977159685e-15 4.2915715719049217e-16
2267.2677025438124 7.378799618030802e-15 3.7180982381804424e-16
2268.641582222818 8.001744916891294e-15 3.6014022443394214e-16
2270.0154628322243 8.002240431165437e-15 3.5650250909306054e-16
2271.389344339811 7.623638726599394e-15 3.8343929501627016e-16
2272.7632267133586 8.388611968956645e-15 3.624953730740031e-16
2274.1371099206444 8.038640825040744e-15 3.535302969509248e-16
2275.5109939294503 7.06632323455806e-15 3.43172460434544e-16
2276.884878707553 8.770482373666143e-15 3.8578369692581285e-16
2278.2587642227336 9.435786943185875e-15 4.095842639524746e-16
2279.6326504427693 8.749791052830615e-15 3.5890620330891103e-16
2281.006537335439 7.74783662655645e-15 3.5466015949322323e-16
2282.380424868521 8.745394104801418e-15 3.619381842133874e-16
2283.7543130097947 8.230159209579677e-15 3.5729329375866123e-16
2285.128201727036 8.164002548267327e-15 3.938317275345904e-16
2286.5020909880245 9.013914560509345e-15 3.6408366572922334e-16
2287.8759807605375 9.609083954963474e-15 4.249736614640032e-16
2289.249871012353 9.332775031305543e-15 3.5760531952060603e-16
2290.623761711248 9.518803795313321e-15 3.6272081618687077e-16
2291.9976528250004 1.035542247248113e-14 4.0840074716692355e-16
2293.371544321388 1.0104155230875825e-14 4.2561460070727867e-16
2294.745436168187 1.0096058442933022e-14 3.715054478224043e-16
2296.119328333176 1.0254901684498673e-14 3.6599777490156085e-16
2297.4932207841307 1.0740291373823908e-14 3.68099978327748e-16
2298.8671134888295 1.171145276433359e-14 3.853322283649263e-16
2300.241006415049 1.0397693651713856e-14 3.6482762535470863e-16
2301.6148995305657 1.1388757775385172e-14 3.813044278820545e-16
2302.9887928031567 1.1445199815825462e-14 3.937568445280972e-16
2304.3626862005995 1.1257081421536808e-14 3.7083020374476504e-16
2305.73657969067 1.0761922054197941e-14 3.698481484517625e-16
2307.1104732411463 1.2512081011572564e-14 4.006844887756737e-16
2308.4843668198037 1.1907065706139551e-14 4.513591348176687e-16
2309.85826039442 1.195140279873063e-14 3.762582820383462e-16
2311.2321539327722 1.2151249211206968e-14 4.2303874704489874e-16
2312.6060474026362 1.1958955791521297e-14 3.7633965014084183e-16
2313.97994077179 1.2044899989514454e-14 3.9995410814712407e-16
2315.353834008009 1.1897177443513304e-14 3.9420074273201764e-16
2316.727727079072 1.2887498719289878e-14 3.9918132293165253e-16
2318.1016199527544 1.3456837844017487e-14 4.286491227105968e-16
2319.475512596833 1.1837791963581305e-14 3.742969507791993e-16
2320.849404979086 1.3153977825594923e-14 3.8314100706993864e-16
2322.2232970672903 1.3266435848903035e-14 4.0220973041588267e-16
2323.5971888292224 1.3163251142301463e-14 3.899370171035559e-16
2324.97108023266 1.3602636778195423e-14 5.251057936725683e-16
2326.3449712453807 1.3323593632183755e-14 3.9358926435343884e-16
2327.718861835161 1.2847194350560677e-14 3.8421088909165963e-16
2329.0927519697793 1.2592714312986437e-14 4.1107448607427056e-16
2330.4666416170126 1.356828366295363e-14 3.844819661045606e-16
2331.8405307446396 1.3671520038564984e-14 3.794606489141187e-16
2333.214419320437 1.3244991515777398e-14 3.7431701487213736e-16
2334.5883073121836 1.3811367719255511e-14 3.8916711709406095e-16
2335.962194687657 1.3695607961519002e-14 3.862412535360078e-16
2337.336081414636 1.3692754307519702e-14 3.8186211966848265e-16
2338.7099674608985 1.3805177602476976e-14 3.799299316366772e-16
2340.083852794223 1.382778914700393e-14 3.788567144227264e-16
2341.457737382389 1.4131644429139518e-14 3.9509502423586097e-16
2342.831621193175 1.3831282310878407e-14 3.777838413159104e-16
2344.2055041943595 1.2760331121819748e-14 3.6840459255140434e-16
2345.5793863537233 8.676244029053471e-15 3.2573668426200825e-16
2346.9532676390445 9.426547507797225e-15 3.267173366566919e-16
2348.327148018104 1.2703871293687566e-14 3.666977417533481e-16
2349.70102745868 1.473149876282491e-14 3.82856880455694e-16
2351.074905928554 1.4192141216298314e-14 4.722888424882896e-16
2352.4487833955063 1.382783827491487e-14 3.7198637724798755e-16
2353.8226598273172 1.487488111200433e-14 3.8247971256614945e-16
2355.196535191767 1.5412442101649798e-14 3.9375451518749223e-16
2356.5704094566377 1.4414818554834945e-14 3.780567182738243e-16
2357.9442825897104 1.4389426201142155e-14 3.7372088896572755e-16
2359.3181545587663 1.5434234565316757e-14 3.862679086040667e-16
2360.692025331588 1.494287922294401e-14 3.8331928103555607e-16
2362.0658948759565 1.432516181143397e-14 3.805850851515988e-16
2363.4397631596557 1.5932721925105385e-14 3.9001692936817343e-16
2364.8136301504674 1.5088402871414087e-14 3.812657555340564e-16
2366.1874958161748 1.5125487667910775e-14 3.7884964699157273e-16
2367.5613601245614 1.5401876212665748e-14 3.8400535125305245e-16
2368.935223043411 1.570460409394854e-14 3.8752292026432195e-16
2370.3090845405077 1.5427034785265095e-14 3.8650396609855463e-16
2371.682944583635 1.5005010783691007e-14 3.977193970042508e-16
2373.0568031405787 1.5085455196757643e-14 3.76027227332203e-16
2374.4306601791236 1.4010061319890636e-14 3.7234671035770545e-16
2375.804515667054 1.1327853565378746e-14 3.409712335628669e-16
2377.178369572157 1.1875971973678793e-14 3.50248203098992e-16
2378.552221862218 1.4076467855922425e-14 6.314196517395341e-16
2379.926072505024 1.5732857724937155e-14 3.8383218595489815e-16
2381.2999214683614 1.489956026395553e-14 3.7955938119203303e-16
2382.6737687200175 1.2831858819050638e-14 3.6576237915156296e-16
2384.0476142277803 8.16624464447871e-15 2.994689220182315e-16
2385.4214579594377 7.845914571519026e-15 2.949032556138532e-16
2386.795299882778 1.1122193965785402e-14 3.535408583929859e-16
2388.1691399655906 1.5204258343873636e-14 5.131214950787816e-16
2389.5429781756648 1.5175538844764032e-14 3.9543486973616716e-16
2390.91681448079 1.440135411910539e-14 3.62745988947272e-16
2392.290648848757 1.4577977429266857e-14 3.668093912837081e-16
2393.664481247356 1.4828089317932107e-14 3.668001798004067e-16
2395.0383116443777 1.3953936069772618e-14 3.571932644615464e-16
2396.412140007615 1.438613971330681e-14 3.6774046578119776e-16
2397.78596630486 1.4380888109033832e-14 3.692806363771021e-16
2399.1597905039034 1.4898586176066188e-14 3.735950781032807e-16
2400.5336125725403 1.3732780849442204e-14 3.778835794454496e-16
2401.907432478564 1.446090900562684e-14 3.6284519768121914e-16
2403.2812501897674 1.4667651113326775e-14 3.741322822802971e-16
2404.655065673946 1.4295564786191012e-14 3.7828684653768146e-16
2406.0288788988955 1.402309376881709e-14 3.62306114149851e-16
2407.40268983241 1.3399184546462623e-14 3.5793169190309496e-16
2408.7764984422874 1.2927844592633495e-14 3.4865048720223357e-16
2410.1503046963226 1.4101270674683926e-14 5.559260933100409e-16
2411.5241085623147 1.3220493628876909e-14 3.487632484633368e-16
2412.8979100080605 1.366601771253962e-14 3.523725882004854e-16
2414.271709001359 1.3353287219182702e-14 3.4536939920192563e-16
2415.645505510008 1.3503008762939372e-14 3.5522957739201493e-16
2417.0192995018087 1.305922448495032e-14 3.445780322011737e-16
2418.3930909445608 1.2932409253186249e-14 3.414366252278239e-16
2419.766879806064 1.330051367843697e-14 3.534504111560869e-16
2421.140666054121 1.3325536725764756e-14 3.507741840894573e-16
2422.514449656533 1.3009784865884982e-14 3.4308270141191464e-16
2423.888230581103 1.3357259803705324e-14 3.489204260146117e-16
2425.2620087956343 1.3466386446431885e-14 3.473823994708551e-16
2426.6357842679304 1.3198838384547405e-14 3.4469614035775647e-16
2428.009556965796 1.1840923444387304e-14 3.3215711459285704e-16
2429.383326857036 1.2366955468587695e-14 3.5135315757868523e-16
2430.757093909457 1.3148661846817955e-14 3.4050298316171286e-16
2432.1308580908644 1.2381603209344564e-14 3.41809107966379e-16
2433.504619369066 1.2338441798484274e-14 3.4017991950167415e-16
2434.8783777118697 1.2508681021322285e-14 3.5582416805120785e-16
2436.2521330870836 1.3819063860614263e-14 3.745222086036097e-16
2437.6258854625175 1.2766175649155803e-14 3.372608057374194e-16
2438.999634805981 1.2934561563905222e-14 3.3861232621410246e-16
2440.373381085285 1.316731520638239e-14 3.4092726725894846e-16
2441.7471242682404 1.2153651396645381e-14 3.3308519800525173e-16
2443.120864322659 1.273124570447693e-14 3.3587108936877113e-16
2444.4946012163546 1.2644316407166116e-14 3.345834140004874e-16
2445.86833491714 1.2466658022743105e-14 3.3033519966287224e-16
2447.24206539283 1.226663796851258e-14 3.6082033895102814e-16
2448.615792611239 1.4451378190904335e-14 6.464184876530396e-16
2449.9895165401836 1.3300502667008655e-14 3.4100683541643116e-16
2451.363237147481 1.2959909024851807e-14 3.388843826088487e-16
2452.736954400946 1.3745568505846902e-14 3.540744097404173e-16
2454.110668268399 1.3324931944240417e-14 3.6673225834594873e-16
2455.4843787176587 1.3508898183021631e-14 3.438821946350043e-16
2456.858085716544 1.3877083076402341e-14 3.749274344595321e-16
2458.231789232876 1.3845929204602328e-14 3.431567638552402e-16
2459.6054892344764 1.3723104345052771e-14 3.4111597031772896e-16
2460.9791856891666 1.4058926650617736e-14 3.526143896371469e-16
2462.3528785647695 1.4563330535542936e-14 3.5071513001116593e-16
2463.72656782911 1.5283340727961087e-14 3.5398383015462027e-16
2465.100253450013 1.4077245432168005e-14 3.4739428440189624e-16
2466.4739353953028 1.496690785359172e-14 3.577186895866401e-16
2467.8476136328063 1.503923769102366e-14 3.5618778341359636e-16
2469.221288130351 1.5755722532315337e-14 3.6092388872883e-16
2470.5949588557655 1.5728265112297142e-14 3.7881695681376464e-16
2471.9686257768776 1.5567208573640315e-14 4.029165794103664e-16
2473.342288861518 1.6340112585482708e-14 3.8417076090578345e-16
2474.7159480775185 1.7116794364269855e-14 3.815696286038839e-16
2476.0896033927093 1.66510465219585e-14 3.660483851201593e-16
2477.463254774924 1.807068560001797e-14 3.868588464336746e-16
2478.8369021919953 1.7805152629515007e-14 3.8297723854354294e-16
2480.2105456117583 1.739655071202311e-14 3.7578942283226135e-16
2481.5841850020493 1.8176410558428356e-14 3.800577277325942e-16
2482.9578203307033 1.8850118541817798e-14 3.863851432579226e-16
2484.331451565558 1.9010290778077692e-14 3.9228049257081254e-16
2485.7050786744526 1.7624582145819336e-14 3.741291323765245e-16
2487.0787016252257 1.8156003840663106e-14 3.8570129650191277e-16
2488.452320385717 1.8707512074818064e-14 4.507451418100277e-16
2489.8259349237687 1.8814265331226418e-14 4.0571639387795627e-16
2491.1995452072224 1.8634679099815456e-14 4.079712220533268e-16
2492.573151203922 1.891078642963194e-14 3.9250371222219365e-16
2493.946752881711 1.9102348012851184e-14 3.858684002205383e-16
2495.320350208435 1.9424474642691994e-14 3.8622513344023035e-16
2496.69394315194 1.8998539042967486e-14 3.9148020525433484e-16
2498.0675316800734 2.0635225231563185e-14 3.9607565016076503e-16
2499.4411157606833 1.9196844702512768e-14 3.833557563918472e-16
2500.8146953616197 1.9608102915327254e-14 3.9425516459887873e-16
2502.188270450733 1.9228371268809573e-14 3.843990892246277e-16
2503.561840995874 2.003356756473309e-14 3.906014615111177e-16
2504.9354069648953 1.9069013878244938e-14 3.915094808305743e-16
2506.3089683256508 1.9420195432242465e-14 3.833167928762735e-16
2507.682525045995 2.093425666106416e-14 4.0374161597077167e-16
2509.0560770937846 1.9999813301785005e-14 4.016721027223926e-16
2510.4296244368747 1.992040226891402e-14 3.9015308991444456e-16
2511.803167043124 2.00401354582061e-14 3.891940368599159e-16
2513.176704880393 2.0738586968050733e-14 3.9731753281033785e-16
2514.5502379165396 2.1736717040568045e-14 4.056919622713839e-16
2515.9237661194265 2.310896293116274e-14 5.965032066482581e-16
2517.297289456916 2.1780728872507378e-14 4.0349184713045006e-16
2518.670807896872 2.220518216457419e-14 4.0870827306633607e-16
2520.044321407158 2.2319956822993044e-14 4.1085468102445807e-16
2521.4178299556406 2.45073804457617e-14 4.2352584392912917e-16
2522.7913335101866 2.3109366118845634e-14 4.1312422639728716e-16
2524.1648320386653 2.2906228983369213e-14 4.1552762944556203e-16
2525.5383255089446 2.4126950844095482e-14 4.2201383717872104e-16
2526.911813888896 2.5343232558112244e-14 4.2938260030335983e-16
2528.2852971463913 2.5216746822164654e-14 4.363407377370375e-16
2529.6587752493033 2.5625411420094647e-14 4.435411530634095e-16
2531.0322481655057 2.656665814800615e-14 4.3783590970761894e-16
2532.4057158628743 2.6082461928103595e-14 4.652053177086387e-16
2533.779178309285 2.5832812519427546e-14 4.4186506014925043e-16
2535.1526354726175 2.597821758328501e-14 4.332427941417937e-16
2536.526087320749 2.595081945557312e-14 4.4220217926225765e-16
2537.8995338215605 2.6335372413626573e-14 4.3935387215843745e-16
2539.272974942934 2.5530792757688658e-14 4.279187950216064e-16
2540.646410652752 2.601265116665679e-14 4.3110342714504574e-16
2542.0198409188974 2.506614775227463e-14 4.2320717425250434e-16
2543.393265709258 2.6091762349864447e-14 4.32202267105651e-16
2544.766684991718 2.5564148915151533e-14 4.3029080491127365e-16
2546.1400987341676 2.518543879036824e-14 4.2317906334656734e-16
2547.513506904494 2.6163280729732917e-14 4.3224221000306995e-16
2548.886909470589 2.5295527662522882e-14 4.2358344216954246e-16
2550.2603064003442 2.641365689267771e-14 4.3977794449743624e-16
2551.6336976616526 3.161847275971394e-14 8.677042569364495e-16
2553.0070832224096 2.6026520484135132e-14 4.295646065079011e-16
2554.380463050509 2.6771443609597927e-14 4.3792820982909006e-16
2555.7538371138503 2.5415804646967098e-14 4.2421527580863497e-16
2557.12720538033 2.6154618970814295e-14 4.285940655690253e-16
2558.5005678178495 2.5103434142612763e-14 4.220599210650076e-16
2559.8739243943096 2.6117290228828798e-14 4.371084407548255e-16
2561.2472750776124 2.450979618372727e-14 4.274101782065598e-16
2562.620619835662 2.4967859743141134e-14 4.403121840591373e-16
2563.993958636365 2.4599007387797987e-14 4.2577794571720074e-16
2565.3672914476265 2.447101562727018e-14 4.1622015828928123e-16
2566.7406182373556 2.4472979049641914e-14 4.1422881030006597e-16
2568.113938973462 2.4472028678675095e-14 4.170870700410164e-16
2569.4872536238568 2.444986182644545e-14 4.1804419080163416e-16
2570.860562156451 2.3864057228256165e-14 4.111375370892818e-16
2572.23386453916 2.439648350417538e-14 4.150964102660708e-16
2573.607160739899 2.4701955772207275e-14 4.1581982934258516e-16
2574.9804507265835 2.4132554814074517e-14 4.1348884761130053e-16
2576.353734467133 2.377578284262511e-14 4.0845548667113986e-16
2577.7270119294667 2.2426296727323138e-14 3.986939878194057e-16
2579.100283081506 2.2355566088095614e-14 4.0057739204740522e-16
2580.4735478911734 2.306175439688047e-14 4.054467727029334e-16
2581.846806326392 2.1999641149593463e-14 3.947411762221455e-16
2583.2200583550884 2.3807951459895935e-14 4.1286371082644726e-16
2584.59330394519 2.328081575176527e-14 4.082843330762353e-16
2585.966543064625 2.1081298192575718e-14 4.077727251760937e-16
2587.339775681323 1.5475017507661157e-14 3.3830453561689393e-16
2588.713001763216 1.4949209947191788e-14 3.408901830977265e-16
2590.086221278237 1.6261324968860902e-14 3.5531422774718116e-16
2591.459434194321 2.0731781905352492e-14 3.8574616277833765e-16
2592.832640479404 2.154624474171897e-14 3.9064275436729635e-16
2594.2058401014237 2.0663995552649625e-14 3.853710860013816e-16
2595.57903302832 2.0516457659830976e-14 3.9098426746371744e-16
2596.9522192280324 2.080422016300168e-14 4.0013513496982007e-16
2598.3253986685045 2.0264133321107498e-14 4.266988558193234e-16
2599.698571317681 1.736250506974117e-14 3.6959017397976434e-16
2601.0717371435057 1.1589391081469509e-14 3.0844482428116693e-16
2602.444896113928 1.176339705982396e-14 3.2353553679966994e-16
2603.818048196894 1.462369518556196e-14 3.2918911114567797e-16
2605.191193360357 1.971815621209811e-14 3.741509170051367e-16
2606.564331572267 2.014924007807603e-14 3.8525917177322563e-16
2607.937462800579 2.0851267761023973e-14 4.843250218500956e-16
2609.3105870132476 2.0597827032876014e-14 3.9717110198958126e-16
2610.6837041782296 2.0548458564578244e-14 3.8157500196914305e-16
2612.0568142634843 2.2114697022950804e-14 3.909477126980875e-16
2613.4299172369715 2.1773871293766407e-14 3.9004826958722184e-16
2614.8030130666534 2.180513358578367e-14 3.923769749174607e-16
2616.1761017204935 2.267711165333461e-14 4.111468544517016e-16
2617.5491831664567 2.2892008994250708e-14 3.976989888041779e-16
2618.92225737251 2.349805767987937e-14 4.0816508671912965e-16
2620.295324306623 2.390890762281328e-14 4.1254557054541446e-16
2621.668383936765 2.354420911704347e-14 4.0811362946758395e-16
2623.0414362309084 2.3872815548930774e-14 4.4267956173737425e-16
2624.4144811570277 2.4399851307173662e-14 4.070331860038019e-16
2625.787518683097 2.5265825605194463e-14 4.1531854465648823e-16
2627.160548777094 2.4637372898110924e-14 4.3226103001636675e-16
2628.5335714069984 2.5541485701614797e-14 4.200489854388871e-16
2629.9065865407897 2.6727950161822313e-14 4.4332685372775414e-16
2631.2795941464515 2.648898183861114e-14 4.3921003537608183e-16
2632.6525941919676 2.6604132579658574e-14 4.2149648533640588e-16
2634.025586645324 2.6836129821713843e-14 4.220461832493943e-16
2635.3985714745086 2.676733380573785e-14 4.226498001034314e-16
2636.77154864751 2.7970864285766645e-14 4.305412619658649e-16
2638.1445181323206 2.721578862339806e-14 4.2373940211095566e-16
2639.517479896933 2.775708502834092e-14 4.569337233413452e-16
2640.890433909342 2.858603043403955e-14 4.346969114842129e-16
2642.263380137545 2.848426111949284e-14 4.3519954612906953e-16
2643.63631854954 2.8869163055120564e-14 4.425150520571497e-16
2645.0092491133273 2.9058732416847866e-14 4.389689750932492e-16
2646.38217179691 2.9164808046898416e-14 4.385044304612394e-16
2647.7550865682906 2.9791277002819486e-14 4.658695503579637e-16
2649.1279933954766 2.954180885919415e-14 4.898708112535655e-16
2650.500892246475 3.013289555484251e-14 4.755445195001799e-16
2651.8737830892946 2.950944203621367e-14 4.450751032611074e-16
2653.246665891948 2.895992094135297e-14 4.5688094260081945e-16
2654.6195406224488 2.998958435643066e-14 4.424654212203965e-16
2655.9924072488116 2.5503787653264297e-14 5.187825868421965e-16
2657.3652657390535 2.964791159429901e-14 4.429240895613347e-16
2658.7381160611935 3.064084088452018e-14 4.494870861251183e-16
2660.110958183253 3.1098584265479984e-14 4.482815464829386e-16
2661.483792073255 3.056917850905068e-14 4.437352294874491e-16
2662.856617699223 3.042128994459187e-14 4.4337357288875114e-16
2664.229435029185 3.157438300074346e-14 4.516379674759929e-16
2665.6022440311694 3.192036207837895e-14 4.541295148903415e-16
2666.975044673207 3.1928761257083924e-14 4.717087307985388e-16
2668.347836923329 3.299533497987117e-14 4.614034103248878e-16
2669.7206207495715 3.405953701040611e-14 5.221421842088031e-16
2671.0933961199703 3.3623958787610056e-14 4.626779302127095e-16
2672.4661630025644 3.4281872994664994e-14 4.675462520770536e-16
2673.838921365393 3.391752346646945e-14 4.674718190568136e-16
2675.2116711764997 3.4335239458473804e-14 4.713072901210995e-16
2676.584412403928 3.59379308267644e-14 4.753035386266861e-16
2677.957145015725 3.5907200471438014e-14 4.767659410101206e-16
2679.3298689799385 3.626143981437513e-14 4.774174152256776e-16
2680.7025842646203 3.799486902400853e-14 4.897349683446496e-16
2682.075290837821 3.8329220033344116e-14 4.916862675573275e-16
2683.4479886675963 3.89423261974893e-14 5.037417698582427e-16
2684.820677722002 3.977492909145418e-14 4.961118558880536e-16
2686.1933579690976 4.014556360411835e-14 5.002963045266083e-16
2687.5660293769433 4.2219957456339496e-14 5.139935154979799e-16
2688.9386919136014 4.3344065045036045e-14 6.682841667303766e-16
2690.311345547137 4.4106262560425144e-14 5.438728674101714e-16
2691.683990245617 4.545819490687879e-14 5.258169837109067e-16
2693.0566259771103 4.623538490543429e-14 5.302246784706221e-16
2694.429252709688 4.8206288272159906e-14 5.43732471699164e-16
2695.8018704114234 4.994740854095438e-14 5.701509528679928e-16
2697.1744790503913 5.0407652363174474e-14 5.51476099842522e-16
2698.547078594669 5.297785525700503e-14 5.669876024473532e-16
2699.919669012336 5.4085157712028056e-14 5.69048963003615e-16
2701.292250271474 5.494038993821178e-14 5.758383026527726e-16
2702.6648223401676 5.695283518880254e-14 6.146174826813242e-16
2704.037385186501 5.940954922022817e-14 5.966236441454459e-16
2705.4099387785636 6.081838862821015e-14 6.000202992034948e-16
2706.7824830844447 6.37645250728229e-14 6.131558743912777e-16
2708.1550180722375 6.411147654428184e-14 6.144100125488061e-16
2709.5275437100354 6.852424714893363e-14 6.373964750340381e-16
2710.9000599659357 7.070487587339941e-14 6.459133913186801e-16
2712.272566808038 6.93270175424962e-14 6.377177652188435e-16
2713.645064204442 7.175687724136209e-14 6.531865455993975e-16
2715.017552123252 7.539379277138325e-14 6.627978284518921e-16
2716.3900305325733 7.729009625237829e-14 6.769000799907289e-16
2717.762499400513 7.996646286768591e-14 6.804061611176513e-16
2719.134958695182 8.154809699690777e-14 6.839984278469568e-16
2720.507408384692 8.459885217490179e-14 6.981951235594125e-16
2721.879848437157 8.767864364232769e-14 7.106055856047865e-16
2723.2522788206934 8.835437942259286e-14 7.117744381324382e-16
2724.6246995034217 9.010077162445104e-14 7.174451119560689e-16
2725.997110453462 9.131866947733117e-14 7.193695178726715e-16
2727.3695116389367 9.501140109044459e-14 7.364051503869684e-16
2728.7419030279734 9.702753601655359e-14 7.439074800194773e-16
2730.1142845887 9.861722712316973e-14 7.457598881355633e-16
2731.4866562892444 9.892550645838882e-14 7.455598824808929e-16
2732.8590180977417 1.0145842635001304e-13 7.532913874651933e-16
2734.231369982326 1.0195612258102893e-13 7.579863852127055e-16
2735.603711911135 9.955704067133447e-14 7.476121374329716e-16
2736.9760438523062 1.0371620283531474e-13 7.607526359997604e-16
2738.348365773984 1.0625366282353624e-13 7.757061027110286e-16
2739.7206776443113 1.0460898911424793e-13 7.676717834480848e-16
2741.092979431434 1.059772319271339e-13 7.661558591702956e-16
2742.465271103502 1.0815237187810148e-13 7.803997240300015e-16
2743.837552628666 1.0906274933728324e-13 7.809585010773933e-16
2745.2098239750803 1.0934060324903697e-13 7.777583047235482e-16
2746.5820851108997 1.100007400705455e-13 7.844534119573238e-16
2747.954336004284 1.107724684006571e-13 7.811823295337053e-16
2749.3265766233926 1.0922954706525656e-13 7.748492759453217e-16
2750.6988069363892 1.0938568573062163e-13 7.84450606160686e-16
2752.071026911439 1.1105790495135465e-13 8.202179487870381e-16
2753.4432365167104 1.1111864060180457e-13 7.836775297776388e-16
2754.815435720373 1.1072757565445263e-13 7.767409122747774e-16
2756.1876244906002 1.0935809278533187e-13 7.722105036168285e-16
2757.5598027955666 1.1245088790256402e-13 7.814373923299472e-16
2758.9319706034503 1.1065021782944578e-13 7.733871382596832e-16
2760.304127882431 1.1340900413865304e-13 7.862783444421832e-16
2761.6762746006916 1.1367758134556843e-13 7.912988145996778e-16
2763.048410726418 1.1574705224230014e-13 8.493037367067707e-16
2764.420536227795 1.1413489782192282e-13 7.8226748461825645e-16
2765.7926510730144 1.150917604492499e-13 7.833856210481913e-16
2767.1647552302684 1.1423773439798307e-13 7.820534499803971e-16
2768.5368486677517 1.1676542979038862e-13 8.11997970489968e-16
2769.908931353661 1.17841893469868e-13 8.160654227026831e-16
2771.281003256198 1.196196868771468e-13 8.473002920282775e-16
2772.653064343563 1.1814580889134285e-13 7.874267622999824e-16
2774.0251145839625 1.2002577480085125e-13 7.951820371463652e-16
2775.3971539456024 1.2125046246983656e-13 8.0455069799903055e-16
2776.7691823966934 1.2266607814139657e-13 7.998845523112842e-16
2778.1411999054485 1.2514582469272395e-13 8.121346074922719e-16
2779.5132064400823 1.258609644456954e-13 8.134667256205069e-16
2780.885201968812 1.2532204820333431e-13 8.086122209811149e-16
2782.257186459858 1.2952083795671893e-13 8.193504811699313e-16
2783.629159881443 1.308298494496693e-13 8.189946743925253e-16
2785.001122201793 1.3199468915873341e-13 8.270365640124352e-16
2786.373073389135 1.2962973251241794e-13 8.214158121931333e-16
2787.7450134116993 1.3420193504653372e-13 8.271022090658474e-16
2789.1169422377197 1.3469536900775902e-13 8.274777093592771e-16
2790.4888598354314 1.3467350878145629e-13 8.242414082260553e-16
2791.860766173073 1.3460828046825413e-13 8.256239248146519e-16
2793.232661218885 1.3258574197306389e-13 8.196340254490247e-16
2794.604544941111 1.2769458071233003e-13 8.055806900628918e-16
2795.9764173079966 1.063340360858353e-13 7.933959622979611e-16
2797.3482782877923 5.547543015780622e-14 5.785199560242205e-16
2798.720127848748 4.921109635243337e-14 5.052861226793241e-16
2800.091965959118 6.08060354997074e-14 5.563802088488876e-16
2801.4637925871593 1.1340813000065147e-13 7.556129988944989e-16
2802.8356077011317 1.147580023629774e-13 7.575199347565644e-16
2804.2074112692967 7.308733560853695e-14 6.071210293398868e-16
2805.579203259919 5.6543210055510357e-14 5.380387162277206e-16
2806.9509836412662 6.07529434745735e-14 5.659999620308547e-16
2808.322752381609 1.085849346636053e-13 7.344451690865811e-16
2809.69450944922 1.3254906883457956e-13 9.043944419588352e-16
2811.0662548123737 1.3726705590331317e-13 8.205458564167439e-16
2812.4379884393497 1.3829326681209786e-13 8.285912400475613e-16
2813.809710298429 1.397029193717092e-13 8.244950945937579e-16
2815.1814203578947 1.402014490831452e-13 8.2538813201796e-16
2816.553118586034 1.4083291553345506e-13 8.459385277468886e-16
2817.9248049511357 1.4164799162167535e-13 8.278591918228968e-16
2819.2964794214913 1.4480108193222485e-13 8.368618815027891e-16
2820.668141965397 1.4588701882818633e-13 8.416831400990014e-16
2822.039792551149 1.5041840115050803e-13 8.572635170703562e-16
2823.411431147048 1.4705828243512242e-13 8.427826947436559e-16
2824.783057721397 1.4978243526118235e-13 8.476144883121496e-16
2826.1546722425023 1.527386886673171e-13 8.554856478536286e-16
2827.5262746786725 1.5217422591126684e-13 8.507004940367931e-16
2828.8978649982187 1.5280173502364713e-13 8.523074214168529e-16
2830.269443169456 1.5504149342409485e-13 8.581584073791304e-16
2831.6410091607004 1.582873643355548e-13 8.719605445568432e-16
2833.012562940273 1.5999220448915247e-13 8.690468570974068e-16
2834.3841044764963 1.6293060921702268e-13 8.757567874077593e-16
2835.755633737695 1.6904976496336793e-13 8.90702577882943e-16
2837.1271506921985 1.6795133263736856e-13 8.98820753407665e-16
2838.498655308338 1.7311336825837076e-13 9.017748866903329e-16
2839.8701475544476 1.7735089113436742e-13 9.09715079417013e-16
2841.2416273988647 1.8125073924374346e-13 9.193973012788402e-16
2842.6130948099294 1.8291905533665553e-13 9.191400150211117e-16
2843.9845497559827 1.8641431985284146e-13 9.289172104521497e-16
2845.3559922053732 1.8839494038153798e-13 9.360466867691891e-16
2846.7274221264474 1.893993588266557e-13 9.363464305533987e-16
2848.0988394875576 1.9448960671131221e-13 9.492294840437814e-16
2849.4702442570583 1.9783309647587732e-13 9.543813501872189e-16
2850.8416364033073 1.9613149537626995e-13 9.524211041890356e-16
2852.213015894664 1.9438555040780792e-13 9.452937454543643e-16
2853.5843826994915 1.8022799778191073e-13 9.058098340136971e-16
2854.955736786157 1.7958753245356923e-13 9.015694812006237e-16
2856.327078123029 1.7852552932056537e-13 9.020213732779839e-16
2857.6984066784794 2.0541208978989284e-13 9.683091129389213e-16
2859.0697224208843 2.1229774936713103e-13 9.874863623812323e-16
2860.44102531862 2.1707014983239625e-13 9.889069425128962e-16
2861.8123153400697 2.1913964783418227e-13 9.902985117661166e-16
2863.183592453616 2.2224740494139472e-13 9.94789268694222e-16
2864.554856627645 2.2547117168106312e-13 1.0018159363872885e-15
2865.9261078305485 2.2772135197489385e-13 1.0097663993884542e-15
2867.2973460307185 2.3017536227715185e-13 1.0061053112321843e-15
2868.6685711965524 2.3586566185417046e-13 1.0219693913013101e-15
2870.0397832964472 2.3709612289972426e-13 1.0225563851337573e-15
2871.4109822988057 2.3895382200711524e-13 1.024065162571054e-15
2872.7821681720334 2.410330507233993e-13 1.0294619271153664e-15
2874.153340884539 2.490179015681576e-13 1.0422006673673607e-15
2875.524500404732 2.498251985057903e-13 1.0384585816855096e-15
2876.895646701027 2.545245644022115e-13 1.0482488002481116e-15
2878.2667797418426 2.5970116898990647e-13 1.0630246547382524e-15
2879.6378994955985 2.62669036911814e-13 1.0687194690008799e-15
2881.009005930717 2.6649117483047713e-13 1.0855275672897206e-15
2882.380099015628 2.7102514568548564e-13 1.0787381747010038e-15
2883.7511787187564 2.791211001478694e-13 1.0886442250191428e-15
2885.1222450085384 2.813562913466655e-13 1.0947432857558474e-15
2886.493297853409 2.87320379077291e-13 1.1132942602127822e-15
2887.864337221807 2.8951746056972427e-13 1.1080010454462717e-15
2889.2353630821744 2.957714639612724e-13 1.1136220619633696e-15
2890.606375402956 2.952088714539697e-13 1.390412629730933e-15
2891.9773741526014 3.041086534070342e-13 1.3793639319669478e-15
2893.348359299561 3.104394725225029e-13 1.3488081713068146e-15
2894.7193308122896 3.1556167726619344e-13 1.2157578241388852e-15
2896.0902886592453 3.1942097621431853e-13 1.1532122760389172e-15
2897.461232808889 3.223378324240106e-13 1.1494377913468337e-15
2898.8321632296847 3.24061144672122e-13 1.2955218579906386e-15
2900.2030798900996 3.2495699382219245e-13 1.2437402987052599e-15
2901.5739827586044 3.275938277157858e-13 1.3608240748174457e-15
2902.9448718036733 3.355448514527626e-13 1.3670420378041211e-15
2904.315746993782 3.3524019064229416e-13 1.238337922567672e-15
2905.6866082974116 3.386998255645868e-13 1.1692159047861032e-15
2907.057455683045 3.37806117713807e-13 1.1657661513501732e-15
2908.4282891191688 3.383363196812067e-13 1.3439225911461702e-15
2909.799108574272 3.375118923492487e-13 1.393891288166188e-15
2911.1699140168494 3.412465893627009e-13 1.2391297924942363e-15
2912.540705415395 3.466616913232884e-13 1.1753075539845193e-15
2913.911482738411 3.4683532630121194e-13 1.2413058201357326e-15
2915.2822459543972 3.4726412826042996e-13 1.2409811947586974e-15
2916.652995031862 3.423439374865278e-13 1.4283849049981064e-15
2918.0237299393134 3.4585027441740024e-13 1.3252269858134917e-15
2919.3944506452644 3.5285232309785475e-13 1.4500980652053783e-15
2920.7651571182305 3.466882813815686e-13 1.5755623852976982e-15
2922.1358493267307 3.5351799612670654e-13 1.3751765187130778e-15
2923.5065272392876 3.4965696245510547e-13 1.747971494788338e-15
2924.8771908244275 3.560353780459463e-13 1.320280948676237e-15
2926.247840050679 3.525471743964087e-13 1.4325425662197041e-15
2927.6184748865744 3.5029984013328075e-13 1.846277079855488e-15
2928.9890953006498 3.530569662579114e-13 1.4699409766651128e-15
2930.3597012614437 3.5821652176644403e-13 1.1823502094244652e-15
2931.730292737499 3.511983184736195e-13 1.8507938830467216e-15
2933.1008696973613 3.483946258656806e-13 1.7456684122047535e-15
2934.471432109579 3.6113077589092213e-13 1.4327431012699666e-15
2935.8419799427056 3.6096958213292785e-13 1.3944708704603467e-15
2937.212513165296 3.607294584567766e-13 1.4076509148778604e-15
2938.5830317459095 3.6428659025943e-13 1.4513945550102695e-15
2939.953535653109 3.5791042438809706e-13 2.1212900431041197e-15
2941.324024855461 3.662104256993426e-13 1.8509289848018086e-15
2942.694499321534 3.675238011060372e-13 1.8628346681501783e-15
2944.0649590199005 3.7337651416849416e-13 1.7624687813179505e-15
2945.435403919139 3.702763735815434e-13 1.7000530410171493e-15
2946.8058339878253 3.805112420898066e-13 1.466958467778712e-15
2948.1762491945447 3.8396743467020156e-13 1.1843010321811102e-15
2949.5466495078845 3.874581590897902e-13 1.4166893916997742e-15
2950.9170348964326 3.8736155667622174e-13 1.5855910436349523e-15
2952.2874053287837 3.9162287778990446e-13 1.9149877572620464e-15
2953.657760773534 3.9563873553173645e-13 1.7750052924537878e-15
2955.028101199284 3.941125312385829e-13 1.6091585707220008e-15
2956.3984265746367 4.0062354475511874e-13 1.6046248268718221e-15
2957.7687368682004 4.0557284635735213e-13 1.4854575614676275e-15
2959.1390320485857 4.868086727997933e-13 1.8305885473646807e-15
2960.5093120844062 4.104979702511391e-13 1.612107621806985e-15
2961.879576944279 4.159919750248292e-13 1.4741739179398978e-15
2963.2498265968266 4.1866361180815936e-13 1.71947021254177e-15
2964.620061010673 4.1896502001211033e-13 1.4982366416637347e-15
2965.9902801544467 4.189003744575759e-13 1.638650563879501e-15
2967.3604839967797 4.1774548230344433e-13 1.8942238033512913e-15
2968.7306725063063 4.206158533449911e-13 1.473232017302551e-15
2970.1008456516656 4.139238051707045e-13 1.863709441426455e-15
2971.4710034015006 4.158126208804458e-13 1.8813336559599754e-15
2972.8411457244565 4.0980581558422435e-13 1.5907058520869474e-15
2974.211272589183 4.0567627924460725e-13 1.5702076547633934e-15
2975.581383964333 4.0648650352810567e-13 1.592262486885764e-15
2976.9514798185637 4.0478395375159737e-13 1.5635327175016742e-15
2978.3215601205343 3.995999494840752e-13 1.4564596002766134e-15
2979.691624838909 4.003822284565778e-13 1.3552062346739e-15
2981.061673942356 3.9476687435473223e-13 1.4004024304317317e-15
2982.431707399544 3.8932851625754494e-13 1.3974721199507055e-15
2983.80172517915 3.868913652990691e-13 1.4038648893618705e-15
2985.171727249851 3.7918447678628175e-13 1.368745526940168e-15
2986.541713580329 3.7169646158706493e-13 1.4837664601884343e-15
2987.9116841392697 3.6873225284748956e-13 1.4715895145387065e-15
2989.2816388953615 3.64543627489472e-13 1.3311364170491297e-15
2990.651577817298 3.59704643458289e-13 1.6972939370705868e-15
2992.021500873775 3.5469039814592374e-13 1.4480296107481833e-15
2993.3914080334926 3.4749834303474114e-13 1.4289879924565515e-15
2994.761299265154 3.160998210145066e-13 1.6622834183826064e-15
2996.131174537468 3.4256573814596403e-13 1.4247342988745588e-15
2997.5010338191437 3.414397670847835e-13 1.4139011709956499e-15
2998.870877078897 3.3809481364728555e-13 1.3168112899660466e-15
3000.240704285446 3.327546029517625e-13 1.3901380851769041e-15
3001.610515407513 3.2811885261781193e-13 1.695178684043056e-15
3002.980310413824 3.294979306761592e-13 1.485905112501133e-15
3004.350089273108 3.303341216016886e-13 1.3736881759456336e-15
3005.7198519540984 3.341868611266702e-13 1.2592595304857348e-15
3007.089598425533 3.2966869251832565e-13 1.3730376546421423e-15
3008.459328656151 3.290738721014458e-13 1.381206758022818e-15
3009.8290426146973 3.3030934758204733e-13 1.294551369991322e-15
3011.1987402699215 3.2804965341415304e-13 1.5793594222420024e-15
3012.568421590573 3.276623763981412e-13 1.5719385665911075e-15
3013.9380865454104 3.350797558258206e-13 1.248185421733332e-15
3015.30773510319 3.2886548844389407e-13 1.5587651925580534e-15
3016.677367232679 3.3557829908978376e-13 1.3850410644168014e-15
3018.0469829026406 3.361946951298961e-13 1.391445692289228e-15
3019.4165820818475 3.3958071272467694e-13 1.3768032454882797e-15
3020.786164739074 3.4034206659525057e-13 1.4667531681681212e-15
3022.1557308430993 3.4173908819955245e-13 1.3795606553689476e-15
3023.5252803627045 3.428555182816151e-13 1.3764357390682897e-15
3024.8948132666756 3.4850350686885245e-13 1.4852880489990583e-15
3026.2643295238036 3.461386721952814e-13 1.5991589232631901e-15
3027.633829102881 3.4990475686162703e-13 1.610715629037291e-15
3029.0033119727054 3.5611536506122143e-13 1.1830016836400221e-15
3030.3727781020793 3.5383558604808185e-13 1.593175270765549e-15
3031.7422274598075 3.593028652382202e-13 1.2723848353990322e-15
3033.111660014699 3.5042154182714225e-13 1.3967971405708622e-15
3034.481075735566 3.543730250649829e-13 1.397283549240823e-15
3035.8504745912255 3.6300709617062554e-13 1.6307834277445215e-15
3037.2198565504996 3.6606226947247245e-13 1.29901936290897e-15
3038.5892215822114 3.589605284022579e-13 1.5969508142488166e-15
3039.958569655191 3.692874727800194e-13 1.3014670763682981e-15
3041.327900738268 3.6465809213383216e-13 1.7773745494863765e-15
3042.6972148002815 3.69851095279386e-13 1.430785396370625e-15
3044.0665118100706 3.6993170571091027e-13 1.4162344291279803e-15
3045.435791736478 3.676794112228432e-13 1.603368677011044e-15
3046.8050545483547 3.640263817380335e-13 1.898855379506878e-15
3048.1743002145504 3.695064003036985e-13 1.4480252697043287e-15
3049.543528703922 3.71864756869289e-13 1.190968875541896e-15
3050.9127399853296 3.70929957756172e-13 1.5951575396203608e-15
3052.2819340276365 3.733310589924127e-13 1.4282145454965899e-15
3053.6511107997094 3.6989790570818304e-13 1.4020967080844771e-15
3055.0202702704214 3.6842981465147473e-13 1.4553409873906457e-15
3056.389412408649 3.6810292769647035e-13 1.3932883065868613e-15
3057.758537183271 3.613321122343527e-13 1.6157813095783453e-15
3059.1276445631706 3.547536884477426e-13 1.8715442844303206e-15
3060.496734517236 3.6389012463000636e-13 1.4134945951809678e-15
3061.8658070143583 3.6184767747242386e-13 1.5667175613833504e-15
3063.234862023434 3.636014829066364e-13 1.3942446067843114e-15
3064.6038995133626 3.6338339563964095e-13 1.3792106190034948e-15
3065.9729194530473 3.646800743328793e-13 1.7336448853975971e-15
3067.3419218113972 5.397691300000618e-13 3.183713262098174e-14
