wavelength flux error
1590.7125214765376 -1.6012420949178437e-14 1.1863285114194818e-14
1592.2559985248602 1.3243078491866024e-15 1.3032747082052099e-14
1593.7994844209998 5.1828607730433976e-15 6.9117210869593104e-15
1595.3429791651088 -5.306266697194771e-15 7.042181525011891e-15
1596.8864827573393 -6.852210246151118e-15 6.3171403804035235e-15
1598.4299951978435 9.317427641334242e-15 6.744160605816991e-15
1599.9735164867739 3.061682114771842e-16 5.736226550451685e-15
1601.5170466242823 6.433314231372121e-16 4.954145360142265e-15
1603.0605856105208 -1.3048330794215683e-16 4.675885296090334e-15
1604.6041334456418 4.1804819832626586e-15 4.417143835758457e-15
1606.1476901297972 -1.5338378599533066e-15 3.489326179950962e-15
1607.6912556631398 -2.037594135250771e-16 3.2813251695331704e-15
1609.2348300458214 4.843902327991223e-15 3.299187612083106e-15
1610.778413277994 2.8730942524721713e-15 2.970392503606799e-15
1612.3220053598106 7.486380531507742e-16 2.6143358514813496e-15
1613.8656062914226 -1.0828806952086693e-15 2.2593079208703404e-15
1615.4092160729822 3.6470279387410703e-16 2.1716624572026225e-15
1616.952834704642 -1.0034944380513913e-15 1.9461198179636678e-15
1618.496462186554 -1.8407686128412565e-15 1.7635272548646632e-15
1620.0400985188708 4.833564396749103e-16 1.7763667920373807e-15
1621.5837437017442 9.54757750453155e-16 1.7397095354208195e-15
1623.1273977353273 -1.9448675856302707e-16 1.5676155221865584e-15
1624.671060619771 2.20947231390216e-15 1.6153761101922025e-15
1626.214732355228 9.322184154849549e-16 1.4496514670839385e-15
1627.7584129418515 8.015500837833822e-16 1.3842792641598645e-15
1629.3021023797924 1.3364595691363698e-16 1.2440022436441983e-15
1630.845800669204 1.932917327173052e-15 1.3335892127061414e-15
1632.3895078102375 -2.9122535914753625e-16 1.1176642090667856e-15
1633.9332238030465 1.9900489847813051e-16 1.0935048177078432e-15
1635.4769486477821 3.679746598032017e-15 1.2832461271234373e-15
1637.0206823445974 5.758135798786246e-16 1.036716129033889e-15
1638.5644248936442 1.0187402899481399e-15 1.0264596188338236e-15
1640.1081762950748 1.0082090234358088e-15 1.0004965766928216e-15
1641.6519365490417 7.200143217037688e-16 9.163298773394771e-16
1643.195705655697 5.955762879061659e-16 9.154795621395522e-16
1644.7394836151934 5.279139196509531e-16 8.62180966845641e-16
1646.2832704276827 -6.182421351859724e-17 7.883631042836128e-16
1647.8270660933174 9.251448433424342e-16 8.255506564647144e-16
1649.3708706122502 8.9992560200824e-16 8.379136846650421e-16
1650.9146839846328 -1.8195421789413005e-16 7.1269421003403795e-16
1652.4585062106175 7.645400908838488e-16 7.621843863784162e-16
1654.0023372903572 9.95244760661608e-16 7.582913700132762e-16
1655.546177224004 1.5213160660149279e-15 7.725412170431721e-16
1657.0900260117098 8.416305711167124e-16 7.077419260287973e-16
1658.6338836536272 3.5219727885018334e-16 6.657378798118117e-16
1660.1777501499093 5.078512428460756e-17 6.293435210462546e-16
1661.7216255007074 -9.152522396723328e-16 5.255764792934457e-16
1663.2655097061743 9.344477003230098e-16 6.673351721920965e-16
1664.809402766462 -2.365331828971549e-16 5.600184800551408e-16
1666.3533046817236 1.8926677244178464e-16 5.830554998194121e-16
1667.897215452111 2.798299072707689e-16 5.75676254662051e-16
1669.4411350777762 1.274019741336131e-16 5.646837787099399e-16
1670.9850635588723 1.1248096731307044e-15 6.09841275649994e-16
1672.529000895551 1.1325781299273288e-15 6.147901715234457e-16
1674.0729470879653 3.0985995163823284e-16 5.383307308362865e-16
1675.616902136267 -1.7141032529692892e-16 4.998757526682965e-16
1677.1608660406089 1.0308185562595126e-15 5.7572532963343255e-16
1678.7048388011438 8.385616119301325e-16 5.503774981099332e-16
1680.2488204180227 5.112104299310983e-16 5.140961123637161e-16
1681.7928108913993 7.921992635621683e-16 5.384015639665007e-16
1683.3368102214258 2.4953709740119896e-16 4.817194955647822e-16
1684.8808184082545 -1.2836689024432356e-16 4.463755635329388e-16
1686.4248354520375 4.447108261542289e-16 4.73542715948022e-16
1687.9688613529274 1.7837830948861841e-16 4.605718357289209e-16
1689.5128961110768 -2.681637985888518e-17 4.328906666637523e-16
1691.056939726638 1.5761869662171799e-16 4.3919653578848496e-16
1692.6009921997631 -4.0635754487946857e-16 3.910908612661735e-16
1694.145053530605 3.1258371842902706e-16 4.348665563016802e-16
1695.6891237193165 7.353292200206084e-17 4.213939414102289e-16
1697.2332027660493 7.222726174202672e-16 4.59562754790945e-16
1698.777290670956 -2.1319182684191319e-16 3.8848837900551424e-16
1700.3213874341893 1.0136264344082105e-15 4.63116640339828e-16
1701.8654930559012 6.672413103536289e-16 4.419204878677364e-16
1703.409607536245 7.773534229747606e-16 4.332785812838152e-16
1704.9537308753725 3.719528929767914e-16 4.127584669827509e-16
1706.4978630734363 4.496560691980955e-16 4.083700422225856e-16
1708.042004130589 2.781103245087243e-16 3.9401047795624064e-16
1709.586154046983 -3.6323353581775564e-16 3.3784345852601197e-16
1711.1303128227705 1.5873949326450284e-16 3.786584293037301e-16
1712.6744804581049 3.756571682328427e-18 3.592753508552363e-16
1714.2186569531375 -4.394043235583583e-16 3.162002579462273e-16
1715.7628423080216 -2.5009397400113344e-19 3.491093673014086e-16
1717.3070365229094 -5.15021389979473e-16 3.000845561522078e-16
1718.8512395979535 1.0502438275366915e-16 3.4945011277422123e-16
1720.3954515333064 -2.229801263454941e-16 3.2072486972244336e-16
1721.9396723291206 -1.6860724181155822e-16 3.208675153647169e-16
1723.483901985549 3.0182179425724675e-16 3.563447492066344e-16
1725.0281405027436 -2.010452420293885e-16 3.0466221336674564e-16
1726.572387880857 4.2682651956634237e-16 3.586136857745327e-16
1728.1166441200417 -5.391324011987484e-17 3.1933044173302597e-16
1729.6609092204508 -2.7180027315881457e-16 2.953849526630449e-16
1731.205183182236 3.9531445870875904e-16 3.428153301681579e-16
1732.7494660055504 -1.5161847404204613e-16 2.9730427638196394e-16
1734.2937576905465 -1.3720960981119303e-17 2.9770682879014655e-16
1735.8380582373766 -2.9254074837506297e-16 2.801384390218063e-16
1737.3823676461936 1.770740772731938e-16 3.177526575803076e-16
1738.9266859171498 2.1724567358791307e-16 3.170958894088303e-16
1740.4710130503981 -6.428418248588094e-17 2.8667687163011946e-16
1742.0153490460907 1.7752283268167117e-16 3.096364937588353e-16
1743.5596939043805 4.697431312874311e-17 2.84386282782507e-16
1745.1040476254193 -2.4702051205688906e-18 2.8458033273676706e-16
1746.6484102093611 4.226997485775398e-16 3.104584068852476e-16
1748.1927816563573 1.3250979456379334e-16 2.9428944789466947e-16
1749.7371619665605 3.184321897622424e-16 3.0179963905172013e-16
1751.2815511401245 8.481048674490507e-16 3.334543984911362e-16
1752.8259491772008 3.6491338744061813e-16 2.973099409147987e-16
1754.3703560779418 6.908942289496724e-16 3.191623321627756e-16
1755.914771842501 4.94027890140012e-16 3.06886018960423e-16
1757.459196471031 5.533094497172947e-16 3.019758483745286e-16
1759.0036299636834 5.750127102269957e-16 3.0635821155516516e-16
1760.5480723206117 2.463068578475059e-16 2.754586084580059e-16
1762.0925235419686 7.606618446557266e-16 3.1294201336571563e-16
1763.6369836279061 8.293830040950073e-16 3.1684024427743713e-16
1765.1814525785771 4.865848528138109e-16 2.8830518659209744e-16
1766.7259303941348 4.18469454280715e-16 2.7850149491167816e-16
1768.2704170747313 7.962237817923695e-16 3.0684663192837567e-16
1769.814912620519 -1.0678419296326346e-16 2.34834087744522e-16
1771.359417031651 3.997643198273799e-16 2.732417908861434e-16
1772.9039303082802 6.04472727890737e-16 2.8528813464331643e-16
1774.4484524505585 1.0778664719191607e-15 3.1194256742751475e-16
1775.992983458639 1.0661012901609168e-15 3.124068473617285e-16
1777.5375233326747 4.1697706163699175e-16 2.6697705579891177e-16
1779.0820720728177 4.483312567290306e-16 2.631026741586114e-16
1780.6266296792212 6.896481905447021e-16 2.8195058660311807e-16
1782.1711961520375 4.2927338599272323e-16 2.627515790019745e-16
1783.715771491419 1.00843888700187e-15 2.964627756186464e-16
1785.2603556975193 1.3220585531951686e-15 3.158365367047204e-16
1786.8049487704905 1.0045147951154776e-15 2.917690219507755e-16
1788.3495507104851 1.4404090670799732e-15 3.205960942446811e-16
1789.8941615176566 9.433021592371326e-16 2.852111075846755e-16
1791.438781192157 1.1655510049815706e-15 2.9356084074135317e-16
1792.983409734139 1.359196606888415e-15 3.087438004417681e-16
1794.528047143756 1.4699909516090008e-15 3.0780391150767104e-16
1796.0726934211602 1.040746311796925e-15 2.851343981633898e-16
1797.6173485665045 8.903536003086743e-16 2.7516172340999326e-16
1799.1620125799416 1.0105019416240262e-15 2.746852409073831e-16
1800.7066854616241 1.4224661564000486e-15 3.00734151013413e-16
1802.251367211705 1.3531049576899989e-15 2.926069492938468e-16
1803.7960578303366 1.3761115372077281e-15 2.9540927839049886e-16
1805.3407573176721 1.2270989600279099e-15 2.836637636784991e-16
1806.8854656738642 1.3860216109323666e-15 2.9045336802545276e-16
1808.4301828990658 1.7693163015426727e-15 3.089932251749549e-16
1809.9749089934292 1.1571589201775302e-15 2.7904870466538404e-16
1811.5196439571073 1.490063620755678e-15 2.910702197692907e-16
1813.0643877902532 1.1024478974440725e-15 2.701070278274736e-16
1814.6091404930196 1.4742365983779946e-15 2.8849246028277945e-16
1816.1539020655594 1.7909963215858834e-15 3.089123070587125e-16
1817.6986725080246 1.341741375427872e-15 2.798747206076346e-16
1819.2434518205687 1.359312438643952e-15 2.7598490708582643e-16
1820.7882400033443 1.3443059794339212e-15 2.7704875399779823e-16
1822.3330370565043 1.3850309000214343e-15 2.7324764070743536e-16
1823.8778429802016 1.3233500666814946e-15 2.743796208321019e-16
1825.422657774589 1.6719257238167941e-15 2.8682211131079397e-16
1826.9674814398188 1.739050649666974e-15 2.8915730173703527e-16
1828.5123139760442 1.451422295339292e-15 2.738834448134681e-16
1830.0571553834184 1.9896454529912773e-15 2.966012919753021e-16
1831.6020056620937 1.9730937939272178e-15 3.0364532384378725e-16
1833.146864812223 1.829388725194895e-15 2.8851273613395435e-16
1834.6917328339591 1.892829375361874e-15 2.865654867975555e-16
1836.2366097274553 2.0867319458890915e-15 3.0206992197123305e-16
1837.781495492864 1.7390441910407513e-15 2.8056976408041595e-16
1839.326390130338 2.115972793777731e-15 2.9381209188933247e-16
1840.8712936400304 1.841722371939865e-15 2.8930656482420924e-16
1842.4162060220942 1.8597025520694687e-15 2.8112573533117e-16
1843.961127276682 2.1836483969227445e-15 2.9691427064931254e-16
1845.5060574039464 1.4299908794661005e-15 2.5822535256920273e-16
1847.0509964040411 2.622675102605305e-15 3.1572425189965e-16
1848.595944277118 2.428277653078654e-15 3.0285112457661793e-16
1850.1409010233306 2.1682808899189466e-15 2.9074985602677136e-16
1851.6858666428313 2.5524082139164036e-15 3.06857775705588e-16
1853.2308411357737 2.0482514508535655e-15 2.8372557061386906e-16
1854.7758245023103 2.0328159694557504e-15 2.850226956934706e-16
1856.3208167425937 2.5095424175547052e-15 2.9916102554190457e-16
1857.8658178567775 1.8514676977562624e-15 2.693108433268342e-16
1859.4108278450144 2.6377059140125694e-15 3.0870589571737846e-16
1860.9558467074567 2.363946559525874e-15 2.9343450048331427e-16
1862.5008744442578 2.561654849085105e-15 3.0309448773027593e-16
1864.0459110555707 3.0436271839846428e-15 3.199925038604236e-16
1865.5909565415482 2.0350032202837978e-15 2.7226137671947613e-16
1867.1360109023433 2.4321900982620217e-15 2.8872994714536587e-16
1868.6810741381084 1.887333825600088e-15 2.7084373473334805e-16
1870.2261462489973 2.3280224099251614e-15 2.8533061863957715e-16
1871.7712272351623 2.111742499480906e-15 2.7847007528329095e-16
1873.316317096757 2.5341362309364707e-15 2.9107895479655926e-16
1874.8614158339337 1.8576135570633028e-15 2.62784772105595e-16
1876.4065234468455 2.4340156660215915e-15 2.869175348662581e-16
1877.9516399356457 1.9424843525540523e-15 2.6011315078061615e-16
1879.496765300487 2.1974973856103523e-15 2.7695203342313363e-16
1881.041899541522 1.9942782996962847e-15 2.661397637305509e-16
1882.5870426589047 2.0118131522538696e-15 2.667525391283302e-16
1884.1321946527867 2.851450231329219e-15 2.9914779065210373e-16
1885.6773555233224 2.598059054608674e-15 2.8767967923032974e-16
1887.2225252706637 2.571617862368947e-15 2.8895891073892055e-16
1888.7677038949641 2.2991445156544206e-15 2.7193529550456283e-16
1890.3128913963765 2.5949102096272563e-15 2.87533724865606e-16
1891.8580877750537 2.9448470487087935e-15 3.004674150443667e-16
1893.4032930311494 2.553943461133302e-15 2.824488537343404e-16
1894.9485071648157 2.5778988234310745e-15 2.844433780971079e-16
1896.493730176206 3.0452026652665358e-15 3.036134542291468e-16
1898.0389620654737 2.89662122785687e-15 2.9140784180811034e-16
1899.584202832771 2.8944907282362885e-15 2.9645708461603203e-16
1901.1294524782518 2.5187668181085414e-15 2.731500730998235e-16
1902.6747110020685 2.143717781481519e-15 2.597865137003312e-16
1904.2199784043744 2.6115554658319873e-15 2.8124633164703533e-16
1905.7652546853221 2.487672238614836e-15 2.7075312867777144e-16
1907.3105398450655 2.505232925677312e-15 2.756537436732296e-16
1908.8558338837572 3.0553861188749006e-15 2.914947685643223e-16
1910.4011368015506 2.9286786720533666e-15 2.891621192369228e-16
1911.9464485985975 2.4122191789481334e-15 2.6470571048106976e-16
1913.4917692750525 2.655137852067063e-15 2.7393196391947803e-16
1915.037098831068 2.410149877457991e-15 2.6658345017623454e-16
1916.582437266797 2.8443688241319362e-15 2.775455123515833e-16
1918.1277845823925 2.4909110808468997e-15 2.6683488661267106e-16
1919.6731407780076 2.5888748881198326e-15 2.6938694394318906e-16
1921.2185058537957 2.5070476937668045e-15 2.6708084380473002e-16
1922.7638798099097 2.58035733656048e-15 2.6726539110811306e-16
1924.309262646503 2.701697982628211e-15 2.704526172699534e-16
1925.8546543637278 2.8219245686120654e-15 2.7715391843215577e-16
1927.4000549617383 2.3667246158346313e-15 2.5352175214332e-16
1928.945464440687 2.5933184229611286e-15 2.657218323804197e-16
1930.4908828007271 2.8213017876375967e-15 2.744497657480464e-16
1932.0363100420118 3.169896926530683e-15 2.829724524446416e-16
1933.581746164694 1.9596714980867893e-15 2.357947554556064e-16
1935.127191168927 2.8065498618282158e-15 2.6842241164428283e-16
1936.672645054864 2.293617837431823e-15 2.5121567847464056e-16
1938.218107822658 2.9263010505704238e-15 2.729975012901993e-16
1939.7635794724624 2.296204252536264e-15 2.487878438197933e-16
1941.3090600044297 2.345085253372889e-15 2.457611304014577e-16
1942.8545494187138 2.56013866010952e-15 2.582931946143219e-16
1944.4000477154675 2.9413939071410745e-15 2.6637605945305524e-16
1945.9455548948436 2.684200611278542e-15 2.641272134478747e-16
1947.491070956996 2.675266743025614e-15 2.5722445079312377e-16
1949.0365959020774 2.6086543779876414e-15 2.557183468035668e-16
1950.582129730241 2.5585822370689402e-15 2.538866380551294e-16
1952.12767244164 3.1396489564677584e-15 2.725604058196365e-16
1953.6732240364274 2.950786231976704e-15 2.6771423916081903e-16
1955.2187845147569 2.4984104988036524e-15 2.4730516558518387e-16
1956.7643538767811 2.744115486802575e-15 2.566694324544354e-16
1958.3099321226537 2.7032783343495506e-15 2.5542588220874767e-16
1959.8555192525273 2.899208701752495e-15 2.6267174614669577e-16
1961.4011152665557 2.765533561906847e-15 2.5672308669768803e-16
1962.9467201648922 2.742789880240122e-15 2.514956493334877e-16
1964.492333947689 2.7349923066859357e-15 2.5560804723196654e-16
1966.0379566151003 3.38510279919782e-15 2.7750464301187826e-16
1967.5835881672788 2.9928704286863233e-15 2.624727463436502e-16
1969.1292286043779 3.5696547612620606e-15 2.841755039275387e-16
1970.6748779265508 3.0480641543205976e-15 2.6264321172428514e-16
1972.220536133951 3.033300581808192e-15 2.6008488105600154e-16
1973.7662032267315 3.4377278974195456e-15 2.7636853360159383e-16
1975.3118792050452 3.2896182573615004e-15 2.6847437182164096e-16
1976.8575640690458 3.1847405436566043e-15 2.6278707497642037e-16
1978.4032578188865 3.134624357024646e-15 2.673314332082193e-16
1979.9489604547202 3.552487732761821e-15 2.763366375171738e-16
1981.4946719767006 3.099818079156072e-15 2.5961210432253563e-16
1983.040392384981 3.5050225474965316e-15 2.7371861749588835e-16
1984.5861216797139 2.8224198711279723e-15 2.4705486734927023e-16
1986.1318598610537 3.0969883538375324e-15 2.5894337181067836e-16
1987.6776069291527 2.923720988213087e-15 2.5034312865985023e-16
1989.2233628841648 3.256241559349655e-15 2.603870865297141e-16
1990.7691277262427 3.141305329396114e-15 2.57624038585991e-16
1992.3149014555402 2.751088473782609e-15 2.4448409588457383e-16
1993.86068407221 3.320217534339299e-15 2.607472608207544e-16
1995.4064755764066 3.0195066502621557e-15 2.553234176919095e-16
1996.952275968282 3.1085039785136914e-15 2.494703406170435e-16
1998.4980852479903 2.9413403323071607e-15 2.4704462354456437e-16
2000.0439034156843 3.348453165877784e-15 2.6001346559063616e-16
2001.5897304715174 3.5217270960075705e-15 2.5989019582703106e-16
2003.1355664156433 3.2466630990238667e-15 2.5774810244298414e-16
2004.6814112482148 3.0779224892277853e-15 2.446304472959916e-16
2006.2272649693857 3.609150637043108e-15 2.6615016635393436e-16
2007.773127579309 3.1740628463235165e-15 2.4944672957363876e-16
2009.3189990781382 3.0358759854843187e-15 2.426100354887737e-16
2010.8648794660269 3.315762141036741e-15 2.5360992297917325e-16
2012.4107687431278 3.245300646528208e-15 2.498994422141666e-16
2013.9566669095946 3.368917481883448e-15 2.55225161870028e-16
2015.5025739655805 2.7038166237875307e-15 2.2827545869437275e-16
2017.0484899112391 3.2585287600654786e-15 2.470012925153564e-16
2018.5944147467242 3.2118468685181627e-15 2.431344282924629e-16
2020.1403484721882 2.5795251266898028e-15 2.2380301885375163e-16
2021.6862910877849 3.2356427768636146e-15 2.4513789944073574e-16
2023.2322425936675 2.8488019828196284e-15 2.3131876866451864e-16
2024.77820298999 3.2890321105620004e-15 2.4263944341391117e-16
2026.3241722769048 2.719471063202211e-15 2.258118633672836e-16
2027.8701504545659 3.1229043856499617e-15 2.402607896095639e-16
2029.4161375231267 2.8253239235876337e-15 2.2679698915471997e-16
2030.9621334827402 3.2308163831301596e-15 2.4178086964275053e-16
2032.5081383335607 3.1679282102030273e-15 2.336517356292734e-16
2034.0541520757406 2.7021996378912222e-15 2.230166281715648e-16
2035.6001747094338 3.031953164147347e-15 2.3144084728804167e-16
2037.146206234794 2.6713634034464294e-15 2.1763671164196893e-16
2038.6922466519738 2.939275054223518e-15 2.3022405798953126e-16
2040.2382959611273 2.3610223900337153e-15 2.029137967110315e-16
2041.7843541624075 2.3293283229715907e-15 2.079973708230966e-16
2043.3304212559678 2.715907807351349e-15 2.186109980546584e-16
2044.8764972419622 2.3861182821949658e-15 2.0596746959989146e-16
2046.422582120544 2.4102572388840556e-15 2.0599739368573118e-16
2047.968675891866 2.9990325933775984e-15 2.251567363221416e-16
2049.514778556082 2.347042111239283e-15 2.0367779395967528e-16
2051.0608901133464 2.5003161111767378e-15 2.0756412670546581e-16
2052.6070105638114 2.3724353119650198e-15 2.0478315872095234e-16
2054.1531399076307 2.4839298352956297e-15 2.0573628254485024e-16
2055.699278144958 2.1370804313068344e-15 1.9462315733731461e-16
2057.2454252759467 2.2666898130056616e-15 1.984151782583843e-16
2058.79158130075 2.2165003580237657e-15 1.945637988565578e-16
2060.3377462195217 1.81292049887614e-15 1.8120872302142786e-16
2061.883920032416 1.9128909272011184e-15 1.8160308303282374e-16
2063.430102739585 1.8523090132311227e-15 1.8116048184810377e-16
2064.976294341183 1.9814840787862453e-15 1.865740149977938e-16
2066.522494837363 2.0482434040405666e-15 1.8617372575576715e-16
2068.0687042282793 1.9910777857050843e-15 1.8569844762812888e-16
2069.6149225140844 1.979706791904669e-15 1.8629076188627605e-16
2071.161149694933 2.2413184233783167e-15 1.9299088514328618e-16
2072.7073857709775 1.9369555567490867e-15 1.8070550604142e-16
2074.2536307423725 1.983962920706385e-15 1.849766167383906e-16
2075.79988460927 2.128124540197278e-15 1.8516103169287563e-16
2077.346147371825 2.0048776464817513e-15 1.8239092955288865e-16
2078.892419030191 2.0402980232370844e-15 1.854443377439526e-16
2080.4386995845193 1.9548707270999888e-15 1.782300125483999e-16
2081.9849890349665 1.9017689610871958e-15 1.7963516079855599e-16
2083.5312873816847 1.990743207690919e-15 1.781050751886799e-16
2085.0775946248273 1.5000553272806081e-15 1.6050542461063005e-16
2086.623910764548 1.9420445306961905e-15 1.7610192167776228e-16
2088.170235801001 1.5740413258826663e-15 1.6146682024065348e-16
2089.716569734339 1.757560013630375e-15 1.7072580356153924e-16
2091.262912564716 1.709283053164261e-15 1.6678211080335182e-16
2092.8092642922848 1.6379199979624942e-15 1.643763519446924e-16
2094.3556249172 1.4829429324054663e-15 1.576376622188026e-16
2095.9019944396155 1.3495390548611767e-15 1.497866991191597e-16
2097.4483728596833 1.6814744321103103e-15 1.631801031951529e-16
2098.9947601775584 1.5823108026675916e-15 1.585191323493187e-16
2100.5411563933935 1.797878887798798e-15 1.6688088278593555e-16
2102.0875615073433 1.966424680017011e-15 1.738326939422884e-16
2103.63397551956 1.7495536464546906e-15 1.6459218652756463e-16
2105.180398430198 1.7441921396568077e-15 1.640598792597745e-16
2106.7268302394114 1.677502482862398e-15 1.6029047676537447e-16
2108.2732709473526 1.5737681577571768e-15 1.5487523631490011e-16
2109.8197205541755 1.6082015293707218e-15 1.573552693751219e-16
2111.3661790600345 1.590997019662566e-15 1.5635659106052948e-16
2112.9126464650835 1.1685640070540726e-15 1.3867941049802626e-16
2114.459122769475 1.5359075849599225e-15 1.5246783632990538e-16
2116.0056079733627 1.6648648571684823e-15 1.57743700155887e-16
2117.552102076901 1.4185698048426788e-15 1.4765989203283276e-16
2119.098605080243 1.4363761314598587e-15 1.473267830914352e-16
2120.6451169835427 1.3363136941809848e-15 1.4481564804018143e-16
2122.1916377869534 1.5450165772746952e-15 1.513231242412504e-16
2123.738167490629 1.479110214198259e-15 1.4810570929577434e-16
2125.284706094723 1.2361319311356665e-15 1.3955075593784471e-16
2126.8312535993896 1.148572970707687e-15 1.3319447511786063e-16
2128.3778100047816 1.0687477387254945e-15 1.3200492322256038e-16
2129.924375311053 1.479468615014066e-15 1.4563708471056089e-16
2131.4709495183583 1.2846966710456102e-15 1.394008575759603e-16
2133.01753262685 1.655419169257176e-15 1.551418531699382e-16
2134.564124636682 1.7098268483163983e-15 1.5387545950445422e-16
2136.110725548009 1.4015924058435056e-15 1.4617608883259024e-16
2137.657335360984 1.6014755583739306e-15 1.4964217412253444e-16
2139.2039540757605 1.4384660793780903e-15 1.4428057468042293e-16
2140.750581692492 1.4007381731161997e-15 1.4127168865864904e-16
2142.2972182113326 1.6437544667823002e-15 1.5131040551215178e-16
2143.8438636324368 1.5353062974464904e-15 1.4791761504192468e-16
2145.390517955957 1.4484807616717147e-15 1.41480164642792e-16
2146.937181182048 1.4040316489733612e-15 1.4304840643996394e-16
2148.4838533108623 1.7238922539220295e-15 1.5391832731251917e-16
2150.030534342555 1.5982152226808304e-15 1.4741352455918997e-16
2151.5772242772787 1.2372015219898119e-15 1.3488932187086749e-16
2153.1239231151876 1.3818266802610897e-15 1.3827264939488698e-16
2154.6706308564358 1.4972443425660263e-15 1.4335323242185708e-16
2156.217347501177 1.362613326039402e-15 1.3842405653420869e-16
2157.764073049564 1.4531431486507576e-15 1.4153986723068363e-16
2159.3108075017517 1.4879992955841009e-15 1.4249786149402824e-16
2160.8575508578933 1.5189486089273521e-15 1.4337696257927e-16
2162.404303118143 1.2336456776772383e-15 1.3152751427766417e-16
2163.951064282654 1.3716685317620241e-15 1.3665620612906035e-16
2165.497834351581 1.2886200217781738e-15 1.3414472697067175e-16
2167.044613325076 1.4357227514201704e-15 1.3922032044418693e-16
2168.591401203295 1.2866712107247784e-15 1.3428690939180227e-16
2170.1381979863904 1.5146279997425263e-15 1.4074805024367847e-16
2171.685003674516 1.4530156701921958e-15 1.3889251869359952e-16
2173.231818267826 1.5442969169068843e-15 1.4159979481170187e-16
2174.7786417664743 1.2885959872182954e-15 1.3088415304955513e-16
2176.3254741706146 1.3354256860149071e-15 1.3474964084390933e-16
2177.8723154804006 1.3324000843273147e-15 1.3299969724466155e-16
2179.419165695986 1.0785917438802472e-15 1.2367567767529442e-16
2180.966024817525 1.2424648788449317e-15 1.2867456172752388e-16
2182.5128928451713 1.2496304599413479e-15 1.2686498171483347e-16
2184.059769779079 1.3104372611588396e-15 1.325557858058513e-16
2185.606655619401 1.2774961498401198e-15 1.2794272526109616e-16
2187.153550366292 1.0779795508176191e-15 1.1933031924654105e-16
2188.7004540199055 1.395942060810609e-15 1.3495134056447426e-16
2190.2473665803955 1.2799815562656008e-15 1.268512306643304e-16
2191.7942880479163 1.1441896810847644e-15 1.2429188090953212e-16
2193.341218422621 1.2882064579416768e-15 1.2902307608064962e-16
2194.888157704663 1.1282747790388034e-15 1.2010438824632328e-16
2196.4351058941975 1.3082249169797298e-15 1.3000265644925942e-16
2197.982062991378 1.3105713041227426e-15 1.2880815470517364e-16
2199.529028996358 1.1811343995078e-15 1.2270608964848426e-16
2201.076003909291 9.240111956216527e-16 1.133534430124779e-16
2202.6229877303326 1.0781639922418837e-15 1.18147199507684e-16
2204.1699804596346 1.327556855814033e-15 1.2933571064752526e-16
2205.7169820973522 1.2032162308053644e-15 1.2368261275755006e-16
2207.2639926436386 1.0624763067840237e-15 1.1898199018187252e-16
2208.8110120986485 9.608156242127994e-16 1.1304188047167612e-16
2210.3580404625345 1.0619560167961727e-15 1.1872478333348283e-16
2211.905077735452 9.223573637921387e-16 1.1094326370062499e-16
2213.452123917554 1.0704889208276941e-15 1.1693005286714898e-16
2214.999179008995 1.1647142423088018e-15 1.219017524557275e-16
2216.5462430099283 1.0261282171932103e-15 1.144859790025161e-16
2218.0933159205083 1.2102115582793825e-15 1.2271004688053471e-16
2219.6403977408886 1.163753601067497e-15 1.1989445642430222e-16
2221.1874884712233 1.1204254305957162e-15 1.1852084691654156e-16
2222.734588111666 1.1411779495616834e-15 1.1914818069310178e-16
2224.281696662372 9.767484198297711e-16 1.1086843363369099e-16
2225.8288141234934 1.0983675279789117e-15 1.1713829062327553e-16
2227.375940495185 1.1810236499499465e-15 1.1923337367874984e-16
2228.9230757776018 1.332816612779127e-15 1.2381554399070978e-16
2230.470219970896 1.0590452939520517e-15 1.142894541238633e-16
2232.017373075222 1.1892221877255393e-15 1.187273906067736e-16
2233.564535090735 1.1645439886864037e-15 1.1842076467986754e-16
2235.1117060175875 1.3540280118442692e-15 1.2499110660749055e-16
2236.658885855934 9.638013094727524e-16 1.1096337411567738e-16
2238.2060746059287 1.09955189179741e-15 1.1388504883110857e-16
2239.7532722677256 1.1423120207989385e-15 1.155264133944302e-16
2241.3004788414783 1.394385849528266e-15 1.2790963803659404e-16
2242.847694327341 1.1931045632392794e-15 1.165232123546709e-16
2244.3949187254675 1.132785335362051e-15 1.1619842815895808e-16
2245.9421520360124 1.3487738664724508e-15 1.2221633255140386e-16
2247.4893942591293 1.2977912710145697e-15 1.2258056995361301e-16
2249.0366453949723 1.353176320215805e-15 1.2272898600783973e-16
2250.583905443696 1.5608875394865175e-15 1.3053690924585027e-16
2252.131174405453 1.5180798707608244e-15 1.3043523882240015e-16
2253.6784522803987 1.426507138833162e-15 1.2606554143130302e-16
2255.225739068686 1.545704685665221e-15 1.296686607702452e-16
2256.77303477047 1.5003413067794249e-15 1.2794979269224982e-16
2258.3203393859044 1.5186144544296603e-15 1.2922530519680659e-16
2259.867652915143 1.6213960792274573e-15 1.2990638586084805e-16
2261.41497535834 1.385083416064164e-15 1.244039407214759e-16
2262.96230671565 1.9466166027872324e-15 1.4335631615118068e-16
2264.5096469872256 1.6028916915826214e-15 1.3057920795365378e-16
2266.0569961732217 1.9608852963002047e-15 1.444328553224715e-16
2267.6043542737934 1.717207046385825e-15 1.3436331441062257e-16
2269.151721289094 1.9843838960811704e-15 1.433331947986986e-16
2270.699097219276 1.8394986986950855e-15 1.3784807413007576e-16
2272.2464820644964 1.6545715010352112e-15 1.3197285508457292e-16
2273.7938758249065 1.863503824178509e-15 1.3787024257049218e-16
2275.3412785006626 1.9342105347252723e-15 1.418981224627028e-16
2276.888690091918 1.913989740691944e-15 1.4131597259992268e-16
2278.436110598826 1.7601931214260335e-15 1.3385809896225478e-16
2279.9835400215425 2.0104013600890334e-15 1.4495494525533536e-16
2281.5309783602197 2.2701296138044613e-15 1.4936813249431807e-16
2283.0784256150127 2.148119599950163e-15 1.4749322506557068e-16
2284.6258817860753 2.5820662255315657e-15 1.6154785747090407e-16
2286.1733468735624 2.1863699137822726e-15 1.4390679492266736e-16
2287.720820877627 2.5448101166212957e-15 1.594737252459845e-16
2289.268303798424 2.3020161691038495e-15 1.5054728176623486e-16
2290.815795636107 2.3129888456608185e-15 1.515554230270349e-16
2292.363296390831 2.5493584717898145e-15 1.6179818217659732e-16
2293.9108060627486 2.5308323789257053e-15 1.5675578180670267e-16
2295.458324652016 2.140339602329632e-15 1.4509661151576364e-16
2297.0058521587857 2.6622806691530216e-15 1.6014346360946664e-16
2298.5533885832133 2.8875823275184825e-15 1.6469442605127619e-16
2300.100933925451 3.1211372631637525e-15 1.728700674675135e-16
2301.6484881856545 2.472159465460584e-15 1.5419062193528183e-16
2303.196051363978 2.7634009447038976e-15 1.632283840731464e-16
2304.743623460575 2.6890788857800163e-15 1.6052145206217887e-16
2306.2912044756 2.9536220982841112e-15 1.6718044128168796e-16
2307.838794409207 2.6786012999807174e-15 1.5940156862679028e-16
2309.3863932615504 3.0029384740556248e-15 1.6833445749787294e-16
2310.934001032784 2.783307065997321e-15 1.6290929088004795e-16
2312.4816177230623 2.7697128224686e-15 1.6310541871200672e-16
2314.0292433325403 3.067471373208088e-15 1.6871223419234836e-16
2315.5768778613706 3.0953988965120097e-15 1.7060314260286497e-16
2317.1245213097086 2.997890369448226e-15 1.64345210248991e-16
2318.6721736777085 3.37223086301487e-15 1.7890808889245658e-16
2320.2198349655237 3.347476325131363e-15 1.7510589034113003e-16
2321.7675051733095 3.3481507751156143e-15 1.733224095311269e-16
2323.315184301219 2.974220669011915e-15 1.6827276967651118e-16
2324.862872349407 3.1971802812782177e-15 1.6981831363767466e-16
2326.410569318028 3.543224156934174e-15 1.8288733056464907e-16
2327.9582752072356 3.247711090537857e-15 1.7006642811677117e-16
2329.5059900171855 3.373157728817403e-15 1.7479124407100466e-16
2331.05371374803 3.0995766747661047e-15 1.6848923953409386e-16
2332.6014463999245 3.497930552387408e-15 1.775934143489791e-16
2334.1491879730224 3.4155055645318554e-15 1.7648709667563637e-16
2335.6969384674794 3.1577875317584988e-15 1.7049996340197756e-16
2337.2446978834487 3.3515005786637683e-15 1.717998413386577e-16
2338.792466221085 3.1169709198544454e-15 1.6812506830633371e-16
2340.3402434805416 3.2886263817802656e-15 1.7352622683405996e-16
2341.8880296619745 3.3536050320212216e-15 1.7217650630238984e-16
2343.435824765537 3.352700400833554e-15 1.7535703560999093e-16
2344.9836287913836 3.1695454078575725e-15 1.664964754116699e-16
2346.5314417396685 2.704411664432977e-15 1.608495317454521e-16
2348.0792636105457 2.760123562472734e-15 1.5421739611734894e-16
2349.6270944041694 3.142835494415329e-15 1.6804433547854854e-16
2351.174934120694 3.546135620932124e-15 1.7624369381730897e-16
2352.7227827602755 3.573644286443628e-15 1.7668072311342279e-16
2354.2706403230663 3.7134834968046825e-15 1.8195927362203398e-16
2355.818506809221 3.846387624910092e-15 1.8095788215503238e-16
2357.3663822188946 3.8077713928447686e-15 1.8481042622716135e-16
2358.914266552241 3.5332247212336004e-15 1.7532011026744656e-16
2360.462159809414 3.922426196101584e-15 1.836133172097848e-16
2362.0100619905693 3.639464675675918e-15 1.78013026530115e-16
2363.55797309586 4.153055056430564e-15 1.8778504711924085e-16
2365.105893125441 3.882222624293106e-15 1.833091132677123e-16
2366.653822079467 3.871037554224613e-15 1.8487844032584791e-16
2368.2017599580913 4.078635588717749e-15 1.859701466808505e-16
2369.7497067614695 4.067708016665221e-15 1.8560732541185004e-16
2371.2976624897547 4.172315315101706e-15 1.8951861915980498e-16
2372.845627143103 3.806665591332128e-15 1.7810308995520977e-16
2374.3936007216666 3.61636100500661e-15 1.7852423738356257e-16
2375.941583225602 3.185871120882952e-15 1.6542500520317282e-16
2377.489574655062 3.068812014605355e-15 1.6251012660365436e-16
2379.0375750102016 3.706550532131406e-15 1.796180877907129e-16
2380.585584291175 3.340470092108149e-15 1.6881046354445025e-16
2382.133602498138 3.584048392134753e-15 1.7452929913206627e-16
2383.6816296312427 3.3405264197991415e-15 1.6766711464944476e-16
2385.229665690645 2.4917710310465996e-15 1.468744674976014e-16
2386.7777106764984 2.3556767651035935e-15 1.448540953950529e-16
2388.3257645889585 3.0774430685796394e-15 1.631660874468538e-16
2389.8738274281786 3.63904920601529e-15 1.771631083768841e-16
2391.4218991943144 3.699360069442164e-15 1.766092414736084e-16
2392.969979887519 3.760360841204577e-15 1.745765476886553e-16
2394.518069507947 3.886590773202097e-15 1.812467733296053e-16
2396.066168055754 3.740110824534569e-15 1.772018733691108e-16
2397.6142755310934 3.767155739507451e-15 1.7485064225643087e-16
2399.16239193412 3.5264027178764142e-15 1.759243226915247e-16
2400.710517264988 3.6208697613848446e-15 1.7128495118584548e-16
2402.2586515238527 3.791210628176526e-15 1.7950499565736464e-16
2403.806794710867 3.5147596147416934e-15 1.7031298087887117e-16
2405.3549468261867 3.4933195167807926e-15 1.7053870192442464e-16
2406.9031078699654 3.5003700072755006e-15 1.720338209554469e-16
2408.451277842358 3.420526564084942e-15 1.690765377690065e-16
2409.99945674352 3.4049813919204575e-15 1.689562723253862e-16
2411.547644573604 3.362748540928595e-15 1.6699772039309744e-16
2413.0958413327658 3.276458118218247e-15 1.6505911343973857e-16
2414.644047021159 3.145192575349301e-15 1.6192311953631733e-16
2416.1922616389393 3.12602993722533e-15 1.6171030250831969e-16
2417.7404851862602 3.024450993333516e-15 1.6091373419587602e-16
2419.288717663276 2.9529175786302325e-15 1.573396257353773e-16
2420.8369590701423 3.4142547086269976e-15 1.681544100570222e-16
2422.385209407013 3.254172257859513e-15 1.6469871415557166e-16
2423.933468674042 2.820913846547754e-15 1.5300403465529696e-16
2425.4817368713852 3.3491629794875832e-15 1.6799797365957617e-16
2427.0300139991964 3.4349826636374944e-15 1.6656842027262732e-16
2428.57830005763 3.0540221840715844e-15 1.5726676766702363e-16
2430.12659504684 2.983691556153402e-15 1.5880470156655162e-16
2431.6748989669823 2.8233804064901587e-15 1.5352910243836602e-16
2433.2232118182105 2.9374399573432915e-15 1.5794516164843552e-16
2434.7715336006795 2.8617545988908043e-15 1.5528604729431845e-16
2436.3198643145442 3.063655913297181e-15 1.5880777206098541e-16
2437.868203959958 3.126560391608548e-15 1.6035581741632125e-16
2439.4165525370768 3.1723611571324827e-15 1.6196135513295198e-16
2440.9649100460547 3.0289235390532554e-15 1.5840639755799508e-16
2442.5132764870455 3.136142875340836e-15 1.5923757510726797e-16
2444.061651860205 3.1400430385464684e-15 1.6062126960105687e-16
2445.610036165687 3.2966882296139952e-15 1.6420457630996718e-16
2447.158429403646 3.233968192726893e-15 1.622221354015879e-16
2448.706831574237 3.1072247470051006e-15 1.6110503129305748e-16
2450.2552426776147 3.728381535797465e-15 1.716596970905565e-16
2451.803662713934 3.2471757657151924e-15 1.655665258798133e-16
2453.3520916833486 3.268452386317273e-15 1.5976888975832303e-16
2454.9005295860134 3.1787293625881773e-15 1.597122973695346e-16
2456.448976422083 3.187242043708083e-15 1.6037294336372355e-16
2457.9974321917125 3.735538117168816e-15 1.710807897757776e-16
2459.545896895056 3.6013744510708396e-15 1.6969043813241886e-16
2461.094370532269 3.617583273549498e-15 1.6850435377824643e-16
2462.642853103505 3.472466200894102e-15 1.6729166729557429e-16
2464.1913446089184 3.517238456661833e-15 1.688003388537526e-16
2465.739845048665 3.650266463335779e-15 1.7030382233512899e-16
2467.288354422899 3.606499423918202e-15 1.6921015721643588e-16
2468.8368727317747 3.997583853027932e-15 1.7640857407444794e-16
2470.385399975448 4.092640854984125e-15 1.7803721990867095e-16
2471.9339361540724 3.77000812295733e-15 1.7276470450980894e-16
2473.482481267802 3.703889578127607e-15 1.712382320248485e-16
2475.031035316793 3.6021050169878464e-15 1.6979476876871895e-16
2476.579598301199 3.74637759779483e-15 1.712557020793856e-16
2478.128170221175 3.730385192234195e-15 1.7330323217580547e-16
2479.6767510768764 3.709687942168036e-15 1.6778675805324443e-16
2481.2253408684564 3.672407904577006e-15 1.697906527179909e-16
2482.7739395960707 3.759781470668655e-15 1.7189334583510069e-16
2484.322547259874 3.833298848292645e-15 1.7120431100228891e-16
2485.8711638600207 3.670617700442984e-15 1.7138867301721473e-16
2487.4197893966652 3.833333153127009e-15 1.7207044189552584e-16
2488.9684238699638 3.605778175363615e-15 1.6788906375140498e-16
2490.5170672800687 3.941719912574143e-15 1.7693603737257095e-16
2492.065719627137 3.984088500595803e-15 1.738574696559956e-16
2493.6143809113214 4.155311128685576e-15 1.7921533685918327e-16
2495.1630511327776 4.134388991371921e-15 1.8163298064888386e-16
2496.711730291661 4.3548208455653804e-15 1.7842121700135276e-16
2498.260418388125 4.141537949446748e-15 1.7958588730382743e-16
2499.8091154223252 4.156715509312124e-15 1.7915134616699617e-16
2501.357821394417 4.256861908731894e-15 1.80221836993648e-16
2502.906536304553 4.436157607841948e-15 1.8559317731465293e-16
2504.45526015289 4.596137991139289e-15 1.8852506274756549e-16
2506.0039929395816 4.411709272368874e-15 1.830299100324736e-16
2507.552734664783 4.1429635058969766e-15 1.7959824869090142e-16
2509.1014853286492 4.187137968162183e-15 1.777323277523288e-16
2510.650244931335 4.4328427444028685e-15 1.8471014546714033e-16
2512.1990134729945 4.345412850620227e-15 1.825601243841027e-16
2513.7477909537824 4.024006198784583e-15 1.763285029911528e-16
2515.296577373855 4.550378306713296e-15 1.8501482586524566e-16
2516.845372733365 4.686720118035137e-15 1.9026845507636185e-16
2518.3941770324686 4.4877563138898385e-15 1.854959008746167e-16
2519.9429902713205 4.6756790435676775e-15 1.863475130937421e-16
2521.4918124500755 4.906044053133588e-15 1.9451504152253148e-16
2523.0406435688874 4.5827154835406236e-15 1.870637059204252e-16
2524.5894836279117 4.7406282594137164e-15 1.9014095014802048e-16
2526.138332627304 4.590199443146089e-15 1.8691923386335914e-16
2527.687190567218 4.837140463973292e-15 1.897701350055803e-16
2529.2360574478084 4.566390194031718e-15 1.8822339990433475e-16
2530.7849332692313 4.368343303051822e-15 1.8168327323012708e-16
2532.333818031641 4.715729725929176e-15 1.8951994264878506e-16
2533.8827117351916 4.832132381672651e-15 1.9136836706304096e-16
2535.431614380039 4.8680931654483325e-15 1.8839555935086418e-16
2536.9805259663362 4.984115926914964e-15 1.9462334262577183e-16
2538.529446494241 5.100424985517767e-15 1.9403726200072085e-16
2540.0783759639057 5.196146908337555e-15 1.980407632259183e-16
2541.627314375486 5.049298076821498e-15 1.938538661327505e-16
2543.176261729138 5.114656833097534e-15 1.925997941496711e-16
2544.7252180250143 4.993294799447885e-15 1.9458287033276083e-16
2546.2741832632705 5.250358711027725e-15 1.9522416691806094e-16
2547.8231574440624 5.1843490099317234e-15 1.955027216436994e-16
2549.3721405675446 5.2715599456975e-15 1.9987079114335102e-16
2550.921132633872 5.134380418790824e-15 1.952158686421558e-16
2552.470133643199 5.239380740514835e-15 1.9880857212282473e-16
2554.0191435956804 5.120278167251987e-15 1.9516528489333697e-16
2555.568162491472 5.426402227136796e-15 2.0012429222259647e-16
2557.1171903307277 5.117426630835056e-15 1.9829566720348265e-16
2558.666227113603 5.397690351323717e-15 1.961500003991895e-16
2560.2152728402525 5.6715322915227694e-15 2.0619154951910962e-16
2561.764327510831 5.745617604737893e-15 2.059992598051931e-16
2563.3133911254945 5.304945749313528e-15 1.9879472842809304e-16
2564.8624636843965 5.442808831808638e-15 2.0410267362695191e-16
2566.411545187693 5.352014523159502e-15 1.9591715898292317e-16
2567.9606356355384 5.9507647493981485e-15 2.1339886022306786e-16
2569.5097350280876 5.672674515452142e-15 2.0522442318180242e-16
2571.058843365496 5.654036402480758e-15 2.0327540037017028e-16
2572.6079606479184 5.56100465630145e-15 2.054906429901465e-16
2574.1570868755093 5.7887345463684525e-15 2.0597816339085054e-16
2575.706222048424 5.290464450530795e-15 1.9830388607004897e-16
2577.255366166817 5.522042834793647e-15 2.0413325945728167e-16
2578.8045192308446 5.395173392920951e-15 1.9981970446871975e-16
2580.3536812406596 5.177791704370554e-15 1.972967506608738e-16
2581.9028521964196 5.3769469379619326e-15 1.9969317892222364e-16
2583.4520320982774 5.395325011818509e-15 1.9798496493051793e-16
2585.0012209463894 5.00124928585555e-15 1.946666471852002e-16
2586.5504187409097 5.050873981619864e-15 1.9348621412897273e-16
2588.0996254819934 4.469955492986816e-15 1.8441392216361774e-16
2589.648841169796 3.8231094654536495e-15 1.7077003456325367e-16
2591.1980658044718 3.9394223357047155e-15 1.7141678392315173e-16
2592.747299386177 4.698211390514063e-15 1.8588250524058928e-16
2594.296541915065 5.3079916797918545e-15 1.9834537744957463e-16
2595.8457933912923 5.183720935001334e-15 1.955353853517279e-16
2597.395053815013 5.116541057888701e-15 1.9699639807173335e-16
2598.944323186382 4.9436446926951535e-15 1.916527583750816e-16
2600.4936015055555 5.04491976351714e-15 1.961782171842449e-16
2602.0428887726875 3.826639051744858e-15 1.6753902738595214e-16
2603.5921849879333 3.4242270392732593e-15 1.612907962063022e-16
2605.141490151448 3.799239229967076e-15 1.6966022287900353e-16
2606.6908042633863 5.562472140882568e-15 2.0310223507201598e-16
2608.2401273239034 5.365281600212346e-15 2.004899192882347e-16
2609.7894593331553 5.235708005655541e-15 1.9854072442303516e-16
2611.3388002912957 5.4699922366683966e-15 2.0229850668419005e-16
2612.8881501984806 5.964601456108021e-15 2.10580636023765e-16
2614.4375090548647 6.287553519555931e-15 2.1641137260464718e-16
2615.986876860603 6.254721251970933e-15 2.1372049451500808e-16
2617.53625361585 6.164557559351028e-15 2.157750391030224e-16
2619.0856393207623 6.40108431009174e-15 2.166003800658931e-16
2620.635033975494 6.243259202128688e-15 2.147409971628821e-16
2622.1844375802 6.541822222409831e-15 2.1812515848495905e-16
2623.733850135036 6.599391240186443e-15 2.2220262950925344e-16
2625.283271640157 7.173167970524717e-15 2.2774709542374327e-16
2626.8327020957177 6.940507078155274e-15 2.272499664930438e-16
2628.3821415018733 7.007160947807662e-15 2.2770908482023524e-16
2629.9315898587797 7.033520613126216e-15 2.267337528512515e-16
2631.481047166591 7.477738148467788e-15 2.3628706688641834e-16
2633.0305134254622 7.484629608526649e-15 2.370614138188864e-16
2634.57998863555 7.55840871933134e-15 2.328356458543735e-16
2636.1294727970076 7.73486770510104e-15 2.375248202503733e-16
2637.678965909992 7.492394359554129e-15 2.3544773664502814e-16
2639.2284679746563 7.797829358136346e-15 2.398896038902093e-16
2640.7779789911574 8.027269407723855e-15 2.421004657616614e-16
2642.3274989596493 7.692561797517476e-15 2.3782657573783264e-16
2643.877027880288 8.01656291127056e-15 2.431139671528308e-16
2645.4265657532287 8.102795947498732e-15 2.423637077198003e-16
2646.9761125786254 7.710356265673395e-15 2.3930261005776206e-16
2648.5256683566345 7.896828027912587e-15 2.4098381163938423e-16
2650.0752330874107 7.865522537215015e-15 2.3851434002122353e-16
2651.624806771109 8.463131386557236e-15 2.5107038585440685e-16
2653.1743894078845 8.755805833789067e-15 2.523520790525006e-16
2654.723980997893 8.17191468302763e-15 2.446273768015578e-16
2656.2735815412893 8.366265545742182e-15 2.5064258127648422e-16
2657.8231910382287 8.80388088277638e-15 2.5169467560631287e-16
2659.372809488866 8.479279222663692e-15 2.5190354863714986e-16
2660.9224368933574 8.815759672828674e-15 2.5260558013174607e-16
2662.4720732518576 8.713135702038185e-15 2.597551205417236e-16
2664.021718564521 9.142969347385958e-15 2.572361239659281e-16
2665.571372831503 9.190042356396668e-15 2.5783259397947275e-16
2667.1210360529603 9.586941666689299e-15 2.6635438070356145e-16
2668.670708229047 9.796728010801666e-15 2.6593951984786406e-16
2670.220389359918 8.979424225930097e-15 2.575246445635866e-16
2671.7700794457296 9.543054348593212e-15 2.6310849751012377e-16
2673.319778486636 9.976317630344417e-15 2.7315224362175084e-16
2674.869486482793 1.043597954092975e-14 2.784803455577764e-16
2676.419203434356 1.0972151396541723e-14 2.8444583978661083e-16
2677.9689293414804 1.1206110366902833e-14 2.882528028982657e-16
2679.51866420432 1.124395410492026e-14 2.861158975910207e-16
2681.0684080230317 1.1843268031585304e-14 2.963784958403946e-16
2682.6181607977705 1.1790389458754113e-14 2.9563223334408396e-16
2684.1679225286907 1.2315388949791801e-14 3.035948459740868e-16
2685.717693215949 1.2421321431274265e-14 3.027270342498452e-16
2687.2674728597 1.2483389464550219e-14 3.053885970585754e-16
2688.8172614600985 1.3649154980625681e-14 3.199706398224726e-16
2690.3670590172997 1.3543215722879639e-14 3.1321552559833996e-16
2691.9168655314597 1.3883335026586025e-14 3.1870318736580455e-16
2693.4666810027343 1.4623302162274435e-14 3.323263094240711e-16
2695.0165054312774 1.526400974203885e-14 3.3123559568580356e-16
2696.566338817245 1.5083127550218588e-14 3.4342858202197e-16
2698.1161811607926 1.5721905588929157e-14 3.4012398885737577e-16
2699.6660324620752 1.6916142423460678e-14 3.5636044578593823e-16
2701.2158927212477 1.7195559958035032e-14 3.552632734214479e-16
2702.7657619384663 1.827376683131987e-14 3.729588240109947e-16
2704.3156401138863 1.772752205989915e-14 3.659303034333561e-16
2705.865527247662 1.809490227197997e-14 3.7022364874519215e-16
2707.41542333995 1.9013827987665426e-14 3.7284870972785164e-16
2708.9653283909047 1.9820472709928746e-14 3.829201696987217e-16
2710.5152424006824 2.007465205080671e-14 3.8879773131971927e-16
2712.0651653694367 2.095159373142856e-14 3.941982016331759e-16
2713.615097297325 2.172477048787997e-14 4.008658861752841e-16
2715.1650381845016 2.1818909729637813e-14 4.082190850695171e-16
2716.7149880311217 2.273747460928774e-14 4.125572172484392e-16
2718.264946837342 2.4012094870513694e-14 4.2370787660345004e-16
2719.814914603316 2.36717621145046e-14 4.2065231112534856e-16
2721.3648913292004 2.450677566423736e-14 4.2484975642568764e-16
2722.91487701515 2.5368235276649297e-14 4.3958921496887614e-16
2724.464871661321 2.5255518908292272e-14 4.3318011370369687e-16
2726.0148752678674 2.5737606016156163e-14 4.373551920402725e-16
2727.5648878349452 2.6974594297601504e-14 4.503120962157439e-16
2729.11490936271 2.7310300559652695e-14 4.491196326446875e-16
2730.6649398513177 2.642467679132149e-14 4.380583882051712e-16
2732.2149793009235 2.800923318421137e-14 4.760408808072709e-16
2733.7650277116823 2.8258110098839523e-14 4.623556871158384e-16
2735.315085083749 2.9320499478867335e-14 4.729101940946598e-16
2736.8651514172802 2.783551350299309e-14 4.60789470256806e-16
2738.415226712431 2.8155254888054433e-14 4.631182285266041e-16
2739.9653109693563 2.8715643415628406e-14 4.665281714140131e-16
2741.5154041882124 2.7970135837432006e-14 4.5610934852543e-16
2743.0655063691543 2.7781757404028544e-14 4.583258219901577e-16
2744.6156175123374 2.8144536533139877e-14 4.618035804529062e-16
2746.165737617917 2.916018324700641e-14 4.704656040693247e-16
2747.7158666860487 2.8259960018796326e-14 4.686016551293324e-16
2749.266004716888 2.8526626319382714e-14 4.639108396069973e-16
2750.816151710591 2.856021964607082e-14 4.677435048746454e-16
2752.366307667312 2.8868810689414506e-14 4.720775077679496e-16
2753.916472587207 2.923701591158595e-14 4.74002125442789e-16
2755.4666464704314 2.8934977515122223e-14 4.66875613741065e-16
2757.0168293171414 2.9354492605106544e-14 4.740882051660537e-16
2758.5670211274914 2.938856704650869e-14 4.758265285320564e-16
2760.117221901638 2.9780519684389356e-14 4.794402357828392e-16
2761.6674316397352 3.0475872747712934e-14 4.914112465472659e-16
2763.21765034194 3.009190254832719e-14 4.820667790731564e-16
2764.7678780084066 3.009712365941407e-14 4.837015526613572e-16
2766.318114639292 3.018186083545739e-14 4.845090397578866e-16
2767.8683602347505 3.176032367332472e-14 5.044871059122673e-16
2769.418614794938 3.210983318428437e-14 4.927680345100896e-16
2770.96887832001 3.22235050058059e-14 5.046060611017973e-16
2772.5191508101225 3.231003450356561e-14 5.046531243699292e-16
2774.069432265431 3.240676227801026e-14 5.009117798419069e-16
2775.6197226860895 3.2523713811103555e-14 5.09995096470466e-16
2777.1700220722555 3.43374620729274e-14 5.109716195795318e-16
2778.7203304240834 3.311502412344999e-14 5.153865141192988e-16
2780.270647741729 3.3970364769850964e-14 5.213935129625487e-16
2781.8209740253483 3.392929044817271e-14 5.055854958866193e-16
2783.3713092750963 3.3641888781037535e-14 5.202779176314556e-16
2784.9216534911293 3.5048481857643393e-14 5.206677116058702e-16
2786.4720066736018 3.653387949153e-14 5.419157448459811e-16
2788.0223688226697 3.522909638705232e-14 5.361930314356535e-16
2789.5727399384896 3.544346009721165e-14 5.258233893975703e-16
2791.123120021216 3.574780242329191e-14 5.365165980215046e-16
2792.6735090710044 3.616749708426105e-14 5.446107919259075e-16
2794.2239070880114 3.4764891838770864e-14 5.194898593531539e-16
2795.7743140723915 3.3491340533124345e-14 5.247981089544782e-16
2797.3247300243015 2.724562959412983e-14 4.682965115100841e-16
2798.8751549438953 1.8723729367626195e-14 3.9017926852647064e-16
2800.42558883133 1.773253818901279e-14 3.7974538433329416e-16
2801.97603168676 2.5284594161239723e-14 4.519891155721891e-16
2803.5264835103426 3.190198823968711e-14 5.078122925653917e-16
2805.076944302232 2.5573227414280204e-14 4.608419333599766e-16
2806.627414062584 2.1319978524584823e-14 4.1725594723487523e-16
2808.1778927915548 2.429218156111638e-14 4.426914466684154e-16
2809.7283804893004 3.5454339388386186e-14 5.35193161980979e-16
2811.2788771559754 4.177133492615573e-14 5.899037082584039e-16
2812.829382791735 4.276753037542151e-14 5.83557578598897e-16
2814.3798973967364 4.2650897326716383e-14 6.402038069190348e-16
2815.930420971134 4.6844208470998155e-14 6.47534400621488e-16
2817.4809535150853 4.497964839673442e-14 6.030876172637395e-16
2819.0314950287434 4.6881240751452113e-14 6.213541474690745e-16
2820.582045512266 4.8962180474289643e-14 6.401736843098481e-16
2822.1326049658073 5.1032915144178653e-14 6.53197874665067e-16
2823.683173389524 5.1101961881907035e-14 6.475682819393782e-16
2825.2337507835714 5.263005675259884e-14 6.574659678071631e-16
2826.7843371481054 5.33346085937296e-14 6.654264893245774e-16
2828.3349324832816 5.317268638740068e-14 6.647925910426759e-16
2829.885536789256 5.512448069083624e-14 6.77747589394016e-16
2831.436150066183 5.5281388462117415e-14 6.77350913276905e-16
2832.9867723142197 5.830997848194769e-14 6.922693339999806e-16
2834.5374035335217 6.155734694765838e-14 7.151684991520862e-16
2836.088043724244 6.109355913958697e-14 7.146025223246427e-16
2837.6386928865427 6.313765970548252e-14 7.180539698264671e-16
2839.1893510205737 6.369984563697056e-14 7.317565806328776e-16
2840.740018126493 6.837418001573448e-14 7.572110853681718e-16
2842.2906942044547 6.632143293751336e-14 7.552359633538524e-16
2843.8413792546166 6.839846614439815e-14 7.560410152306584e-16
2845.392073277133 7.16752774753554e-14 7.770924309478879e-16
2846.9427762721607 7.209923440611513e-14 7.833730214331009e-16
2848.4934882398547 7.420018782343038e-14 7.955108976881366e-16
2850.044209180371 7.48213679056288e-14 8.039167997171291e-16
2851.594939093865 7.766801524838884e-14 8.136351263583329e-16
2853.145677980494 7.655978444525563e-14 8.114181764375724e-16
2854.6964258404114 7.283056942903807e-14 7.886500896340544e-16
2856.2471826737747 7.424384051340008e-14 7.987818212930775e-16
2857.797948480739 7.765592639416563e-14 8.288998247381579e-16
2859.3487232614602 8.313816757428427e-14 8.515355626436674e-16
2860.899507016094 8.573655294833588e-14 8.628146004297464e-16
2862.450299744796 8.919576096602308e-14 8.989976774145228e-16
2864.001101447723 9.200328216288356e-14 8.902123575647196e-16
2865.55191212503 9.535415127848515e-14 9.30640075466865e-16
2867.102731776873 9.703247591270198e-14 9.219830811085707e-16
2868.6535604034075 9.931451819787662e-14 9.487456164726624e-16
2870.204398004789 1.0245368328677326e-13 9.85864188408122e-16
2871.7552445811743 1.0379100600895266e-13 9.7410885340789e-16
2873.306100132719 1.0418833900011429e-13 9.717334553864337e-16
2874.8569646595784 1.0809984228284455e-13 9.939280479451013e-16
2876.4078381619083 1.0938325982826069e-13 9.857782145639756e-16
2877.9587206398655 1.1081535537284248e-13 1.0138170168213427e-15
2879.5096120936046 1.1671620701175778e-13 1.0349235955592622e-15
2881.0605125232823 1.1556233129716292e-13 1.0191545949384657e-15
2882.6114219290544 1.1779893195878327e-13 1.0545111265853994e-15
2884.162340311076 1.1981577839256796e-13 1.0553144314567517e-15
2885.713267669504 1.2105624120316294e-13 1.0822780312666979e-15
2887.264204004494 1.24751676545444e-13 1.0813511654641649e-15
2888.815149316201 1.269041973285881e-13 1.099345745153872e-15
2890.3661036047815 1.2811283880542063e-13 1.094810836633391e-15
2891.917066870392 1.3047821558007794e-13 1.1007510786924853e-15
2893.468039113188 1.2948676690344857e-13 1.105334797486552e-15
2895.019020333324 1.2795005940174908e-13 1.1153968077461042e-15
2896.5700105309575 1.2909303888451046e-13 1.1074786378760526e-15
2898.1210097062444 1.335015946532167e-13 1.1470538171167864e-15
2899.6720178593396 1.3048114292594365e-13 1.1204549708697517e-15
2901.2230349904 1.312236723362975e-13 1.1330489743668838e-15
2902.77406109958 1.315753604159975e-13 1.1317428495622177e-15
2904.3250961870376 1.3009252420974338e-13 1.1131019837337555e-15
2905.876140252927 1.292457623130322e-13 1.1311696200151634e-15
2907.4271932974057 1.2934702679594234e-13 1.1190791776051739e-15
2908.978255320628 1.2922894362683152e-13 1.1278822851468694e-15
2910.5293263227504 1.2934809744558767e-13 1.125284329218522e-15
2912.0804063039295 1.298127458391335e-13 1.1146020790833429e-15
2913.63149526432 1.307843129584249e-13 1.1522313060068783e-15
2915.1825932040792 1.2871840637633525e-13 1.1297292404883574e-15
2916.7337001233627 1.2844430651460376e-13 1.140717693033969e-15
2918.2848160223257 1.2902069549455136e-13 1.1233235538247468e-15
2919.8359409011246 1.2874608063678794e-13 1.1350159966286451e-15
2921.387074759915 1.2935948156839877e-13 1.1735361963335737e-15
2922.938217598854 1.2999508153949124e-13 1.1572407647360587e-15
2924.4893694180964 1.2527876143159783e-13 1.1394430143274697e-15
2926.0405302177983 1.244287740334235e-13 1.13334628293137e-15
2927.591699998117 1.206813376444446e-13 1.097472214153664e-15
2929.1428787592067 1.217025205656544e-13 1.1231818875643185e-15
2930.694066501224 1.196509390047687e-13 1.1096383601333143e-15
2932.2452632243253 1.188337351697849e-13 1.097235362565788e-15
2933.7964689286664 1.1983242089591561e-13 1.108643519936764e-15
2935.3476836144036 1.1897537263109298e-13 1.1211443498096983e-15
2936.898907281692 1.1594510887415893e-13 1.0923250066914364e-15
2938.4501399306882 1.1704279581116472e-13 1.1013780948316903e-15
2940.0013815615484 1.1782336716524566e-13 1.1044336603097918e-15
2941.5526321744283 1.1718104514068378e-13 1.1062725688382809e-15
2943.103891769484 1.182701804330541e-13 1.1237865632095397e-15
2944.655160346872 1.1806744817932646e-13 1.110762161096084e-15
2946.206437906747 1.1889472154198721e-13 1.1309867667776748e-15
2947.7577244492663 1.19507336427023e-13 1.1260440118930908e-15
2949.309019974586 1.202816871711393e-13 1.1344262499391193e-15
2950.8603244828614 1.2189965562566657e-13 1.146698169158058e-15
2952.4116379742486 1.2252418318207253e-13 1.1470330648095787e-15
2953.9629604489046 1.2593554400263524e-13 1.1699218008685212e-15
2955.5142919069845 1.2516699374014173e-13 1.1721292746081843e-15
2957.065632348644 1.2408127368461475e-13 1.1541522708521327e-15
2958.6169817740406 1.2594115474887785e-13 1.1848655796404552e-15
2960.1683401833293 1.2759449529928246e-13 1.184112249712991e-15
2961.7197075766667 1.2881055000846936e-13 1.2120394553795572e-15
2963.2710839542087 1.2910343367283916e-13 1.1894320401382216e-15
2964.822469316111 1.2893195354673342e-13 1.2026605771919656e-15
2966.3738636625303 1.2869555681555012e-13 1.1963318646474367e-15
2967.9252669936222 1.3074385866486404e-13 1.2095751188986393e-15
2969.4766793095437 1.3098506654318776e-13 1.2268904840437669e-15
2971.028100610449 1.2825921965123332e-13 1.2154117053008134e-15
2972.5795308964966 1.335560758123841e-13 1.2420738672606554e-15
2974.130970167841 1.3000349765885516e-13 1.2308373399406167e-15
2975.6824184246393 1.3187016853922345e-13 1.2428892423515061e-15
2977.2338756670465 1.3309768868638439e-13 1.2390017846400825e-15
2978.7853418952195 1.3110827256756358e-13 1.268089107807032e-15
2980.336817109315 1.2880464110662931e-13 1.205091455871467e-15
2981.8883013094874 1.288489172128482e-13 1.24678665270006e-15
2983.4397944958946 1.2798017311708987e-13 1.238407696906702e-15
2984.991296668691 1.271054930144372e-13 1.2354553635690472e-15
2986.5428078280347 1.2817524819297432e-13 1.2741772629945407e-15
2988.094327974081 1.271684851606586e-13 1.2270938778302263e-15
2989.6458571069857 1.2746706088643395e-13 1.2718138293134644e-15
2991.197395226905 1.2369735769533763e-13 1.234300963541058e-15
2992.7489423339957 1.2445819656987933e-13 1.2373108951191261e-15
2994.3004984284134 1.2124463488315945e-13 1.2383394048753296e-15
2995.8520635103146 1.2145404853277503e-13 1.2283468513174522e-15
2997.4036375798555 1.193504930302458e-13 1.2271676755757559e-15
2998.955220637192 1.205646368331037e-13 1.241443357110543e-15
3000.50681268248 1.21027591160755e-13 1.2520163399955264e-15
3002.0584137158767 1.1915268034387583e-13 1.2275051123261183e-15
3003.6100237375376 1.2100018795084544e-13 1.2689551989955995e-15
3005.1616427476188 1.1881755345236056e-13 1.2330444960429246e-15
3006.7132707462774 1.2105873486815966e-13 1.2591738742789437e-15
3008.264907733668 1.206677986698157e-13 1.2608419997894426e-15
3009.8165537099485 1.1809561033075677e-13 1.2450366826310326e-15
3011.368208675274 1.1982851776809467e-13 1.2661395555998078e-15
3012.9198726298014 1.1647133995110193e-13 1.254296023293943e-15
3014.4715455736864 1.1857943555022843e-13 1.2713097388307296e-15
3016.0232275070857 1.1885063517114852e-13 1.2594712887225483e-15
3017.5749184301553 1.208580761510869e-13 1.3006404780908963e-15
3019.126618343052 1.2313659477920097e-13 1.3018394532277348e-15
3020.678327245931 1.194758403539123e-13 1.2960866172082204e-15
3022.230045138949 1.1988355458087546e-13 1.3029662188058198e-15
3023.781772022263 1.203959214225378e-13 1.2806521946015894e-15
3025.333507896028 1.2051079264271264e-13 1.3188500982700877e-15
3026.8852527604013 1.2280336524148755e-13 1.3204725898805533e-15
3028.4370066155384 1.207635879317548e-13 1.3213533982665794e-15
3029.9887694615963 1.2192109572362747e-13 1.3424259898074903e-15
3031.540541298731 1.2180284992419077e-13 1.3318688887902679e-15
3033.092322127098 1.2509263102363638e-13 1.3517953388744253e-15
3034.644111946855 1.2379505786360573e-13 1.3491350201453364e-15
3036.1959107581574 1.2832867635290818e-13 1.3983273055900771e-15
3037.7477185611624 1.2522921339231524e-13 1.3657203487690492e-15
3039.299535356025 1.2831238621526658e-13 1.403405373987985e-15
3040.8513611429016 1.3070084294367068e-13 1.414791614381451e-15
3042.40319592195 1.3022058203884107e-13 1.4230297509473279e-15
3043.955039693325 1.3101373013812284e-13 1.428838491141361e-15
3045.506892457184 1.3376651945406354e-13 1.4634999263759543e-15
3047.0587542136823 1.3307622148336917e-13 1.4452075087261688e-15
3048.610624962977 1.3216890689532468e-13 1.467229412442715e-15
3050.162504705224 1.3675722338422902e-13 1.4882368883258057e-15
3051.71439344058 1.3207077304618758e-13 1.4747006665539715e-15
3053.266291169201 1.3621013496799284e-13 1.4990032064809999e-15
3054.8181978912435 1.3823457081698493e-13 1.4977845378281378e-15
3056.3701136068644 1.3606677633573594e-13 1.5254528690501995e-15
3057.9220383162187 1.375006066037937e-13 1.5023922911820827e-15
3059.473972019464 1.3691784793608275e-13 1.531524083578763e-15
3061.0259147167562 1.3707761867872564e-13 1.5358522101809957e-15
3062.5778664082522 1.377365154439994e-13 1.5349614491578394e-15
3064.129827094107 1.3803190632589307e-13 1.5570340689721024e-15
3065.6817967744787 1.404228838243482e-13 1.5671006320337462e-15
3067.233775449523 1.3932867988682152e-13 1.577307273169042e-15
3068.7857631193956 1.396721280300106e-13 1.5778716088701503e-15
3070.337759784254 1.3754507244539277e-13 1.5894708780498507e-15
3071.889765444254 1.3804749173212255e-13 1.562302825662261e-15
3073.4417800995516 1.4260896066473072e-13 1.6461437349682678e-15
3074.9938037503043 1.4116782558453583e-13 1.5974783040167192e-15
3076.5458363966677 1.4711123215872118e-13 1.6749015623187353e-15
3078.097878038799 1.4482933895134525e-13 1.631016255925898e-15
3079.649928676853 1.4523114427646838e-13 1.6582978107284197e-15
3081.201988310988 1.4602000977716884e-13 1.6802581986771715e-15
3082.7540569413586 1.482119684143371e-13 1.6808473100919869e-15
3084.3061345681235 1.4959057213423388e-13 1.735410843213504e-15
3085.858221191437 1.5337798847832318e-13 1.7319151382401855e-15
3087.4103168114566 1.5355337173224987e-13 1.7355547329354188e-15
3088.9624214283385 1.5421602254754585e-13 1.747234893761582e-15
3090.5145350422404 1.544816520798048e-13 1.777358032343905e-15
3092.0666576533163 1.5629521060624846e-13 1.7790078407669196e-15
3093.6187892617245 1.610689934292836e-13 1.8266316329515822e-15
3095.1709298676205 1.5969146035903214e-13 1.8494047490132245e-15
3096.723079471162 1.6157175152919229e-13 1.845730743604509e-15
3098.275238072504 1.6606196127401385e-13 1.8883854170041042e-15
3099.8274056718037 1.6154498528805905e-13 1.857441821133247e-15
3101.379582269218 1.6787923319289827e-13 1.9104260613246084e-15
3102.9317678649027 1.7389482052671684e-13 1.9525233870449103e-15
3104.483962459015 1.7153458015985168e-13 1.9653029966366095e-15
3106.03616605171 1.749517956721458e-13 1.9887137167492975e-15
3107.588378643146 1.7733968319440935e-13 1.991836938984061e-15
3109.1406002334784 1.831111624090928e-13 2.0687077200462305e-15
3110.6928308228635 1.8512589464864115e-13 2.039648772483014e-15
3112.245070411459 1.850362040239223e-13 2.1098663215027378e-15
3113.7973189994204 1.8642297991769419e-13 2.086079307003232e-15
3115.3495765869043 1.9294212495052365e-13 2.1435458337932265e-15
3116.901843174068 2.0113335367881457e-13 2.2178681044753446e-15
3118.454118761067 2.0071762990830216e-13 2.2404942603206383e-15
3120.006403348059 1.9989743096481688e-13 2.2317319162395294e-15
3121.5586969351994 1.9683995373335345e-13 2.189835972602437e-15
3123.1109995226457 1.9658444793888008e-13 2.238712314757852e-15
3124.663311110553 1.9892700225780657e-13 2.2490406110001974e-15
3126.2156316990804 2.0041497487185284e-13 2.2782009907588475e-15
3127.7679612883817 1.9858443502888262e-13 2.272051955078255e-15
3129.320299878615 1.972730925012614e-13 2.2792481352398907e-15
3130.872647469937 1.9897877291154276e-13 2.261859395865707e-15
3132.425004062504 2.0252929108094397e-13 2.324308382209688e-15
3133.9773696564716 2.0381893601258833e-13 2.349610526893595e-15
3135.5297442519977 1.977822609465149e-13 2.311402352950611e-15
3137.0821278492385 2.0320224181687857e-13 2.398557172783632e-15
3138.63452044835 1.9794424075108424e-13 2.315140732863318e-15
3140.18692204949 1.973963391832187e-13 2.378549619294775e-15
3141.739332652814 2.06425317377662e-13 2.411112106886072e-15
3143.2917522584785 2.015539157015217e-13 2.418411201550799e-15
3144.8441808666416 2.0382774515523977e-13 2.448033214265703e-15
3146.3966184774586 1.9320286202047926e-13 2.3721496501035583e-15
3147.9490650910866 1.9483618548827436e-13 2.4077608210302604e-15
3149.501520707682 1.8954973766797945e-13 2.350113664464264e-15
3151.0539853274013 1.85006307149016e-13 2.3516249830004025e-15
3152.6064589504017 1.8633677229245443e-13 2.3417348145500245e-15
3154.1589415768394 1.865767333382798e-13 2.37404022764183e-15
3155.7114332068713 1.8911846914881902e-13 2.4435843854684865e-15
3157.2639338406534 1.8461005836002686e-13 2.3756023681548036e-15
3158.816443478344 1.8560042283448375e-13 2.4654115774862826e-15
3160.3689621200974 1.844041277098904e-13 2.440419023344597e-15
3161.9214897660718 1.8813474541266861e-13 2.4777134604957304e-15
3163.4740264164243 1.8614368943806192e-13 2.4787199473953053e-15
3165.0265720713105 1.8050717984132575e-13 2.417796890905803e-15
3166.579126730887 1.8009714813221889e-13 2.473733676193056e-15
3168.1316903953107 1.3948872168000753e-13 1.964533467204029e-15
3169.684263064739 1.2720265108161904e-13 2.0625965890900275e-15
3171.236844739328 2.03263499239624e-13 2.623406515555259e-15
3172.789435419234 3.585940680679578e-13 3.5079066946819325e-15
3174.3420351046148 5.156356688607337e-15 4.568392262281672e-16
