wavelength flux error
1577.887956250678 0.0 0.0
1579.4315446910005 0.0 0.0
1580.9751421077015 -1.1692182595376965e-13 4.4443828906828506e-14
1582.5187485009378 -1.800488299847757e-14 3.481786866742394e-14
1584.0623638708662 6.793434206424668e-15 2.5256970722763866e-14
1585.6059882176435 4.482392901267824e-15 1.8259936477357103e-14
1587.1496215414256 6.2195947956482974e-15 1.4959680968485746e-14
1588.6932638423693 1.8639559703657535e-14 1.329283532477011e-14
1590.2369151206317 5.205951738218497e-15 9.80794696218805e-15
1591.780575376369 9.610147828345225e-15 8.265671912926261e-15
1593.3242446097381 -4.79275043182301e-15 7.141006129517471e-15
1594.8679228208953 -2.122307329673772e-15 6.423432850888571e-15
1596.4116100099973 2.683969794800415e-15 6.185795639954009e-15
1597.9553061772015 -1.9559128952624668e-17 5.153928245147559e-15
1599.4990113226636 4.347883645727368e-15 5.05708993290329e-15
1601.0427254465403 -3.078238432517111e-16 4.119655276770906e-15
1602.586448548989 -5.937030216037538e-16 3.603165502237809e-15
1604.1301806301653 -9.913625969061048e-16 3.227873790671398e-15
1605.6739216902272 -4.0125678658648606e-15 2.6499086941671884e-15
1607.2176717293307 2.7514097110278553e-15 2.9914285668518597e-15
1608.7614307476317 1.0746358882583328e-15 2.676155068829047e-15
1610.3051987452882 -1.7676185298790199e-15 2.1017652983951977e-15
1611.8489757224563 7.229702019918903e-16 2.210876482770471e-15
1613.3927616792926 2.8497908937855478e-15 2.2786359421772626e-15
1614.936556615954 1.5715401434685428e-15 1.9922642671059507e-15
1616.480360532597 5.580522518867676e-16 1.70811414769705e-15
1618.0241734293784 1.3023091329969873e-15 1.751262747184013e-15
1619.567995306455 1.4010626926141165e-15 1.6496335107109555e-15
1621.1118261639836 3.4548515154812385e-15 1.7345648690574337e-15
1622.6556660021208 5.431636890750827e-16 1.3455192482517446e-15
1624.1995148210228 5.293226413213554e-16 1.2644296078375382e-15
1625.7433726208471 2.724900491454552e-16 1.2006434741071979e-15
1627.2872394017506 7.854860509991452e-16 1.2023523630782834e-15
1628.831115163889 1.4937455141587148e-16 1.0464275735323964e-15
1630.3749999074198 1.538679182642457e-15 1.1603760571903205e-15
1631.9188936324997 1.1106809518122659e-15 1.0514127859434616e-15
1633.462796339285 9.193672316092126e-16 9.97290027591872e-16
1635.006708027933 4.310542198247662e-16 8.90378799538855e-16
1636.5506286986006 9.976329700563916e-16 9.481885864307243e-16
1638.0945583514438 3.319476129047545e-17 7.871682584323922e-16
1639.6384969866203 1.2602558529899426e-15 9.008072574272132e-16
1641.1824446042858 7.153403409612604e-16 8.132613201307978e-16
1642.7264012045978 2.7526265267961453e-16 7.327565030271113e-16
1644.270366787713 9.021246054184305e-16 7.789353628828764e-16
1645.8143413537882 1.098362657539465e-15 7.784078731149738e-16
1647.3583249029798 -4.886546836995452e-16 5.788578692306158e-16
1648.9023174354452 1.3500557449590018e-15 7.566643256007191e-16
1650.446318951341 7.936076675952154e-16 6.907959201882317e-16
1651.990329450824 1.27634577321863e-15 7.206054977613931e-16
1653.5343489340507 1.2448219597789036e-15 6.800244668957948e-16
1655.0783774011782 8.267827717656142e-16 6.302529167942505e-16
1656.6224148523631 5.071435600535344e-16 5.875113166384433e-16
1658.1664612877626 7.988247023360323e-16 6.015048832622356e-16
1659.710516707533 1.2025174286238796e-15 6.340438127496871e-16
1661.254581111832 8.606954298748346e-16 5.825696734846025e-16
1662.7986545008152 5.024367567843199e-16 5.381604242743292e-16
1664.342736874641 2.0601567106854615e-15 6.724308694632192e-16
1665.8868282334647 5.791188612574885e-16 5.252958466901085e-16
1667.4309285774445 1.4300447719373696e-15 5.914588607495628e-16
1668.9750379067361 8.819393338293277e-16 5.412282717301659e-16
1670.519156221497 2.084983246369485e-15 6.32491466055166e-16
1672.0632835218837 1.0334522993298814e-15 5.397318292101635e-16
1673.6074198080537 1.1471302618402761e-15 5.310595882588188e-16
1675.1515650801632 1.8098383577393184e-15 5.831772078660207e-16
1676.6957193383696 2.2218258659213903e-15 6.114392033049892e-16
1678.2398825828293 1.3884671009302082e-15 5.279827940174767e-16
1679.7840548136994 1.4223862176656514e-15 5.319328262878788e-16
1681.328236031137 1.1286927897982734e-15 4.937996677002862e-16
1682.8724262352987 1.5720211523034648e-15 5.248491956291095e-16
1684.4166254263416 1.7301538391054886e-15 5.376195407979481e-16
1685.9608336044223 1.3149123479774209e-15 4.996592298711546e-16
1687.5050507696983 7.576618127752295e-16 4.3589874535724835e-16
1689.049276922326 1.0066217895717726e-15 4.548201643797089e-16
1690.5935120624629 1.3586407415167793e-15 4.748062773470886e-16
1692.1377561902648 1.759143012329675e-15 5.129283186272485e-16
1693.6820093058896 9.677389538863008e-16 4.333211446894147e-16
1695.226271409494 1.2590760419735358e-15 4.567159299947825e-16
1696.770542501235 1.01821195314729e-15 4.2418073274625475e-16
1698.3148225812693 1.6766345917288176e-15 4.888019086136898e-16
1699.8591116497541 1.018740819343732e-15 4.236013886801124e-16
1701.403409706846 7.22846746939828e-16 3.8485675171394103e-16
1702.9477167527025 1.0773291353932462e-15 4.2515405301198875e-16
1704.4920327874804 8.107384324974008e-16 3.8817669735070426e-16
1706.0363578113365 1.3526632300080057e-15 4.2899452686461935e-16
1707.5806918244275 7.324825937477929e-16 3.7014058657680203e-16
1709.125034826911 1.4845879762681526e-15 4.3622323838538556e-16
1710.6693868189434 1.3889178283372659e-15 4.209054945672388e-16
1712.2137478006823 1.8541697328580036e-15 4.578640831547857e-16
1713.7581177722843 1.3463727398252217e-15 4.1619882364692226e-16
1715.302496733906 1.0224854461244248e-15 3.8308335588996614e-16
1716.8468846857054 1.5630208978432958e-15 4.238304846225651e-16
1718.3912816278387 1.5689339289689597e-15 4.175615408403768e-16
1719.935687560463 1.6215992612556799e-15 4.228306151678906e-16
1721.480102483736 1.0402839376868426e-15 3.6470006748680805e-16
1723.0245263978136 1.0622966299200873e-15 3.717717867447566e-16
1724.5689593028533 1.8308695505449323e-15 4.254888692541706e-16
1726.1134011990127 1.911282835150756e-15 4.307484938703666e-16
1727.6578520864482 2.213454639303676e-15 4.392329582052169e-16
1729.202311965317 1.3942106195873028e-15 3.8751683221501356e-16
1730.746780835776 1.3280988510211574e-15 3.720856653912735e-16
1732.2912586979826 1.35512449599449e-15 3.7642395638887323e-16
1733.8357455520932 1.81551496079358e-15 3.997406293746364e-16
1735.3802413982655 6.256392342096748e-16 3.101637452987215e-16
1736.9247462366566 1.5217483704553828e-15 3.7607945220735715e-16
1738.4692600674234 1.5460923091177082e-15 3.755028345285138e-16
1740.0137828907225 9.283541453004624e-16 3.276574108792462e-16
1741.5583147067114 5.252650888062113e-16 2.927001493878244e-16
1743.1028555155472 8.944104646095487e-16 3.210309662537574e-16
1744.647405317387 1.4492366326980207e-15 3.577126015373317e-16
1746.1919641123875 1.3820264741575233e-15 3.5484126572525804e-16
1747.736531900706 5.102938344030508e-16 2.732688165311167e-16
1749.2811086825002 7.225738964516937e-16 2.9112405930100055e-16
1750.8256944579261 1.5686084565589772e-15 3.6078897226220013e-16
1752.3702892271417 8.844451219851019e-16 3.0328972882461805e-16
1753.914892990304 5.142051149161159e-16 2.704531996051046e-16
1755.4595057475697 8.300612657275211e-16 2.9951953223682996e-16
1757.0041274990956 7.48856640590725e-16 2.838604870804989e-16
1758.5487582450398 1.2323281179277843e-15 3.2487689288098593e-16
1760.093397985559 1.194513602547037e-15 3.1912868907290183e-16
1761.6380467208105 5.35879523366051e-16 2.589327574290581e-16
1763.1827044509507 6.624609210971217e-16 2.7104686382201147e-16
1764.7273711761375 1.0602946675492518e-15 3.0186885752537856e-16
1766.2720468965279 7.74626823917549e-16 2.7368913016141206e-16
1767.816731612279 6.854731651476857e-16 2.6876437472695715e-16
1769.3614253235476 5.41492757767946e-16 2.548322179918408e-16
1770.9061280304916 4.338140649251575e-16 2.3595616817161753e-16
1772.4508397332675 9.719799419740847e-16 2.8368197488686507e-16
1773.9955604320328 1.2018205322665261e-15 2.982146515118051e-16
1775.5402901269447 7.602506630993938e-16 2.6420810509433746e-16
1777.0850288181598 8.003886957335781e-16 2.652520202622692e-16
1778.6297765058362 1.1849908346375304e-15 2.9232562847624e-16
1780.1745331901302 1.2176623777207865e-15 2.979647767923651e-16
1781.7192988711997 1.0599005854705417e-15 2.778862842941755e-16
1783.2640735492018 1.04751124630929e-15 2.7852952640827636e-16
1784.8088572242932 1.1449339054080457e-15 2.8714162802036605e-16
1786.3536498966314 1.3115908141538815e-15 2.8936884821561203e-16
1787.8984515663738 1.4890293935270805e-15 3.0776039519000585e-16
1789.4432622336774 1.325637267397318e-15 2.8915071076191445e-16
1790.9880818986994 1.4344409788127378e-15 2.959697495037852e-16
1792.532910561597 1.6090250571536898e-15 3.08233489560827e-16
1794.0777482225278 1.656774210214546e-15 3.082790175817419e-16
1795.6225948816484 1.8593713621870922e-15 3.1617103530954703e-16
1797.1674505391165 1.5019271642149217e-15 2.96590598184343e-16
1798.7123151950896 1.5099325784785405e-15 2.9488612966645093e-16
1800.2571888497243 1.923483497723007e-15 3.1810846435771363e-16
1801.8020715031776 2.1506189824192735e-15 3.2710908939479703e-16
1803.3469631556081 1.920440531859996e-15 3.2205701432045796e-16
1804.8918638071716 2.4312575149870947e-15 3.4235123552240135e-16
1806.4367734580262 2.3235039126680334e-15 3.3499615727381664e-16
1807.9816921083293 2.0532610154618642e-15 3.198127475871485e-16
1809.5266197582373 2.426675913775396e-15 3.3550638874541895e-16
1811.0715564079082 3.090193667292895e-15 3.741302176374882e-16
1812.6165020574995 2.5332629399678515e-15 3.419058285410436e-16
1814.1614567071676 3.118043687082143e-15 3.669358374208654e-16
1815.7064203570703 3.2555560979370896e-15 3.7455222533367804e-16
1817.2513930073649 3.988458343570688e-15 4.018745435967864e-16
1818.7963746582088 3.2807028120751753e-15 3.785277215320569e-16
1820.3413653097593 3.493600731719281e-15 3.774453193045843e-16
1821.8863649621733 3.871294628724105e-15 3.9180943637302074e-16
1823.4313736156087 4.490569733824144e-15 4.244761354866097e-16
1824.9763912702222 5.0297904845297576e-15 4.4043683025128167e-16
1826.5214179261714 4.6468286778677224e-15 4.1479505182530547e-16
1828.066453583614 4.612945665911656e-15 4.2734254791967745e-16
1829.611498242707 4.964068351119349e-15 4.2671537296179484e-16
1831.1565519036074 4.6092386262179975e-15 4.161680128234659e-16
1832.701614566473 4.778309367105271e-15 4.205576816632725e-16
1834.2466862314614 5.57857974292403e-15 4.498470751277013e-16
1835.7917668987293 6.163993858924631e-15 4.695145448882357e-16
1837.336856568434 5.390699788410027e-15 4.375918848094709e-16
1838.8819552407338 6.060190818271563e-15 4.593478731201384e-16
1840.4270629157852 5.960118534234678e-15 4.605512422403907e-16
1841.9721795937458 5.5108378594508935e-15 4.410923543431177e-16
1843.5173052747734 5.703948665930665e-15 4.4049858424709243e-16
1845.0624399590245 5.100613873865005e-15 4.1563549379743895e-16
1846.607583646657 5.397784371980862e-15 4.3399435059402467e-16
1848.1527363378286 4.695292091461351e-15 4.030678806705697e-16
1849.6978980326958 5.645413183561236e-15 4.3511870742216595e-16
1851.2430687314172 6.077604121601217e-15 4.526696536057487e-16
1852.788248434149 5.679458825843175e-15 4.2520696610141254e-16
1854.3334371410492 5.860751405126381e-15 4.3809536648727477e-16
1855.8786348522756 5.346192018680076e-15 4.20338008962358e-16
1857.4238415679852 5.244035610076471e-15 4.14279446988444e-16
1858.9690572883349 5.7721051720314824e-15 4.348964936224097e-16
1860.514282013483 5.78605453412334e-15 4.31459948606501e-16
1862.0595157435864 5.276795879860952e-15 4.102590051043015e-16
1863.6047584788023 5.285047674833104e-15 4.0964405918459486e-16
1865.1500102192888 5.808429332941536e-15 4.25132638960291e-16
1866.6952709652035 5.69274580817028e-15 4.238023737166281e-16
1868.240540716703 5.549593004919567e-15 4.1954764781323094e-16
1869.7858194739451 5.627838096938656e-15 4.1513945012770315e-16
1871.3311072370877 6.296078059137098e-15 4.405544884216112e-16
1872.8764040062874 5.186001147695343e-15 3.991574471904518e-16
1874.4217097817027 5.237770107365631e-15 4.0323411088646834e-16
1875.9670245634902 5.855002592513366e-15 4.1937895590782933e-16
1877.512348351808 6.064339162130741e-15 4.2349595954795885e-16
1879.057681146813 6.110635018412346e-15 4.323961317714538e-16
1880.603022948663 5.515515598902105e-15 4.0375069510517505e-16
1882.1483737575152 6.389685787720539e-15 4.3901709715256506e-16
1883.6937335735279 6.419397585927852e-15 4.360521112602606e-16
1885.2391023968578 5.92405780057122e-15 4.1421464896797906e-16
1886.7844802276625 6.754946299850854e-15 4.4305095921496566e-16
1888.3298670660997 6.64762214323605e-15 4.324206692571446e-16
1889.875262912327 6.282975306476021e-15 4.2551144797617086e-16
1891.4206677665015 6.52188603144678e-15 4.3115369325650937e-16
1892.9660816287815 6.428024616495637e-15 4.2878253039978936e-16
1894.5115044993236 6.140037226077437e-15 4.177979689117792e-16
1896.0569363782859 7.22290574518749e-15 4.495018033225768e-16
1897.6023772658257 6.6271010760229204e-15 4.2845051995424527e-16
1899.1478271621008 7.391731270036533e-15 4.507034783769346e-16
1900.6932860672682 6.260957532045093e-15 4.150197802541239e-16
1902.238753981486 7.515657272417521e-15 4.549470605031195e-16
1903.784230904912 6.6602780860174505e-15 4.222608796317437e-16
1905.3297168377032 6.311578338555378e-15 4.143059697076049e-16
1906.875211780017 6.877461992374663e-15 4.299469889440272e-16
1908.4207157320109 6.817875342117691e-15 4.2699309388937584e-16
1909.9662286938435 6.721604541948083e-15 4.279627348557452e-16
1911.5117506656718 7.172427663728817e-15 4.3207815030909863e-16
1913.0572816476529 6.775258149926012e-15 4.271843380469981e-16
1914.6028216399448 6.49806873551941e-15 4.103873041260309e-16
1916.1483706427052 6.362834843292578e-15 4.075967805510812e-16
1917.6939286560917 7.392053989589437e-15 4.409332974374911e-16
1919.2394956802611 7.568678993816799e-15 4.336685340769074e-16
1920.7850717153726 6.682733776482109e-15 4.152460439301592e-16
1922.3306567615823 6.21232894702675e-15 3.96412319287519e-16
1923.8762508190484 6.6658642683045926e-15 4.170139340399769e-16
1925.4218538879288 6.2983311667767945e-15 3.959365249991785e-16
1926.9674659683803 6.090887715796533e-15 3.924014329938127e-16
1928.5130870605615 6.356346147400136e-15 3.979316316970972e-16
1930.0587171646293 5.733002743054435e-15 3.756855024775451e-16
1931.6043562807417 5.954132128879958e-15 3.842602817003964e-16
1933.1500044090565 5.9029721858987454e-15 3.861540091424406e-16
1934.695661549731 5.937517154103091e-15 3.8208978624283685e-16
1936.241327702923 6.144748846846539e-15 3.850703363655471e-16
1937.7870028687898 5.542102269050523e-15 3.6838614311502196e-16
1939.3326870474898 5.165632969929192e-15 3.567512456119777e-16
1940.8783802391797 5.05960265614132e-15 3.496401657917614e-16
1942.424082444018 5.721348416733163e-15 3.7401118303861936e-16
1943.9697936621621 4.732608974985586e-15 3.3760284822943255e-16
1945.5155138937696 5.43626804338994e-15 3.6292053067396557e-16
1947.0612431389984 5.159137074256699e-15 3.536601047500915e-16
1948.6069813980057 5.465997629289145e-15 3.5892539389912226e-16
1950.1527286709497 5.0229151180968944e-15 3.441050966490302e-16
1951.6984849579874 5.502334072176934e-15 3.580069719562822e-16
1953.244250259278 4.738352281884444e-15 3.3677643524048797e-16
1954.7900245749772 5.133734132652069e-15 3.454721548863394e-16
1956.335807905244 5.218510272210963e-15 3.5564007073407805e-16
1957.8816002502365 5.016194758693379e-15 3.399032308954976e-16
1959.427401610111 5.2889690138624174e-15 3.44273709145093e-16
1960.9732119850264 4.85469437477219e-15 3.396189454625754e-16
1962.5190313751398 5.0334174796099005e-15 3.353417202465168e-16
1964.0648597806091 5.738615183362942e-15 3.616780127496823e-16
1965.6106972015923 4.447217740550721e-15 3.2181518641401685e-16
1967.1565436382464 4.691467314188024e-15 3.2634832145926466e-16
1968.7023990907298 4.563115141141159e-15 3.217975310710225e-16
1970.2482635592005 5.435793704939478e-15 3.4948656166073277e-16
1971.7941370438157 3.954502063264684e-15 2.9738066816589444e-16
1973.3400195447334 4.739207361644697e-15 3.2416287057623016e-16
1974.8859110621108 5.022982880732675e-15 3.3446784694274637e-16
1976.4318115961066 4.1686938257357205e-15 2.992504669271787e-16
1977.977721146878 3.9272750362081416e-15 2.976018496442462e-16
1979.523639714583 4.0920496259869415e-15 2.997964326012433e-16
1981.0695672993793 4.1222302569305595e-15 3.0023199282458923e-16
1982.6155039014245 4.6642271581207994e-15 3.2412663344795543e-16
1984.1614495208764 4.095870168095532e-15 2.920605865730882e-16
1985.7074041578935 4.243151833447636e-15 3.0540000553358373e-16
1987.2533678126326 4.635612267580181e-15 3.122674045627868e-16
1988.799340485252 4.955197375062755e-15 3.1959985114981204e-16
1990.3453221759098 4.5974026113295395e-15 3.138866403903614e-16
1991.8913128847637 4.470160051443578e-15 3.0330389015670496e-16
1993.4373126119708 4.038844945471057e-15 2.918781833218529e-16
1994.9833213576899 4.044561147315603e-15 2.892669130943659e-16
1996.529339122078 4.762871768125088e-15 3.1259647686279507e-16
1998.075365905293 4.208199865912135e-15 2.929250895748796e-16
1999.6214017074935 4.629709294970766e-15 3.075693627906204e-16
2001.1674465288368 5.406198797278886e-15 3.290363540475966e-16
2002.713500369481 4.459990997395316e-15 3.009194130008453e-16
2004.2595632295836 4.519595858860654e-15 2.99957342391442e-16
2005.8056351093028 4.6567199051092845e-15 3.017912216618068e-16
2007.351716008796 5.2939872605584255e-15 3.222072832592568e-16
2008.8978059282217 5.087238800111386e-15 3.1439922767234824e-16
2010.4439048677373 5.186524614056746e-15 3.2044069016863954e-16
2011.9900128275008 5.540248960961931e-15 3.236191018938725e-16
2013.53612980767 4.994188842723712e-15 3.1131533953007294e-16
2015.082255808403 5.430410810559677e-15 3.2168246693909395e-16
2016.6283908298576 5.04706699203843e-15 3.1101432519644245e-16
2018.1745348721913 5.451390546113745e-15 3.2144979757639503e-16
2019.7206879355629 5.662512237667458e-15 3.1924928538876716e-16
2021.2668500201294 5.488241138000517e-15 3.226642575343005e-16
2022.8130211260495 5.588616236316046e-15 3.193293035325031e-16
2024.3592012534803 5.375205861738851e-15 3.1545195727688733e-16
2025.90539040258 5.627409074750872e-15 3.2221607122608455e-16
2027.451588573507 5.150376212483248e-15 3.0273108412612424e-16
2028.9977957664184 5.179687364106509e-15 3.100046619233153e-16
2030.544011981473 5.488267396021882e-15 3.1542850505216023e-16
2032.0902372188277 6.114442431510254e-15 3.3232755350371236e-16
2033.6364714786419 5.9267814350131166e-15 3.2401119873911243e-16
2035.182714761072 5.551957920908301e-15 3.130056467158781e-16
2036.728967066277 5.841474205796294e-15 3.1901198381463795e-16
2038.2752283944144 5.120870243282118e-15 3.025482308886357e-16
2039.8214987456422 5.1523849511176615e-15 3.017352645477288e-16
2041.3677781201186 5.059498047572334e-15 2.9612232131340937e-16
2042.9140665180012 5.294091022094464e-15 3.038657641683102e-16
2044.460363939448 5.3134143847201765e-15 3.0269704398955646e-16
2046.0066703846176 5.884117656009338e-15 3.1893720668726316e-16
2047.5529858536672 5.941599852908857e-15 3.1732699705453273e-16
2049.0993103467554 5.728920467765143e-15 3.089593967966239e-16
2050.645643864039 5.0697386759046385e-15 2.928503124475048e-16
2052.1919864056777 5.951873515526104e-15 3.176107795616425e-16
2053.7383379718285 5.140904266550577e-15 2.92625478139568e-16
2055.2846985626493 5.6872074832446575e-15 3.0438306307106614e-16
2056.831068178299 5.513458579389698e-15 3.086738672840604e-16
2058.3774468189345 5.706764626963812e-15 3.030108961662938e-16
2059.923834484715 5.3024656368439674e-15 2.9641195364181114e-16
2061.470231175797 5.868832099443187e-15 3.141523705077828e-16
2063.0166368923396 5.835605538021243e-15 3.0313390123210286e-16
2064.563051634501 5.892827695805954e-15 3.100607249165117e-16
2066.109475402438 5.447018162040018e-15 2.9698497143062867e-16
2067.65590819631 5.0040012959011795e-15 2.8282048943994824e-16
2069.2023500162745 5.124603117480668e-15 2.9051554553773714e-16
2070.74880086249 5.220699852379615e-15 2.895132673331189e-16
2072.295260735113 4.924123124359784e-15 2.769096023664321e-16
2073.8417296343036 5.385676883032809e-15 2.9123345890009437e-16
2075.3882075602187 5.362443192806097e-15 2.8667999506411246e-16
2076.9346945130173 5.1702514170740965e-15 2.8670024444550776e-16
2078.481190492856 5.308004385286063e-15 2.8855355253410017e-16
2080.027695499894 4.823763272637305e-15 2.736506431018712e-16
2081.574209534289 4.4245905259142435e-15 2.640747503447041e-16
2083.120732596199 5.0847040540167275e-15 2.776475268821682e-16
2084.6672646857824 4.547789774026487e-15 2.673812228636501e-16
2086.2138058031974 4.832095535739446e-15 2.699884167450784e-16
2087.760355948601 4.392735310833904e-15 2.560210022635326e-16
2089.306915122153 4.594604437988285e-15 2.6547793983116967e-16
2090.85348332401 4.178172971448443e-15 2.4810000012706363e-16
2092.4000605543315 4.7587285064635935e-15 2.6839027733184637e-16
2093.946646813274 4.655573446015176e-15 2.605208118562619e-16
2095.493242100997 4.3647768708274075e-15 2.5390122290368993e-16
2097.0398464176583 4.344154583177081e-15 2.502195941984491e-16
2098.5864597634154 4.1896748318392095e-15 2.4828454743044666e-16
2100.1330821384277 4.757009029580667e-15 2.652742019375754e-16
2101.679713542852 4.2790397723898536e-15 2.454336727580051e-16
2103.226353976847 4.401379282060634e-15 2.546497088614871e-16
2104.7730034405704 4.5342812925836754e-15 2.520865871630956e-16
2106.319661934181 4.235778835158261e-15 2.4455453196809394e-16
2107.8663294578373 4.397277101497081e-15 2.53605952512233e-16
2109.413006011697 4.4740233687160045e-15 2.511411925148414e-16
2110.959691595918 4.46689092778365e-15 2.5122311648270864e-16
2112.506386210658 4.614977697952119e-15 2.5197647287995254e-16
2114.0530898560764 4.2990678664276815e-15 2.4537329519073363e-16
2115.599802532331 4.604551569404366e-15 2.5465359991908856e-16
2117.14652423958 4.2316982539348635e-15 2.39937805358864e-16
2118.693254977981 4.268577644941842e-15 2.4296830395568265e-16
2120.2399947476924 4.021481617085291e-15 2.3621538672325695e-16
2121.786743548873 4.039453538643659e-15 2.3493747870364623e-16
2123.3335013816804 4.054507008182263e-15 2.3856743839910453e-16
2124.8802682462733 4.6137617821563354e-15 2.4886119157906963e-16
2126.42704414281 4.229600576840988e-15 2.371462494625098e-16
2127.973829071447 3.725080224885541e-15 2.2259766450002916e-16
2129.5206230323456 3.9928658795117256e-15 2.3244945176998473e-16
2131.0674260256615 3.73611537012237e-15 2.225922381952108e-16
2132.614238051554 3.6110649315039024e-15 2.1819977679365623e-16
2134.1610591101803 3.6837560284878456e-15 2.2285963590874716e-16
2135.7078892017003 3.899040886977314e-15 2.293137357992493e-16
2137.2547283262716 3.8530469979414055e-15 2.235419474175401e-16
2138.8015764840516 3.908484880822726e-15 2.271655808356736e-16
2140.348433675199 3.981854027680946e-15 2.279784412974621e-16
2141.895299899873 4.300842823968653e-15 2.338874754864061e-16
2143.442175158231 4.108656130434336e-15 2.337420505172744e-16
2144.9890594504313 4.297330178336389e-15 2.343345765336584e-16
2146.535952776632 4.411836327310962e-15 2.3845822408846793e-16
2148.082855136992 4.623379417755934e-15 2.4311478771599844e-16
2149.6297665316692 4.185982615222128e-15 2.280889790970788e-16
2151.176686960822 4.256079250288631e-15 2.343459850086667e-16
2152.7236164246083 4.340487354031943e-15 2.325330168641873e-16
2154.270554923187 4.647506304225526e-15 2.4365170072543926e-16
2155.8175024567163 4.251387111277316e-15 2.32001053703532e-16
2157.3644590253543 4.300715345510091e-15 2.3205049925182795e-16
2158.9114246292593 4.6031264364706104e-15 2.3835599779964617e-16
2160.45839926859 4.451067505295992e-15 2.3188231027223877e-16
2162.0053829435033 4.457015370651612e-15 2.356839264884141e-16
2163.5523756541597 4.577490137289012e-15 2.380120230137221e-16
2165.0993774007156 4.614905700151602e-15 2.3934623225454566e-16
2166.646388183331 4.79107838878513e-15 2.425915595826117e-16
2168.193408002163 4.8637131580780806e-15 2.4231275339406703e-16
2169.740436857371 4.949135160259256e-15 2.4064063094684823e-16
2171.2874747491123 4.392159328429771e-15 2.3022355506371883e-16
2172.8345216775456 4.251290973037803e-15 2.224112113725148e-16
2174.3815776428296 4.471970584368334e-15 2.3078508496818923e-16
2175.928642645122 4.58843295593459e-15 2.3798142394850256e-16
2177.475716684582 4.56161250469273e-15 2.309032725341108e-16
2179.0227997613674 4.265190360185772e-15 2.2683693205213893e-16
2180.5698918756366 4.573525599579388e-15 2.3418740455907294e-16
2182.1169930275487 4.329383175609913e-15 2.236935663150986e-16
2183.664103217261 4.032869975061125e-15 2.178609900845341e-16
2185.2112224449324 3.9052979193586815e-15 2.1570167810885629e-16
2186.7583507107215 4.583152552541407e-15 2.2964704326399387e-16
2188.3054880147865 4.524516273251254e-15 2.302882472050654e-16
2189.8526343572853 4.3822287141561615e-15 2.245432197705335e-16
2191.3997897383774 4.189003981744984e-15 2.2026059471943614e-16
2192.9469541582203 4.5277997964712855e-15 2.302293784152312e-16
2194.4941276169734 4.419428283617202e-15 2.2608241098459256e-16
2196.0413101147938 4.188851515814478e-15 2.1797361899673933e-16
2197.5885016518405 4.485114418127352e-15 2.280546213231558e-16
2199.1357022282723 4.417853225851783e-15 2.2399672470087685e-16
2200.6829118442474 3.7675563860915025e-15 2.0847762526929998e-16
2202.230130499924 4.121182477174806e-15 2.149860808522142e-16
2203.7773581954607 4.168506207937904e-15 2.160731947004559e-16
2205.3245949310167 4.193405588455391e-15 2.1599861609642812e-16
2206.8718407067495 3.979996907944091e-15 2.113826174061372e-16
2208.4190955228178 4.0329559489052716e-15 2.1563425958021076e-16
2209.96635937938 3.9873580477722045e-15 2.09791267491373e-16
2211.5136322765943 3.985840588247198e-15 2.11931494755958e-16
2213.06091421462 4.0171422672965074e-15 2.116678160464557e-16
2214.6082051936146 3.95353136350713e-15 2.0942308609200319e-16
2216.155505213738 4.0952370109674594e-15 2.1124435251238774e-16
2217.7028142751474 3.6482039381092145e-15 1.9976200034918805e-16
2219.250132378001 4.141055140666813e-15 2.1358949557575928e-16
2220.7974595224587 3.922889099607259e-15 2.0776471469528747e-16
2222.3447957086787 3.842315514016167e-15 2.0576089943987982e-16
2223.892140936818 3.656897037246885e-15 2.0178721642140368e-16
2225.439495207037 3.830551073411752e-15 2.031399545079484e-16
2226.9868585194936 4.106012117089481e-15 2.0922413922851683e-16
2228.5342308743457 3.88170000496465e-15 2.066200687810815e-16
2230.0816122717524 3.7800386871187155e-15 1.9863290543049807e-16
2231.629002711872 4.070010252215858e-15 2.0772111896828348e-16
2233.1764021948634 4.0103528747077906e-15 2.0659497543001909e-16
2234.7238107208846 3.713261574172502e-15 1.9910318076979161e-16
2236.2712282900943 3.66059899474286e-15 1.9659033841775352e-16
2237.818654902652 4.001046947232781e-15 2.052426079203888e-16
2239.366090558715 4.060027121899519e-15 2.0844485568215308e-16
2240.9135352584417 4.085834521736463e-15 2.090677690055198e-16
2242.460989001992 3.681729925678013e-15 1.9508099188019536e-16
2244.0084517895234 3.80110439651693e-15 2.0071881670734039e-16
2245.555923621195 4.006932555666778e-15 2.036548711305402e-16
2247.103404497165 3.8676998208959576e-15 1.9895993955747703e-16
2248.650894417592 4.036842559583748e-15 2.052989356113812e-16
2250.198393382635 3.962562005274282e-15 2.0330455683240155e-16
2251.745901392452 4.143403539513075e-15 2.0689698238038465e-16
2253.2934184472024 4.290213831030032e-15 2.1174165349665462e-16
2254.8409445470443 4.142860591393885e-15 2.0802934631685544e-16
2256.388479692136 4.288370263820333e-15 2.0772842462745355e-16
2257.936023882636 3.7728007905844275e-15 1.970269309625039e-16
2259.4835771187045 4.264057030102346e-15 2.0829514260872588e-16
2261.0311394004984 3.876687263982799e-15 1.9803317963406242e-16
2262.5787107281767 4.34106375995255e-15 2.1278304080063438e-16
2264.1262911018985 4.0351709400623416e-15 2.0307780346544361e-16
2265.673880521822 4.14703773437327e-15 2.0373454516714131e-16
2267.2214789881064 4.30813196599625e-15 2.1120652719733692e-16
2268.7690865009095 4.2049790231302e-15 2.0430118373907484e-16
2270.3167030603904 4.03918037051817e-15 2.0401070437772582e-16
2271.864328666708 4.337226277185014e-15 2.1050215312724596e-16
2273.4119633200207 4.513398542302068e-15 2.081022440898785e-16
2274.959607020487 4.120894062456266e-15 2.044534511462336e-16
2276.5072597682656 4.380772664519831e-15 2.106448384741889e-16
2278.0549215635156 4.463630697969668e-15 2.1119482755475297e-16
2279.602592406395 4.311274458230563e-15 2.0931534085413448e-16
2281.150272297063 4.165775373715956e-15 2.0322518719826586e-16
2282.6979612356786 4.515297590169812e-15 2.0935648812652532e-16
2284.2456592224 4.4296282543680385e-15 2.110707107582006e-16
2285.793366257385 3.9936963953165084e-15 1.9674981883985375e-16
2287.3410823407935 3.818684565337193e-15 1.954448851752697e-16
2288.8888074727847 4.400656762956626e-15 2.0682110675715638e-16
2290.4365416535156 3.9522091450764664e-15 1.99168680239416e-16
2291.9842848831463 4.058321197543749e-15 1.997408774650659e-16
2293.5320371618345 4.430483334128292e-15 2.070617964630746e-16
2295.0797984897404 3.894767605758416e-15 1.9603438040188928e-16
2296.6275688670207 4.5149392952331235e-15 2.0890521808898579e-16
2298.175348293836 4.158036033676893e-15 2.0228012342225668e-16
2299.7231367703444 4.114248665468582e-15 1.9968724969159286e-16
2301.270934296704 4.3215676026055975e-15 2.0322003882613333e-16
2302.818740873074 4.26370254681392e-15 2.046266826188369e-16
2304.3665564996136 4.209317102369563e-15 1.9851114444433026e-16
2305.9143811764807 4.266084403461599e-15 2.033021480824578e-16
2307.462214903835 3.901336769780847e-15 1.9346341041384587e-16
2309.010057681834 4.6421670320425084e-15 2.0937296556432737e-16
2310.5579095106377 4.1689868991354705e-15 2.000203056934312e-16
2312.1057703904044 4.393337974775875e-15 2.0324057937510425e-16
2313.653640321293 4.707329700191255e-15 2.138925877870885e-16
2315.2015193034626 4.7428771318886766e-15 2.1039467258717327e-16
2316.7494073370704 4.72936102714934e-15 2.1048496100539466e-16
2318.2973044222767 5.193736252569669e-15 2.2154100413321922e-16
2319.845210559241 4.910308864023013e-15 2.1356978882484582e-16
2321.3931257481204 4.735663375793385e-15 2.112764603550446e-16
2322.9410499890737 5.177054362189969e-15 2.222110733689464e-16
2324.488983282261 5.288713209912347e-15 2.1897565897334117e-16
2326.0369256278395 5.119949094951979e-15 2.178639017602903e-16
2327.5848770259704 5.351865021844312e-15 2.2362418902276257e-16
2329.13283747681 5.3549596567171055e-15 2.2252913424064037e-16
2330.680806980519 5.607702429716527e-15 2.294177885028636e-16
2332.2287855372547 5.688937971555898e-15 2.272155028400024e-16
2333.776773147177 5.577170280099799e-15 2.308235455579505e-16
2335.3247698104446 6.285441866418426e-15 2.3424537337640066e-16
2336.872775527216 6.4240024805456e-15 2.45232449493473e-16
2338.420790297651 6.0265398933430445e-15 2.3390486613160443e-16
2339.9688141219067 6.589922682385561e-15 2.4478230442156654e-16
2341.516847000143 6.329741266043352e-15 2.4050492038683033e-16
2343.0648889325194 5.781370865441497e-15 2.2833948909122925e-16
2344.612939919194 5.199753998143437e-15 2.2201049861401452e-16
2346.160999960325 4.8190897683508295e-15 2.0979526442809285e-16
2347.7090690560726 5.726438661229688e-15 2.2757051552402036e-16
2349.257147206595 6.567943024437259e-15 2.448409879229435e-16
2350.805234412051 7.10347833478937e-15 2.5084859557112423e-16
2352.353330672601 7.446241228324137e-15 2.577961450929612e-16
2353.9014359884004 8.013274729369319e-15 2.7260005754947984e-16
2355.4495503596117 7.961886087492348e-15 2.64350353689917e-16
2356.997673786392 7.902310872180164e-15 2.6630167937237448e-16
2358.5458062689013 8.151221668126207e-15 2.708956684409266e-16
2360.0939478072974 8.31860977806376e-15 2.695218868795985e-16
2361.642098401739 8.711652547347543e-15 2.811617871709875e-16
2363.190258052386 8.174332962092041e-15 2.6886390109825953e-16
2364.7384267593975 9.08326284196695e-15 2.8418736238880026e-16
2366.286604522932 8.561011125810154e-15 2.777673026348659e-16
2367.834791343148 9.434697658815706e-15 2.8771067534224333e-16
2369.382987220205 8.96756491763559e-15 2.801353685273725e-16
2370.9311921542617 9.097666637235009e-15 2.833578789054219e-16
2372.4794061454772 9.253292847666988e-15 2.8406549552351405e-16
2374.02762919401 8.393350271263585e-15 2.7334459951011637e-16
2375.57586130002 7.830504501109628e-15 2.63667512785532e-16
2377.1241024636656 7.682768402581322e-15 2.6320331226065705e-16
2378.6723526851056 9.137738071903715e-15 2.819885707368465e-16
2380.2206119644993 9.483634987343323e-15 2.8370320365010563e-16
2381.768880302005 8.971983041488468e-15 2.8274910044436246e-16
2383.317157697783 6.802458071928242e-15 2.430186759462647e-16
2384.8654441519907 6.252115778625179e-15 2.337889814365082e-16
2386.413739664789 7.267476618872011e-15 2.5578105371144323e-16
2387.962044236335 9.256453974626142e-15 2.8193467826557745e-16
2389.5103578667886 9.743062544362475e-15 2.948653773592432e-16
2391.058680556309 9.75468807156354e-15 2.8769090241688086e-16
2392.607012305055 1.0274930625569449e-14 2.99130558825583e-16
2394.155353113185 1.0056937379231135e-14 2.9462627584010107e-16
2395.703702980859 9.781226460833965e-15 2.9087262286456403e-16
2397.252061908235 1.0145575989029508e-14 2.954158428958401e-16
2398.800429895474 9.93070575316772e-15 2.9127364002552974e-16
2400.3488069427326 9.776824430607085e-15 2.9201638204115336e-16
2401.897193050171 9.967453430551401e-15 2.8989771441205394e-16
2403.4455882179486 1.0011194211947613e-14 2.9198011844309903e-16
2404.9939924462237 1.0004900757149514e-14 2.9560838407266283e-16
2406.5424057351556 1.0191652887294247e-14 2.950569656240003e-16
2408.090828084904 1.0605334461370828e-14 3.018089034745807e-16
2409.639259495627 9.472332179695162e-15 2.832080864226559e-16
2411.187699967484 1.0438806936907685e-14 2.9848196981600264e-16
2412.736149500634 9.829220194658341e-15 2.908016573854519e-16
2414.2846080952368 9.759024880253483e-15 2.849245722204871e-16
2415.8330757514505 9.871115291262486e-15 2.89786726626184e-16
2417.3815524694346 1.0040232195445385e-14 2.9116490217092597e-16
2418.9300382493484 9.502765226457061e-15 2.847790943117962e-16
2420.4785330913505 9.44749886774756e-15 2.841208173628816e-16
2422.0270369956006 9.81716776285186e-15 2.910191066248798e-16
2423.5755499622574 9.904659490039651e-15 2.8774251848710417e-16
2425.12407199148 9.633325190880945e-15 2.8376127834655175e-16
2426.672603083428 9.508845228952453e-15 2.8414540778813157e-16
2428.2211432382596 9.285835006467551e-15 2.8015800018893196e-16
2429.7696924561346 9.341347004731756e-15 2.808587346643277e-16
2431.3182507372126 9.607313656103712e-15 2.8402369974152297e-16
2432.866818081651 9.475561069290095e-15 2.841894005618296e-16
2434.415394489611 9.201313823825781e-15 2.7530503079675685e-16
2435.96397996125 9.212481953235329e-15 2.7981283426292583e-16
2437.512574496729 9.325688753668814e-15 2.784627696241209e-16
2439.0611780962054 9.002195859684082e-15 2.7728459973404935e-16
2440.609790759839 9.01287016888538e-15 2.707381467825169e-16
2442.1584124877895 9.14320905771003e-15 2.746972052477631e-16
2443.707043280215 9.35116242252454e-15 2.790649041705003e-16
2445.2556831372763 9.42958750904492e-15 2.784881276729793e-16
2446.8043320591305 8.875314559350124e-15 2.70318468426932e-16
2448.352990045939 8.878489238836433e-15 2.6909580283735e-16
2449.9016570978583 9.32327132163735e-15 2.7951547275888037e-16
2451.4503332150503 8.920162412808397e-15 2.7345828721350566e-16
2452.999018397673 9.308378788358725e-15 2.77148253899321e-16
2454.5477126458845 9.532551140047259e-15 2.787127502226793e-16
2456.096415959846 8.961658556894386e-15 2.702736021505071e-16
2457.645128339716 9.072615637819963e-15 2.706603256304879e-16
2459.1938497856527 8.842326014186358e-15 2.6928093247588426e-16
2460.742580297817 8.812196205219575e-15 2.7047117258545417e-16
2462.2913198763667 8.626101372641911e-15 2.66119620228274e-16
2463.840068521462 8.461139165065294e-15 2.639775797837863e-16
2465.3888262332616 8.342385145860241e-15 2.617436892040807e-16
2466.937593011925 8.021080985011215e-15 2.53824460542845e-16
2468.4863688576106 8.27962847479817e-15 2.593476447545351e-16
2470.035153770479 7.704529526029232e-15 2.5013880843110473e-16
2471.5839477506884 8.410421373282548e-15 2.6257470793467595e-16
2473.1327507983992 7.675984515706762e-15 2.5196720845709194e-16
2474.6815629137695 7.572943804706224e-15 2.466223776203581e-16
2476.230384096959 7.668055440287515e-15 2.496142038691787e-16
2477.779214348127 7.463270825728684e-15 2.470047600564842e-16
2479.328053667433 7.225450232161042e-15 2.392848753054289e-16
2480.8769020550353 7.475242789405177e-15 2.454709157379047e-16
2482.425759511095 7.542241401467097e-15 2.510712593571337e-16
2483.9746260357692 6.784496314765241e-15 2.2720692663141145e-16
2485.523501629219 7.204504801441337e-15 2.424648487476584e-16
2487.0723862916025 6.980902079409832e-15 2.367169096373703e-16
2488.621280023079 6.4162728813854306e-15 2.2669238058573406e-16
2490.1701828238097 6.695181349158485e-15 2.332621004735364e-16
2491.7190946939513 6.9895943315145554e-15 2.383575859864223e-16
2493.268015633665 6.754822209524081e-15 2.31633547283542e-16
2494.8169456431087 6.658455271114959e-15 2.308811437983638e-16
2496.3658847224433 7.01150537979413e-15 2.374175647034272e-16
2497.9148328718275 6.681547083323006e-15 2.3012675507971543e-16
2499.46379009142 6.282053734629409e-15 2.2442902914133177e-16
2501.01275638138 6.440521740599427e-15 2.2733027580435535e-16
2502.561731741868 6.7200963997854964e-15 2.2855940002016015e-16
2504.1107161730424 6.454593922468636e-15 2.2956715746915595e-16
2505.6597096750634 6.479863879900547e-15 2.276432809481454e-16
2507.20871224809 6.565877958111853e-15 2.2799922007444944e-16
2508.757723892281 6.597380807486135e-15 2.3202551177988395e-16
2510.3067446077957 5.8518855112674704e-15 2.162182093880038e-16
2511.855774394795 6.266670769274323e-15 2.2473790499950397e-16
2513.4048132534367 6.4958795788672315e-15 2.261982692099092e-16
2514.9538611838807 6.171001786013739e-15 2.2102858890479977e-16
2516.5029181862865 6.265552262267474e-15 2.2328399941532156e-16
2518.0519842608132 6.513526239773854e-15 2.246917681736582e-16
2519.601059407621 7.100454003651198e-15 2.368289032748651e-16
2521.1501436268686 7.109992865186703e-15 2.387415830791041e-16
2522.6992369187155 7.391809197067681e-15 2.370379351243797e-16
2524.2483392833205 7.705694196331707e-15 2.4728171336045677e-16
2525.797450720844 7.840048021326342e-15 2.476849804526886e-16
2527.346571231446 8.400403514615372e-15 2.572780520968172e-16
2528.8957008152834 8.423894279341575e-15 2.561911500068123e-16
2530.444839472518 9.393454777580947e-15 2.690010145565963e-16
2531.9939872033083 9.626585349719642e-15 2.7510534277944165e-16
2533.543144007814 9.972045196158467e-15 2.7708252943657e-16
2535.0923098861945 9.553610073181895e-15 2.722034608417076e-16
2536.6414848386094 1.05176843390219e-14 2.8812095692606963e-16
2538.190668865217 1.0907293236737513e-14 2.8970281742484664e-16
2539.739861966179 1.1638847641193793e-14 3.0143620897778883e-16
2541.2890641416525 1.1504287987192975e-14 2.990039273999685e-16
2542.838275391798 1.2404113109917847e-14 3.0929185722842123e-16
2544.3874957167754 1.1816229045843053e-14 3.0644418539931147e-16
2545.936725116744 1.2507853470132817e-14 3.036911165624982e-16
2547.4859635918624 1.2469127970817298e-14 3.126220731396699e-16
2549.035211142291 1.2431883932126526e-14 3.077692360963928e-16
2550.5844677681894 1.2965417280107801e-14 3.1763764638793825e-16
2552.133733469716 1.2803664480368331e-14 3.174623899771954e-16
2553.683008247031 1.2812662511367014e-14 3.0855123279516575e-16
2555.232292100294 1.2501999625434343e-14 3.1518236257164405e-16
2556.781585029665 1.2939380334342152e-14 3.1642263056466116e-16
2558.3308870353026 1.303510945694199e-14 3.1286607156803836e-16
2559.8801981173665 1.2835176647105033e-14 3.1821460817391643e-16
2561.429518276016 1.2741476168413868e-14 3.1162744470135655e-16
2562.9788475114115 1.2281737177830335e-14 3.0605560903475856e-16
2564.528185823712 1.2779640084885358e-14 3.1811780818991303e-16
2566.077533213077 1.3207381558853412e-14 3.1471615034351936e-16
2567.6268896796664 1.325149672881231e-14 3.2216138466142745e-16
2569.1762552236387 1.3188522370282795e-14 3.182002350835927e-16
2570.725629845155 1.305333252376922e-14 3.1288523568847e-16
2572.2750135443735 1.3496103750353355e-14 3.252072357304151e-16
2573.8244063214543 1.353176383743276e-14 3.2025823397784504e-16
2575.373808176557 1.3164734296992105e-14 3.208332899396919e-16
2576.9232191098417 1.2793412840607712e-14 3.1445738177813317e-16
2578.4726391214667 1.2484230568266842e-14 3.095488523185741e-16
2580.0220682115923 1.2870852827810437e-14 3.1229538311982577e-16
2581.571506380378 1.312677282139501e-14 3.1781279691956267e-16
2583.1209536279844 1.3195850052309492e-14 3.150845832057954e-16
2584.6704099545695 1.2652141297532851e-14 3.137231630315413e-16
2586.2198753602934 1.1813612561068984e-14 3.009036370122027e-16
2587.769349845316 1.018085152315086e-14 2.8351918574231463e-16
2589.3188334097963 1.0046954248914795e-14 2.7332421777982307e-16
2590.8683260538955 1.1398256402855682e-14 2.963237033966191e-16
2592.417827777771 1.294825300446464e-14 3.1455055540233114e-16
2593.967338581584 1.2988383731439655e-14 3.1481549142636453e-16
2595.5168584654934 1.2837521234303033e-14 3.152174614993959e-16
2597.0663874296592 1.3003061118349677e-14 3.1944217067272473e-16
2598.6159254742406 1.2405143949014655e-14 3.078520070972073e-16
2600.165472599398 1.044798030372645e-14 2.834875014161314e-16
2601.7150288052903 8.354238524924118e-15 2.517529091214366e-16
2603.2645940920775 8.519334563706401e-15 2.568583472714527e-16
2604.814168459919 1.1459651891971515e-14 2.9777231502488115e-16
2606.363751908975 1.2693543420961694e-14 3.1163702676157237e-16
2607.913344439404 1.276598845487446e-14 3.11287758019728e-16
2609.4629460513675 1.2616961478134538e-14 3.125611397070268e-16
2611.012556745023 1.2698756061719097e-14 3.131086935678675e-16
2612.562176520532 1.2952146814923168e-14 3.119948717120077e-16
2614.1118053780538 1.2943780670503138e-14 3.167089012310535e-16
2615.661443317747 1.2858741103697648e-14 3.14439382328004e-16
2617.2110903397725 1.255188393679699e-14 3.102039264241569e-16
2618.760746444289 1.23569587857442e-14 3.092026540711635e-16
2620.3104116314576 1.1913293092367765e-14 3.057847437800944e-16
2621.8600859014373 1.1287141773801915e-14 2.9250144075235445e-16
2623.4097692543864 1.1301092406443194e-14 2.9235006008281235e-16
2624.9594616904665 1.1421084787817132e-14 2.970336228855366e-16
2626.509163209837 1.0639118370472066e-14 2.886679549215387e-16
2628.058873812657 1.0479836365839736e-14 2.8259721684900793e-16
2629.608593499087 1.0110430897982033e-14 2.8075674660352234e-16
2631.158322269286 9.413368522170895e-15 2.699008017745968e-16
2632.708060123414 9.764783010228918e-15 2.7371679108109583e-16
2634.2578070616305 9.085936924981431e-15 2.6559739794651213e-16
2635.8075630840954 9.160935763230169e-15 2.6709492572747813e-16
2637.3573281909694 8.636181911747184e-15 2.587056467200755e-16
2638.9071023824104 8.345196448212178e-15 2.530505371268506e-16
2640.4568856585797 8.497975780908436e-15 2.5597139789655904e-16
2642.0066780196366 8.515025707103718e-15 2.573260153374555e-16
2643.5564794657407 7.777453133557197e-15 2.4462777384825184e-16
2645.106289997052 7.336670740333215e-15 2.376016090809978e-16
2646.65610961373 7.27929526958505e-15 2.38053898205052e-16
2648.205938315935 7.164543481055774e-15 2.353629804107435e-16
2649.7557761038256 6.740626784361046e-15 2.319232854910622e-16
2651.305622977563 6.5222379736363644e-15 2.2418058378999024e-16
2652.855478937307 6.090992747881992e-15 2.1581017773544364e-16
2654.4053439832155 5.817244404823611e-15 2.1270291677778004e-16
2655.955218115451 5.31832463471541e-15 2.0296161436788196e-16
2657.505101334171 5.696564656212976e-15 2.0845347159541343e-16
2659.0549936395364 5.6644510960837235e-15 2.0922494655679468e-16
2660.6048950317067 5.152119829805171e-15 2.0317490785191244e-16
2662.1548055108424 4.949790340243957e-15 1.9657343746347784e-16
2663.704725077103 5.0847925689597156e-15 2.0088467634632462e-16
2665.254653730648 4.9576694407193166e-15 1.9602569831417993e-16
2666.8045914716367 4.874690705074496e-15 1.947070400688724e-16
2668.3545383002306 4.590176996772987e-15 1.8988322713892855e-16
2669.904494216588 4.94525447881141e-15 1.9619141236937635e-16
2671.4544592208695 4.849556272914146e-15 1.9848315265240147e-16
2673.004433313235 4.831791874427855e-15 1.9272706084999606e-16
2674.5544164938437 5.027506460187486e-15 2.011822628434967e-16
2676.104408762857 5.428252147093599e-15 2.0698611936319336e-16
2677.6544101204327 5.463545468906844e-15 2.044036747256926e-16
2679.204420566732 5.5253805681223025e-15 2.0875390359389269e-16
2680.7544401019145 5.804512229076958e-15 2.1301285142713631e-16
2682.30446872614 6.809941608017234e-15 2.294054271157896e-16
2683.854506439569 6.895548686897384e-15 2.3779417672760016e-16
2685.40455324236 7.168706647991529e-15 2.3526893328381867e-16
2686.9546091346747 7.775694693158697e-15 2.4917972890679645e-16
2688.504674116671 8.68259338802609e-15 2.586102231646114e-16
2690.054748188511 9.218239236177816e-15 2.7068031031408717e-16
2691.604831350353 1.0479820272213738e-14 2.8560818074848055e-16
2693.154923602357 1.1180664650134366e-14 3.0231812909455816e-16
2694.705024944684 1.1455461619981448e-14 2.952710796711984e-16
2696.255135377493 1.2325388173734138e-14 3.094460172248215e-16
2697.805254900944 1.3194680299809334e-14 3.240638206609606e-16
2699.355383515197 1.3736242673097632e-14 3.2568657696922223e-16
2700.905521220412 1.4001473252838424e-14 3.317682735305081e-16
2702.4556680167498 1.4826491813793585e-14 3.4701881057824617e-16
2704.005823904369 1.592199679392725e-14 3.5189504690669117e-16
2705.555988883431 1.641812431992483e-14 3.605891518959869e-16
2707.106162954094 1.7114024566532333e-14 3.6360191574047246e-16
2708.6563461165188 1.6828030668155497e-14 3.64652289534627e-16
2710.206538370866 1.8229577122461614e-14 3.804530538909455e-16
2711.7567397172947 1.8481501661633988e-14 3.794545343950307e-16
2713.3069501559653 1.791114694440262e-14 3.747291758103154e-16
2714.857169687037 1.9684622177716313e-14 3.9432393308628394e-16
2716.4073983106714 1.9454278343974084e-14 3.9159153714733957e-16
2717.957636027027 1.980488052743569e-14 3.9482463543722964e-16
2719.507882836265 2.0255967923495967e-14 4.07356487891857e-16
2721.058138738544 1.9756528498674625e-14 3.91832279792817e-16
2722.608403734025 2.0739569526269548e-14 4.017813170330292e-16
2724.158677822868 2.046059753102545e-14 4.093963285173026e-16
2725.708961005233 2.1592635042174194e-14 4.139111200052864e-16
2727.2592532812796 2.2402701777544422e-14 4.2909783841440477e-16
2728.809554651168 2.0986474548196493e-14 4.071178892985273e-16
2730.3598651150587 2.1059356651110042e-14 4.1002268291201753e-16
2731.9101846731105 2.0936093028493807e-14 4.0851771712298345e-16
2733.460513325485 2.081264814082686e-14 4.0453089185893507e-16
2735.0108510723408 2.105969038209126e-14 4.1460007542875937e-16
2736.561197913839 2.1265632890688987e-14 4.091707795253165e-16
2738.11155385014 2.097882753474868e-14 4.098083835763622e-16
2739.6619188814025 2.074315078157054e-14 4.0825563983514705e-16
2741.212293007787 2.0582760010810254e-14 4.0306261318442894e-16
2742.7626762294544 2.0338164000697524e-14 4.031229378121412e-16
2744.3130685465635 2.0494727876602115e-14 4.0236203752771083e-16
2745.863469959276 2.0775908933772652e-14 4.0848836213740517e-16
2747.4138804677505 2.040460526508015e-14 4.038045611066645e-16
2748.9643000721476 2.087516425453191e-14 4.128125712122568e-16
2750.514728772628 2.177959893055574e-14 4.213969854348831e-16
2752.065166569351 2.083407976845829e-14 4.075280385334556e-16
2753.615613462476 2.1080432524903624e-14 4.1336772189984317e-16
2755.166069452165 2.0574847029017004e-14 4.1082630542072505e-16
2756.716534538577 2.132607207960737e-14 4.0933346279074855e-16
2758.2670087218726 2.142657931506267e-14 4.2022768292097814e-16
2759.817492002211 2.240153964834079e-14 4.2846584595663466e-16
2761.367984379753 2.203169457038346e-14 4.2230704292736904e-16
2762.9184858546582 2.1941793881493678e-14 4.279127863816368e-16
2764.4689964270883 2.2040496936771327e-14 4.183582547366083e-16
2766.0195160972016 2.2725915997689507e-14 4.3860361272540695e-16
2767.570044865159 2.251561126941342e-14 4.3216081543079473e-16
2769.120582731121 2.290353372453105e-14 4.278735846380467e-16
2770.671129695247 2.3728189755384786e-14 4.471839506019746e-16
2772.221685757698 2.3911379264953368e-14 4.399397277903618e-16
2773.7722509186333 2.4608633070210585e-14 4.497766125744016e-16
2775.322825178214 2.383811091501587e-14 4.489840014940084e-16
2776.873408536599 2.5084626623051928e-14 4.52402944106482e-16
2778.4240009939494 2.5349099108304927e-14 4.583176692980404e-16
2779.9746025504255 2.45549193228934e-14 4.532009020823547e-16
2781.525213206187 2.5277223280532717e-14 4.503696944561572e-16
2783.075832961394 2.528055720221311e-14 4.640478471862157e-16
2784.6264618162077 2.59093334758825e-14 4.634740882435693e-16
2786.177099770787 2.54606279364699e-14 4.619276178401198e-16
2787.7277468252933 2.685203371233149e-14 4.732522895262322e-16
2789.2784029798854 2.6422410131154636e-14 4.73442766060246e-16
2790.8290682347247 2.6696818312878928e-14 4.734709299057422e-16
2792.379742589971 2.6638156199083884e-14 4.769189892757776e-16
2793.9304260457843 2.5827616819329088e-14 4.675670573238205e-16
2795.4811186023253 2.2778703090962395e-14 4.37849726932571e-16
2797.0318202597546 1.4663551473862065e-14 3.544006233042286e-16
2798.582531018231 1.2577331347631351e-14 3.327177974643802e-16
2800.133250877916 1.5558709445047565e-14 3.609789988099607e-16
2801.683979838969 2.2835388229858547e-14 4.668632258842114e-16
2803.2347179015514 1.9629446451532168e-14 4.1924176304015373e-16
2804.785465065823 1.4718305377638477e-14 3.549624443762746e-16
2806.336221331943 1.4213959937986638e-14 3.505682756739357e-16
2807.8869867000726 2.0331413148107907e-14 4.211690806325125e-16
2809.437761170372 2.471599957847275e-14 4.602194170833039e-16
2810.988544743002 2.5518800465221432e-14 4.649695249119468e-16
2812.5393374181217 2.7482066982894605e-14 4.874289211457498e-16
2814.090139195892 2.711232863108863e-14 4.855149972618695e-16
2815.6409500764735 2.5727250191343032e-14 4.692536587404814e-16
2817.191770060026 2.584097452890729e-14 4.734821001527341e-16
2818.74259914671 2.5812893692639914e-14 4.725424759164331e-16
2820.293437336686 2.54824390348617e-14 4.654979146523559e-16
2821.844284630114 2.5504815951262264e-14 4.702311877011721e-16
2823.3951410271543 2.4701174807829906e-14 4.6584387467175e-16
2824.9460065279673 2.4994349851533565e-14 4.696165594188207e-16
2826.496881132714 2.4369373367665557e-14 4.610656559371701e-16
2828.0477648415535 2.4373523829107104e-14 4.599948474731631e-16
2829.5986576546466 2.469864387338351e-14 4.665511471827074e-16
2831.149559572154 2.3902863195701674e-14 4.538280241006781e-16
2832.700470594236 2.4517402539593613e-14 4.642187890228835e-16
2834.2513907210523 2.4476900812187702e-14 4.633046816541185e-16
2835.802319952764 2.429597288058829e-14 4.607541595708173e-16
2837.3532582895314 2.5137373058743348e-14 4.692161775325654e-16
2838.9042057315146 2.4956201181655126e-14 4.638949047996771e-16
2840.4551622788736 2.4717048205261452e-14 4.7362027240225495e-16
2842.0061279317692 2.457425030881564e-14 4.613340595023313e-16
2843.557102690362 2.4856873016062403e-14 4.682741710161002e-16
2845.1080865548124 2.5640456419303778e-14 4.777502991739485e-16
2846.6590795252796 2.4791737876484442e-14 4.729597984616334e-16
2848.210081601925 2.4402685479415175e-14 4.680148201155628e-16
2849.7610927849096 2.504135001571081e-14 4.756697744972551e-16
2851.312113074393 2.5595170649811774e-14 4.724556550393395e-16
2852.8631424705354 2.466441018978728e-14 4.72048973345539e-16
2854.414180973497 2.2957826842384156e-14 4.519353289800384e-16
2855.9652285834395 2.303901833851027e-14 4.546862802344836e-16
2857.516285300522 2.5880009195248556e-14 4.858803860994913e-16
2859.067351124906 2.6083729089392688e-14 4.896408947479452e-16
2860.618426056751 2.7533156622141196e-14 5.10148144736123e-16
2862.169510096218 2.679880616192603e-14 4.896733466977369e-16
2863.7206032434674 2.696717598304945e-14 4.923451003716137e-16
2865.271705498659 2.7512306059111584e-14 4.982897893536812e-16
2866.822816861954 2.8295594694887315e-14 5.134033982315397e-16
2868.373937333512 2.8136870884967226e-14 5.084106154635084e-16
2869.925066913495 2.7022329686376967e-14 5.015909943864865e-16
2871.4762056020622 2.778084260844551e-14 5.086210502113419e-16
2873.027353399374 2.851225725246549e-14 5.171325666609452e-16
2874.5785103055914 2.9273750036442475e-14 5.269061092623981e-16
2876.129676320875 2.95434283861893e-14 5.26229594635338e-16
2877.6808514453846 3.0200834373475885e-14 5.269798011288092e-16
2879.2320356792816 3.0852429714744306e-14 5.354206962064352e-16
2880.7832290227257 3.10761209517188e-14 5.386448741805995e-16
2882.3344314758774 3.098455330198882e-14 5.504309670647286e-16
2883.885643038898 3.159136431727001e-14 5.444039041285406e-16
2885.4368637119464 3.1929374508937736e-14 5.579577018340303e-16
2886.9880934951852 3.361484132496581e-14 5.615707208705435e-16
2888.539332388773 3.4054095670752946e-14 5.693416128868913e-16
2890.0905803928717 3.6409562159927383e-14 5.905075368706778e-16
2891.6418375076414 3.512854341181787e-14 5.79008641095227e-16
2893.193103733243 3.67691073172461e-14 5.943932475766477e-16
2894.7443790698353 3.836077709282702e-14 6.092242650874785e-16
2896.295663517581 3.868059640491951e-14 6.064121686421534e-16
2897.8469570766397 4.065104915011719e-14 6.305123206343472e-16
2899.3982597471722 4.0546853933209545e-14 6.266653616857141e-16
2900.949571529338 4.09334736516543e-14 6.321405297172067e-16
2902.500892423299 4.0710463429169397e-14 6.360626628399086e-16
2904.0522224292154 4.303775082625458e-14 6.619145848461426e-16
2905.6035615472474 4.3051415161759685e-14 6.44642153683529e-16
2907.1549097775555 4.2550947438940376e-14 6.44704357665593e-16
2908.706267120301 4.343295945878449e-14 6.633094892915929e-16
2910.257633575644 4.357447833547995e-14 6.548509653407522e-16
2911.8090091437452 4.345944109684745e-14 6.592006912831399e-16
2913.3603938247647 4.414977633699149e-14 6.744383904877711e-16
2914.911787618864 4.4679703865716305e-14 6.636570374977631e-16
2916.463190526203 4.594143736768273e-14 6.896331027703292e-16
2918.014602546942 4.474767656566757e-14 6.77889679170918e-16
2919.5660236812423 4.500170513468092e-14 6.725246254225684e-16
2921.117453929265 4.5393152940925025e-14 6.836826433763085e-16
2922.6688932911698 4.561408285049147e-14 6.887324420496018e-16
2924.220341767117 4.4869483291614526e-14 6.822662454698217e-16
2925.7717993572683 4.608841113655851e-14 6.893263180247455e-16
2927.3232660617837 4.6207260023453656e-14 6.938522797597213e-16
2928.8747418808234 4.6100560977153926e-14 6.967812138122082e-16
2930.426226814549 4.6113523969378706e-14 6.92900108847889e-16
2931.977720863121 4.710878768240251e-14 7.094176218962623e-16
2933.529224026699 4.6741612452294926e-14 7.029753539972421e-16
2935.080736305445 4.674039272485088e-14 7.067766790458418e-16
2936.632257699519 4.661635999631854e-14 7.023465379130242e-16
2938.183788209082 4.7340739184678626e-14 7.152065626951534e-16
2939.7353278342944 4.719028919258732e-14 7.105210940682978e-16
2941.2868765753165 4.675394864013874e-14 7.1340084727028485e-16
2942.8384344323094 4.529987767277338e-14 7.006980529789897e-16
2944.3900014054343 4.6804594434120966e-14 7.12142950404053e-16
2945.9415774948507 4.5801639661936094e-14 7.087018261162732e-16
2947.4931627007204 4.605165329477946e-14 7.14170535521543e-16
2949.0447570232027 4.6627510338036193e-14 7.231813778935526e-16
2950.5963604624603 4.5948013731485216e-14 7.127301559947371e-16
2952.1479730186525 4.5929744924878835e-14 7.139397719829754e-16
2953.69959469194 4.611376113860394e-14 7.181183972700177e-16
2955.2512254824846 4.5726555273359684e-14 7.137628479761177e-16
2956.8028653904453 4.54007186392099e-14 7.170040195487862e-16
2958.3545144159843 4.6636231389261124e-14 7.334225885610084e-16
2959.906172559262 4.636417118286662e-14 7.229544260032477e-16
2961.4578398204385 4.577107193693558e-14 7.326305068762072e-16
2963.009516199675 4.592503203356031e-14 7.220298895413196e-16
2964.5612016971327 4.47963165856307e-14 7.184361934439156e-16
2966.1128963129718 4.575855956623874e-14 7.358432499055836e-16
2967.664600047353 4.572236754246846e-14 7.149011014385498e-16
2969.216312900437 4.4992313233361766e-14 7.35690572216841e-16
2970.7680348723848 4.529374854236705e-14 7.2970358452697e-16
2972.3197659633574 4.669946409283955e-14 7.540866455235467e-16
2973.871506173515 4.599164948079597e-14 7.464104623786138e-16
2975.4232555030194 4.639358355492708e-14 7.349705412721156e-16
2976.9750139520306 4.410552733582693e-14 7.36249137505996e-16
2978.5267815207085 4.571985016054922e-14 7.475192285065697e-16
2980.0785582092153 4.4129081628024175e-14 7.229414558112429e-16
2981.6303440177116 4.5431598072335e-14 7.550669802808751e-16
2983.182138946357 4.283844397376564e-14 7.083218788998705e-16
2984.733942995314 4.422814382527146e-14 7.503807175606315e-16
2986.285756164743 4.2162149151755285e-14 7.218263898757418e-16
2987.8375784548034 4.327730868439704e-14 7.465412230898462e-16
2989.3894098656574 4.250895154541551e-14 7.315033707212077e-16
2990.9412503974663 4.2385962361474183e-14 7.399208135741066e-16
2992.4931000503893 4.127580032322123e-14 7.213616864250544e-16
2994.044958824589 4.085562793566984e-14 7.110495367482661e-16
2995.5968267202243 4.06167104344355e-14 7.252589908944898e-16
2997.1487037374573 4.0276508121500285e-14 7.474608891123275e-16
2998.7005898764482 4.02382493373387e-14 7.195375480335831e-16
3000.2524851373587 3.942890596810543e-14 7.245719412951482e-16
3001.8043895203496 3.8311327309366316e-14 7.100284914699103e-16
3003.356303025581 3.990454207304303e-14 7.412984597232565e-16
3004.908225653214 3.886370121119337e-14 7.238816623826951e-16
3006.4601574034095 3.840693700032059e-14 7.204789192753378e-16
3008.0120982763287 3.7403240227273926e-14 7.143448654899998e-16
3009.564048272132 3.96096627990495e-14 7.493426786837714e-16
3011.1160073909805 3.8938389188350464e-14 7.307269062063716e-16
3012.6679756330354 3.806085627873143e-14 7.222471534922904e-16
3014.2199529984573 3.7306366763162346e-14 7.311485168558674e-16
3015.7719394874075 3.811398218518322e-14 7.374710884115287e-16
3017.3239351000457 3.910136171553398e-14 7.576447132976068e-16
3018.875939836534 3.677885836053489e-14 7.22906886279083e-16
3020.427953697033 3.744062148530215e-14 7.281029040148961e-16
3021.979976681703 3.785814435379453e-14 7.454853965210937e-16
3023.5320087907066 3.768712162548031e-14 7.430286303971418e-16
3025.0840500242025 3.929455976640732e-14 7.650658336462977e-16
3026.6361003823536 3.630098608861654e-14 7.342907443923848e-16
3028.1881598653194 3.9066660469750866e-14 7.674114796354817e-16
3029.7402284732616 3.892827222682846e-14 7.6045691562205025e-16
3031.2923062063414 3.847440825676708e-14 7.692516057738324e-16
3032.8443930647186 3.8497464493591343e-14 7.607041963030893e-16
3034.3964890485554 3.933110754401545e-14 7.804270408425505e-16
3035.9485941580115 3.6961353303086725e-14 7.567329882090059e-16
3037.5007083932496 3.963157384732907e-14 7.973683880019061e-16
3039.0528317544295 3.830293490692492e-14 7.783990322085869e-16
3040.6049642417115 3.867955963659207e-14 7.886383370519113e-16
3042.1571058552586 3.912255786800607e-14 7.852105535330507e-16
3043.7092565952294 3.9196558054409997e-14 7.945944080392075e-16
3045.261416461787 4.015465057357649e-14 8.132028748574372e-16
3046.8135854550915 4.078584258521145e-14 8.179537767794682e-16
3048.365763575303 3.9626010534931505e-14 8.209294035231725e-16
3049.917950822584 3.967294632460476e-14 8.053901605893188e-16
3051.4701471970952 3.9749430011610035e-14 8.249253343914039e-16
3053.0223526989967 3.909003180283151e-14 8.154614352717316e-16
3054.5745673284505 3.8396074649805004e-14 8.033812101966684e-16
3056.1267910856172 3.880987734959304e-14 8.303796442365704e-16
3057.679023970658 3.780002434108573e-14 8.125435126475589e-16
3059.231265983734 3.752458616729758e-14 8.126194809150158e-16
3060.7835171250053 3.812873072286081e-14 8.299742330921908e-16
3062.335777394634 3.7698034797972735e-14 8.152520593150822e-16
3063.8880467927816 3.766440758996674e-14 8.276557450968781e-16
3065.4403253196074 3.6495322551770987e-14 8.106683405210155e-16
3066.992612975274 3.6794494588741206e-14 8.162188415452546e-16
3068.5449097599417 3.6899984071992256e-14 8.344820365583597e-16
3070.0972156737716 3.7900058932156463e-14 8.469650257998424e-16
3071.6495307169253 3.7703964028603515e-14 8.573495967936209e-16
3073.201854889563 3.758762574736403e-14 8.442660082529758e-16
3074.754188191847 3.6132179198492334e-14 8.207895372077572e-16
3076.306530623937 3.8360360352616973e-14 8.601996509028948e-16
3077.858882185995 3.727691373352042e-14 8.532823563391426e-16
3079.411242878182 3.7509942661705445e-14 8.547006600697607e-16
3080.963612700659 3.617353134697729e-14 8.488809613869724e-16
3082.5159916535868 3.85605040736578e-14 8.832078186074002e-16
3084.0683797371266 3.754887907222483e-14 8.784231941861567e-16
3085.6207769514403 3.792058084640254e-14 8.749535884155254e-16
3087.1731832966875 3.52018625837322e-14 8.564103431342343e-16
3088.725598773031 3.711578435003013e-14 8.713335813571974e-16
3090.278023380631 3.8587019593038646e-14 9.01326700382117e-16
3091.8304571196486 3.695038253235389e-14 8.973216109701434e-16
3093.3828999902453 3.761955888947552e-14 8.931188452441043e-16
3094.9353519925817 3.7723960782422294e-14 9.058562090675593e-16
3096.4878131268197 3.6584027230139246e-14 8.930827404647276e-16
3098.04028339312 3.614471189797991e-14 8.871540921690988e-16
3099.5927627916435 3.789748056386502e-14 9.293470796728812e-16
3101.1452513225518 3.7627737839614206e-14 9.240044193580747e-16
3102.697748986006 3.7162648988935815e-14 9.208698680576418e-16
3104.250255782167 3.64592253956908e-14 9.149760010524095e-16
3105.802771711197 3.718245600737441e-14 9.373124716297422e-16
3107.3552967732553 3.6135137037544146e-14 9.301654193790473e-16
3108.9078309685046 3.8427824832799884e-14 9.44681234754381e-16
3110.4603742971053 3.6341504756681395e-14 9.386098084675806e-16
3112.012926759219 3.7789178931229087e-14 9.59601825999384e-16
3113.5654883550073 3.845896854020453e-14 9.654432828410048e-16
3115.1180590846307 3.908467516647307e-14 9.981739064723319e-16
3116.67063894825 3.8022848216322236e-14 9.689140003423793e-16
3118.2232279460277 4.050806321235709e-14 1.0057406635483913e-15
3119.7758260781243 3.9486494044123355e-14 1.0010277722298684e-15
3121.328433344701 3.957196983289668e-14 1.0107576396949786e-15
3122.881049745919 4.0419473730469654e-14 1.0262582367506138e-15
3124.433675281939 3.892636470863124e-14 1.0175426912398407e-15
3125.986309952924 3.913311528666065e-14 1.0131882007371248e-15
3127.5389537590336 4.1183355147357895e-14 1.0592078183988061e-15
3129.091606700429 4.040800490436383e-14 1.0479872788256468e-15
3130.644268777273 4.2858457668243366e-14 1.0822880897829465e-15
3132.1969399897257 4.264395504468069e-14 1.096199970666888e-15
3133.7496203379474 4.3296732843943475e-14 1.105310868805792e-15
3135.3023098221015 4.316297956530844e-14 1.1034856186835774e-15
3136.855008442348 4.193503928980567e-14 1.096122678910451e-15
3138.4077161988484 4.27455685051651e-14 1.1008132297349901e-15
3139.960433091764 4.1374896401786404e-14 1.0926860544852035e-15
3141.513159121256 4.29517058313407e-14 1.1134401616379468e-15
3143.0658942874857 4.2608074729034995e-14 1.137894426341652e-15
3144.6186385906144 4.352696317527077e-14 1.1405678740814234e-15
3146.171392030804 4.3323065404207717e-14 1.1519041395310014e-15
3147.7241546082146 4.3311210331077946e-14 1.160751504544191e-15
3149.2769263230084 4.219958123176035e-14 1.129508694284716e-15
3150.8297071753464 4.703520762434042e-14 1.2174408786050795e-15
3152.3824971653908 4.3930201680140654e-14 1.1669677734649718e-15
3153.935296293301 4.300806401551921e-14 1.1719718323591134e-15
3155.4881045592397 3.646529015159314e-14 9.93952188384098e-16
3157.0409219633684 3.119795139458828e-14 1.0108568484289257e-15
3158.593748505847 5.613902626187134e-14 1.3629026936700078e-15
3160.146584186839 9.864661577830766e-14 1.8168602608720566e-15
3161.699429006504 8.895063556031832e-16 1.7327799324095525e-16
