wavelength flux error
1583.6018908161232 -4.151631702265998e-14 5.993943947950331e-14
1585.145355438418 -2.3348209081180613e-15 4.106756574346823e-14
1586.688828908644 -1.114044498469989e-14 1.7651112911793235e-14
1588.2323112269535 -1.8836150968517575e-14 1.8919089046580927e-14
1589.7758023934982 -2.0578480800360725e-14 1.6570808784930995e-14
1591.3193024084303 -4.435663787633699e-15 1.437927535830226e-14
1592.8628112719025 2.55877297830075e-16 1.2946800342960099e-14
1594.406328984066 -6.400509598237028e-15 1.0599323068544164e-14
1595.9498555450743 8.879247333324226e-15 1.0027951911776092e-14
1597.4933909550784 1.3455504614158509e-14 8.717162496669432e-15
1599.0369352142309 -4.417107836858199e-15 7.668166401603605e-15
1600.5804883226845 -2.6896307277451525e-15 6.803142898066097e-15
1602.1240502805904 9.587312667120197e-15 6.33679112126335e-15
1603.667621088102 6.297519497455088e-16 5.585574541002456e-15
1605.2112007453702 5.806358337385499e-15 5.22107169984346e-15
1606.7547892525483 -4.189932329855175e-15 4.447247810220349e-15
1608.2983866097884 7.165071817856624e-16 4.1449116816756615e-15
1609.841992817242 1.0693547437113206e-15 3.855661365133106e-15
1611.3856078750619 6.657125852904244e-15 3.737536267891389e-15
1612.9292317834006 -1.7481252312682646e-15 3.128896931993549e-15
1614.4728645424093 -1.8200819506869383e-15 2.9603780330714115e-15
1616.0165061522414 -2.4233329394303795e-16 2.820421296888926e-15
1617.5601566130483 3.5123311712819153e-15 2.6720007957392383e-15
1619.103815924983 9.461646012032601e-16 2.4493181632466877e-15
1620.6474840881972 -1.4618886579520398e-15 2.2387311612409285e-15
1622.1911611028434 5.984951634424042e-16 2.131912471537399e-15
1623.7348469690735 9.179732271362689e-16 2.0388726785450922e-15
1625.2785416870402 -2.2749045502863706e-15 1.838663100692619e-15
1626.8222452568955 2.5849289851350484e-15 1.8702506533616265e-15
1628.365957678792 2.040484794001954e-15 1.7412597115934133e-15
1629.9096789528817 -1.224294222181314e-15 1.5743736804353452e-15
1631.4534090793172 3.5612856522267144e-15 1.640252091424522e-15
1632.99714805825 3.024699385745298e-15 1.5611244969535119e-15
1634.5408958898333 -1.9718251503304677e-15 1.3164725826662633e-15
1636.0846525742193 -8.757344998533347e-16 1.3473489452969323e-15
1637.6284181115595 1.3123822605639723e-15 1.3188936145877529e-15
1639.1721925020072 7.24685126072725e-16 1.2576693320063832e-15
1640.715975745714 1.3499285841377952e-15 1.2111220128185624e-15
1642.2597678428328 1.6870838019243835e-15 1.2281930089584072e-15
1643.8035687935158 1.4157253623266804e-15 1.1496632079899217e-15
1645.347378597915 -1.0580903966529205e-17 1.0681607448930473e-15
1646.891197256182 -1.3877007478711799e-15 9.95971726688589e-16
1648.435024768471 4.407739228945093e-16 1.0093360007721306e-15
1649.9788611349331 -6.254039178690157e-16 9.478849251191336e-16
1651.5227063557209 1.3940102962952772e-16 9.525102544067341e-16
1653.0665604309868 -2.5197819341562665e-16 9.171858041326776e-16
1654.610423360883 2.951963554833828e-16 9.017899215251466e-16
1656.154295145562 6.42726548968644e-17 8.789272846688914e-16
1657.698175785176 2.31860631522745e-16 8.573342443214519e-16
1659.2420652798778 9.06477931250844e-16 8.581393491378171e-16
1660.785963629819 -6.271867104647492e-16 7.922143513365413e-16
1662.3298708351524 1.5911609205378598e-15 8.462978814747612e-16
1663.8737868960309 1.1377266079389773e-15 8.007082389129298e-16
1665.4177118126056 2.97598276224e-16 7.734252018027504e-16
1666.9616455850305 9.646852942323306e-16 7.695925894746615e-16
1668.5055882134568 4.727073297037924e-16 7.488229710310716e-16
1670.0495396980373 -5.034733133535223e-16 7.007836033066624e-16
1671.5935000389243 -6.461328787311373e-16 6.801350576349707e-16
1673.1374692362704 -5.649054366443245e-16 6.63592980631127e-16
1674.6814472902277 7.709447187562754e-16 7.022892043704069e-16
1676.225434200949 2.0844808499526448e-16 6.657404209106535e-16
1677.769429968586 9.532557492794363e-16 6.756416007893458e-16
1679.3134345932922 6.623746296156201e-16 6.446757703036231e-16
1680.857448075219 3.0697858377969013e-16 6.422973547272923e-16
1682.4014704145195 8.011148279625017e-17 6.195616669340067e-16
1683.945501611346 1.1784751395698951e-15 6.368893140568696e-16
1685.4895416658505 -5.131212303809856e-16 5.833154330551007e-16
1687.0335905781865 2.6222062169294405e-16 5.917961386812476e-16
1688.577648348505 2.791120468479709e-16 5.898416101554583e-16
1690.1217149769595 3.3762648574261686e-16 5.791099674115423e-16
1691.665790463702 1.3002902299672067e-15 6.073311464503651e-16
1693.2098748088854 -5.700738728697927e-16 5.31056782462181e-16
1694.7539680126615 1.6276014425990423e-15 5.945495780949753e-16
1696.2980700751837 1.2542928469203908e-15 5.59734035803541e-16
1697.8421809966035 -1.4100486004537413e-16 5.33009669861635e-16
1699.386300777074 -1.405536164776142e-16 5.184493323170112e-16
1700.9304294167475 8.753792754110799e-16 5.437120899688707e-16
1702.4745669157762 2.1579935159558655e-16 5.18134077241955e-16
1704.018713274313 6.0037022968982925e-16 5.282871435433371e-16
1705.5628684925105 2.9704537546767975e-16 5.039196997167253e-16
1707.107032570521 3.5760224902617224e-16 4.995779676477774e-16
1708.6512055084966 -1.098884535714092e-15 4.550737978078524e-16
1710.1953873065902 -5.954120826284068e-17 4.777649104922886e-16
1711.7395779649544 2.4869607309391424e-16 4.790264072485463e-16
1713.2837774837415 8.392137743599591e-16 4.907572312328671e-16
1714.8279858631045 3.1309177937870203e-16 4.732243374389728e-16
1716.3722031031953 2.209681716328589e-16 4.680606128342737e-16
1717.916429204167 2.183870471756158e-17 4.490552581406962e-16
1719.4606641661715 3.8620023861251496e-17 4.54069269671968e-16
1721.0049079893613 6.447756143122807e-16 4.641544145188921e-16
1722.5491606738901 2.7761682193783025e-16 4.46830843742088e-16
1724.0934222199094 5.496035217543796e-16 4.48949802538763e-16
1725.6376926275716 -2.754294122911052e-16 4.2055074658101685e-16
1727.1819718970303 4.59092439746982e-16 4.2762807743224095e-16
1728.7262600284369 3.3837534227732847e-16 4.308501378240371e-16
1730.2705570219448 1.4774992898814793e-16 4.2410119105855165e-16
1731.8148628777062 1.662918772502386e-16 4.2015441457104064e-16
1733.359177595874 -4.704226171472516e-16 3.9080668171236966e-16
1734.9035011766 3.560230355053554e-16 4.1807066058123586e-16
1736.4478336200377 8.907779638152487e-16 4.1328304507489734e-16
1737.992174926339 1.547206792718058e-16 3.9958424591674956e-16
1739.536525095657 7.800037228922703e-17 3.8823874251409064e-16
1741.0808841281441 -1.512684376765933e-16 3.866362620570039e-16
1742.625252023953 -3.7419355982007505e-16 3.7045314173433886e-16
1744.169628783236 2.8858134580268195e-16 3.832650179873726e-16
1745.714014406146 2.70458890607719e-16 3.7851117791980584e-16
1747.2584088928354 3.691435229187653e-16 3.8026167738442525e-16
1748.8028122434573 8.068957616530633e-17 3.7503437236912295e-16
1750.3472244581635 7.210210733011398e-16 3.800377959885541e-16
1751.8916455371073 -2.4723025610891107e-16 3.5471532251391317e-16
1753.4360754804409 4.286694515013309e-16 3.661498437853726e-16
1754.9805142883176 -6.115519645660925e-16 3.3643026346285698e-16
1756.5249619608894 4.1917148577531123e-16 3.6646554884668203e-16
1758.0694184983092 -3.345326184934317e-16 3.3557319846913363e-16
1759.6138839007294 9.466065671132697e-17 3.4382107591390397e-16
1761.1583581683026 9.512259407004598e-17 3.454856544739363e-16
1762.7028413011824 -3.7849571956851845e-16 3.2347052702096817e-16
1764.2473332995203 -3.660410000516504e-16 3.2484772318386486e-16
1765.7918341634695 1.667036676115022e-16 3.367067403107967e-16
1767.3363438931826 5.711780332560978e-16 3.420180868763344e-16
1768.8808624888127 -3.6491817847072604e-16 3.142160567975045e-16
1770.4253899505113 5.82417525191452e-16 3.4020506579229576e-16
1771.9699262784322 1.628930252004827e-16 3.2050352942541397e-16
1773.5144714727282 -2.974724124219939e-16 3.086766730806982e-16
1775.0590255335512 2.0654402110428582e-16 3.2189480751105876e-16
1776.603588461054 1.5796860063827282e-16 3.143626729067183e-16
1778.1481602553897 6.948161635490272e-17 3.1196247270177523e-16
1779.6927409167108 4.1862557304080583e-16 3.160897466163902e-16
1781.2373304451703 3.7462125851887927e-16 3.183044995454438e-16
1782.7819288409203 1.9886556155830718e-16 3.046914095336463e-16
1784.3265361041138 1.2530659991056317e-16 2.976698769778226e-16
1785.8711522349042 4.002741542522882e-17 2.993798776796514e-16
1787.4157772334431 2.388075722396511e-16 2.9707036293962375e-16
1788.9604110998841 -2.230585298326743e-16 2.855571470134085e-16
1790.5050538343792 -1.0489681826832367e-16 2.874820558558235e-16
1792.049705437082 2.7352788288152342e-17 2.8249814046395877e-16
1793.5943659081445 4.090957112303661e-16 2.9587382302250864e-16
1795.13903524772 2.1530913127736312e-16 2.8519964617010796e-16
1796.6837134559605 -2.269344467201916e-16 2.741873443530752e-16
1798.2284005330198 9.189987193375978e-17 2.80814186025258e-16
1799.7730964790499 -4.393186408817876e-16 2.605663134073972e-16
1801.3178012942037 -3.98009664607363e-16 2.61664385744394e-16
1802.8625149786344 -2.3455734619878626e-16 2.682704221698099e-16
1804.407237532494 -3.038647318469057e-17 2.689131084185391e-16
1805.951968955936 2.777829462746105e-16 2.7474215093352676e-16
1807.4967092491127 -1.7055929541295476e-16 2.5947673786965255e-16
1809.0414584121775 -2.5704771207472324e-16 2.5758769557859785e-16
1810.5862164452826 -3.205489317148758e-17 2.609764891121051e-16
1812.1309833485807 2.89717614031644e-16 2.651196184247015e-16
1813.6757591222251 9.584253898798763e-17 2.611811534479854e-16
1815.2205437663686 4.651169615843282e-16 2.6445117708041985e-16
1816.7653372811635 2.1960852493383814e-16 2.605054593840929e-16
1818.3101396667628 2.489493888847025e-16 2.5756241693907823e-16
1819.8549509233198 1.658037612794935e-16 2.5289584773485827e-16
1821.3997710509868 -3.1886854407897635e-16 2.377888827716798e-16
1822.944600049917 -3.990827825596403e-17 2.4160360152875797e-16
1824.4894379202628 -3.035528913734181e-16 2.373426287573748e-16
1826.0342846621775 -1.7871526978294801e-16 2.360636884163596e-16
1827.5791402758136 -8.531949795966774e-17 2.3400942176103113e-16
1829.124004761324 4.208104415886891e-16 2.5292642033029823e-16
1830.6688781188616 2.1365277158389714e-16 2.4183235336407583e-16
1832.2137603485792 -6.820324511414897e-17 2.301276285824423e-16
1833.7586514506302 1.3639888016666246e-16 2.4132108957106906e-16
1835.3035514251665 2.497174889491845e-16 2.3662429187854396e-16
1836.8484602723415 4.780120323546501e-16 2.428195967338803e-16
1838.3933779923084 -2.1253767917861645e-16 2.226557656662549e-16
1839.9383045852194 2.676198214569798e-16 2.359415303834978e-16
1841.4832400512278 2.1903511009832658e-16 2.3100870166626437e-16
1843.0281843904863 4.507969166989286e-16 2.377118557130389e-16
1844.5731376031479 1.500830150669109e-16 2.2668933656107987e-16
1846.1180996893652 -3.8733761195477537e-17 2.2142415329116753e-16
1847.663070649292 3.2144693884019805e-16 2.3111479254290797e-16
1849.2080504830803 -4.671335418909488e-17 2.1596637590487325e-16
1850.7530391908829 4.691292507763534e-16 2.291532230557446e-16
1852.2980367728535 -2.3433240601173104e-16 2.0987812807313596e-16
1853.8430432291445 3.8254519880088404e-16 2.269271675308011e-16
1855.388058559909 -2.9491328104287737e-17 2.1522567206227897e-16
1856.9330827652998 2.351567808276463e-16 2.2053523191769355e-16
1858.4781158454698 -2.0063894414739227e-16 2.0207041659336223e-16
1860.023157800572 1.4446505580935695e-16 2.134338003321421e-16
1861.5682086307597 2.4240635053473863e-16 2.1945406053497244e-16
1863.1132683361852 2.0464507911566008e-16 2.1544539770275266e-16
1864.6583369170019 4.881960682981662e-16 2.231797349534705e-16
1866.2034143733626 4.410766577638139e-16 2.173522673903691e-16
1867.74850070542 5.09776456090956e-17 2.0824319566625755e-16
1869.2935959133274 2.565279779522439e-16 2.110285841039645e-16
1870.8386999972383 -1.2064348501258123e-16 1.9676176994534391e-16
1872.3838129573044 7.953444821837808e-17 2.0389256975136344e-16
1873.9289347936794 -1.0061494098850007e-16 1.9916657589193768e-16
1875.4740655065166 4.3076514336173606e-16 2.130954371394936e-16
1877.0192050959681 7.338399640457679e-17 1.9888827262920544e-16
1878.5643535621878 -3.202061149818093e-16 1.8880819674507504e-16
1880.1095109053279 1.4945839485635016e-18 1.9778842681697533e-16
1881.6546771255419 2.308623767246262e-16 2.012196778769637e-16
1883.1998522229828 1.8791497072369333e-17 1.961766422323586e-16
1884.7450361978033 1.1319836980868135e-16 1.9682426509498352e-16
1886.2902290501565 6.958621830644373e-17 1.946183133676475e-16
1887.8354307801958 -1.3223749994103069e-16 1.8930585507136654e-16
1889.380641388074 1.119556665959409e-16 1.9748152295738345e-16
1890.925860873944 1.557752352911374e-16 1.9368003909010615e-16
1892.4710892379585 2.2047546315535292e-16 1.9731509421813779e-16
1894.016326480271 1.5565226992999773e-16 1.9166047431583549e-16
1895.5615726010344 1.0405850711344813e-16 1.8995969833219786e-16
1897.106827600402 -4.716195805808403e-16 1.733147465299322e-16
1898.6520914785265 3.1666768778421367e-16 1.92089549443179e-16
1900.1973642355608 -1.482409169299798e-16 1.808473443554157e-16
1901.7426458716589 4.3577690496174174e-16 1.945590872357887e-16
1903.2879363869727 2.9395338757284633e-16 1.915748710486036e-16
1904.8332357816557 1.8716456901559747e-16 1.8582854659487122e-16
1906.378544055861 -3.2162036221870346e-17 1.7742582093943095e-16
1907.923861209742 -1.1098996300928728e-16 1.7732650632636539e-16
1909.4691872434514 1.608620651860935e-16 1.8099930736010904e-16
1911.0145221571422 1.5153505453163139e-16 1.8236283188184145e-16
1912.5598659509674 2.938718606516731e-16 1.8574054781258538e-16
1914.105218625081 4.162101262428122e-16 1.8950677393343322e-16
1915.6505801796347 9.433482695931988e-17 1.780428447368363e-16
1917.1959506147823 3.496166341576955e-16 1.8233170342102985e-16
1918.7413299306772 4.4751354568013004e-17 1.7592613587142741e-16
1920.2867181274723 6.802913352137391e-17 1.729744510433728e-16
1921.8321152053202 7.454344554302502e-17 1.749164858331901e-16
1923.377521164375 -2.6128881927651532e-17 1.702243335869851e-16
1924.9229360047889 -1.2489813150663959e-16 1.6445486131099103e-16
1926.4683597267153 1.545504918238567e-16 1.7258416737803557e-16
1928.0137923303075 1.1300336694235565e-16 1.7059700161399738e-16
1929.5592338157185 1.9406186566086063e-16 1.7449937504622655e-16
1931.1046841831014 3.2573223733903516e-16 1.7590173073463465e-16
1932.6501434326096 2.3241726451798906e-16 1.7274127875486144e-16
1934.1956115643957 6.793575475638403e-17 1.6652260108413679e-16
1935.7410885786137 1.087471388789661e-16 1.6865286247670175e-16
1937.286574475416 1.7334972634367585e-16 1.6619139796687055e-16
1938.832069254956 2.274056882064406e-16 1.71988557632328e-16
1940.377572917387 -1.5517574110527328e-17 1.599274305032474e-16
1941.923085462862 -1.8130674061529295e-16 1.5675024962276591e-16
1943.4686068915344 8.107356002309834e-18 1.6115320629193257e-16
1945.0141372035569 5.0906623881701797e-17 1.6163686210481478e-16
1946.5596763990832 -4.073358695879085e-18 1.6010963523113567e-16
1948.105224478266 -1.712469505085048e-17 1.5751317484533582e-16
1949.650781441259 2.849456553999399e-17 1.5784265742692794e-16
1951.1963472882153 -9.843879423299557e-17 1.5496657028941577e-16
1952.7419220192876 6.69012165078762e-17 1.596856290665859e-16
1954.2875056346297 1.8845290612837126e-16 1.613453239522817e-16
1955.8330981343947 -1.0520338463822562e-16 1.4987935658265544e-16
1957.378699518735 -3.335545932243735e-17 1.547501401365025e-16
1958.924309787805 -8.285314315805513e-17 1.52355683873733e-16
1960.4699289417572 2.1684643982834802e-17 1.5448627613854298e-16
1962.0155569807453 -1.1891412166697377e-16 1.5038807927682046e-16
1963.561193904922 8.207192070033555e-17 1.5449191420159814e-16
1965.106839714441 1.0713217130335227e-16 1.5403615753641612e-16
1966.6524944094556 -4.3021620645491117e-17 1.512980441250778e-16
1968.1981579901183 8.713597996738928e-17 1.5269719697015409e-16
1969.7438304565828 -4.4902688915440805e-17 1.4714476365200414e-16
1971.2895118090025 1.1002498072412782e-16 1.5478885218916998e-16
1972.8352020475304 1.9501694824844906e-16 1.5490578244056047e-16
1974.3809011723201 -1.621285912004755e-16 1.4193802565545235e-16
1975.9266091835248 2.2757861527657847e-16 1.5482478491497928e-16
1977.4723260812975 -8.698228319213203e-17 1.43823084244677e-16
1979.0180518657917 3.07747160300205e-16 1.5467488655309487e-16
1980.5637865371602 1.906562373475267e-16 1.4985974247597059e-16
1982.109530095557 7.595417229923216e-17 1.458944768474078e-16
1983.6552825411347 6.663002038096702e-17 1.458025075981817e-16
1985.2010438740472 3.9201709179399605e-16 1.539782681284272e-16
1986.7468140944477 -1.7028651109926948e-16 1.3694421056601662e-16
1988.2925932024891 2.452601898224956e-16 1.5138817372462157e-16
1989.8383811983251 2.1200263559736e-17 1.390686486070692e-16
1991.3841780821085 -1.3030070616757453e-16 1.362730825391054e-16
1992.929983853993 -2.1836373722595404e-17 1.3864396746313958e-16
1994.475798514132 1.2456987976979894e-16 1.4065875444219214e-16
1996.021622062679 1.4481924793020726e-16 1.4248514276492963e-16
1997.567454499787 1.4615139914566676e-17 1.3538158036212024e-16
1999.113295825609 1.5755912638272437e-16 1.4143590717129796e-16
2000.6591460402988 -1.2075329820198132e-17 1.3498895412128827e-16
2002.2050051440096 1.203622833089826e-16 1.3679492100906305e-16
2003.7508731368948 9.141154420477788e-17 1.3728282522157132e-16
2005.2967500191078 9.531759693637168e-17 1.3600414957835215e-16
2006.8426357908018 3.3064728498182115e-17 1.341141543752318e-16
2008.38853045213 -8.303553317440062e-17 1.294797724230075e-16
2009.9344340032465 -2.0716027066063783e-17 1.3022348058558657e-16
2011.480346444304 1.194434246147791e-16 1.3257890715833337e-16
2013.026267775456 1.3896380181006689e-16 1.3373403510526162e-16
2014.572197996856 3.7985735150100933e-16 1.3991756090867523e-16
2016.118137108657 1.0200604040313255e-16 1.313204147220605e-16
2017.6640851110124 1.5391857877542539e-16 1.29587530895766e-16
2019.2100420040765 2.765909591595869e-16 1.350689722650242e-16
2020.7560077880019 4.683280237826999e-17 1.2881138401828505e-16
2022.301982462942 -4.472849460460449e-17 1.2477783959323967e-16
2023.8479660290502 1.9873124066171837e-16 1.3233173235641273e-16
2025.3939584864806 1.3358499701121427e-16 1.2585010389512481e-16
2026.9399598353857 1.0524418780348164e-16 1.2782586118415467e-16
2028.4859700759189 1.3725717600513728e-16 1.2613610986372115e-16
2030.0319892082346 3.9676363281983764e-17 1.2302617545831778e-16
2031.5780172324858 -5.848202003207878e-17 1.2162155660375374e-16
2033.1240541488253 5.751505251344919e-17 1.2037555790345286e-16
2034.670099957407 1.9399640589590564e-16 1.279182671847442e-16
2036.2161546583845 1.231920086275224e-16 1.2343087191864812e-16
2037.7622182519108 9.253600691203756e-17 1.210890111079472e-16
2039.3082907381397 -4.291681686188065e-17 1.169959493834674e-16
2040.8543721172246 -1.6046539568642738e-17 1.1771284365930996e-16
2042.4004623893188 2.854713121356051e-17 1.185230703780281e-16
2043.9465615545757 9.888840329186509e-17 1.1944616423696788e-16
2045.4926696131495 -4.581084521600685e-16 1.0301952194196722e-16
2047.0387865651928 8.367064244871883e-17 1.183497197914166e-16
2048.5849124108595 -7.446594864579615e-17 1.1410754056355064e-16
2050.1310471503025 2.221023288968977e-17 1.1621853195656557e-16
2051.677190783676 -5.418531967567823e-17 1.1298773653750085e-16
2053.2233433111332 8.094674330902661e-17 1.1694993167162985e-16
2054.769504732828 -2.4132741584839386e-16 1.0596993622060096e-16
2056.315675048913 -6.423115028244894e-17 1.1176282101665273e-16
2057.8618542595423 6.989962049692782e-17 1.1606275730360958e-16
2059.4080423648693 8.297727980694219e-17 1.1426680922741405e-16
2060.954239365047 1.458213408463683e-16 1.168213414823248e-16
2062.50044526023 3.645698626409473e-17 1.138213625413869e-16
2064.0466600505715 6.360701934922052e-17 1.135080529951314e-16
2065.592883736224 1.6299358389318955e-16 1.150071689628735e-16
2067.1391163173425 -1.498971707443274e-17 1.109575970862793e-16
2068.685357794079 -5.995308465088798e-17 1.0727982635141544e-16
2070.231608166589 -1.953638479450191e-17 1.08611441553838e-16
2071.777867435024 9.295208537759664e-17 1.135188526652089e-16
2073.3241355995387 1.6796468791172703e-16 1.1187870571174896e-16
2074.870412660286 1.5541383015534564e-16 1.1426707392521007e-16
2076.41669861742 -1.0671392893331076e-16 1.0240863913342946e-16
2077.9629934710943 4.5320712909800603e-17 1.0777987357531599e-16
2079.5092972214625 5.2191185742159896e-17 1.0693785665129621e-16
2081.0556098686775 9.360616686644437e-17 1.0711046608407888e-16
2082.601931412893 4.0654620161613476e-17 1.0683740383770777e-16
2084.148261854263 -7.462594522859861e-17 1.022782092944421e-16
2085.6946011929417 4.927141354213757e-17 1.0518164633172773e-16
2087.240949429081 6.802243004968978e-17 1.0616151125046825e-16
2088.7873065628355 1.6971258010305568e-16 1.0666902295221648e-16
2090.3336725943586 1.445764009372515e-16 1.0600182568757611e-16
2091.880047523804 5.002206009569474e-17 1.0239066615307991e-16
2093.4264313513254 1.8944384203243019e-16 1.0661192763761562e-16
2094.9728240770764 1.3189510010699294e-16 1.048800298106113e-16
2096.5192257012104 1.770570042653507e-16 1.051375873835807e-16
2098.065636223881 1.3336208176229858e-16 1.0416790009509704e-16
2099.6120556452424 -1.4856349917090201e-18 9.879733401514545e-17
2101.1584839654474 2.0118494952612627e-16 1.0408258137799587e-16
2102.7049211846497 -2.97582659054035e-17 9.684960160526889e-17
2104.2513673030035 -1.4545910191251908e-16 9.32714035638217e-17
2105.797822320662 4.047744469184952e-17 9.930487880411819e-17
2107.344286237779 4.868120032274628e-17 9.769553605666972e-17
2108.890759054508 9.765501744154442e-17 9.934232030736479e-17
2110.4372407710034 2.228448062147253e-17 9.686437835973154e-17
2111.983731387418 1.1244829566410807e-16 9.854407116391642e-17
2113.5302309039052 1.0324824730750549e-16 9.91802987864228e-17
2115.0767393206193 -1.160323551073758e-17 9.395947224967802e-17
2116.623256637714 -7.70639111915884e-17 9.139148011183979e-17
2118.169782855343 -9.827971747503427e-17 9.154152405751201e-17
2119.716317973659 3.117574245540907e-17 9.355601986898895e-17
2121.262861992817 4.5629727734315713e-17 9.625752557513814e-17
2122.8094149129697 1.687255087868186e-16 9.655224010122343e-17
2124.3559767342713 -5.0120375474580343e-17 9.142709520029387e-17
2125.9025474568757 1.5484191086238158e-16 9.784430945292106e-17
2127.4491270809363 1.173033826386513e-16 9.53365360636767e-17
2128.995715606606 1.003064290897974e-16 9.630491971551497e-17
2130.5423130340405 1.252257744385494e-16 9.453350250756531e-17
2132.0889193633916 4.1770546364951615e-17 9.247003098638033e-17
2133.635534594814 -1.0320359278931742e-16 8.68070201639443e-17
2135.1821587284608 9.430047580284178e-17 9.299505906477999e-17
2136.7287917644867 1.4040456514867705e-16 9.470266425155486e-17
2138.2754337030437 1.723553890729381e-16 9.375280282799287e-17
2139.822084544288 -8.158005263833191e-17 8.824587767842314e-17
2141.368744288371 -5.0383451169416095e-18 8.979530607974317e-17
2142.9154129354474 6.659341929322277e-17 9.032341788746642e-17
2144.4620904856715 -2.861705113637839e-17 8.830677802384174e-17
2146.008776939196 1.0747251972947089e-16 9.164802521573944e-17
2147.5554722961756 9.290902566362957e-17 9.071218615792144e-17
2149.1021765567634 9.52809805457861e-19 8.856186067241839e-17
2150.6488897211134 1.2314060431553592e-16 9.160023402866857e-17
2152.195611789379 -1.8304118615858393e-16 8.149974332702037e-17
2153.7423427617146 1.0947434975140842e-16 9.0263834413583e-17
2155.2890826382745 1.4790017145716717e-16 9.034993398918242e-17
2156.8358314192105 1.2085668750674433e-17 8.705232222895812e-17
2158.382589104678 9.181574435674069e-17 8.887974949054497e-17
2159.9293556948305 1.7636448865652131e-16 9.074243449856128e-17
2161.476131189821 1.3748422053967084e-16 8.975589257791624e-17
2163.022915589805 -8.447988875161595e-19 8.499391305312196e-17
2164.5697088949346 1.545552828539646e-16 8.921260696903631e-17
2166.1165111053647 8.770416536706828e-18 8.359348965862479e-17
2167.663322221248 9.63786909912649e-17 8.691601609889918e-17
2169.2101422427395 3.2250762923095234e-17 8.505448914374045e-17
2170.756971169992 -1.3142861821798856e-17 8.330001921218077e-17
2172.3038090031605 -9.203885647464217e-18 8.314153140681561e-17
2173.8506557423975 1.524041897448531e-16 8.728775106618051e-17
2175.3975113878582 6.089834695024418e-17 8.31692982056178e-17
2176.9443759396954 1.1547369882835342e-16 8.615256809818214e-17
2178.4912493980632 1.3405597379966726e-16 8.528983195417913e-17
2180.038131763116 6.105883984141417e-17 8.23909940410993e-17
2181.5850230350065 -2.114961859955183e-17 8.119935765065541e-17
2183.13192321389 -7.361090859021234e-17 7.832849167716967e-17
2184.678832299919 -4.1094931710397903e-17 8.006228871086042e-17
2186.225750293248 -7.994055419447221e-17 7.860988528667041e-17
2187.772677194031 -2.1810702668593188e-16 7.257799823315002e-17
2189.319613002421 -8.624731005682152e-18 8.041724845531917e-17
2190.8665577185734 3.4914486327585446e-17 8.131468648038e-17
2192.4135113426414 -7.74523552072433e-17 7.660868392199842e-17
2193.9604738747785 -4.240071571665166e-17 7.845465326419626e-17
2195.5074453151387 -1.1325575629085783e-16 7.508055045836795e-17
2197.0544256638764 6.701567183487394e-17 8.057156065295216e-17
2198.601414921145 6.174778864744224e-17 8.046073168575986e-17
2200.1484130870986 4.9631651526085025e-18 7.898030999986145e-17
2201.695420161891 -9.840534304902392e-18 7.775757823583047e-17
2203.242436145676 -2.9384608570378595e-17 7.817493386825532e-17
2204.789461038608 1.1216213087683412e-16 8.10025879265413e-17
2206.3364948408403 -8.238838676780853e-17 7.507220586034852e-17
2207.8835375525273 -1.3463347821612728e-16 7.410401411441235e-17
2209.4305891738227 -1.6564723554654132e-17 7.646150532996808e-17
2210.9776497048806 2.7195398978640653e-17 7.742347006025295e-17
2212.5247191458548 -2.794599507418046e-18 7.608294777699441e-17
2214.0717974968993 4.6214862064745924e-17 7.764494932362525e-17
2215.6188847581684 -8.698587646471296e-17 7.383898544615036e-17
2217.1659809298153 4.7783219667203616e-17 7.640929368970373e-17
2218.7130860119946 -3.9115134471256335e-17 7.476243664711476e-17
2220.2602000048596 3.33319839366531e-17 7.639073837420294e-17
2221.8073229085653 1.8737296889912408e-17 7.399485274333495e-17
2223.354454723265 9.406707190375891e-17 7.780598484527707e-17
2224.901595449112 5.822298676889657e-17 7.591643301096504e-17
2226.4487450862616 4.216088627857049e-17 7.51577164833518e-17
2227.9959036348673 -8.94495909058103e-17 7.127695562616742e-17
2229.5430710950827 -6.624927907117621e-17 7.320247989095816e-17
2231.090247467062 9.81304940925297e-17 7.585309744582308e-17
2232.63743275096 4.186064618599334e-17 7.421621951014394e-17
2234.1846269469293 -2.199471098108908e-17 7.364233483604445e-17
2235.731830055125 -5.873053155786931e-17 7.049661990606449e-17
2237.2790420757005 9.102410604074784e-17 7.592490995788248e-17
2238.82626300881 -5.571162672451618e-17 7.030471400395219e-17
2240.3734928546082 -4.2149630004794866e-17 7.151466086443556e-17
2241.9207316132474 -1.0391973929388623e-16 6.83113543114872e-17
2243.4679792848833 1.7934484025588457e-16 7.669032333973495e-17
2245.0152358696696 -6.319400476065035e-17 7.072649008957053e-17
2246.562501367759 2.120369801363932e-17 7.285769777675625e-17
2248.1097757793077 1.175652878729203e-16 7.483272714684707e-17
2249.6570591044683 -2.125070337912826e-17 7.096053588080873e-17
2251.204351343395 2.4117896670694265e-17 7.217316280647677e-17
2252.7516524962425 3.353273736259727e-17 7.126861102814798e-17
2254.2989625631644 1.3027971563235038e-16 7.505125502979378e-17
2255.846281544314 -3.623215195615792e-17 7.058683553239198e-17
2257.3936094398473 -4.233297293320602e-17 6.914449724189551e-17
2258.9409462499166 -7.660329070440457e-17 6.950451271425819e-17
2260.488291974677 2.7330184750733718e-17 7.120385932979733e-17
2262.035646614282 -3.311740335958949e-17 6.940369594120023e-17
2263.5830101688857 -9.80960370569332e-17 6.731982283738724e-17
2265.1303826386425 -5.897188962572248e-17 6.814088893085228e-17
2266.677764023707 -1.8977493596185556e-17 6.891604319159817e-17
2268.225154324232 -5.670704925621759e-17 6.871733455612823e-17
2269.772553540372 -1.241386870600873e-16 6.66780762658339e-17
2271.319961672282 -7.107846371201797e-18 6.909887657675199e-17
2272.867378720115 4.225727598099007e-17 7.228162934583962e-17
2274.414804684026 -3.44154019419179e-17 6.787009646808202e-17
2275.9622395641686 -3.0499783693720535e-17 6.815801487825457e-17
2277.509683360697 6.81739496855748e-17 7.209106678504211e-17
2279.057136073766 1.0536461868322446e-16 7.057123821476168e-17
2280.6045977035283 -4.3865794856548434e-17 6.853845840302486e-17
2282.1520682501396 5.718821029237234e-17 6.997432483240871e-17
2283.699547713753 3.4640534034875234e-17 6.989590811033868e-17
2285.247036094523 -3.2017226675114363e-17 6.885472594715084e-17
2286.7945333926036 2.3093331738831996e-18 6.801303989537608e-17
2288.342039608149 8.234154849280333e-17 7.058364592394997e-17
2289.889554741314 1.291053970952109e-16 7.225076558282405e-17
2291.437078792251 1.7170519864169182e-16 7.251265758220323e-17
2292.984611761117 4.803113893167556e-17 6.915315285982527e-17
2294.5321536480637 9.844724801885586e-18 6.722507426130297e-17
2296.079704453246 4.6690517386743517e-17 6.836309611316362e-17
2297.627264176819 4.508446020068811e-17 6.863624438631843e-17
2299.1748328189356 9.201013180069065e-17 7.019269389667781e-17
2300.7224103797503 -2.96599836137424e-17 6.607377119752716e-17
2302.269996859418 -3.643654497679732e-17 6.588189176519446e-17
2303.8175922580917 -5.085719487701808e-17 6.535945110775087e-17
2305.3651965759273 5.431552783026143e-17 6.889393430818585e-17
2306.9128098130777 7.098600642623047e-17 6.844573476508012e-17
2308.4604319696973 1.1985131068355145e-16 7.00894948434557e-17
2310.0080630459406 -1.3739467492963952e-17 6.491524850136499e-17
2311.5557030419614 -6.284708521174561e-17 6.457181634592277e-17
2313.103351957914 1.3271023531546597e-17 6.68824825213631e-17
2314.6510097939536 1.0782131201528245e-16 6.86108797200151e-17
2316.1986765502334 7.766955298376503e-17 6.895416629166951e-17
2317.7463522269077 3.0543073363897885e-18 6.51634159200207e-17
2319.294036824131 1.274333143526615e-16 7.049593830923975e-17
2320.841730342058 1.0478724661566245e-16 6.781298791859136e-17
2322.389432780842 9.601395066324332e-17 6.792967332452054e-17
2323.937144140638 -2.310367232366952e-17 6.429531964564835e-17
2325.4848644216004 3.2455579460208264e-17 6.569922381616315e-17
2327.032593623882 -7.137264387942755e-17 6.293634130856253e-17
2328.580331747639 5.084681210596931e-17 6.751798884237534e-17
2330.128078793025 -3.2870367524011755e-17 6.278586061152688e-17
2331.675834760194 4.487675184015359e-17 6.592847857729345e-17
2333.2235996493 4.064551455743049e-17 6.635974407889899e-17
2334.7713734604977 -2.850738353076611e-17 6.357927902019795e-17
2336.3191561939416 4.33099361023577e-17 6.594721256380655e-17
2337.866947849786 1.7085425478450137e-17 6.368531033983744e-17
2339.414748428185 1.6662335830019064e-17 6.591145189156465e-17
2340.9625579292924 1.0246654177630817e-16 6.530453954996715e-17
2342.5103763532634 1.0119262738469486e-17 6.463502617961163e-17
2344.058203700252 1.6180438603119147e-17 6.417688723426546e-17
2345.606039970412 3.175448557483639e-18 6.322252594817118e-17
2347.153885163899 1.7522356174634937e-16 6.926387594789917e-17
2348.701739280866 -2.1402583665760345e-17 6.203905548473441e-17
2350.2496023214676 -1.0301063471346595e-16 6.143002556076877e-17
2351.797474285859 8.466971781000528e-17 6.505782135174463e-17
2353.345355174193 3.7394396965076575e-17 6.404842277641352e-17
2354.8932449866265 2.2180475894333788e-17 6.441921144907409e-17
2356.441143723311 -6.298917498864752e-17 6.11902556796917e-17
2357.9890513844025 3.500809670314685e-17 6.393908935176871e-17
2359.5369679700552 3.760614858444525e-17 6.490508410599794e-17
2361.0848934804226 -4.6905435453497044e-17 6.093621858740931e-17
2362.63282791566 5.832970630280571e-17 6.392000464067589e-17
2364.180771275922 8.162389982824212e-17 6.559783794284375e-17
2365.728723561362 6.64753309889747e-17 6.358444062722028e-17
2367.276684772135 -2.8531018562408587e-18 6.318253672863791e-17
2368.824654908395 2.4366871417627825e-17 6.2678525655242e-17
2370.3726339702966 1.0773139417397549e-16 6.578568073378719e-17
2371.920621957994 4.3033138308340305e-17 6.38843167603279e-17
2373.468618871643 9.454233679650738e-17 6.49607169652758e-17
2375.0166247113953 1.2581941218567665e-16 6.631957618835342e-17
2376.564639477408 2.3776322362907842e-17 6.21465227899173e-17
2378.112663169834 5.4752229562852675e-17 6.327113108096479e-17
2379.6606957888284 7.5115569976781e-17 6.493656329138926e-17
2381.208737334545 2.53020172980925e-17 6.261044538210644e-17
2382.756787807138 7.308261811147677e-17 6.474406843668082e-17
2384.3048472067635 1.7629286143291912e-16 6.684104408139665e-17
2385.852915533574 4.138364421395851e-17 6.174598870242932e-17
2387.400992787725 -2.946550021684138e-17 6.074940150042543e-17
2388.9490789693705 1.0056979677938938e-16 6.455180519254389e-17
2390.497174078666 8.473888996154942e-17 6.314612092935088e-17
2392.045278115764 1.8943693341995414e-16 6.822420256214862e-17
2393.593391080821 -8.63411702409279e-18 6.004245324426821e-17
2395.14151297399 1.161767626443541e-16 6.529237006879527e-17
2396.689643795426 1.7677338057691853e-16 6.535516300345539e-17
2398.2377835452835 5.1375992631043986e-17 6.229270876521257e-17
2399.7859322237173 8.949935409146149e-17 6.417768132765351e-17
2401.3340898308816 8.383595945722123e-17 6.404281780058286e-17
2402.8822563669305 1.2050518041416237e-16 6.450418605904044e-17
2404.430431832019 8.217810422120775e-17 6.287173519399969e-17
2405.9786162263013 9.654253230955451e-17 6.347448516275483e-17
2407.526809549932 4.2557347328722254e-17 6.159941891532982e-17
2409.0750118030655 2.916056504710738e-17 6.14414605055567e-17
2410.623222985857 2.7662595551694278e-17 6.135868950474219e-17
2412.17144309846 1.0613698369094482e-17 6.049853416425035e-17
2413.719672141029 1.1854559616046915e-16 6.381542915891449e-17
2415.2679101137196 1.3388525695612612e-16 6.411777359896997e-17
2416.816157016686 7.754454283215111e-17 6.258163302700999e-17
2418.3644128500823 2.1583191935066398e-17 6.099457783398615e-17
2419.912677614063 6.6458099162454e-17 6.167888781113902e-17
2421.4609513087826 1.1914796893486496e-16 6.382677807691871e-17
2423.0092339343964 1.1332572915323492e-17 6.041560434475823e-17
2424.5575254910577 2.6152071108943843e-17 6.066764296868069e-17
2426.1058259789224 9.678131619134141e-17 6.28017821839573e-17
2427.6541353981443 6.136650470716959e-17 6.254976341236955e-17
2429.2024537488787 2.5547124148481762e-17 6.000417794296416e-17
2430.750781031278 5.624871840496931e-17 6.149899257152099e-17
2432.2991172455 -1.2883678838925778e-17 5.960069909249549e-17
2433.847462391697 2.7979582742953174e-17 6.049795182909911e-17
2435.395816470024 7.11861576646887e-17 6.103556628769938e-17
2436.9441794806353 8.882025204344526e-17 6.222638873242052e-17
2438.492551423687 9.21217151566016e-17 6.182579508792844e-17
2440.0409322993323 1.3215553626849403e-16 6.304638941725658e-17
2441.5893221077263 3.1367383659725354e-17 6.015181975613752e-17
2443.137720849023 1.0937747697551111e-16 6.153362827812981e-17
2444.686128523378 5.528960827497836e-18 5.981807554002953e-17
2446.2345451309448 -1.8652161806907225e-17 5.751549588225752e-17
2447.782970671879 1.1389281771142167e-16 6.194334737913957e-17
2449.331405146335 4.9808889034394925e-17 6.013219241456287e-17
2450.8798485544667 5.04451753867248e-18 5.878100281012485e-17
2452.4283008964294 1.3290731771385163e-16 6.290439890202818e-17
2453.976762172378 6.542643950247786e-17 5.976724694574937e-17
2455.5252323824666 1.5422323270375112e-16 6.349976380227445e-17
2457.0737115268503 2.2560102164658875e-18 5.912626138035958e-17
2458.622199605683 2.861694525725998e-17 5.919006016664457e-17
2460.17069661912 6.826714316210747e-17 5.993118752571248e-17
2461.7192025673157 4.434994036035327e-17 5.965622607265495e-17
2463.267717450425 9.423246170415522e-17 6.085152191012878e-17
2464.816241268602 -3.196509113546637e-17 5.724901137611744e-17
2466.364774022002 6.377383190027042e-17 6.06257148377916e-17
2467.9133157107794 1.3693384764730255e-16 6.242751273527911e-17
2469.461866335089 8.917120161629436e-17 6.056520492162212e-17
2471.0104258950855 5.0766688083114976e-18 5.850976697854626e-17
2472.5589943909235 6.145849794463345e-18 5.759981536517872e-17
2474.1075718227576 1.890517815831372e-17 5.843427516712222e-17
2475.6561581907417 5.835464083519051e-17 5.957637336504153e-17
2477.2047534950325 -4.4828093767800773e-17 5.609543852874078e-17
2478.7533577357835 1.4105216154152236e-16 6.270552483043573e-17
2480.301970913149 -1.7664898584768035e-17 5.671087413937004e-17
2481.8505930272845 9.124209129321271e-17 6.069967801944365e-17
2483.399224078344 1.1864698865123345e-16 6.162377111256339e-17
2484.947864066483 6.367218629223868e-18 5.746815468143988e-17
2486.496512991856 2.6878456455134834e-17 5.85448129667389e-17
2488.045170854617 -3.1583152068148586e-17 5.733211324917696e-17
2489.5938376549225 2.90874753681822e-17 5.716833810533636e-17
2491.142513392925 1.5224760776361927e-16 6.201842890897979e-17
2492.691198068781 -2.1424207821333707e-17 5.634400299409052e-17
2494.239891682644 2.7885227904840475e-17 5.812803305202039e-17
2495.7885942346693 -2.8691584659062787e-18 5.703406353086186e-17
2497.3373057250124 8.607892255388532e-17 5.959889914748258e-17
2498.8860261538266 -3.119321250994619e-17 5.582489091143184e-17
2500.434755521268 8.251825412397936e-17 5.974676595378256e-17
2501.9834938274907 8.05764658339846e-18 5.675964470828616e-17
2503.5322410726494 1.2155967025904497e-16 6.064012101533983e-17
2505.080997256899 1.2037075198409393e-17 5.75947530198299e-17
2506.629762380395 7.188749432757036e-17 5.942268320722918e-17
2508.178536443291 -4.474055158921306e-17 5.532013206676218e-17
2509.727319445742 3.889758927887734e-17 5.838856847519499e-17
2511.2761113879037 -4.9094625192900286e-18 5.636098335770501e-17
2512.8249122699303 6.51633431281268e-17 5.816274816796801e-17
2514.3737220919766 -4.8937063829821185e-17 5.609818476837446e-17
2515.922540854197 2.3451821062964515e-17 5.724400858777271e-17
2517.4713685567476 1.339223014126787e-16 6.078747166093757e-17
2519.0202051997817 5.304885623209163e-17 5.774590207880049e-17
2520.5690507834547 -5.757304118311161e-17 5.39328674614495e-17
2522.1179053079222 1.1353548892168857e-16 5.95868024582046e-17
2523.6667687733384 3.202400376587301e-18 5.627802045098839e-17
2525.2156411798574 5.588119213264465e-17 5.833038128218556e-17
2526.764522527635 2.6620157728336576e-17 5.712764081919875e-17
2528.3134128168263 7.154741059924776e-17 5.742857574349045e-17
2529.8623120475854 -6.013402544680028e-17 5.4651786675431586e-17
2531.411220220067 3.9762016180052405e-17 5.681729588825866e-17
2532.960137334427 2.691065363329785e-17 5.665583685013321e-17
2534.50906339082 1.0249393138075103e-16 5.904883727502462e-17
2536.0579983894 7.030300670316788e-17 5.708168928181021e-17
2537.6069423303225 4.5221696081755556e-17 5.749607368147477e-17
2539.155895213742 1.5383693274024395e-16 5.977258722378401e-17
2540.7048570398138 1.0164090964586185e-16 5.86321764743143e-17
2542.253827808693 1.4471344822113928e-16 6.070339040603278e-17
2543.802807520534 6.733728627447946e-17 5.739866489254053e-17
2545.351796175492 3.500194247938945e-17 5.648036206370866e-17
2546.9007937737215 -9.571541787145048e-18 5.552819776932132e-17
2548.4498003153776 -3.365976914362826e-17 5.4567675642024744e-17
2549.9988158006154 -4.568992993929732e-17 5.4858591754737194e-17
2551.54784022959 6.671176567782196e-17 5.624312666402845e-17
2553.0968736024556 1.2174839647888262e-17 5.633319670656813e-17
2554.645915919368 -8.762896637758109e-17 5.2767101971843816e-17
2556.194967180481 1.8371555673349637e-17 5.621200482066176e-17
2557.7440273859506 4.1715049163294207e-17 5.793978659693802e-17
2559.293096535931 -2.87848993175552e-17 5.363869556584604e-17
2560.8421746305776 7.81339586494319e-17 5.838366494852377e-17
2562.3912616700454 2.206813318662051e-17 5.595027825740508e-17
2563.940357654489 4.711191958672498e-17 5.590014449483946e-17
2565.489462584064 6.954841946117251e-17 5.830400414681247e-17
2567.0385764589246 1.3157234912122577e-17 5.565101092922829e-17
2568.5876992792264 7.720261945414619e-17 5.711419417116109e-17
2570.1368310451235 1.1794659828297255e-16 5.971118395255298e-17
2571.6859717567713 6.696803284903579e-17 5.68195524369697e-17
2573.2351214143255 1.2410661892209984e-16 5.929584002337785e-17
2574.7842800179396 6.616824184092562e-17 5.714487926316436e-17
2576.3334475677702 1.4888247821307594e-16 5.896726403173709e-17
2577.8826240639714 1.6938737239086924e-16 6.081009008760722e-17
2579.4318095066983 1.0895730231155867e-16 5.816284081219662e-17
2580.9810038961064 1.8266977544610272e-16 6.099780052965266e-17
2582.5302072323498 6.316033520099699e-17 5.736422109183382e-17
2584.0794195155836 1.6556696263117672e-16 5.9794318912837e-17
2585.6286407459634 9.2381795216849e-19 5.499561256884538e-17
2587.1778709236446 1.4853054925838158e-16 5.921436604176383e-17
2588.727110048781 8.694995035634856e-17 5.790559425913753e-17
2590.276358121528 1.4379694533732032e-16 5.945383813782038e-17
2591.825615142042 1.1829425236826123e-16 5.867243700908849e-17
2593.374881110476 1.1238991656519653e-16 5.958074087867581e-17
2594.924156026986 1.6810810117760903e-16 5.935244564705608e-17
2596.473439891727 9.341654398282271e-17 5.816295330875992e-17
2598.022732704854 8.178589487940451e-17 5.764326550839491e-17
2599.572034466523 1.6421149815733303e-16 5.984319536087154e-17
2601.121345176887 1.83276370150345e-16 6.079794045877004e-17
2602.670664836103 6.029193091701421e-17 5.679946849169692e-17
2604.2199934443247 4.269358397560974e-17 5.66011105808067e-17
2605.7693310017085 1.0195294202525155e-16 5.818737829788739e-17
2607.318677508408 3.5108695100523096e-17 5.6229865304448e-17
2608.8680329645795 9.762993070792692e-17 5.8465258044146e-17
2610.4173973703773 1.3884272903816872e-16 5.959117658928378e-17
2611.966770725957 1.587840154337929e-16 5.981057135751245e-17
2613.5161530314736 6.076021440539273e-17 5.694911539067511e-17
2615.0655442870816 1.9633691674784688e-16 6.064838620402046e-17
2616.6149444929374 2.0149546651063377e-16 6.142199860010455e-17
2618.1643536491943 1.8397683992794472e-16 6.009453253563455e-17
2619.713771756009 1.8879376740646966e-17 5.628455848655001e-17
2621.2631988135363 4.817354303721024e-17 5.684419580177888e-17
2622.8126348219307 1.5341769113602248e-16 5.977483715505016e-17
2624.362079781348 2.3419340161851395e-18 5.558177260323515e-17
2625.9115336919426 1.0582422670133852e-16 5.886902806219029e-17
2627.4609965538702 8.2379982612785e-17 5.732969126434341e-17
2629.010468367286 2.950820589750627e-17 5.577308955275132e-17
2630.5599491323446 6.047761642092011e-17 5.707261676485173e-17
2632.1094388492015 1.833331842235376e-17 5.59616271754093e-17
2633.658937518012 1.322237753603072e-16 5.942630956703461e-17
2635.208445138931 2.604235056377236e-17 5.634307655180446e-17
2636.757961712114 1.858906711675964e-16 6.105717886274416e-17
2638.307487237716 1.0680322473479708e-16 5.813156015015231e-17
2639.8570217158917 -1.0683441275261278e-17 5.558501515123636e-17
2641.406565146797 1.1891204378927504e-16 5.910196212268522e-17
2642.9561175305867 1.3173321093494896e-16 5.880878284381683e-17
2644.505678867416 1.0374620838190118e-17 5.610251257733934e-17
2646.05524915744 -1.2902848749621694e-17 5.475947566501864e-17
2647.604828400814 1.2656227331530847e-16 5.917738775966026e-17
2649.154416597693 1.3870634349877098e-16 5.978679487798522e-17
2650.7040137482327 5.03194149822953e-17 5.62657715604777e-17
2652.2536198525886 -1.5221550984712976e-17 5.595087382744612e-17
2653.803234910915 -7.801528304694891e-18 5.4531359104411216e-17
2655.352858923367 1.0801576563368142e-16 6.044099548084116e-17
2656.9024918901 6.225383789386748e-17 5.677866986237488e-17
2658.452133811271 4.826934047831123e-17 5.674813035415943e-17
2660.0017846870323 1.6318063259074494e-16 6.048282435005674e-17
2661.551444517541 -5.229839496699167e-17 5.3749193660793324e-17
2663.101113302952 1.1978906699681806e-16 5.87911804403817e-17
2664.65079104342 1.588716171693847e-16 5.978925656748818e-17
2666.200477739101 6.73331503714167e-17 5.810194708422291e-17
2667.7501733901504 5.534194647387643e-17 5.76680544569919e-17
2669.2998779967224 1.0094123396165019e-16 5.79817014929373e-17
2670.8495915589733 5.278187872630646e-17 5.721675133222787e-17
2672.3993140770576 4.2094526541109034e-17 5.643840746303997e-17
2673.9490455511304 4.4565149594682417e-17 5.701339725043783e-17
2675.4987859813486 6.675751207441859e-17 5.781602052496538e-17
2677.0485353678655 6.616727569397015e-17 5.804888179356641e-17
2678.598293710838 1.0111508085662924e-16 5.866841360258903e-17
2680.14806101042 4.283849278403923e-17 5.746519006612449e-17
2681.6978372667677 2.4505190905297718e-17 5.731805117876356e-17
2683.2476224800357 7.65850265564794e-17 5.748320275114345e-17
2684.79741665038 8.15626686105785e-17 5.800985872098861e-17
2686.347219777956 5.3511031818827056e-17 5.771411849094375e-17
2687.897031862918 9.149673057298104e-17 5.840212100235106e-17
2689.4468529054225 1.3697899185641325e-16 6.127636849018092e-17
2690.996682905624 3.74993364063075e-17 5.686518633700303e-17
2692.5465218636778 -2.387617795209402e-17 5.582282626862291e-17
2694.0963697797397 7.739964725861142e-17 5.824105901091963e-17
2695.6462266539647 1.676037989366375e-16 6.127536263855605e-17
2697.1960924865084 7.613318080123353e-17 5.87599990400109e-17
2698.7459672775262 4.9315154852929373e-17 5.837258734576046e-17
2700.2958510271733 2.3048168504567213e-17 5.646334199542477e-17
2701.845743735605 1.1168179702129193e-16 6.006740101154281e-17
2703.3956454029762 7.588083115740076e-17 5.897793135291657e-17
2704.9455560294437 1.464345265257314e-17 5.631907507915062e-17
2706.495475615161 2.1260918728821044e-16 6.232340709210564e-17
2708.0454041602848 4.240537108913911e-17 5.829243023568163e-17
2709.5953416649695 1.6255323263973572e-16 6.129681639492323e-17
2711.1452881293717 1.5588149822134842e-16 6.128430280661652e-17
2712.6952435536455 1.117702060851616e-16 5.972793270559595e-17
2714.2452079379473 2.0057799747985936e-17 5.68568748262081e-17
2715.7951812824317 1.6085135816024462e-16 6.16738982576841e-17
2717.345163587255 1.4988913716621827e-16 6.01936353904633e-17
2718.895154852572 4.083328455648003e-17 5.733054491473556e-17
2720.445155078538 4.442120693320839e-17 5.780878765768922e-17
2721.9951642653086 1.6282608312787001e-16 6.129256799529715e-17
2723.5451824130387 9.253397535645313e-17 5.9471275105133e-17
2725.0952095218854 1.1485451774391052e-16 6.125465665346262e-17
2726.6452455920016 1.0788904156383829e-16 5.9670910182889e-17
2728.195290623545 1.8019745832663483e-16 6.231538013144142e-17
2729.7453446166696 1.7010663571198615e-16 6.228579353529163e-17
2731.295407571532 1.9592364407892558e-16 6.251917758203979e-17
2732.8454794882864 1.8279501720828815e-16 6.232768196151131e-17
2734.395560367089 1.9960291697378185e-16 6.247433115794961e-17
2735.945650208095 3.40215018429426e-17 5.770970465519517e-17
2737.49574901146 1.0317912147807565e-16 6.070755939632005e-17
2739.045856777339 1.4765307606458533e-16 6.172057109656679e-17
2740.595973505888 8.475810040409535e-17 6.028897953658862e-17
2742.146099197262 2.0893089377519943e-16 6.344958371759453e-17
2743.6962338516178 1.4792756767905492e-16 6.203764596897062e-17
2745.246377469109 2.2459893865659506e-16 6.437280330798742e-17
2746.796530049892 3.844239509651186e-17 5.884783238617423e-17
2748.3466915941226 2.929391450278481e-16 6.530629979031066e-17
2749.8968621019562 2.2849669311228373e-16 6.434019915696303e-17
2751.447041573547 1.4695963401346987e-16 6.239014402392642e-17
2752.997230009052 1.7566781729229445e-16 6.323634317312326e-17
2754.5474274086264 2.4415076195004966e-16 6.538529884753192e-17
2756.0976337724255 3.1908559627171027e-16 6.820544872330081e-17
2757.647849100605 2.419502762322014e-16 6.496490580789777e-17
2759.1980733933196 1.8354400609189777e-16 6.330632265294525e-17
2760.748306650726 2.668264427529781e-16 6.604583234515757e-17
2762.2985488729787 2.3323298371597456e-16 6.386788564464015e-17
2763.8488000602347 3.1150560430584994e-16 6.760436635066058e-17
2765.3990602126473 2.33252756641337e-16 6.533321293872069e-17
2766.9493293303744 2.5986200551175525e-16 6.556414191341079e-17
2768.49960741357 1.1982840108930618e-16 6.234586008265278e-17
2770.0498944623896 1.2263360215704501e-16 6.118286399373792e-17
2771.6001904769905 1.672326396870625e-16 6.401723475859782e-17
2773.150495457526 2.581451756067892e-16 6.644827225677687e-17
2774.7008094041526 2.912016157552335e-16 6.606371268127852e-17
2776.251132317026 2.9361978894052614e-16 6.777829265497843e-17
2777.801464196302 2.988164684208293e-16 6.702005920084292e-17
2779.3518050421358 3.136451565910551e-16 6.819840114448186e-17
2780.9021548546834 3.1705912288496356e-16 6.933245914684716e-17
2782.4525136340994 2.437736470000643e-16 6.57155358178427e-17
2784.0028813805407 3.757838906483246e-16 7.062673210769663e-17
2785.5532580941613 3.2978174304118036e-16 6.982769548830511e-17
2787.103643775118 3.831980759147599e-16 7.028700572139866e-17
2788.6540384235664 2.5262400309834885e-16 6.799093101196376e-17
2790.204442039662 3.920673843752393e-16 7.122105145164863e-17
2791.75485462356 2.6743852993648775e-16 6.805139460601894e-17
2793.3052761754166 2.7103744058047327e-16 6.87994636647874e-17
2794.8557066953867 2.8685578087044733e-16 6.866032526831107e-17
2796.4061461836263 3.295158276353017e-16 6.941541543611888e-17
2797.956594640291 1.706704420175023e-16 6.603200850276058e-17
2799.5070520655368 1.1863644044406217e-16 6.481125535475482e-17
2801.0575184595186 2.3700455673230194e-16 6.785189187716095e-17
2802.6079938223925 1.98894082745828e-16 6.68091678493113e-17
2804.1584781543143 2.025458138350087e-16 6.767273117392686e-17
2805.708971455439 1.6392979352792197e-16 6.446677102557344e-17
2807.2594737259233 1.9160662154923583e-16 6.832988977465329e-17
2808.809984965922 2.4480083326728773e-16 6.938987209880324e-17
2810.360505175591 1.7005640930519193e-16 6.601410169686003e-17
2811.911034355086 2.0315052918489927e-16 6.819831511769816e-17
2813.461572504563 2.2653962348765267e-16 6.871542873199691e-17
2815.0121196241766 1.9867998193351968e-16 6.737366236909709e-17
2816.562675714084 2.0110952388915123e-16 6.73566952403724e-17
2818.1132407744394 2.9472879329649844e-16 6.988426802475884e-17
2819.6638148054 2.9457476564899616e-16 7.038808057480774e-17
2821.21439780712 2.4688530194114176e-16 6.894482245947011e-17
2822.7649897797564 2.4677926400405736e-16 6.896202781621122e-17
2824.3155907234636 2.554796158613391e-16 6.973792323078596e-17
2825.866200638399 3.030802734586298e-16 7.00287069946004e-17
2827.416819524716 1.693651113062242e-16 6.66936404962397e-17
2828.967447382573 3.140974986546685e-16 7.022901043429134e-17
2830.518084212124 2.32837339920268e-16 6.882108285727708e-17
2832.068730013524 4.315397020524409e-16 7.458976103988309e-17
2833.6193847869317 2.220554310648884e-16 6.876408680434973e-17
2835.1700485325 2.704217005673786e-16 7.079045431197803e-17
2836.7207212503854 2.827121221622589e-16 7.026446008662291e-17
2838.271402940744 2.4738716896238993e-16 7.013733897008576e-17
2839.822093603732 2.734679486830603e-16 7.081321832243549e-17
2841.372793239504 3.525760084567244e-16 7.29348240970707e-17
2842.923501848217 5.285061015602023e-16 7.76862421798039e-17
2844.474219430025 3.6257684705561714e-16 7.286195941127213e-17
2846.0249459850857 2.445884926953229e-16 7.097683464759848e-17
2847.5756815135537 2.622385946732936e-16 7.073649566625997e-17
2849.1264260155854 2.362236982340519e-16 7.007383135137639e-17
2850.677179491336 2.5887166517773736e-16 7.22594873752028e-17
2852.227941940962 3.5445594514359614e-16 7.384242651749858e-17
2853.7787133646184 3.11621965456979e-16 7.306962806713724e-17
2855.3294937624614 1.9613795664947072e-16 7.040212941033134e-17
2856.880283134647 1.3448503569212097e-16 6.82488194571782e-17
2858.4310814813307 1.285983155273812e-16 6.951676822221378e-17
2859.9818888026684 2.62668675652262e-16 7.17680163598932e-17
2861.5327050988158 3.1620748419605856e-16 7.377122281037002e-17
2863.0835303699287 2.7054854375122993e-16 7.436411278622352e-17
2864.6343646161636 2.815357257474207e-16 7.388452008451018e-17
2866.185207837675 2.740379224472236e-16 7.335043272404184e-17
2867.73606003462 2.9855833513015354e-16 7.432964913318212e-17
2869.2869212071537 4.188433134478094e-16 7.676034252422634e-17
2870.8377913554327 3.1261034702730636e-16 7.517533873912163e-17
2872.388670479612 3.50129644956156e-16 7.557394053269868e-17
2873.939558579848 3.4464780654020377e-16 7.548905856696094e-17
2875.4904556562956 2.7514912379490285e-16 7.469107412130859e-17
2877.0413617091117 2.378506632372702e-16 7.354304669275849e-17
2878.5922767384523 2.8775609748403984e-16 7.605170681961951e-17
2880.143200744473 1.2238417742385822e-16 7.100753297449155e-17
2881.694133727329 3.2146390596892273e-16 7.655482453795386e-17
2883.2450756871763 1.4628875744946486e-16 7.17212641116717e-17
2884.796026624171 2.5621653452545035e-16 7.413033169278134e-17
2886.3469865384704 3.4086808083175907e-16 7.79264686645791e-17
2887.8979554302286 2.8908797738425843e-16 7.710868482378467e-17
2889.448933299602 3.4490331932269895e-16 7.797739652053276e-17
2890.9999201467463 2.3870375776405327e-16 7.600580822179017e-17
2892.5509159718176 1.9150714811749266e-16 7.463166931843748e-17
2894.1019207749723 1.3425563534720286e-16 7.300762260842027e-17
2895.652934556366 2.1023262459645168e-16 7.569879848307989e-17
2897.2039573161537 3.3917973240964443e-16 7.903341499518736e-17
2898.7549890544924 3.148225853272978e-16 7.859698126911458e-17
2900.3060297715374 3.040895132152833e-16 7.877991391594191e-17
2901.8570794674456 3.1301877572656055e-16 7.889777060961846e-17
2903.408138142372 2.977000260567889e-16 7.83990998142572e-17
2904.959205796473 3.921864189741081e-16 8.139964785545655e-17
2906.5102824299042 2.5638774105991413e-16 7.867736998976493e-17
2908.061368042822 2.2779534983195717e-16 7.818794376492956e-17
2909.6124626353817 3.22051826243656e-16 8.147130816628324e-17
2911.1635662077397 1.630068981923292e-16 7.564487954203123e-17
2912.714678760052 3.6448928863183974e-16 8.14643201444684e-17
2914.2658002924745 3.0546768876002527e-16 8.278203209515517e-17
2915.8169308051624 3.5295047642874963e-16 8.240293852914457e-17
2917.3680702982733 3.869108330808123e-16 8.412368596149168e-17
2918.9192187719623 3.771566663580278e-16 8.453857990441357e-17
2920.4703762263853 4.0164801522295506e-16 8.433573536588087e-17
2922.021542661698 2.2039197747048916e-16 8.010739983274661e-17
2923.5727180780564 2.739021324778669e-16 8.24846110341056e-17
2925.123902475618 2.3922010375474357e-16 7.999019826611519e-17
2926.6750958545376 3.1967349007666396e-16 8.380796766529244e-17
2928.2262982149705 3.8383544173778916e-16 8.621134424378771e-17
2929.7775095570732 2.475534521178478e-16 8.178249351272569e-17
2931.3287298810033 2.678200918094462e-16 8.362108440385956e-17
2932.8799591869147 3.526785523829014e-16 8.504811654430134e-17
2934.431197474964 3.1995589615523446e-16 8.525157650520978e-17
2935.982444745308 2.387951049734587e-16 8.361127073307223e-17
2937.5337009981017 2.922806033811375e-16 8.49695674733333e-17
2939.084966233502 2.755583465875451e-16 8.493876988476673e-17
2940.6362404516644 3.2769123925757715e-16 8.661926339978456e-17
2942.187523652746 3.9827407123580437e-16 8.831894750501362e-17
2943.738815836901 1.8219940746258057e-16 8.397980285702175e-17
2945.290117004287 3.203134764078738e-16 8.745360408771985e-17
2946.841427155059 3.474624970239298e-16 8.824282703632404e-17
2948.3927462893744 2.56822507189872e-16 8.61689859789801e-17
2949.9440744073877 3.283473456845644e-16 8.814519987170808e-17
2951.4954115092564 3.395085400118567e-16 8.976740693204298e-17
2953.046757595135 3.4503765345417757e-16 8.985800637017468e-17
2954.5981126651814 3.2090248194357074e-16 9.15475856370408e-17
2956.1494767195504 3.13974255360843e-16 8.90267891162324e-17
2957.700849758399 4.016440182862352e-16 9.276330952692223e-17
2959.252231781882 3.2136445900695916e-16 8.979350613473025e-17
2960.8036227901566 2.592137606093097e-16 8.91906899915261e-17
2962.3550227833784 3.0033199565192444e-16 9.197789822658068e-17
2963.906431761704 1.7441401000701108e-16 8.867319918286803e-17
2965.457849725289 2.46405140139167e-16 8.983365417294112e-17
2967.00927667429 1.5673997934828046e-16 8.839734437474895e-17
2968.5607126088626 3.0465742233663773e-16 9.26957189447093e-17
2970.112157529164 3.169646257717855e-16 9.317915638190979e-17
2971.6636114353487 3.1377088804416316e-16 9.554648112058755e-17
2973.215074327574 1.8298800837136413e-16 8.90891386820842e-17
2974.7665462059954 1.8489017967310127e-16 9.228402122767431e-17
2976.318027070769 1.640426871379232e-16 9.119743015757975e-17
2977.8695169220523 1.561197130028739e-16 9.216759390209624e-17
2979.42101576 2.715741683014569e-16 9.669614305802805e-17
2980.972523584769 3.4227148207646144e-16 9.62398768495887e-17
2982.5240403965145 2.8548004054542873e-16 9.905178138901167e-17
2984.075566195394 1.6122451587817954e-16 9.476339254340605e-17
2985.6271009815628 1.2701334482950098e-16 9.32105032184031e-17
2987.178644755177 6.754899157173383e-17 9.395251069764277e-17
2988.7301975163937 3.1858428511583373e-16 9.95108666289786e-17
2990.2817592653682 2.3087426165566735e-16 9.85828229212533e-17
2991.8333300022578 2.714405488540275e-16 9.982835840041115e-17
2993.384909727217 1.714364906740652e-16 9.87153107856047e-17
2994.9364984404033 2.2837704970848406e-16 9.983815883630868e-17
2996.488096141972 2.7555318498052276e-16 1.0334457745292096e-16
2998.03970283208 1.9480201363808328e-16 1.0092901154091911e-16
2999.5913185108834 1.4575507375313545e-16 9.952235451332573e-17
3001.1429431785386 1.337147651057116e-16 1.0090053667551258e-16
3002.6945768352016 2.2769958216935823e-16 1.0242025936667461e-16
3004.246219481028 1.6187246961304948e-16 1.0217045743912849e-16
3005.797871116175 3.4576083430267553e-16 1.08600476447638e-16
3007.3495317407987 1.0262469870942831e-16 1.0206565034679557e-16
3008.9012013550546 1.8198711983017496e-16 1.0395677713299391e-16
3010.4528799591 2.443961897465166e-16 1.080840973697232e-16
3012.00456755309 1.397469102395831e-16 1.0505937580230259e-16
3013.556264137182 2.49974510509117e-16 1.09132459460628e-16
3015.1079697115315 1.8609291351864317e-16 1.0811323397961976e-16
3016.659684276295 1.5383837534323224e-16 1.0499116979771392e-16
3018.211407831629 2.544107661610226e-16 1.11280396048522e-16
3019.7631403776895 2.0822748585206394e-16 1.1120111905861492e-16
3021.3148819146327 1.6641126919113205e-16 1.0944415435032778e-16
3022.866632442615 3.229760450682289e-17 1.088281496394371e-16
3024.418391961793 2.8564907655796517e-16 1.1451766332869933e-16
3025.9701604723227 3.5115241077018596e-16 1.1781094066251385e-16
3027.52193797436 9.238299835104995e-17 1.119167560199264e-16
3029.0737244680618 2.947954706713151e-16 1.1676566230093264e-16
3030.625519953584 2.1459831181593915e-16 1.15763542914992e-16
3032.1773244310834 1.7555054293376914e-16 1.167913776918157e-16
3033.7291379007156 2.1295882660696925e-16 1.1923015760052823e-16
3035.280960362638 8.963233164673552e-17 1.1498488140844888e-16
3036.8327918170057 2.1091385084428095e-16 1.1970183583814067e-16
3038.384632263976 3.028284664452789e-16 1.2461714156127777e-16
3039.9364817037044 3.4222463056656643e-16 1.251011414812948e-16
3041.4883401363477 5.090839007774572e-16 1.3189034878155443e-16
3043.0402075620623 9.725335177097847e-17 1.2092455436728185e-16
3044.5920839810046 2.0415665874244957e-16 1.2537315817137164e-16
3046.1439693933307 2.391706846762272e-16 1.2669448986441894e-16
3047.6958637991975 3.929346667038889e-16 1.3086530656647872e-16
3049.247767198761 3.74068225413661e-16 1.342641189115652e-16
3050.7996795921763 2.1229618214442037e-16 1.2783811669211026e-16
3052.351600979602 3.0586182377829454e-16 1.3312025385585748e-16
3053.903531361193 5.410870819257704e-16 1.4211624668151058e-16
3055.455470737106 2.174474924224862e-16 1.3137079994753233e-16
3057.007419107498 4.140844970616775e-16 1.4047841583376578e-16
3058.559376472525 3.259123112496655e-16 1.3820541615469867e-16
3060.1113428323424 8.202718015536378e-17 1.3301205863173554e-16
3061.663318187109 2.824037227601195e-16 1.3881856212939238e-16
3063.2153025369785 4.2018130786711596e-16 1.4511389628184355e-16
3064.767295882108 3.865628084186092e-16 1.422568673856446e-16
3066.3192982226556 1.538144863671417e-16 1.4122991934643756e-16
3067.871309558776 1.0181461757449798e-16 1.3675296640839436e-16
3069.4233298906256 3.7351831574243576e-16 1.4858973568557097e-16
3070.975359218362 3.1245224303374543e-16 1.4544278329339463e-16
3072.5273975421414 8.59451409790559e-18 1.3736895788439525e-16
3074.079444862119 2.217667251787727e-16 1.4854309593391278e-16
3075.6315011784523 5.267048330583068e-16 1.552836120745951e-16
3077.1835664912974 5.156675172995505e-16 1.597528226021048e-16
3078.735640800811 5.36963090263826e-16 1.586295378000374e-16
3080.2877241071496 4.663767642746914e-16 1.57937154540106e-16
3081.839816410469 5.172037703680737e-16 1.5978516867277807e-16
3083.391917710927 2.9860838948338035e-16 1.5563082940852035e-16
3084.9440280086783 5.319869834569438e-16 1.639740112947466e-16
3086.4961473038807 4.421997705123139e-16 1.6207942358486535e-16
3088.0482755966896 6.123690866623969e-17 1.5732028956137826e-16
3089.600412887263 4.495351552448749e-16 1.6698414139616177e-16
3091.152559175756 3.7035123308287233e-16 1.6600763152198577e-16
3092.7047144623257 4.41764474986764e-16 1.691747141815492e-16
3094.256878747128 1.6245115193470178e-16 1.6336286378841283e-16
3095.80905203032 6.726784148420543e-16 1.8017948534628528e-16
3097.3612343120585 1.698408394201157e-16 1.683415381639164e-16
3098.913425592499 2.5575641034663405e-16 1.7230153630633845e-16
3100.465625871799 5.752886312095638e-16 1.8041656192728788e-16
3102.0178351501154 4.484168599962624e-16 1.816071990835518e-16
3103.5700534276025 5.617195339714643e-16 1.8163806284656739e-16
3105.1222807044187 1.4839699598540122e-16 1.7648184242438544e-16
3106.6745169807205 2.9600315436564253e-16 1.8078293014675497e-16
3108.2267622566637 4.809210611328766e-16 1.878171549618977e-16
3109.7790165324045 4.783154819080039e-16 1.910647057514503e-16
3111.331279808101 5.045060053349029e-16 1.9240688239593394e-16
3112.8835520839084 -1.5888977543819147e-16 1.760445749002552e-16
3114.435833359984 4.619990333054852e-16 1.9147241976665523e-16
3115.9881236364836 2.231740968904153e-16 1.9041820785445845e-16
3117.5404229135647 3.225944037859316e-16 1.964232082293484e-16
3119.092731191383 2.7009490466841605e-16 1.9642259942441757e-16
3120.6450484700954 3.8888304341937554e-16 2.0370861801802145e-16
3122.1973747498587 4.586419240981611e-16 2.0525573693107123e-16
3123.749710030829 3.2553117289318067e-16 1.9869528146612946e-16
3125.3020543131634 3.1846443657124215e-17 1.9672037121004686e-16
3126.854407597018 1.669519673790559e-16 2.0091352840609047e-16
3128.4067698825497 1.4090344108483023e-16 2.0387832900993773e-16
3129.9591411699153 3.3967588195849864e-16 2.12552330201626e-16
3131.5115214592715 1.7004889188778504e-16 2.0798467856377758e-16
3133.0639107507736 -8.838614765797743e-17 2.0617648821451626e-16
3134.6163090445793 5.632197881397293e-16 2.2240424982047956e-16
3136.168716340846 7.65070664381075e-17 2.1459367960450886e-16
3137.7211326397287 4.566150271949408e-16 2.2697481313408417e-16
3139.2735579413848 1.1590282689525613e-16 2.1963209627257345e-16
3140.8259922459706 7.751535725316228e-16 2.3805921863075195e-16
3142.378435553643 4.064518302344098e-16 2.2894276183813152e-16
3143.9308878645593 4.464985950685275e-16 2.3298803237554045e-16
3145.483349178875 4.200090160716885e-16 2.318985362471346e-16
3147.035819496747 3.865177039141679e-16 2.366683111220216e-16
3148.5882988183325 2.063455109921629e-16 2.3441372117466745e-16
3150.140787143788 5.656951889885208e-16 2.4603339855444075e-16
3151.693284473269 3.5261555430744936e-16 2.4721572419990974e-16
3153.245790806934 5.059712664545345e-16 2.5339737064897162e-16
3154.798306144939 7.863817354013074e-16 2.5981396286177817e-16
3156.3508304874395 6.670388165396759e-16 2.583228672372554e-16
3157.9033638345945 2.6470986623646723e-16 2.5415239464233043e-16
3159.455906186558 2.1992866368323086e-16 2.5769815396887573e-16
3161.0084575434885 7.16230016723453e-17 2.1425855895986157e-16
3162.5610179055425 2.831930251180625e-16 2.23596845740434e-16
3164.1135872728764 8.418963277039134e-16 2.928857025428323e-16
3165.6661656456467 8.007265560004142e-16 4.0382367228753693e-16
3167.21875302401 1.75030464704155e-16 2.286431239330403e-16
