wavelength flux error
1591.346455947367 1.2521783773983362e-14 8.30560697529046e-15
1592.8899315578594 -4.6709343885136326e-15 7.511923551186024e-15
1594.4334160151054 -6.954517426619334e-15 3.2030665249869247e-15
1595.9769093192563 -5.835122305724834e-15 4.106936230034936e-15
1597.5204114704645 -9.912052605361523e-16 3.692890431791036e-15
1599.0639224688825 1.5719527120413267e-14 4.214893120261338e-15
1600.6074423146622 -1.2548722174563127e-15 3.221438246096397e-15
1602.1509710079556 -7.266673419879777e-16 2.8770198266662213e-15
1603.6945085489153 -1.7037996795010919e-15 2.7713262084748825e-15
1605.2380549376928 -3.2535596412804112e-15 2.2769547935351997e-15
1606.7816101744409 8.246477193429413e-17 2.188609257136576e-15
1608.3251742593109 3.446373986228644e-15 2.1760073127055635e-15
1609.868747192456 2.5187632182185156e-15 1.9177908010427477e-15
1611.4123289740278 1.7414888340056456e-15 1.7629324259774539e-15
1612.9559196041782 -5.911540347676696e-16 1.5172332613300438e-15
1614.49951908306 2.4983569239697386e-15 1.5624244807693104e-15
1616.043127410825 1.0659967874710494e-15 1.3585389916839904e-15
1617.5867445876258 -1.1206350712501616e-15 1.170135676687703e-15
1619.130370613614 3.3262690024122795e-16 1.1803841400747695e-15
1620.6740054889422 -8.814279906269821e-16 1.0087838411696392e-15
1622.2176492137621 1.1169395723804095e-15 1.0772612668783475e-15
1623.7613017882268 6.57439921544035e-16 1.0029953238872217e-15
1625.3049632124876 7.16538310246474e-16 9.285501275486333e-16
1626.8486334866973 -3.173792219296869e-16 8.270750510719761e-16
1628.3923126110074 1.6476005257584267e-15 8.985931133030905e-16
1629.936000585571 -3.6930175926122425e-16 7.358003159230696e-16
1631.4796974105398 -3.3571327819714704e-18 7.301858639113129e-16
1633.023403086066 -1.2905916762513653e-16 6.922508051542594e-16
1634.5671176123024 -5.839635191388687e-16 6.283356577181404e-16
1636.1108409894005 -1.8522403638577257e-17 6.302507462723232e-16
1637.6545732175132 -1.0767379063960627e-15 5.455035117127543e-16
1639.1983142967922 -1.987456799264911e-16 5.738897562971733e-16
1640.74206422739 -1.671590934044392e-16 5.591800233164775e-16
1642.2858230094587 6.651740205667364e-16 5.687918885041233e-16
1643.8295906431506 6.009156659683018e-16 5.712820065503733e-16
1645.3733671286184 -2.4971020975979405e-16 4.909531605414789e-16
1646.9171524660135 1.1917207231617027e-15 5.533885414187446e-16
1648.4609466554891 -3.5001691016483237e-16 4.472856474952043e-16
1650.004749697197 -1.681716815882123e-16 4.650241055974855e-16
1651.5485615912894 4.850056128232144e-16 4.770800843544335e-16
1653.092382337919 -5.508396075222196e-16 4.021215595800294e-16
1654.6362119372375 -4.005395667323544e-16 3.999578139162683e-16
1656.1800503893971 -2.5967639941718815e-16 3.9532435840633007e-16
1657.7238976945512 2.445119420927148e-16 4.1363861362428693e-16
1659.2677538528508 -1.4590739409985342e-16 3.878733536764688e-16
1660.8116188644497 -2.4404130941139664e-16 3.7206311313905287e-16
1662.3554927294983 3.1926627898727145e-16 3.9154232982706e-16
1663.8993754481507 -9.791923878152856e-17 3.6458338869832377e-16
1665.4432670205576 -3.378579110256745e-16 3.4054004085315524e-16
1666.987167446873 -1.682854222311608e-16 3.4226573813428787e-16
1668.531076727248 -2.1896467401480646e-16 3.3050354746113903e-16
1670.0749948618354 6.7290299106964e-18 3.4552903844270347e-16
1671.6189218507875 3.442129610009071e-16 3.4556752550224433e-16
1673.1628576942564 -2.366826048030065e-16 3.158442394105845e-16
1674.706802392395 -7.299966843964996e-17 3.1513911095177487e-16
1676.250755945355 5.027591586998685e-16 3.4604948724923203e-16
1677.7947183532895 -1.814213018214091e-16 3.002785531669086e-16
1679.33868961635 2.377201407540542e-16 3.169363825169505e-16
1680.882669734689 1.5785704375214147e-16 3.043433054621044e-16
1682.4266587084596 -2.67966178523068e-16 2.802863786200002e-16
1683.9706565378135 4.711721883660124e-16 3.136998431557122e-16
1685.5146632229037 1.4602301409715363e-16 2.925565773032648e-16
1687.0586787638817 1.4553517605909435e-16 2.817280816357862e-16
1688.6027031609003 3.334761566499688e-16 2.965201885706025e-16
1690.1467364141124 6.301147974842889e-16 3.048629866450245e-16
1691.6907785236697 2.227951555256374e-16 2.76696017714826e-16
1693.2348294897247 -1.8252397990005658e-16 2.53025390836229e-16
1694.77888931243 7.729963119638641e-17 2.6032199734167354e-16
1696.3229579919382 4.8765139302585714e-17 2.6142830178012646e-16
1697.8670355284014 5.966899244735685e-16 2.854452063154729e-16
1699.4111219219717 1.9552647165344702e-17 2.53820940062158e-16
1700.955217172802 -2.810856997895224e-17 2.418726668384092e-16
1702.499321281045 1.7590641588562415e-16 2.533094645109144e-16
1704.0434342468523 1.6247410123361645e-16 2.438644118743185e-16
1705.5875560703773 -3.4577076047002616e-16 2.1731720816728665e-16
1707.1316867517717 -2.6409391446513574e-16 2.1710964539053994e-16
1708.6758262911878 1.4435866714769283e-17 2.3285391000229866e-16
1710.2199746887786 -3.86520688381818e-17 2.265059539279993e-16
1711.7641319446964 2.758468671852036e-16 2.4394022132309776e-16
1713.3082980590934 2.663833915820049e-16 2.3707973090637076e-16
1714.8524730321224 1.3838268426869123e-16 2.2782327544943696e-16
1716.396656863936 3.7192676730432453e-16 2.3814823649955246e-16
1717.940849554686 2.9296140611249314e-16 2.308161604894416e-16
1719.4850511045254 -1.0993650548580915e-16 2.0582042997420403e-16
1721.0292615136066 -2.524156594631039e-16 1.949394579686651e-16
1722.5734807820818 1.6238500395547714e-16 2.1796275315221283e-16
1724.117708910104 1.4592311714893682e-16 2.161496658937252e-16
1725.6619458978255 4.15804688628653e-16 2.239489732184754e-16
1727.2061917453984 1.6071754018946824e-16 2.1298037300756503e-16
1728.7504464529757 1.7093634418849114e-16 2.1028162015849442e-16
1730.2947100207095 2.3054550699301427e-16 2.1123032352919884e-16
1731.8389824487524 4.2138083886932606e-16 2.1796926471799485e-16
1733.3832637372573 1.726814835227412e-16 2.0244158907782703e-16
1734.9275538863762 -7.871731950462879e-17 1.816429597557937e-16
1736.471852896262 1.4157864545780012e-16 1.980874559171357e-16
1738.0161607670668 -1.6484697139112077e-16 1.801423217757245e-16
1739.560477498944 4.208696280158785e-16 2.1061216153127061e-16
1741.104803092045 7.651774037673189e-17 1.852993362912945e-16
1742.649137546523 1.917512259551999e-16 1.9503347862581032e-16
1744.1934808625304 -2.8742856043124845e-16 1.571180207405519e-16
1745.73783304022 2.935612907276064e-16 1.9433843515302896e-16
1747.282194079744 5.536047531959762e-17 1.7759422167725695e-16
1748.826563981255 -1.5654525441464057e-17 1.7509682444161645e-16
1750.3709427449055 1.0579493789020925e-16 1.7901093722109897e-16
1751.915330370848 2.192741454430197e-16 1.8157854554713297e-16
1753.4597268592358 2.106089851577184e-16 1.7985029393226878e-16
1755.0041322102209 2.7912856399044236e-16 1.8294131568014673e-16
1756.5485464239557 3.9133213330724294e-17 1.7072707411096012e-16
1758.0929695005932 1.734348928595443e-16 1.7277064697532953e-16
1759.6374014402854 -1.9588879744126056e-18 1.632952732061999e-16
1761.1818422431854 2.078556119184397e-16 1.7149796673719014e-16
1762.7262919094455 -1.4683619219629736e-16 1.5186932814333141e-16
1764.2707504392188 2.7459357606062244e-16 1.7567994045135203e-16
1765.8152178326577 -6.412802484830134e-18 1.5650164545274678e-16
1767.3596940899142 2.830352122920772e-16 1.698890144189908e-16
1768.9041792111418 2.0285732343625128e-16 1.6644729456116996e-16
1770.4486731964926 1.2097164410519327e-16 1.5849373459579088e-16
1771.9931760461188 1.6603547773012676e-16 1.6073145005864893e-16
1773.537687760174 2.484285695012595e-16 1.645262106019074e-16
1775.0822083388105 -3.15747578392924e-17 1.4566021929793277e-16
1776.6267377821807 -3.912600693322773e-17 1.454657722969787e-16
1778.171276090437 5.813276452512419e-17 1.5035250389303578e-16
1779.715823263733 3.7862031282110363e-16 1.6406398207561277e-16
1781.2603793022204 3.936415686379318e-16 1.660112181771218e-16
1782.8049442060521 1.268702094963048e-16 1.5118832688862876e-16
1784.349517975381 8.704600256907822e-17 1.4625250708630034e-16
1785.8941006103596 1.695100068797639e-16 1.5064192446320073e-16
1787.4386921111407 2.1402103239260574e-16 1.5044861566276954e-16
1788.9832924778764 3.106220430627453e-16 1.5752159223524916e-16
1790.5279017107202 2.8935386632035747e-16 1.5213819492963565e-16
1792.0725198098246 2.7243339058221776e-17 1.3508261743640888e-16
1793.6171467753418 2.4261908815339747e-16 1.4957515264058294e-16
1795.1617826074246 3.621814679577066e-16 1.5193218063499564e-16
1796.7064273062263 8.922122288229666e-17 1.3783828031162313e-16
1798.2510808718985 5.0608349170260075e-17 1.347991658015441e-16
1799.7957433045947 1.522295156692615e-16 1.3661662057366602e-16
1801.340414604468 4.432247597878304e-16 1.528610978454478e-16
1802.88509477167 4.27982818801018e-17 1.2983158226369365e-16
1804.4297838063542 8.779255623296448e-17 1.3245105812285718e-16
1805.974481708673 4.630153735805168e-17 1.2828308692210458e-16
1807.5191884787794 -3.4861712204504563e-17 1.2212547503292104e-16
1809.0639041168256 9.871349760570198e-17 1.2930693799709822e-16
1810.6086286229652 3.914422740601656e-16 1.4693968903454e-16
1812.15336199735 2.641572037081634e-16 1.3703497544027084e-16
1813.698104240133 4.302427754961864e-17 1.2366813378810793e-16
1815.2428553514676 2.6116463630551396e-16 1.3518547899994107e-16
1816.7876153315055 3.115642613374473e-16 1.384040056761604e-16
1818.3323841804004 -9.185715632692754e-17 1.142006612481894e-16
1819.8771618983044 1.240218494529254e-16 1.2369846815553148e-16
1821.4219484853706 2.696962433178349e-16 1.3278760813560295e-16
1822.9667439417515 2.6590312390091173e-16 1.2916388207324085e-16
1824.5115482676003 1.0810801281559333e-16 1.2277669778557179e-16
1826.0563614630694 2.565011375957278e-16 1.2811998014019893e-16
1827.6011835283116 1.9526024522765806e-16 1.2397089512719214e-16
1829.14601446348 2.810060919273703e-16 1.2826794620817241e-16
1830.690854268727 2.7752970989316107e-16 1.2598360422854597e-16
1832.2357029442057 1.6850317587305415e-16 1.2274522521762537e-16
1833.7805604900686 1.888216963326719e-16 1.210469373932703e-16
1835.3254269064687 3.0264558673801076e-16 1.248111253410888e-16
1836.870302193559 8.358876480296589e-17 1.1504639717624322e-16
1838.4151863514917 3.664445053718987e-16 1.278449061905781e-16
1839.9600793804202 3.6649890076898017e-16 1.2535668073356958e-16
1841.5049812804968 2.0332841933871248e-16 1.2108260542128359e-16
1843.049892051875 2.6580219463129046e-16 1.1969426548117458e-16
1844.5948116947072 2.35352180740666e-16 1.178647007848849e-16
1846.139740209146 1.110387401956483e-16 1.1062030591970468e-16
1847.6846775953447 1.8552672493296287e-16 1.1540273334924127e-16
1849.229623853456 3.0302794270435727e-16 1.195477552510792e-16
1850.7745789836326 -1.0809864251361433e-17 1.0261529532022481e-16
1852.3195429860273 2.857416149074527e-16 1.1731827188967727e-16
1853.8645158607933 1.95056692622521e-16 1.1251472157601853e-16
1855.4094976080833 3.0773082844619075e-16 1.1898588123947397e-16
1856.9544882280502 3.4232791564657225e-16 1.1808571020966926e-16
1858.4994877208467 1.0796132391448563e-16 1.0463161092904937e-16
1860.0444960866257 3.0258301217903235e-16 1.167182813954456e-16
1861.58951332554 2.999833886545701e-16 1.1496125713015437e-16
1863.134539437743 2.201443923869847e-16 1.118341173680099e-16
1864.6795744233866 2.3032347848171524e-16 1.1036706953825525e-16
1866.224618282625 2.7097041909852177e-16 1.1057782854088886e-16
1867.7696710156097 4.48263970549283e-16 1.1948316898885105e-16
1869.3147326224948 1.8853545213605915e-16 1.0866250175868968e-16
1870.8598031034323 2.372578460533106e-16 1.0943177972836399e-16
1872.404882458576 2.602118830585305e-16 1.1011071634025772e-16
1873.9499706880779 2.5582337888902635e-16 1.0801112680480622e-16
1875.4950677920915 1.7994620717865553e-16 1.0524738402936854e-16
1877.0401737707691 3.4717458523120216e-16 1.1215530167369689e-16
1878.5852886242644 5.786948683278285e-16 1.2136497179518469e-16
1880.13041235273 5.365071747799664e-16 1.2129572685174665e-16
1881.6755449563188 3.5359001277370623e-16 1.1156313299933752e-16
1883.2206864351838 2.5995875255619945e-16 1.0641933352123367e-16
1884.7658367894776 4.2166782421976766e-16 1.1312684846419757e-16
1886.3109960193538 3.411585601931081e-16 1.09428788643269e-16
1887.8561641249648 3.95239099246233e-16 1.1254213103279608e-16
1889.4013411064636 4.3122402346091107e-16 1.1179915078915606e-16
1890.9465269640036 4.856367582480373e-16 1.1562567506793656e-16
1892.4917216977374 4.671549228554221e-16 1.1398804274353878e-16
1894.036925307818 3.210673622007097e-16 1.0598018664275172e-16
1895.5821377943985 4.435542556043123e-16 1.123379960925078e-16
1897.1273591576314 3.8056907093493976e-16 1.09720465762145e-16
1898.6725893976704 5.594265099041285e-16 1.1487790379418862e-16
1900.2178285146679 2.377041794769544e-16 1.0133728142149568e-16
1901.7630765087772 3.062593469283528e-16 1.0209498548003915e-16
1903.3083333801515 3.9415860284289174e-16 1.0681079509176317e-16
1904.853599128943 3.48784900743051e-16 1.0501492642490644e-16
1906.3988737553057 3.252146737384832e-16 1.0159608307410637e-16
1907.9441572593917 4.3258052025615923e-16 1.0853136385309797e-16
1909.4894496413547 5.193049414728564e-16 1.1057884762740353e-16
1911.0347509013477 1.8708928896241024e-16 9.419748189041157e-17
1912.5800610395236 3.1588770278869046e-16 1.0024123402263842e-16
1914.1253800560346 3.393509654138878e-16 1.0040304378534359e-16
1915.670707951035 3.375024483554033e-16 1.0117406214302672e-16
1917.2160447246767 3.1792913160091213e-16 9.808074414176832e-17
1918.761390377114 2.223780182688943e-16 9.427603096137961e-17
1920.3067449084988 1.9863769646060597e-16 9.30185443767316e-17
1921.8521083189848 4.526259255298467e-16 1.0546095544608484e-16
1923.3974806087247 4.770292094380391e-16 1.0521879004995381e-16
1924.9428617778717 3.3396386233913006e-16 9.68466105201739e-17
1926.488251826579 4.3066072008120736e-16 1.0350760482548781e-16
1928.0336507549996 2.0215125530026581e-16 8.979512079128595e-17
1929.5790585632863 2.330558214811004e-16 9.277080047454951e-17
1931.1244752515922 4.525311637188726e-16 1.0235074972544055e-16
1932.6699008200708 3.8625160321983205e-16 9.790338338354715e-17
1934.215335268875 3.3461390718658853e-16 9.558993126380374e-17
1935.7607785981577 2.690787033597273e-16 9.135040563134286e-17
1937.306230808072 2.7876645740549115e-16 9.332474678716403e-17
1938.8516918987714 3.1321711378511606e-16 9.332984221973735e-17
1940.3971618704084 4.587515619252714e-16 1.005889079602618e-16
1941.9426407231365 1.9689156450962083e-16 8.635448619442879e-17
1943.4881284571088 1.7824327390798036e-16 8.646670482505018e-17
1945.0336250724783 2.6265435550149746e-16 8.842554130746965e-17
1946.579130569398 2.6658673242890515e-16 9.112920430065638e-17
1948.1246449480213 4.006424282958866e-16 9.532814514354296e-17
1949.6701682085013 4.650162176031642e-16 9.870366408257995e-17
1951.2157003509908 2.3137374639675137e-16 8.704532758969837e-17
1952.7612413756428 3.2314426051759766e-16 9.066015980611431e-17
1954.3067912826114 3.9305256310223483e-16 9.465216652951972e-17
1955.852350072049 4.508068693360589e-16 9.582442042385027e-17
1957.3979177441086 3.1318288836009107e-16 8.888556622461244e-17
1958.9434942989437 4.2604947271635495e-16 9.467577095547953e-17
1960.4890797367077 2.628404115823178e-16 8.663335855742246e-17
1962.0346740575533 3.356348995253852e-16 8.99050696383065e-17
1963.5802772616337 1.6900240915123196e-16 7.985883536739687e-17
1965.1258893491024 3.503873547303581e-16 9.04385151066195e-17
1966.6715103201122 4.890418836355588e-16 9.611141239173677e-17
1968.2171401748162 3.1841744609500424e-16 8.806920513447161e-17
1969.7627789133683 1.2332316638544882e-16 7.79375264150077e-17
1971.308426535921 2.5520742711769486e-16 8.366282062884653e-17
1972.8540830426277 4.2345358143081654e-16 9.102591922065056e-17
1974.3997484336417 2.830588762750411e-16 8.520950940797779e-17
1975.9454227091157 3.5315484959705433e-16 8.767716784623578e-17
1977.491105869204 3.812277449305484e-16 8.810036668250771e-17
1979.0367979140585 3.248434350795694e-16 8.729982790312379e-17
1980.582498843833 3.493542921720631e-16 8.70130278411394e-17
1982.1282086586812 4.296316809294118e-16 8.97865710524746e-17
1983.6739273587555 4.104711074482499e-16 8.940465845493642e-17
1985.2196549442097 2.8429003866387525e-16 8.232329096232306e-17
1986.7653914151965 3.751753768850612e-16 8.67368223084406e-17
1988.3111367718698 3.6846801414333e-16 8.537573300643154e-17
1989.8568910143824 3.662589257471112e-16 8.509917013170811e-17
1991.402654142888 2.114824084752356e-16 7.781773080997532e-17
1992.9484261575387 4.66270991035403e-16 8.958288609843955e-17
1994.494207058489 4.169026021469722e-16 8.665438879731601e-17
1996.039996845892 4.313381082109944e-16 8.851786128127547e-17
1997.5857955199003 3.5157640369984594e-16 8.189994654226332e-17
1999.1316030806674 4.501065848469164e-16 8.714169743978325e-17
2000.6774195283472 4.1713000402353036e-16 8.577846408562646e-17
2002.2232448630918 3.0613978293389196e-16 7.842817024970476e-17
2003.7690790850559 3.2735406720501073e-16 8.09495954277787e-17
2005.3149221943916 2.9340445728346634e-16 7.73586521874533e-17
2006.8607741912526 3.9027601557091484e-16 8.310651188840257e-17
2008.4066350757926 3.5784079467994273e-16 8.081768328113364e-17
2009.9525048481642 4.103496640994373e-16 8.218570766539834e-17
2011.498383508521 3.813867488966158e-16 8.158066806070765e-17
2013.0442710570164 4.4035840029432185e-16 8.342138315165456e-17
2014.5901674938036 4.642007895727543e-16 8.504765994060321e-17
2016.1360728190361 2.4453912655636575e-16 7.356254168543514e-17
2017.681987032867 4.706604216471932e-16 8.361613455507404e-17
2019.22791013545 4.934077032039443e-16 8.370778616694492e-17
2020.7738421269376 3.6659710365130247e-16 7.87954649114579e-17
2022.319783007484 3.6778699965373755e-16 7.846123762187218e-17
2023.8657327772423 4.577013998893536e-16 8.18512884699105e-17
2025.4116914363651 4.234527873374285e-16 7.89514711749854e-17
2026.9576589850071 3.0384495892154324e-16 7.438916643261653e-17
2028.5036354233205 4.176438618549381e-16 8.001279022300524e-17
2030.0496207514593 3.753177313597591e-16 7.690871225633875e-17
2031.5956149695764 4.1719226094515355e-16 7.947258834344891e-17
2033.141618077826 3.6563762708030016e-16 7.466212941731413e-17
2034.6876300763602 2.9189028001113087e-16 7.278375444743891e-17
2036.233650965334 3.6830768668828253e-16 7.550308755014984e-17
2037.779680744899 2.902386716431034e-16 7.129296322538154e-17
2039.3257194152095 2.7722551918597836e-16 7.170421095616331e-17
2040.8717669764187 2.9637463125257275e-16 6.977311480276641e-17
2042.41782342868 2.9378244573617857e-16 7.174599350326459e-17
2043.9638887721474 2.6749607523734184e-16 6.957027688167861e-17
2045.5099630069737 2.6130206740120597e-16 6.834653264857786e-17
2047.0560461333123 2.892107706918307e-16 6.943101275374918e-17
2048.6021381513165 3.473454211887515e-16 7.248953622972115e-17
2050.14823906114 2.9251393448832645e-16 6.956682919288549e-17
2051.6943488629363 3.106783972235173e-16 6.970056775432306e-17
2053.2404675568587 3.5935746011156076e-16 7.268858897232591e-17
2054.7865951430604 3.1010813229177835e-16 6.954949148724638e-17
2056.3327316216946 2.1184136515641421e-16 6.496949169721377e-17
2057.8788769929156 2.538100345129621e-16 6.661713621574589e-17
2059.4250312568765 2.39545046769134e-16 6.540446296796355e-17
2060.9711944137302 3.088029339293983e-16 6.878501116512487e-17
2062.517366463631 2.345218502243404e-16 6.422625999066752e-17
2064.0635474067312 3.0234433417636384e-16 6.812121526716331e-17
2065.609737243186 3.1251333528506614e-16 6.870977081660704e-17
2067.1559359731473 2.663897972686685e-16 6.557417395987983e-17
2068.7021435967695 3.3063184648286846e-16 6.858098872139989e-17
2070.248360114205 2.0187606223663677e-16 6.293061060127876e-17
2071.7945855256075 2.622746729828907e-16 6.504553937400944e-17
2073.3408198311317 1.3389816097368195e-16 5.815538295179384e-17
2074.88706303093 3.1853174260332436e-16 6.793521874334709e-17
2076.4333151251567 2.7233636560508774e-16 6.426137877075407e-17
2077.979576113965 1.4713223021136274e-16 5.828963105648875e-17
2079.525845997507 3.6774819495684146e-16 6.971697240023121e-17
2081.072124775938 2.6026418734302343e-16 6.28890001077449e-17
2082.618412449411 3.649287928523463e-16 6.899510180582354e-17
2084.1647090180795 2.4942293324177684e-16 6.19140718029001e-17
2085.7110144820967 2.970117059080264e-16 6.445493241664658e-17
2087.257328841616 3.656381300061126e-16 6.709700023270016e-17
2088.8036520967917 2.126115828032644e-16 5.934369076745282e-17
2090.349984247777 2.6284488497507047e-16 6.269361342961497e-17
2091.896325294725 2.5151947213512924e-16 6.13385989420245e-17
2093.4426752377894 2.585353401581182e-16 6.148448051485436e-17
2094.989034077124 3.3180183721104306e-16 6.503892854655392e-17
2096.535401812882 2.7319610404655085e-16 6.117136949194588e-17
2098.081778445218 2.6940229641535805e-16 6.086606043657501e-17
2099.6281639742833 2.2551106079188993e-16 5.842961648591232e-17
2101.1745584002338 3.5554046495343686e-16 6.413376134584939e-17
2102.7209617232224 2.3358217304848014e-16 5.919591660538144e-17
2104.267373943402 2.703189448829648e-16 6.041303015869197e-17
2105.813795060927 2.0169994555805688e-16 5.703571127464206e-17
2107.36022507595 3.0394300298518793e-16 6.133155136320555e-17
2108.9066639886255 2.469000985479391e-16 5.804572527234891e-17
2110.4531117991064 1.6002682452565176e-16 5.4035745568593944e-17
2111.999568507547 1.9309160265467063e-16 5.570168070483084e-17
2113.5460341141 2.2380198653234717e-16 5.710545914389253e-17
2115.0925086189195 2.7646898641518227e-16 5.869993249264975e-17
2116.63899202216 2.1812780546291922e-16 5.619968313825717e-17
2118.1854843239735 2.336407771405183e-16 5.671069546835773e-17
2119.731985524514 3.408808127957475e-16 6.122483182929641e-17
2121.278495623936 2.2524988347656e-16 5.646597573849514e-17
2122.8250146223927 2.0492814693872063e-16 5.4559982862328e-17
2124.371542520037 1.5290456122355378e-16 5.1618402872636326e-17
2125.9180793170235 2.264432470201229e-16 5.59271767572577e-17
2127.464625013505 3.0048811441201525e-16 5.812999843315581e-17
2129.011179609636 2.1133498503774395e-16 5.5097746213438525e-17
2130.55774310557 2.8478152953151955e-16 5.713783830179031e-17
2132.10431550146 2.30672323707086e-16 5.5034126098165847e-17
2133.6508967974596 1.41071325661954e-16 5.086097343805622e-17
2135.1974869937235 2.4760745046823525e-16 5.5189463999758405e-17
2136.744086090405 3.1358226439472147e-16 5.958531353310201e-17
2138.2906940876564 2.5725700862203385e-16 5.5394310315373487e-17
2139.837310985634 2.6661341396674366e-16 5.617572137027273e-17
2141.3839367844885 2.0407563474708878e-16 5.256318209851479e-17
2142.9305714843754 2.3448532192849004e-16 5.4173947596616854e-17
2144.4772150854483 1.9400788054536297e-16 5.2432510722788566e-17
2146.02386758786 2.8866072867170744e-16 5.576306412372718e-17
2147.5705289917655 3.0245865715446357e-16 5.76213154436602e-17
2149.1171992973173 3.9063931329594813e-16 6.10046826723491e-17
2150.66387850467 1.6821322590729717e-16 4.983067366300712e-17
2152.210566613976 2.1862228741565852e-16 5.300042315286542e-17
2153.7572636253904 3.215737820240494e-16 5.664393868420225e-17
2155.3039695390667 2.712658218388767e-16 5.467430253170528e-17
2156.850684355158 1.8445485767777176e-16 5.0789587751192894e-17
2158.3974080738185 2.282372892721871e-16 5.2496934857616646e-17
2159.9441406952014 2.778200569056121e-16 5.4616026003189694e-17
2161.490882219461 3.2806885713337495e-16 5.681510551399662e-17
2163.037632646751 2.4641106936979776e-16 5.2785974924699825e-17
2164.5843919772246 2.2303258944866464e-16 5.1484088593492416e-17
2166.1311602110363 3.265314923341084e-16 5.671223733301952e-17
2167.6779373483396 1.2503945365993304e-16 4.661475426007856e-17
2169.2247233892876 2.5907876473334104e-16 5.3375006930176386e-17
2170.7715183340347 2.595225570581431e-16 5.276685381766005e-17
2172.3183221827344 2.3999992993158916e-16 5.1717882921824404e-17
2173.8651349355405 2.4901760150673605e-16 5.177101438692991e-17
2175.411956592607 1.5940919192331557e-16 4.745430618587293e-17
2176.9587871540875 2.370879894776065e-16 5.168446813379971e-17
2178.505626620136 2.0990428021538243e-16 4.975111874041422e-17
2180.052474990906 1.9199090980949327e-16 4.9225819346773646e-17
2181.5993322665513 2.417213655782059e-16 5.103509164827618e-17
2183.1461984472257 1.5844790217241054e-16 4.6191479323190275e-17
2184.6930735330834 2.989848162190961e-16 5.4124363081977975e-17
2186.2399575242775 1.8710833396883367e-16 4.7429910975247517e-17
2187.786850420962 1.7707455372922663e-16 4.6691609265152087e-17
2189.3337522232914 3.2616433002125326e-16 5.4727897217953815e-17
2190.8806629314186 1.4097407569169736e-16 4.484103418130355e-17
2192.4275825454984 1.070359933591695e-16 4.3892807266631965e-17
2193.9745110656836 1.6712367683933212e-16 4.668187169498111e-17
2195.521448492128 2.308279924809236e-16 4.865137218985762e-17
2197.068394824987 1.617946087563511e-16 4.630756585035597e-17
2198.6153500644127 1.6725071854653046e-16 4.621464368906421e-17
2200.1623142105595 2.759267265102619e-16 5.085842572176956e-17
2201.7092872635817 2.660803390753451e-16 5.092989412669414e-17
2203.256269223632 1.6842618851908262e-16 4.5594830638633326e-17
2204.803260090866 5.552390304758094e-17 3.9711018840927285e-17
2206.350259865436 1.966633817745644e-16 4.6985152503490005e-17
2207.8972685474964 1.853555183984991e-16 4.702006283406219e-17
2209.4442861372013 2.323180822538215e-16 4.847801498580121e-17
2210.9913126347046 9.537064237469348e-17 4.219414224791757e-17
2212.5383480401597 2.066184541245258e-16 4.69523498291186e-17
2214.0853923537206 1.2044689395947943e-16 4.267522718345596e-17
2215.632445575542 1.406532884327044e-16 4.4126945702098775e-17
2217.1795077057764 1.4397535165183576e-16 4.350087916623699e-17
2218.7265787445785 1.5384157818656405e-16 4.410845656104699e-17
2220.2736586921023 1.523027972540888e-16 4.377071540821914e-17
2221.820747548502 2.550893189611121e-16 4.8767319750680403e-17
2223.36784531393 2.3605135349906523e-16 4.795045904344959e-17
2224.914951988542 2.409540066675527e-16 4.733700204884556e-17
2226.4620675724905 1.7075227334114093e-16 4.46834099524979e-17
2228.0091920659306 2.3072290745590484e-16 4.692175076389904e-17
2229.5563254690155 2.524669314261924e-16 4.723345888848862e-17
2231.1034677818993 1.5430649339548825e-16 4.326747526715413e-17
2232.6506190047357 2.0528387430678784e-16 4.535932900951703e-17
2234.1977791376794 1.2895776189948243e-16 4.1601473956468226e-17
2235.744948180884 2.0625317116602237e-16 4.5220131056036605e-17
2237.2921261345027 1.421369460491591e-16 4.280550482121061e-17
2238.8393129986903 1.774810236647903e-16 4.341461084579261e-17
2240.3865087736003 2.0002767752705028e-16 4.448795379119652e-17
2241.9337134593875 2.0743711146804707e-16 4.5814000413735376e-17
2243.4809270562046 2.0668493297599545e-16 4.4408845546134397e-17
2245.028149564206 1.2881775000027926e-16 4.126879184026675e-17
2246.5753809835464 2.574666492764793e-16 4.662178860400771e-17
2248.1226213143796 2.7342189126655333e-16 4.812052406866804e-17
2249.6698705568583 1.985428287705135e-16 4.37880828923603e-17
2251.217128711138 2.9059069324202636e-16 4.8167726303142766e-17
2252.764395777372 1.9462117210384449e-16 4.4313954694984764e-17
2254.311671755714 2.8157460985365557e-16 4.793322059948398e-17
2255.858956646319 2.8919422707957964e-16 4.796251271933571e-17
2257.40625044934 2.319839012863501e-16 4.5378589082899714e-17
2258.9535531649312 2.4013111415929517e-16 4.6037355722736945e-17
2260.5008647932473 1.956664372305359e-16 4.277333742154965e-17
2262.0481853344413 3.218813079234619e-16 4.935160373944091e-17
2263.5955147886684 2.3212667927752163e-16 4.565310054970401e-17
2265.1428531560814 3.254084854647268e-16 4.8999456409064835e-17
2266.6902004368358 2.891621986462616e-16 4.840007802848646e-17
2268.237556631084 3.0740445606370183e-16 4.8130433692406425e-17
2269.7849217389808 3.279589546084687e-16 4.929201364811259e-17
2271.3322957606806 3.180629628065783e-16 4.8526805407052035e-17
2272.879678696337 2.825078019335134e-16 4.701217814846334e-17
2274.4270705461036 2.554108209041543e-16 4.548491487883728e-17
2275.9744713101363 3.651751470910993e-16 5.0764977473608216e-17
2277.521880988587 3.0655149388581675e-16 4.846030670324767e-17
2279.0692995816103 3.330256145313683e-16 4.863080186238465e-17
2280.616727089361 2.8796957625652753e-16 4.764714183899374e-17
2282.1641635119927 3.5399920909656886e-16 4.9182293102941106e-17
2283.71160884966 3.730210015232791e-16 5.041254228437897e-17
2285.2590631025164 4.3244361855605926e-16 5.346846510450508e-17
2286.8065262707155 3.712696550257124e-16 4.8910091124407056e-17
2288.3539983544124 4.1315842535253255e-16 5.2352767203016004e-17
2289.9014793537613 3.93211514128743e-16 5.082162280195585e-17
2291.4489692689153 3.946215592881254e-16 5.1192540514791976e-17
2292.9964681000292 4.780045678768024e-16 5.528814664683598e-17
2294.543975847257 4.546441932849169e-16 5.3057081716102855e-17
2296.0914925107527 4.713537710540801e-16 5.3513642400840274e-17
2297.6390180906706 4.87450573425464e-16 5.4175221454760185e-17
2299.186552587165 4.3831159811684103e-16 5.1867940102386423e-17
2300.734096000389 4.102542670137528e-16 5.113192471950409e-17
2302.281648330498 3.8195587562783186e-16 4.9718590690006186e-17
2303.8292095776455 3.960052670168041e-16 5.0522560614570976e-17
2305.376779741986 4.2641605269405885e-16 5.171766123742024e-17
2306.9243588236727 4.181494346453305e-16 5.1288119580211253e-17
2308.4719468228604 4.831391757239396e-16 5.3372015845081394e-17
2310.0195437397047 4.945219221064981e-16 5.403907745210131e-17
2311.5671495743572 4.001683810129998e-16 5.050167595846524e-17
2313.1147643269733 4.2809264853403033e-16 5.1697143849506474e-17
2314.662387997707 5.537947466565123e-16 5.568183498757447e-17
2316.2100205867127 4.786188785217986e-16 5.341094296470814e-17
2317.7576620941445 5.334074047699301e-16 5.412822105235492e-17
2319.3053125201573 5.525025978954758e-16 5.62766109352246e-17
2320.8529718649033 5.156029310373223e-16 5.422830990647384e-17
2322.400640128539 4.82143700252679e-16 5.2205357000414154e-17
2323.9483173112167 4.4250502001068066e-16 5.220685254296165e-17
2325.496003413092 5.433408777797365e-16 5.449231287077626e-17
2327.043698434318 4.995668503403447e-16 5.4303113503628234e-17
2328.5914023750497 5.901064667701529e-16 5.585719727743571e-17
2330.139115235441 4.541401557417413e-16 5.150972788375911e-17
2331.6868370156462 5.808703665737328e-16 5.603547124305314e-17
2333.234567715819 4.3257752917106424e-16 5.059566021966351e-17
2334.782307336115 5.588535979944294e-16 5.53189078394556e-17
2336.330055876687 5.208054603389174e-16 5.428585851605038e-17
2337.8778133376895 6.167622759828905e-16 5.628397615139877e-17
2339.4255797192777 5.071333427186082e-16 5.3082178375887714e-17
2340.9733550216047 4.788651533512128e-16 5.2626706260836415e-17
2342.521139244825 5.491852992366728e-16 5.425520981999406e-17
2344.0689323890933 5.168410814479713e-16 5.397781976465808e-17
2345.6167344545643 4.0284595803838905e-16 4.8428830826578804e-17
2347.1645454413906 4.1831248848767696e-16 5.0805059337370086e-17
2348.712365349728 4.818583560285727e-16 5.053803550947062e-17
2350.2601941797293 5.294755307683348e-16 5.379403677616105e-17
2351.808031931551 5.516458770088873e-16 5.3901447833062285e-17
2353.3558786053454 5.997972648405709e-16 5.547473874069324e-17
2354.9037342012675 6.067923276167929e-16 5.65885440529408e-17
2356.451598719472 5.97006291279368e-16 5.4876862520107265e-17
2357.999472160112 6.165187540105549e-16 5.713081719275096e-17
2359.547354523343 6.001798060953746e-16 5.523755628057224e-17
2361.095245809319 5.892629807733652e-16 5.492230451423848e-17
2362.6431460181934 5.957284361993165e-16 5.5464150828852564e-17
2364.191055150122 5.592582679849801e-16 5.3727968206275213e-17
2365.7389732052575 6.425826989513985e-16 5.679334073771912e-17
2367.286900183756 5.902576621512378e-16 5.560449029157831e-17
2368.8348360857703 5.452393962518886e-16 5.317665563673107e-17
2370.382780911456 5.300310785026153e-16 5.2470574265855806e-17
2371.9307346609667 5.824176310705704e-16 5.476976248311635e-17
2373.4786973344567 5.378969970277331e-16 5.2261668147794314e-17
2375.02666893208 4.863454071875339e-16 5.1785301450469926e-17
2376.5746494539917 5.580900507320388e-16 5.341843722105787e-17
2378.122638900346 3.708841226858137e-16 4.664113801289655e-17
2379.670637271297 5.242064564408211e-16 5.2834034118289156e-17
2381.218644566999 4.732180376314276e-16 5.0349114075008407e-17
2382.7666607876067 4.870374331054407e-16 5.098920959405909e-17
2384.3146859332746 3.4889467091905923e-16 4.5252387791203723e-17
2385.8627200041565 3.959709886522199e-16 4.717291257637219e-17
2387.4107630004073 3.678474831001274e-16 4.675905095485476e-17
2388.958814922181 4.384250475922139e-16 4.923465694443816e-17
2390.506875769632 5.473664018615626e-16 5.33868819350502e-17
2392.0549455429145 4.894234719782968e-16 5.071319927598485e-17
2393.603024242184 5.854829374275653e-16 5.2975478694313274e-17
2395.1511118675935 6.480514612962275e-16 5.610999029007682e-17
2396.6992084192984 5.421503729723706e-16 5.2494281262211576e-17
2398.2473138974524 5.467480678100669e-16 5.172956932951855e-17
2399.795428302211 5.142973356282482e-16 5.249871825901731e-17
2401.3435516337267 4.621024772041686e-16 4.8685160863519186e-17
2402.891683892156 4.914553981396415e-16 5.1057911907015295e-17
2404.439825077652 5.172013351483504e-16 5.088168604059455e-17
2405.98797519037 4.1005436723820076e-16 4.73079448482878e-17
2407.536134230463 4.684181666171335e-16 4.9912461973253915e-17
2409.0843021980877 3.399782462508888e-16 4.4815934212796244e-17
2410.6324790933963 4.4075920569705074e-16 4.866418687190729e-17
2412.180664916545 3.33048431481385e-16 4.415664479481188e-17
2413.7288596676863 3.410430196051467e-16 4.456552678904174e-17
2415.277063346977 3.5683184609086485e-16 4.515155447453351e-17
2416.82527595457 3.198158974909211e-16 4.382460126204329e-17
2418.37349749062 3.995611642689369e-16 4.72682104003832e-17
2419.9217279552818 3.6945443694996684e-16 4.5589179340688364e-17
2421.4699673487094 2.9984047831450053e-16 4.2836428141230295e-17
2423.0182156710584 3.4332910859022684e-16 4.454631303777336e-17
2424.5664729224814 3.180003088382611e-16 4.340275900197595e-17
2426.114739103135 3.1978225440104733e-16 4.392015385768297e-17
2427.6630142131717 3.912817348468813e-16 4.589030286215972e-17
2429.2112982527474 2.981930521716501e-16 4.2192041209161685e-17
2430.7595912220163 3.6399928007185313e-16 4.566395977678561e-17
2432.307893121132 4.168528919008802e-16 4.712986940601738e-17
2433.856203950251 3.2958038742775025e-16 4.4265902118840333e-17
2435.404523709526 3.596249372344359e-16 4.522767494322309e-17
2436.9528523991116 4.0174005064663016e-16 4.644237974658986e-17
2438.5011900191635 4.007076763026048e-16 4.6500044161452156e-17
2440.0495365698353 3.467902969709447e-16 4.456410403838815e-17
2441.597892051282 3.584609022066717e-16 4.5002387340310597e-17
2443.146256463658 5.06035429200289e-16 4.9781932872593047e-17
2444.6946298071175 4.0176310582466324e-16 4.650276062258378e-17
2446.2430120818153 4.524236964136897e-16 4.8305915096275874e-17
2447.7914032879057 4.288800715376216e-16 4.73477454706414e-17
2449.3398034255442 4.823689051375302e-16 4.9595625328866503e-17
2450.8882124948846 3.840123657446469e-16 4.497135483245006e-17
2452.4366304960813 5.069572128051385e-16 5.086116534395833e-17
2453.9850574292896 4.107987768499393e-16 4.566208703987879e-17
2455.5334932946635 3.240858699873688e-16 4.283980634685196e-17
2457.0819380923567 3.787352181343546e-16 4.513454433241697e-17
2458.630391822526 4.31996517508807e-16 4.6701234338759754e-17
2460.1788544853243 3.785920960360482e-16 4.514613478716006e-17
2461.727326080906 3.4388899736836193e-16 4.326862339384435e-17
2463.275806609427 4.2622732316549875e-16 4.699181296178228e-17
2464.8242960710413 4.177874339394977e-16 4.678852505444125e-17
2466.3727944659036 3.7260709357964735e-16 4.4619230663131134e-17
2467.921301794168 4.595754073455946e-16 4.7675127013477637e-17
2469.4698180559894 4.244372513803748e-16 4.632037060623829e-17
2471.0183432515228 3.2235808159364766e-16 4.231753774297578e-17
2472.5668773809225 4.1363114914643926e-16 4.6131551742172033e-17
2474.1154204443433 3.583454674978287e-16 4.416199499901387e-17
2475.663972441939 4.891273810236723e-16 4.907241043036956e-17
2477.2125333738654 4.507983990065863e-16 4.722482312289357e-17
2478.7611032402765 4.3328419287709074e-16 4.7221335729431046e-17
2480.309682041327 3.946058097692624e-16 4.459854783909486e-17
2481.858269777172 3.9726107277044743e-16 4.549619431367005e-17
2483.4068664479655 5.055562732499391e-16 4.911745537780675e-17
2484.955472053862 4.382780344363061e-16 4.6453672416312434e-17
2486.5040865950173 4.0656459149551304e-16 4.609654545864879e-17
2488.0527100715854 3.9889433758121093e-16 4.511395746133175e-17
2489.601342483721 4.2111674987823993e-16 4.612857058324439e-17
2491.1499838315785 3.9655170914690155e-16 4.563432354979906e-17
2492.698634115313 4.156973801421477e-16 4.5342709296649614e-17
2494.247293335079 3.858263132709716e-16 4.464726877717423e-17
2495.7959614910314 4.166593713422122e-16 4.6586623501806857e-17
2497.344638583324 4.1773229738858737e-16 4.47107102214346e-17
2498.893324612113 4.789020522239775e-16 4.809633730755699e-17
2500.442019577552 3.5411887897014813e-16 4.3366942081452404e-17
2501.9907234797956 4.294710623067887e-16 4.60343613289195e-17
2503.539436318999 3.5088824236976103e-16 4.3354018211561875e-17
2505.0881580953173 4.1159723775162447e-16 4.568723663922285e-17
2506.636888808904 4.59220500540695e-16 4.6946311410646965e-17
2508.1856284599153 5.0682486390713e-16 4.9157504154344117e-17
2509.734377048505 4.699717309215163e-16 4.703403887769189e-17
2511.2831345748277 3.830391513580313e-16 4.4437674444843095e-17
2512.8319010390387 3.7592640394170014e-16 4.418648285386789e-17
2514.3806764412925 4.471193643397465e-16 4.6981225049941603e-17
2515.929460781744 4.965050379942572e-16 4.8139489665752655e-17
2517.478254060548 4.296725237993372e-16 4.628108945330937e-17
2519.0270562778587 4.24986631656008e-16 4.579709945945969e-17
2520.5758674338317 4.460732786498874e-16 4.598607052475866e-17
2522.124687528621 4.2699007633450125e-16 4.645560801894581e-17
2523.673516562382 4.871491355753598e-16 4.805217909773646e-17
2525.2223545352686 4.5799404977263e-16 4.704711825753758e-17
2526.7712014474364 4.539889603606565e-16 4.675449153531837e-17
2528.32005729904 4.827157121898716e-16 4.728023760648972e-17
2529.868922090234 3.9753270564872004e-16 4.4883485090339774e-17
2531.4177958211735 4.367169262447368e-16 4.605911057284709e-17
2532.9666784920128 4.574210849233717e-16 4.7011992860006126e-17
2534.515570102907 5.277221196279592e-16 4.9210198868086195e-17
2536.064470654011 5.299623629547692e-16 4.8354917275763516e-17
2537.61338014548 5.285444298010655e-16 4.944718280486019e-17
2539.1622985774675 4.802118298582287e-16 4.701099031710371e-17
2540.711225950129 5.766662244191545e-16 5.0694448745859495e-17
2542.2601622636203 5.115449550057046e-16 4.8310577086208223e-17
2543.809107518095 5.378067350792913e-16 4.8469845750071633e-17
2545.3580617137086 4.667327828103342e-16 4.71855055740177e-17
2546.9070248506155 4.985453815455152e-16 4.720970557001855e-17
2548.4559969289708 5.86289736309825e-16 5.049356627973977e-17
2550.004977948929 5.972355195707187e-16 5.15914500195569e-17
2551.5539679106455 4.77957081092197e-16 4.707542768682159e-17
2553.102966814275 4.893083284370295e-16 4.7719543303649284e-17
2554.651974659972 5.68778283037408e-16 5.0225235506472465e-17
2556.2009914478913 6.065322355624267e-16 5.127509313992477e-17
2557.7500171781885 4.902697108321631e-16 4.831865698643164e-17
2559.299051851018 6.284961175220859e-16 5.0983488812942674e-17
2560.8480954665342 5.935607730081743e-16 5.124723700561643e-17
2562.3971480248933 4.786274547303895e-16 4.704448451446721e-17
2563.946209526249 4.688880052050636e-16 4.685727699823421e-17
2565.4952799707557 5.793503130103257e-16 5.1297023352324774e-17
2567.0443593585705 6.356311524928417e-16 5.132210677721983e-17
2568.5934476898465 4.97562505689345e-16 4.850413404082318e-17
2570.142544964739 5.65590368661298e-16 5.0069077041712255e-17
2571.691651183403 6.047975120864499e-16 5.0866972151858455e-17
2573.2407663459935 5.665018819916621e-16 5.0600547202722475e-17
2574.7898904526655 6.303038975897634e-16 5.180737062921284e-17
2576.339023503573 6.532791898280035e-16 5.2574574029910873e-17
2577.888165498872 6.512092530631508e-16 5.318518221448527e-17
2579.437316438717 5.649720346098024e-16 4.9778938478775605e-17
2580.986476323263 5.200971819763352e-16 4.8687347929058777e-17
2582.5356451526654 6.241837139689366e-16 5.17646616398255e-17
2584.0848229270787 5.790149409027722e-16 4.977416399227995e-17
2585.6340096466574 5.632100472608358e-16 5.026543979296499e-17
2587.1832053115572 5.107682257930724e-16 4.8034669338529936e-17
2588.732409921933 5.077385477594214e-16 4.8300591361853483e-17
2590.281623477939 5.116678277226156e-16 4.8407479640607585e-17
2591.8308459797313 6.189977547493722e-16 5.139726771639885e-17
2593.3800774274637 5.182444562228941e-16 4.8064629820316606e-17
2594.929317821292 6.399388973647811e-16 5.213700210331522e-17
2596.4785671613713 4.808868621776312e-16 4.701144030335694e-17
2598.0278254478553 6.5259425781102995e-16 5.3144570955131364e-17
2599.5770926809005 5.488736969912016e-16 4.9372759710787566e-17
2601.1263688606614 5.40977655856897e-16 4.977852157974688e-17
2602.6756539872927 4.2968390580456594e-16 4.4634196014773443e-17
2604.2249480609494 5.269426904978077e-16 4.868425096484538e-17
2605.774251081787 6.135134281741374e-16 5.149721760417486e-17
2607.3235630499603 7.363696808823021e-16 5.5145795480860505e-17
2608.872883965624 6.339998199759891e-16 5.2282751327247066e-17
2610.4222138289333 6.698143846891507e-16 5.335029408219575e-17
2611.9715526400432 6.580020337836566e-16 5.303437395392705e-17
2613.5209003991095 7.145724526550152e-16 5.4532262385640124e-17
2615.070257106286 7.706644037902934e-16 5.601094037480727e-17
2616.619622761728 8.509906557607869e-16 5.835471362708442e-17
2618.1689973655916 8.053569674856982e-16 5.778058410752361e-17
2619.7183809180306 7.337989358873853e-16 5.4870162357145585e-17
2621.2677734192002 8.683655249704591e-16 5.895479676554469e-17
2622.817174869256 8.345807158967149e-16 5.774416169079168e-17
2624.3665852683534 7.749500199264858e-16 5.648816403124626e-17
2625.916004616646 8.92312681636555e-16 5.909793209874086e-17
2627.465432914291 8.045758442896522e-16 5.749009151128479e-17
2629.0148701614416 8.831310562465553e-16 5.955916800830043e-17
2630.564316358253 8.941310496160732e-16 5.952661679683524e-17
2632.1137715048812 8.792956910613878e-16 5.972661583406077e-17
2633.663235601481 1.0718201389834227e-15 6.485782893196401e-17
2635.2127086482074 9.43622125932958e-16 6.035009825768894e-17
2636.762190645216 1.0186412929724296e-15 6.269971471381316e-17
2638.3116815926605 9.886831140565842e-16 6.231215743577492e-17
2639.861181490697 1.058950108624604e-15 6.423488913881768e-17
2641.4106903394813 1.1382065579827153e-15 6.573015375362773e-17
2642.9602081391668 9.808466828659427e-16 6.206324224584546e-17
2644.5097348899103 9.623830586816934e-16 6.169695343571718e-17
2646.0592705918657 1.1277767236658178e-15 6.536208485082124e-17
2647.608815245189 1.0832414253650812e-15 6.51650636638009e-17
2649.158368850034 1.234384290407244e-15 6.846914066769292e-17
2650.7079314065577 1.1923609741907085e-15 6.674724179993313e-17
2652.257502914914 1.2029929317446445e-15 6.817635181807365e-17
2653.8070833752586 1.2295405324983704e-15 6.801702359720614e-17
2655.356672787746 1.1686236169977356e-15 6.672624464726409e-17
2656.906271152532 1.2527334592644956e-15 6.95155836995766e-17
2658.455878469772 1.1347233467453688e-15 6.532179122882255e-17
2660.0054947396193 1.2092141769839905e-15 6.862350580488511e-17
2661.555119962232 1.3288662628713698e-15 7.01348243410236e-17
2663.104754137763 1.3056603129736805e-15 7.192882027097351e-17
2664.654397266368 1.3563758812949397e-15 7.086546966736924e-17
2666.2040493482027 1.4981822197968737e-15 7.403133471707099e-17
2667.7537103834215 1.3679481512994464e-15 7.199196393021335e-17
2669.303380372181 1.5525965692405556e-15 7.520519003306744e-17
2670.8530593146347 1.4370690044107127e-15 7.333496113786465e-17
2672.4027472109387 1.4884565874964998e-15 7.39862169777399e-17
2673.952444061248 1.6097629287298667e-15 7.777883346885063e-17
2675.5021498657184 1.6391069028798342e-15 7.824507216675492e-17
2677.0518646245046 1.6506592676100804e-15 7.800090830226397e-17
2678.601588337761 1.793402742189033e-15 8.129975090723974e-17
2680.151321005644 1.835684932850073e-15 8.146800606127793e-17
2681.701062628308 1.8156617092516918e-15 8.172571583548005e-17
2683.2508132059097 1.938427488253178e-15 8.427681363648749e-17
2684.800572738603 1.88666382253881e-15 8.370493404819283e-17
2686.3503412265427 2.0328850026409516e-15 8.589424951904918e-17
2687.9001186698856 2.0324875324304525e-15 8.660454620232602e-17
2689.449905068786 2.0322526925458263e-15 8.675421957108381e-17
2690.999700423399 1.9896897104627713e-15 8.436026623412674e-17
2692.5495047338804 2.039507953255533e-15 8.582311860381452e-17
2694.099318000385 2.1084763404362935e-15 8.845858220985747e-17
2695.6491402230686 2.195865576637467e-15 8.808758177896009e-17
2697.1989714020865 2.2835362395353656e-15 9.330182395802896e-17
2698.7488115375927 2.4006088983401187e-15 9.275259588362845e-17
2700.298660629744 2.2055289520162176e-15 9.012427250063305e-17
2701.8485186786957 2.562600137854241e-15 9.542774430673924e-17
2703.398385684601 2.3770374537256892e-15 9.395875094818387e-17
2704.948261647618 2.413730497484272e-15 9.436256728834246e-17
2706.4981465679 2.4035919366221115e-15 9.421682468185551e-17
2708.0480404456034 2.5485114388425602e-15 9.498748569751402e-17
2709.597943280883 2.422801796832892e-15 9.353553225957724e-17
2711.1478550738943 2.4628414677660762e-15 9.498012709878475e-17
2712.697775824792 2.5215859555152405e-15 9.521435817848016e-17
2714.2477055337326 2.4473649052703193e-15 9.383110043605469e-17
2715.7976442008703 2.5854172996291405e-15 9.775552319469207e-17
2717.347591826361 2.6914012383631508e-15 9.859719601157702e-17
2718.8975484103603 2.6222073286601838e-15 9.741551225826337e-17
2720.447513953023 2.6681626776969922e-15 9.809967665162843e-17
2721.997488454505 2.628030680172557e-15 9.676412406949011e-17
2723.5474719149606 2.6711762091650862e-15 9.912125132557632e-17
2725.0974643345457 2.778288819301313e-15 9.961907508799033e-17
2726.6474657134163 3.1084504036797776e-15 1.051530986744273e-16
2728.197476051727 2.796900038976621e-15 1.0059102554262994e-16
2729.747495349634 2.9232263209718907e-15 1.0186356019698152e-16
2731.2975236072916 2.602665219775843e-15 9.583226871350217e-17
2732.8475608248555 2.7288449650712376e-15 1.0302112998107803e-16
2734.3976070024814 2.924598302588206e-15 1.0271702530067903e-16
2735.9476621403246 2.8700362517743465e-15 1.0239902398598915e-16
2737.4977262385405 2.7471942398076075e-15 1.003547761422399e-16
2739.0477992972837 2.8772773246821867e-15 1.0237119101273796e-16
2740.5978813167108 2.822559843322506e-15 1.0121975560006415e-16
2742.147972296977 2.9307020220061203e-15 1.0218573711940357e-16
2743.698072238237 2.9118042934364033e-15 1.026914885808083e-16
2745.2481811406465 3.0744420308475174e-15 1.0546681188482171e-16
2746.7982990043615 2.941752413836e-15 1.0320853602065804e-16
2748.3484258295366 3.110247807593851e-15 1.0715414122042168e-16
2749.898561616328 2.9773508792684932e-15 1.0353768773000514e-16
2751.4487063648903 3.0104921021210018e-15 1.0496308536155652e-16
2752.9988600753795 3.1492286873429677e-15 1.0750339010993137e-16
2754.549022747951 3.1900901919932256e-15 1.0793897018561199e-16
2756.09919438276 3.2788257870640597e-15 1.083197313477375e-16
2757.649374979962 3.323996360075237e-15 1.0987759037386067e-16
2759.1995645397124 3.52549787493051e-15 1.1331728529354198e-16
2760.749763062167 3.407782106360554e-15 1.118090637216169e-16
2762.299970547481 3.406725644517091e-15 1.1302516480585765e-16
2763.85018699581 3.379100511975339e-15 1.112506440162497e-16
2765.400412407309 3.632366963094401e-15 1.1535406865944355e-16
2766.9506467821343 3.5510367653231742e-15 1.1416029483429682e-16
2768.50089012044 3.587233236016429e-15 1.1629886773765672e-16
2770.0511424223837 3.629490439205525e-15 1.1357991844675001e-16
2771.6014036881197 3.801874772982458e-15 1.189473809450433e-16
2773.1516739178023 3.7124556223231894e-15 1.1738926383856902e-16
2774.701953111589 3.576098987924771e-15 1.1427418106103312e-16
2776.2522412696344 3.713224728239296e-15 1.1844702270123243e-16
2777.8025383920935 3.8817076282611756e-15 1.176713390448945e-16
2779.3528444791236 3.8555254163450715e-15 1.2080148312702376e-16
2780.903159530878 3.75727044149652e-15 1.1887612429835554e-16
2782.4534835475138 3.94039430601169e-15 1.1827563087831144e-16
2784.0038165291853 3.930669520744263e-15 1.2214712731263523e-16
2785.5541584760495 4.1629678830122814e-15 1.2297757694296907e-16
2787.1045093882603 4.162873015322189e-15 1.2545465862276526e-16
2788.6548692659744 4.192110051562566e-15 1.2687096388502346e-16
2790.205238109347 4.425656940394837e-15 1.2723911881461366e-16
2791.7556159185337 4.2032476877860124e-15 1.2572402833488193e-16
2793.30600269369 4.319658390342486e-15 1.2875714743988117e-16
2794.8563984349717 4.089576289780959e-15 1.2207595007528626e-16
2796.4068031425336 3.616829837742915e-15 1.185463240794082e-16
2797.957216816532 2.6085419343638934e-15 1.0056214039563959e-16
2799.507639457122 2.2896200536790196e-15 9.546378952911185e-17
2801.05807106446 3.3916200824522314e-15 1.1487099518171258e-16
2802.6085116387 3.8792575854612425e-15 1.2174787039201303e-16
2804.158961179999 3.5437829869211252e-15 1.1612572890928202e-16
2805.7094196885123 3.032106688869037e-15 1.0972437667208115e-16
2807.259887164396 3.1876513723798437e-15 1.1145434220517455e-16
2808.810363607804 4.6475634789494655e-15 1.3296647767126142e-16
2810.3608490188935 5.489777655766836e-15 1.438498187220747e-16
2811.9113433978187 5.822240628662991e-15 1.4930850931576525e-16
2813.461846744737 6.039581659631919e-15 1.4852443473929359e-16
2815.0123590598027 6.627511463485865e-15 1.694662655689721e-16
2816.562880343172 6.8234725358331475e-15 1.6762218219857088e-16
2818.113410595 6.520255493023316e-15 1.5576160335464254e-16
2819.6639498154427 6.943563173028968e-15 1.6187407103471538e-16
2821.214498004656 7.16466206566839e-15 1.6574358223556905e-16
2822.7650551627944 7.580929631332937e-15 1.7018331866349226e-16
2824.3156212900153 7.555602499177087e-15 1.6848766458220756e-16
2825.866196386473 7.714407624260112e-15 1.7019908141724507e-16
2827.416780452323 8.095322575805107e-15 1.75127423506836e-16
2828.967373487722 8.163201255099225e-15 1.7602330643234524e-16
2830.517975492825 8.47028119166501e-15 1.7919619920853125e-16
2832.0685864677876 8.479294469256743e-15 1.79270380765865e-16
2833.6192064127663 8.984389533066902e-15 1.830623752171551e-16
2835.1698353279157 9.317100686616602e-15 1.87487910608322e-16
2836.720473213392 9.46709751608113e-15 1.8933277483722147e-16
2838.27112006935 9.365993969430962e-15 1.866285692135529e-16
2839.8217758959477 9.610159686806487e-15 1.9289391310571536e-16
2841.372440693339 9.983035448649091e-15 1.9433060009826686e-16
2842.9231144616792 1.0256727887532954e-14 2.0012345842453902e-16
2844.473797201125 1.0402433648086691e-14 1.9817111365556686e-16
2846.024488911831 1.0700795074526388e-14 2.017999086807227e-16
2847.5751895939547 1.0298324828539665e-14 1.9927490346495762e-16
2849.1258992476505 1.0912524512219756e-14 2.0446504490969914e-16
2850.6766178730745 1.0461192323637722e-14 2.0171169814020004e-16
2852.227345470382 1.0646734890733776e-14 2.0206295211551455e-16
2853.7780820397293 1.0186608806093348e-14 1.988300126443021e-16
2855.328827581271 1.0062786988764873e-14 1.9717434116510576e-16
2856.879582095165 1.0401840725023613e-14 2.010901215407032e-16
2858.4303455815657 1.0862408960862508e-14 2.082954205414117e-16
2859.981118040628 1.127451674772309e-14 2.100193311124212e-16
2861.5318994725094 1.1727721726151503e-14 2.1386200195675875e-16
2863.0826898773644 1.1693559193322843e-14 2.1761766663554551e-16
2864.633489255349 1.168323470872876e-14 2.123246900970514e-16
2866.184297606619 1.1780168312179595e-14 2.1896708276475022e-16
2867.735114931331 1.1949916255908199e-14 2.1591002174410124e-16
2869.2859412296393 1.228809670119832e-14 2.234796640261373e-16
2870.8367765017015 1.232734651390819e-14 2.266275296257099e-16
2872.3876207476715 1.2232212008437323e-14 2.2285325669186315e-16
2873.938473967706 1.2525787698725033e-14 2.247556397518371e-16
2875.4893361619606 1.246232799031674e-14 2.2453781993549474e-16
2877.0402073305913 1.2177309026862194e-14 2.1888665433943046e-16
2878.5910874737538 1.2479897994741636e-14 2.2626473482648905e-16
2880.141976591604 1.2904960303497526e-14 2.285741701571779e-16
2881.6928746842977 1.2716750429650567e-14 2.247212555081345e-16
2883.24378175199 1.2773249221298324e-14 2.3026426558474624e-16
2884.7946977948377 1.1761159198777314e-14 2.1938054072212872e-16
2886.3456228129967 1.1508939892139296e-14 2.214110507502647e-16
2887.896556806621 1.1951735682678901e-14 2.2165665060029904e-16
2889.447499775869 1.2238659623231823e-14 2.254093638986602e-16
2890.998451720895 1.2329789356928071e-14 2.2472324074160463e-16
2892.5494126418553 1.1947171869159095e-14 2.200882764542291e-16
2894.1003825389053 1.2193914260760167e-14 2.2444628743763207e-16
2895.6513614122014 1.2025242895907524e-14 2.2619323995178486e-16
2897.2023492618987 1.2319792674084576e-14 2.26510294971854e-16
2898.753346088154 1.2281505090802787e-14 2.2970781787795937e-16
2900.3043518911227 1.217457395747551e-14 2.260878637591905e-16
2901.855366670961 1.1871694457295159e-14 2.259128720462437e-16
2903.4063904278237 1.2081672230853605e-14 2.2668012507777848e-16
2904.9574231618685 1.17255168993898e-14 2.210227390835078e-16
2906.5084648732495 1.1822730870746177e-14 2.2626179668095326e-16
2908.059515562123 1.2624810932456744e-14 2.315097481243449e-16
2909.610575228646 1.2418881129353226e-14 2.3122067166131475e-16
2911.1616438729734 1.2154675459478612e-14 2.2826788833740666e-16
2912.7127214952607 1.2052288657913354e-14 2.249539248708334e-16
2914.263808095665 1.2122181581556042e-14 2.3224198163746663e-16
2915.814903674341 1.17430242233766e-14 2.2617394348245523e-16
2917.366008231446 1.2071840719434825e-14 2.324082118533653e-16
2918.917121767134 1.1743426564026545e-14 2.2465688100414317e-16
2920.468244281563 1.2405878326579925e-14 2.3309274682364477e-16
2922.0193757748875 1.2403999607502915e-14 2.4035729842599167e-16
2923.570516247264 1.2604677806333456e-14 2.381380456344058e-16
2925.121665698848 1.184896432815559e-14 2.3253733143826236e-16
2926.6728241297965 1.2094588636266286e-14 2.3494107859367206e-16
2928.2239915402643 1.2228352079296685e-14 2.3270385282173664e-16
2929.7751679304074 1.2087151686989393e-14 2.3511546150168804e-16
2931.3263533003824 1.1958207014395924e-14 2.3383308008932463e-16
2932.8775476503447 1.258272101827473e-14 2.3743987872763145e-16
2934.428750980451 1.2176286658094858e-14 2.35642527753117e-16
2935.979963290856 1.2436977141238367e-14 2.4138332002291265e-16
2937.531184581717 1.2126964776609187e-14 2.3578837623872237e-16
2939.0824148531897 1.2083839788165629e-14 2.362551708019983e-16
2940.633654105429 1.1860007096688944e-14 2.341245917720781e-16
2942.184902338592 1.1863195328702409e-14 2.348322613297295e-16
2943.736159552835 1.2189472419984766e-14 2.408881763256833e-16
2945.2874257483127 1.2065916571001728e-14 2.3734302580406884e-16
2946.838700925182 1.1602928362032527e-14 2.35773314934129e-16
2948.3899850835983 1.1458268687168649e-14 2.3275081021075005e-16
2949.941278223718 1.1438273627415764e-14 2.336264040501946e-16
2951.492580345698 1.1238564434276881e-14 2.322212293302589e-16
2953.043891449692 1.1245480458291213e-14 2.324474665365146e-16
2954.5952115358587 1.1337509740977445e-14 2.339588115424327e-16
2956.1465406043517 1.1745530593867525e-14 2.397599813794998e-16
2957.697878655329 1.1448014506309188e-14 2.3418316939433667e-16
2959.2492256889454 1.119510402078621e-14 2.357798000301314e-16
2960.800581705357 1.1374671617472333e-14 2.358510302070396e-16
2962.3519467047204 1.2034722888653194e-14 2.4714282642688667e-16
2963.903320687192 1.1573887837435914e-14 2.377794065905824e-16
2965.4547036529266 1.1740899864744886e-14 2.424899685685004e-16
2967.006095602081 1.1798795413722665e-14 2.4189783959881043e-16
2968.5574965348114 1.187817256527576e-14 2.4353428078312614e-16
2970.1089064512735 1.1597558173146935e-14 2.4394294771039673e-16
2971.660325351623 1.2003282719717009e-14 2.485941115028885e-16
2973.2117532360176 1.1975880356840385e-14 2.479641836879273e-16
2974.7631901046116 1.160752097467254e-14 2.454943414928522e-16
2976.3146359575617 1.24892721083689e-14 2.5531973839254486e-16
2977.8660907950243 1.2327103415452328e-14 2.516532768710158e-16
2979.417554617155 1.1970638069929828e-14 2.5583735493265604e-16
2980.9690274241107 1.2485108094400198e-14 2.5041176479835743e-16
2982.520509216046 1.1961218216523413e-14 2.541393715107664e-16
2984.0719999931184 1.1803647218444537e-14 2.5110463774921145e-16
2985.6234997554834 1.2446235211351856e-14 2.5876110090834108e-16
2987.1750085032977 1.2940517899590314e-14 2.702156862727386e-16
2988.7265262367164 1.2401581328438504e-14 2.567382274116202e-16
2990.2780529558963 1.206122993770457e-14 2.6225807643108045e-16
2991.8295886609935 1.2831514923674053e-14 2.6632039350655288e-16
2993.381133352164 1.2491794572485823e-14 2.621107456378174e-16
2994.932687029564 1.2859959984108747e-14 2.70506139164308e-16
2996.4842496933497 1.2116618269158476e-14 2.603089477403299e-16
2998.035821343677 1.2307278609321841e-14 2.642803940624297e-16
2999.5874019807025 1.2999067358003373e-14 2.7366581028558296e-16
3001.138991604582 1.286394442709263e-14 2.7372835837478177e-16
3002.6905902154717 1.2875843545935659e-14 2.7092790863248145e-16
3004.2421978135276 1.268713731078161e-14 2.7613679068118097e-16
3005.793814398906 1.2864569537407704e-14 2.728927603723154e-16
3007.3454399717634 1.290063704733474e-14 2.766039822911509e-16
3008.8970745322554 1.2917332066725122e-14 2.775893198368241e-16
3010.448718080539 1.2869380684548109e-14 2.767485072877762e-16
3012.0003706167695 1.2647077734574165e-14 2.767472367383553e-16
3013.552032141104 1.3050816835915875e-14 2.826527239768327e-16
3015.103702653698 1.3323870611957507e-14 2.870798740245553e-16
3016.6553821547072 1.3260552358051406e-14 2.8340089229727465e-16
3018.2070706442887 1.2642179343040193e-14 2.833770694956331e-16
3019.7587681225987 1.284667511936401e-14 2.8327013158604226e-16
3021.3104745897936 1.2988294792980193e-14 2.883234507400226e-16
3022.8621900460284 1.2818252081785945e-14 2.870031646032696e-16
3024.4139144914607 1.3213097337181484e-14 2.857698581622877e-16
3025.965647926246 1.347122808675839e-14 2.9687816586993583e-16
3027.5173903505406 1.3953675183624864e-14 3.0019930264678113e-16
3029.069141764501 1.3270676942869937e-14 2.958278714851201e-16
3030.620902168283 1.412476736864076e-14 3.0827994402402796e-16
3032.1726715620434 1.3895308684328412e-14 3.0388529886565623e-16
3033.724449945938 1.490986696085772e-14 3.150568693465524e-16
3035.276237320123 1.4477908956878234e-14 3.1163805908297683e-16
3036.828033684756 1.4513360673852616e-14 3.170146271854531e-16
3038.379839039991 1.4779027475561243e-14 3.171530376629904e-16
3039.9316533859856 1.4860364661354285e-14 3.224536110282302e-16
3041.4834767228963 1.478929520894786e-14 3.214667911748993e-16
3043.035309050879 1.5402389514631784e-14 3.3009199532789185e-16
3044.5871503700887 1.5958827480539763e-14 3.365260046556763e-16
3046.139000680684 1.5071899281469785e-14 3.3148007057020484e-16
3047.6908599828203 1.504747762753455e-14 3.280199674504506e-16
3049.2427282766535 1.504047774725844e-14 3.3423520404982706e-16
3050.7946055623397 1.6306580245166805e-14 3.471489095449885e-16
3052.346491840036 1.654559430815713e-14 3.5202609878549917e-16
3053.898387109898 1.6059256788963916e-14 3.475375388491006e-16
3055.4502913720826 1.6217594351860057e-14 3.462393814480946e-16
3057.0022046267454 1.6072633133266956e-14 3.539902623110635e-16
3058.554126874044 1.6683726747129465e-14 3.5338153678956326e-16
3060.1060581141337 1.672828745641862e-14 3.6137728958362744e-16
3061.65799834717 1.6219058024792912e-14 3.5724016891100063e-16
3063.2099475733116 1.673102676097004e-14 3.6154722556867034e-16
3064.761905792713 1.73717512813934e-14 3.7355992623596963e-16
3066.3138730055307 1.7166859093650268e-14 3.6970717040560384e-16
3067.865849211922 1.7050310748239865e-14 3.727200401292078e-16
3069.4178344120423 1.782610822463008e-14 3.8141941260464427e-16
3070.9698286060484 1.7597123031735246e-14 3.8452601181781783e-16
3072.5218317940967 1.7758076232372508e-14 3.793515934221597e-16
3074.0738439763427 1.848227246161599e-14 4.0015157270295273e-16
3075.625865152945 1.8555452720126972e-14 3.921288472034744e-16
3077.1778953240573 1.909139418277729e-14 4.078821777147467e-16
3078.7299344898374 1.879379932115486e-14 3.974241001430143e-16
3080.2819826504415 1.936796229851708e-14 4.09708777795721e-16
3081.834039806026 1.9214010672221823e-14 4.1253733844395834e-16
3083.3861059567475 1.9304204434511356e-14 4.103574991541994e-16
3084.938181102762 1.9645375753138232e-14 4.2490941930890987e-16
3086.490265244226 2.0646384043610314e-14 4.2950481127578086e-16
3088.0423583812953 2.0879213072019787e-14 4.328140101820258e-16
3089.594460514128 2.0943628233592582e-14 4.35010446023595e-16
3091.146571642879 2.0912462503331307e-14 4.4250793168643685e-16
3092.6986917677054 2.188316056681884e-14 4.500603156721726e-16
3094.250820888763 2.2160551998583362e-14 4.575745567055023e-16
3095.8029590062088 2.1793698640995736e-14 4.611005960462444e-16
3097.3551061201993 2.1880983692144397e-14 4.595313616323374e-16
3098.9072622308904 2.2574913740116588e-14 4.704987971729452e-16
3100.4594273384396 2.2859894587088508e-14 4.726843539350982e-16
3102.0116014430023 2.3221040636677535e-14 4.808611335518583e-16
3103.563784544735 2.280657047492706e-14 4.780529546339143e-16
3105.1159766437945 2.3103963742708046e-14 4.877565640776596e-16
3106.6681777403373 2.295197045658684e-14 4.870468563469789e-16
3108.22038783452 2.4035229034369103e-14 4.957295263914867e-16
3109.7726069264986 2.2886931878764866e-14 4.947326215521276e-16
3111.32483501643 2.352940975738904e-14 4.917079198370417e-16
3112.8770721044702 2.3491172996084088e-14 5.079661878639959e-16
3114.429318190776 2.4133832139758976e-14 5.072216459033594e-16
3115.981573275504 2.340700841431311e-14 5.050122134000058e-16
3117.5338373588106 2.2858708740962352e-14 5.05501851383078e-16
3119.0861104408523 2.3015359014227563e-14 5.138482493475258e-16
3120.6383925217856 2.2357189003222554e-14 5.031078186367821e-16
3122.190683601767 2.3446319213395184e-14 5.115611545108208e-16
3123.7429836809524 2.3008469248234596e-14 5.185830047039998e-16
3125.2952927594997 2.2561269733402216e-14 5.126205280300399e-16
3126.8476108375644 2.2639503390476517e-14 5.193772569107283e-16
3128.399937915303 2.2223793172491263e-14 5.150751765716237e-16
3129.952273992873 2.2225394064761574e-14 5.192822833415174e-16
3131.5046190704297 2.1827564712292857e-14 5.078494561359525e-16
3133.05697314813 2.1713574406383163e-14 5.164774396158032e-16
3134.6093362261304 2.180256029968991e-14 5.215490493874883e-16
3136.161708304588 2.2233691599512877e-14 5.26183272521035e-16
3137.714089383659 2.2036050013798242e-14 5.358844467450569e-16
3139.2664794635 2.1726669535747714e-14 5.204453654572159e-16
3140.818878544268 2.1961680521029314e-14 5.392753313911527e-16
3142.3712866261185 2.2153277679632342e-14 5.358194899059143e-16
3143.9237037092084 2.195315767551404e-14 5.416814872965061e-16
3145.4761297936952 2.2408229514558203e-14 5.513567211365184e-16
3147.0285648797344 2.2163475956317284e-14 5.469634788764655e-16
3148.5810089674837 2.1660407842349905e-14 5.457619097012261e-16
3150.133462057098 2.0658084956743684e-14 5.284034517549069e-16
3151.685924148736 2.0239003547628358e-14 5.312504883093062e-16
3153.2383952425516 2.13748052731947e-14 5.406865412208375e-16
3154.7908753387046 2.127020686860416e-14 5.470550113743282e-16
3156.343364437349 2.24453736033612e-14 5.741460367032769e-16
3157.895862538643 2.1297355968629555e-14 5.512354366063834e-16
3159.4483696427424 2.112756821435243e-14 5.687591718565356e-16
3161.0008857498037 2.208624857438432e-14 5.756792192773664e-16
3162.553410859984 2.112215736788537e-14 5.680035655280255e-16
3164.1059449734403 2.0999146161087417e-14 5.700985427043814e-16
3165.658488090329 2.0951981672518404e-14 5.665188226506072e-16
3167.2110402108055 2.1986271581554e-14 5.942053650810348e-16
3168.763601335028 1.6666089827101736e-14 4.702185351465225e-16
3170.3161714631524 1.437226361956489e-14 4.803745660632199e-16
3171.8687505953358 2.4073064302057058e-14 6.247101449456552e-16
3173.4213387317336 4.30820438731324e-14 8.436388862346524e-16
3174.973935872504 6.047741657408412e-16 1.5614503134706292e-16
