wavelength flux error
1584.197266826577 -4.358506963545242e-14 4.3471824718536306e-14
1585.7408157710022 -3.173829742856432e-14 3.210031592208902e-14
1587.2843736031025 3.259068362404527e-14 1.7033944377633017e-14
1588.8279403230324 1.7536317924583648e-14 1.7131827505017724e-14
1590.371515930945 1.780533389456572e-14 1.4028587624512982e-14
1591.9151004269938 -1.0202205223751142e-14 1.280461485133515e-14
1593.4586938113325 -9.955559393906056e-15 1.1298597047380583e-14
1595.002296084114 -1.556148093685098e-14 9.080430363791331e-15
1596.5459072454928 2.2641146210877717e-15 8.44958140050001e-15
1598.0895272956218 2.0653522837289773e-14 7.788933818124281e-15
1599.6331562346547 -6.816815809779794e-16 6.840976895204631e-15
1601.1767940627453 -1.5669050733020488e-16 6.088264031242413e-15
1602.7204407800473 -9.476198885099377e-15 4.9660897952479716e-15
1604.2640963867134 -5.864194382298733e-16 4.906417594663327e-15
1605.807760882898 -5.319561726334875e-15 4.245170312960943e-15
1607.3514342687545 5.50716639514102e-15 4.3285408013438685e-15
1608.8951165444362 -8.953594591478288e-16 3.6388044134935335e-15
1610.4388077100969 5.167996191852032e-15 3.653279359529162e-15
1611.9825077658904 2.2404087099929656e-15 3.2864922822696584e-15
1613.52621671197 -1.9675889797425713e-16 2.827766766607515e-15
1615.069934548489 -2.1881935492479315e-16 2.684846897417297e-15
1616.6136612756018 7.887963086965742e-16 2.5661017720581903e-15
1618.1573968934617 -3.207896095093932e-15 2.172425422129862e-15
1619.7011414022222 -2.2449242426347783e-16 2.1727074841012975e-15
1621.2448948020365 4.46228815074827e-16 2.066172973951572e-15
1622.7886570930586 -4.475120699899172e-16 1.8919211442841805e-15
1624.3324282754427 -1.7640245690838199e-15 1.7383537533096206e-15
1625.8762083493416 2.9639797759818144e-16 1.7252331070775331e-15
1627.4199973149093 -1.619225769058355e-15 1.5538831064083164e-15
1628.9637951722996 -4.1510654819165824e-16 1.4964494021450282e-15
1630.507601921666 -2.322964564438869e-15 1.3435124154414623e-15
1632.0514175631615 -3.1878104822250295e-17 1.392048250352081e-15
1633.5952420969409 -5.432641154188916e-16 1.3134223111440821e-15
1635.1390755231569 1.1470240915542937e-16 1.249765561696435e-15
1636.6829178419641 1.3424726824987077e-15 1.3014508768631819e-15
1638.226769053515 1.7691164017671207e-15 1.2485082471653543e-15
1639.7706291579643 5.639662888640563e-16 1.1505002883000458e-15
1641.3144981554651 -9.07620049301098e-16 1.018894661702777e-15
1642.8583760461713 -7.794182775419298e-17 1.0665962750394686e-15
1644.4022628302366 -8.069200079711784e-16 9.61584412491551e-16
1645.9461585078143 -5.444655257754534e-16 9.483062181312742e-16
1647.4900630790592 2.0711111760340645e-15 1.035520647907958e-15
1649.0339765441233 -5.527506726699029e-16 8.766397133761535e-16
1650.577898903162 1.30773512017798e-15 9.393175044950116e-16
1652.1218301563279 3.756384921489725e-16 8.791967470252366e-16
1653.6657703037752 -5.552575725564204e-16 8.138345496778521e-16
1655.209719345657 2.482252921818303e-15 9.289432567152777e-16
1656.753677282128 -3.262961164364452e-17 7.953167683245378e-16
1658.2976441133412 6.366969316987244e-17 7.780939944684569e-16
1659.8416198394505 -5.825571797486305e-16 7.285918537836987e-16
1661.38560446061 1.2433775303758186e-16 7.416167852927465e-16
1662.9295979769727 1.7514384006414498e-15 8.108710460932053e-16
1664.473600388693 -3.155604569034747e-16 6.885545121911192e-16
1666.0176116959244 2.1484032501083747e-16 7.059840150258894e-16
1667.5616318988205 8.16188771875627e-17 6.78898813048453e-16
1669.1056609975353 8.567064340888589e-16 7.076915275684356e-16
1670.6496989922225 8.274544688927868e-16 6.887307479837073e-16
1672.193745883036 3.8495709864841106e-16 6.60825671052888e-16
1673.737801670129 7.613127894756915e-16 6.592021206512384e-16
1675.2818663536561 1.2832349800375025e-17 6.203845065027051e-16
1676.8259399337705 -9.374517026704472e-16 5.544085279059164e-16
1678.3700224106262 1.0627340562628952e-16 5.94485203590984e-16
1679.9141137843767 4.02835396596328e-16 5.928028902786185e-16
1681.458214055176 1.1461073636773482e-15 6.282530720057831e-16
1683.002323223178 1.5793913977357613e-16 5.686015707887871e-16
1684.5464412885367 -4.0993268566137176e-16 5.304560772839001e-16
1686.0905682514053 4.204613051957427e-16 5.644183926996533e-16
1687.634704111938 -5.654116314745376e-17 5.307628090899246e-16
1689.1788488702887 2.1882880463611095e-16 5.375720540133427e-16
1690.7230025266108 1.0147279345816657e-16 5.2806871492206385e-16
1692.2671650810585 7.999241511015684e-16 5.574301061870093e-16
1693.8113365337858 2.9609563977557086e-16 5.128073517344687e-16
1695.3555168849462 5.548504673461463e-16 5.278063464666518e-16
1696.8997061346931 3.567482809966623e-16 4.98838402005706e-16
1698.4439042831812 1.8249318231149e-16 4.9531696840661465e-16
1699.9881113305637 4.454848554493417e-16 4.983085299576392e-16
1701.532327276995 7.260474726892652e-16 5.036730013708375e-16
1703.0765521226285 8.873836910373639e-16 5.059739134324946e-16
1704.6207858676185 2.9205203021683194e-17 4.676316435860486e-16
1706.1650285121184 8.101119986933471e-16 4.933054769151225e-16
1707.709280056282 8.580735452657273e-16 4.851818486158025e-16
1709.2535405002639 2.8320890698582354e-16 4.578501600507152e-16
1710.7978098442172 4.599917769787293e-16 4.588560116755797e-16
1712.3420880882961 -8.297517545946385e-17 4.278832990471605e-16
1713.8863752326547 2.3411254802235934e-16 4.345377222296883e-16
1715.4306712774462 3.7336712036135087e-16 4.384920690741654e-16
1716.9749762228253 7.236902329366157e-16 4.539150037964493e-16
1718.5192900689456 4.671886453546346e-16 4.309312147589571e-16
1720.0636128159606 3.623145050699847e-16 4.28465025393467e-16
1721.607944464025 5.032045921510059e-16 4.3043300056729396e-16
1723.152285013292 7.130230176362502e-16 4.3403966685670277e-16
1724.6966344639156 3.3069119172873546e-17 3.969440971597171e-16
1726.2409928160503 1.7325120582399833e-16 4.0018616870489214e-16
1727.7853600698497 6.568901442217077e-16 4.121233775607674e-16
1729.3297362254675 2.3835853889848794e-16 3.9665004437812186e-16
1730.8741212830578 7.389484726902178e-16 4.1459520498931266e-16
1732.4185152427742 1.2706256538467034e-15 4.3541853061571437e-16
1733.9629181047715 8.680053771491984e-16 4.0796232820738065e-16
1735.5073298692027 2.7164701313492075e-16 3.820717338531485e-16
1737.0517505362225 4.657531362672754e-16 3.7904499396503326e-16
1738.5961801059846 3.6242909274588047e-16 3.7724338135600296e-16
1740.1406185786425 7.467708748976705e-16 3.8679010441604897e-16
1741.6850659543504 1.1211263503595691e-15 4.076683813049038e-16
1743.229522233263 1.7859595725139337e-16 3.560607814110674e-16
1744.7739874155332 6.516371105806326e-16 3.7283023382168965e-16
1746.318461501316 4.4972721996566485e-16 3.589996681006846e-16
1747.8629444907644 8.573685359209259e-17 3.4304222911890365e-16
1749.4074363840332 4.65740271954389e-16 3.6027328801599987e-16
1750.9519371812758 5.603755573819677e-16 3.5416888038381574e-16
1752.4964468826463 -1.401948715546724e-16 3.230605630744971e-16
1754.040965488299 9.075582158959484e-16 3.6199631184939273e-16
1755.5854929983877 3.803244637016405e-16 3.3924725681740836e-16
1757.1300294130667 1.1591762350205348e-16 3.28032170018847e-16
1758.6745747324894 -3.799346763446708e-17 3.1261672624419037e-16
1760.2191289568102 -1.4846504978875718e-16 3.0387187868739817e-16
1761.763692086183 3.275906805648703e-16 3.2854436025413984e-16
1763.3082641207625 1.0656438923693995e-15 3.5121630881814446e-16
1764.8528450607014 7.694289003576046e-16 3.413525307380293e-16
1766.397434906155 1.6003643305564718e-16 3.088861813862456e-16
1767.9420336572766 5.033419703071387e-16 3.199347997408919e-16
1769.4866413142208 5.745012611455317e-16 3.2179170771951015e-16
1771.0312578771411 4.70688479613571e-16 3.1604654793608025e-16
1772.5758833461916 4.48687434083351e-16 3.0699605383422725e-16
1774.1205177215268 3.3154738321973195e-16 3.0516352452262217e-16
1775.6651610033005 1.8626724348709995e-17 2.871816767969034e-16
1777.2098131916666 4.364832245606334e-17 2.837197207925771e-16
1778.7544742867792 2.580952271326808e-16 2.941258911265106e-16
1780.299144288793 4.787236459094621e-16 3.007559091722456e-16
1781.8438231978612 5.087551461148041e-16 3.032328187984744e-16
1783.3885110141382 2.653698802646682e-18 2.7208993195699594e-16
1784.9332077377785 1.8466508066736844e-16 2.7525854986377627e-16
1786.4779133689358 5.067815593477016e-16 2.9500180260331034e-16
1788.0226279077638 6.745636719546259e-17 2.674782346058903e-16
1789.5673513544175 1.8135883314154908e-16 2.75194837104275e-16
1791.1120837090507 5.704124213508984e-16 2.9172492329795907e-16
1792.6568249718168 6.327080947314263e-16 2.854112455882439e-16
1794.2015751428708 -4.6709228212199466e-17 2.579721426575329e-16
1795.7463342223668 1.3833810915984198e-16 2.607926035532121e-16
1797.2911022104581 2.2695136090935706e-16 2.6487837285341163e-16
1798.8358791072997 5.084589492810611e-16 2.7672907846954854e-16
1800.3806649130456 8.624890750802048e-16 2.873562979329358e-16
1801.925459627849 6.087538971039563e-16 2.751969282168635e-16
1803.4702632518654 4.447611716750313e-16 2.7122738771889505e-16
1805.0150757852482 3.999404497408496e-16 2.6095234867310835e-16
1806.5598972281516 4.252439443835161e-16 2.608739716557077e-16
1808.1047275807298 8.748814847358904e-16 2.789547634175776e-16
1809.649566843137 8.83233547233173e-16 2.8204669837285183e-16
1811.1944150155275 7.588752933512897e-16 2.710554135608228e-16
1812.7392720980554 6.455625608598392e-16 2.6274948788938596e-16
1814.2841380908744 9.990854198026959e-16 2.7909894430706806e-16
1815.8290129941392 1.5383615452872366e-15 2.9328883728616613e-16
1817.373896808004 1.3887442924621972e-15 2.9136101676799494e-16
1818.918789532623 9.531490231280823e-16 2.6916973293177754e-16
1820.4636911681498 8.109634785635745e-16 2.6200039312665793e-16
1822.0086017147396 1.942709663318022e-15 3.044542138386355e-16
1823.5535211725455 1.22204693789313e-15 2.737253408199072e-16
1825.0984495417224 1.3197696584134506e-15 2.8206234201259644e-16
1826.6433868224244 1.527997779540225e-15 2.8311859209782255e-16
1828.1883330148057 1.345231998203507e-15 2.7131939667279054e-16
1829.7332881190205 2.2299406533143233e-15 3.094378645327042e-16
1831.2782521352228 1.4996806210805665e-15 2.786156061315411e-16
1832.8232250635672 1.961329141564566e-15 2.9104607933029395e-16
1834.3682069042077 1.788087822203249e-15 2.8988535302497994e-16
1835.9131976572983 2.1608045536100065e-15 2.952255516502835e-16
1837.458197322994 2.230678207253145e-15 2.978514861356698e-16
1839.0032059014484 1.8054877847639835e-15 2.812134297109904e-16
1840.5482233928155 1.8852384778468177e-15 2.8472181370873813e-16
1842.0932497972506 1.9896755226609048e-15 2.8415787505432397e-16
1843.6382851149071 2.038202887242051e-15 2.861296618764136e-16
1845.1833293459395 1.74906988476269e-15 2.741090996845726e-16
1846.7283824905019 1.467192460630391e-15 2.657245322979391e-16
1848.273444548749 1.6468146909416116e-15 2.7024774117583624e-16
1849.8185155208344 1.5373571759700298e-15 2.6170901379280246e-16
1851.3635954069132 1.9327506734406795e-15 2.7625063720324787e-16
1852.9086842071395 2.1819896946537838e-15 2.8493865414323523e-16
1854.4537819216666 1.9520287198037138e-15 2.7658569167344615e-16
1855.99888855065 2.015273705359877e-15 2.7729860224745865e-16
1857.5440040942437 1.7410906226413177e-15 2.666544156553467e-16
1859.0891285526018 1.372838707778656e-15 2.4576502145905914e-16
1860.6342619258787 2.155473328239988e-15 2.762729776972317e-16
1862.1794042142285 1.2796551309435526e-15 2.473833837839069e-16
1863.7245554178057 1.843293194540548e-15 2.6435149189043986e-16
1865.2697155367646 1.7767727325773523e-15 2.639064025464373e-16
1866.8148845712597 1.1919126820033742e-15 2.370550875415616e-16
1868.360062521445 2.10723649595975e-15 2.7097973646094157e-16
1869.905249387475 1.9146080747434397e-15 2.6300801822675573e-16
1871.450445169504 1.4680492344565387e-15 2.432666977811326e-16
1872.9956498676866 1.826369476254407e-15 2.586306843042435e-16
1874.5408634821767 1.44773876080992e-15 2.444429883168524e-16
1876.0860860131288 1.9085448011487566e-15 2.6030799482826424e-16
1877.6313174606976 1.6461093242547855e-15 2.4673670059845783e-16
1879.176557825037 1.481339499036314e-15 2.412548621825056e-16
1880.7218071063019 1.8164528380244273e-15 2.5372075194636556e-16
1882.267065304646 1.9808907322066936e-15 2.548229800387598e-16
1883.812332420224 1.7202402713699426e-15 2.4749206869895146e-16
1885.3576084531903 1.6698501754586659e-15 2.4489448334751853e-16
1886.9028934036994 2.010526932723464e-15 2.555340906677594e-16
1888.4481872719055 1.7445367761872218e-15 2.464476506052073e-16
1889.9934900579628 1.99861023794678e-15 2.5693735956356376e-16
1891.5388017620262 1.902006342070664e-15 2.470528821158001e-16
1893.0841223842497 1.8719343431025312e-15 2.4808043895993797e-16
1894.6294519247879 1.881821546937594e-15 2.441106602339531e-16
1896.1747903837954 2.190982431696546e-15 2.5557726287828977e-16
1897.720137761426 2.26496271282621e-15 2.591264103366241e-16
1899.2654940578343 1.8451395146073255e-15 2.406070143267541e-16
1900.8108592731753 1.6705557539037287e-15 2.364566322945468e-16
1902.356233407603 1.7097436273293305e-15 2.358324219519796e-16
1903.901616461272 1.780438479414832e-15 2.3867839971519484e-16
1905.4470084343363 1.9140234102515974e-15 2.3981077688655544e-16
1906.9924093269508 1.6198336210771283e-15 2.2821592816004853e-16
1908.5378191392697 1.9407714401764673e-15 2.426726894570909e-16
1910.0832378714476 1.800950441023779e-15 2.318278354658185e-16
1911.6286655236388 1.5110733201002553e-15 2.2427873373275333e-16
1913.174102095998 1.868614397465768e-15 2.335156544923411e-16
1914.7195475886792 1.8140309590699904e-15 2.3309594966697657e-16
1916.2650020018373 1.7920536304622935e-15 2.3194930528441066e-16
1917.8104653356268 1.7148885054509531e-15 2.256573857335281e-16
1919.355937590202 1.9726001854772053e-15 2.3605000354030555e-16
1920.9014187657174 1.6482975279948986e-15 2.2179113031556546e-16
1922.4469088623275 1.4183552937487866e-15 2.1466404951357997e-16
1923.9924078801866 1.6280250649517878e-15 2.2081582481636134e-16
1925.5379158194496 1.857432503770827e-15 2.2535682138615084e-16
1927.0834326802703 1.4548482259735805e-15 2.1137393531842785e-16
1928.6289584628041 1.1992991269407869e-15 2.021868042142709e-16
1930.1744931672051 1.3876703605641971e-15 2.1088940600281879e-16
1931.7200367936275 1.7067839883325056e-15 2.2009245867940616e-16
1933.2655893422266 1.07770701796684e-15 1.9669204854587304e-16
1934.811150813156 1.3385457318761183e-15 2.0342609282544274e-16
1936.3567212065707 1.3604182401565925e-15 2.0588502947132197e-16
1937.9023005226254 1.451648453136209e-15 2.0543199919343893e-16
1939.4478887614744 1.12260759922608e-15 1.9769684137955346e-16
1940.9934859232721 1.4367385556821651e-15 2.0494527288612293e-16
1942.5390920081732 1.3721977155958212e-15 2.0253243336142005e-16
1944.0847070163322 1.4464203540275186e-15 2.0544997217378848e-16
1945.6303309479038 1.0605986464981977e-15 1.8960181367709311e-16
1947.1759638030426 1.0697883187011964e-15 1.906467744013191e-16
1948.7216055819026 1.2416675032042102e-15 1.9424155575968675e-16
1950.2672562846392 1.3925184595169255e-15 1.9998926987684822e-16
1951.8129159114067 1.2546472243296983e-15 1.9540553784789177e-16
1953.358584462359 8.886634519415467e-16 1.8214808255993288e-16
1954.9042619376514 1.2407914593785124e-15 1.9258511665688196e-16
1956.4499483374382 1.6716843194268267e-15 2.0484781115762948e-16
1957.9956436618743 1.196046414544212e-15 1.9178506756842067e-16
1959.541347911114 1.1030957717696036e-15 1.8732034366855346e-16
1961.087061085312 1.1066836974550544e-15 1.8676929579680533e-16
1962.6327831846224 1.2707887076890498e-15 1.9306856071152735e-16
1964.1785142092008 1.3269836262669787e-15 1.9270063077506377e-16
1965.724254159201 1.1594880490242427e-15 1.8422695287540115e-16
1967.270003034778 1.1525073328685648e-15 1.864381853237677e-16
1968.8157608360864 8.485774059545001e-16 1.721976556562916e-16
1970.3615275632808 6.312899498194858e-16 1.6241801177064045e-16
1971.9073032165156 1.5001794176073809e-15 1.9850589019307932e-16
1973.4530877959455 9.032455476450031e-16 1.7323020205388439e-16
1974.9988813017253 6.740712546446956e-16 1.6318174432148821e-16
1976.5446837340096 1.2546613062524464e-15 1.8567135580870655e-16
1978.090495092953 1.0554049581029895e-15 1.7655251673592197e-16
1979.6363153787104 8.755773223020598e-16 1.6986292845119332e-16
1981.1821445914359 7.952358237385158e-16 1.6501062080350826e-16
1982.7279827312848 8.016055115018681e-16 1.644760900742316e-16
1984.2738297984113 1.0216116257602136e-15 1.7372684129366122e-16
1985.8196857929702 1.1176976668682021e-15 1.7664230222833092e-16
1987.365550715116 9.194885690789068e-16 1.6781247344412747e-16
1988.9114245650035 1.0331598612048419e-15 1.7479706742251703e-16
1990.457307342788 9.790614550504858e-16 1.6570978032701768e-16
1992.0031990486232 1.1365765489548428e-15 1.747186109957776e-16
1993.5490996826643 1.0335538374044335e-15 1.690109456551535e-16
1995.095009245066 1.2182848410579e-15 1.7338669139088962e-16
1996.6409277359828 1.0443366727020992e-15 1.7015160786752943e-16
1998.18685515557 1.0074566464204101e-15 1.6423395776532507e-16
1999.732791503981 1.3768648671351924e-15 1.7994303080510332e-16
2001.278736781372 1.211241867980599e-15 1.7171517774860166e-16
2002.8246909878967 1.1190113090902751e-15 1.6640936336700073e-16
2004.3706541237102 1.179557859434723e-15 1.7135468582020615e-16
2005.9166261889675 1.0603532187017308e-15 1.6465853303013629e-16
2007.4626071838227 8.795316956163165e-16 1.5809697906934105e-16
2009.0085971084309 1.5438042613689375e-15 1.7959103567595996e-16
2010.554595962947 1.0345405249088664e-15 1.6136946439127844e-16
2012.1006037475252 1.0459581055213807e-15 1.6030461162768177e-16
2013.6466204623212 1.367958739211287e-15 1.7230758465097744e-16
2015.1926461074888 1.233342122244766e-15 1.6690718051196984e-16
2016.7386806831828 1.121680733423547e-15 1.6261804389509048e-16
2018.2847241895586 1.1859247943409967e-15 1.6259101825011715e-16
2019.830776626771 1.2524459974580212e-15 1.6649738861906617e-16
2021.3768379949738 1.116167713607224e-15 1.6139787969968086e-16
2022.922908294323 1.4748575794074504e-15 1.7211614197000817e-16
2024.468987524972 1.049239299400807e-15 1.5764148710195505e-16
2026.0150756870771 1.3896100660134095e-15 1.645275208559977e-16
2027.5611727807916 9.818607930620429e-16 1.5416470802105176e-16
2029.1072788062713 1.2392656354031522e-15 1.6103323201588788e-16
2030.6533937636714 1.144189045810054e-15 1.5683822193527215e-16
2032.1995176531452 1.258619808852321e-15 1.632767840651481e-16
2033.7456504748486 1.4585609831396329e-15 1.64151689690323e-16
2035.2917922289362 1.2885225071101211e-15 1.6315319666418778e-16
2036.8379429155623 1.3414470314787011e-15 1.6188272665264514e-16
2038.384102534883 1.3086949143863375e-15 1.6002658629763535e-16
2039.9302710870518 1.1736549927044261e-15 1.5527665052255985e-16
2041.476448572224 1.434179457390273e-15 1.6310733777102784e-16
2043.0226349905547 1.1917700628308802e-15 1.5484586809443203e-16
2044.5688303421985 9.655177158612448e-16 1.4603881655557584e-16
2046.1150346273103 1.4738706801447807e-15 1.6527737000744436e-16
2047.6612478460445 1.204074275180933e-15 1.529127006807813e-16
2049.207469998557 1.1467003926195446e-15 1.5185237424949653e-16
2050.753701085001 1.1983323447106145e-15 1.5286451244701641e-16
2052.299941105533 1.1973458689644185e-15 1.5169102770793438e-16
2053.8461900603074 1.4769482684795108e-15 1.6200145684904855e-16
2055.392447949479 1.1670317244524895e-15 1.4933687168460847e-16
2056.9387147732023 1.2709194684002822e-15 1.5434488781080051e-16
2058.4849905316323 1.2397096924257503e-15 1.5373111979628617e-16
2060.0312752249242 1.261611211584668e-15 1.516773693016599e-16
2061.5775688532326 1.2329996032967201e-15 1.5201362814683007e-16
2063.1238714167125 9.934642974064795e-16 1.4351665684111795e-16
2064.6701829155186 1.1650597258721631e-15 1.4796537975921595e-16
2066.2165033498068 1.2343620557923787e-15 1.493157090958169e-16
2067.7628327197303 1.2774705270934654e-15 1.5222565108143966e-16
2069.3091710254457 1.2871707484054216e-15 1.4902283421941394e-16
2070.8555182671066 1.4111145384783016e-15 1.5407997825654673e-16
2072.401874444869 1.420540215236229e-15 1.5632695814226538e-16
2073.948239558887 1.214474569223795e-15 1.4471639960156487e-16
2075.494613609316 1.1421535197586835e-15 1.463329222767303e-16
2077.04099659631 1.2232109729208942e-15 1.4504020441543242e-16
2078.5873885200253 1.2109012548566843e-15 1.4465652496010583e-16
2080.133789380616 1.0623105000845986e-15 1.386114228691193e-16
2081.6801991782368 1.1809611812700865e-15 1.4080342502260522e-16
2083.226617913044 1.1097802381519794e-15 1.4164500519526157e-16
2084.7730455851906 1.0303695229183494e-15 1.3630010818407873e-16
2086.3194821948337 9.823013560737335e-16 1.3511923837648782e-16
2087.8659277421266 1.212882464920312e-15 1.4292648663511852e-16
2089.412382227225 9.648136197238396e-16 1.3134642128051916e-16
2090.9588456502843 1.1263906601267546e-15 1.3798862865976077e-16
2092.505318011458 9.381491284233927e-16 1.2945409673679385e-16
2094.051799310902 1.0166863409301666e-15 1.3311627015402742e-16
2095.5982895487714 1.060911836930445e-15 1.3472383280879768e-16
2097.1447887252216 1.0611701819793575e-15 1.3256441495400144e-16
2098.6912968404067 9.318356624719143e-16 1.2933815910213842e-16
2100.237813894482 1.3581974256480101e-15 1.4209055776040713e-16
2101.7843398876025 9.553988485151081e-16 1.2787974042053393e-16
2103.3308748199233 9.903176758865482e-16 1.2886396623546382e-16
2104.8774186916 1.0531244277716257e-15 1.306403399096439e-16
2106.4239715027857 9.777670828279629e-16 1.286203516188996e-16
2107.9705332536373 9.703755556928666e-16 1.263648352292594e-16
2109.5171039443094 8.813467284036049e-16 1.2365542829389912e-16
2111.063683574957 9.349868367939372e-16 1.259123872865276e-16
2112.6102721457346 9.730844729373043e-16 1.2500072837237576e-16
2114.156869656798 9.959937495452177e-16 1.2806281865114906e-16
2115.703476108302 1.1267071328116725e-15 1.3002835860525267e-16
2117.250091500401 9.854340015500351e-16 1.2491038701459517e-16
2118.796715833251 1.0058589305236517e-15 1.2648203017844592e-16
2120.3433491070064 9.425590995841538e-16 1.2216965309507627e-16
2121.889991321823 8.715337987701046e-16 1.221887113363895e-16
2123.4366424778545 9.409206202268088e-16 1.2110998840828154e-16
2124.9833025752573 1.1475949652909635e-15 1.2970038480109784e-16
2126.5299716141863 9.809487503360868e-16 1.2463199110763432e-16
2128.076649594796 8.180057634266059e-16 1.166885425980631e-16
2129.623336517242 8.439079780140832e-16 1.2032824317241483e-16
2131.1700323816785 7.98401927016234e-16 1.149617997606362e-16
2132.716737188262 9.693312699480205e-16 1.2197687369023711e-16
2134.263450937147 7.401170605200735e-16 1.1261375825639828e-16
2135.810173628488 9.385311402826044e-16 1.2056836377807162e-16
2137.35690526244 8.548588964122196e-16 1.1786115383441827e-16
2138.9036458391597 7.935743686124765e-16 1.131692795208991e-16
2140.450395358801 9.500060014981768e-16 1.2113858900514117e-16
2141.9971538215186 1.094299122854131e-15 1.2537976238138226e-16
2143.5439212274687 1.0724395318261024e-15 1.230263078072158e-16
2145.090697576806 1.0094063045067527e-15 1.2195761692557688e-16
2146.6374828696858 9.78266620508606e-16 1.1946865031473952e-16
2148.1842771062625 1.059939972502589e-15 1.217986791339585e-16
2149.7310802866923 9.555570319180078e-16 1.1894040615811826e-16
2151.277892411129 6.7201878793438e-16 1.0836381676566413e-16
2152.8247134797293 1.0227490851292577e-15 1.196492800907415e-16
2154.3715434926476 1.1553051885724642e-15 1.243369721790836e-16
2155.918382450039 9.413413838433573e-16 1.1549014979637587e-16
2157.465230352059 1.1140120147564618e-15 1.2306974471554217e-16
2159.012087198862 1.017173702512193e-15 1.186181630612472e-16
2160.558952990604 1.1689119258371573e-15 1.2299651607027408e-16
2162.10582772744 1.0401525417008998e-15 1.1960040364270697e-16
2163.6527114095247 1.0100108742728555e-15 1.1703544229463314e-16
2165.1996040370136 1.1950573976991742e-15 1.23419714906546e-16
2166.7465056100623 1.0041826523210355e-15 1.151068144481841e-16
2168.293416128826 1.122315266980159e-15 1.1979862258725427e-16
2169.840335593459 1.0524821650393702e-15 1.1766593920985575e-16
2171.3872640041172 1.1037480930181079e-15 1.1994539751514568e-16
2172.9342013609557 1.056459196484966e-15 1.1738995205283866e-16
2174.4811476641294 1.1074918727658535e-15 1.184232528391501e-16
2176.028102913794 9.07336081505531e-16 1.0981235560203229e-16
2177.575067110104 1.0269205106362483e-15 1.1684186879640593e-16
2179.1220402532163 9.813866663698173e-16 1.1307864699554288e-16
2180.669022343284 1.0488159946854167e-15 1.148820860193657e-16
2182.216013380463 1.0509332594161973e-15 1.1630391023067084e-16
2183.76301336491 1.0265393458099839e-15 1.13932403266816e-16
2185.3100222967787 1.1042188315785444e-15 1.1679745250623428e-16
2186.8570401762245 1.1616963697968531e-15 1.1932903546223037e-16
2188.404067003403 1.053444394467451e-15 1.1282382242731734e-16
2189.9511027784692 1.1540665087662232e-15 1.180129315506544e-16
2191.4981475015784 1.1129240009357137e-15 1.1586541186178913e-16
2193.0452011728867 1.1365238211538762e-15 1.1518881782539015e-16
2194.592263792548 9.88451662303747e-16 1.1257066545520671e-16
2196.1393353607186 1.0696289706279942e-15 1.1256820376570376e-16
2197.686415877553 1.1623080334638891e-15 1.165421250121963e-16
2199.233505343207 9.396680702560565e-16 1.0913120214609692e-16
2200.780603757836 1.0319774032104749e-15 1.122770891296443e-16
2202.3277111215953 8.283637058221051e-16 1.0445167598476193e-16
2203.8748274346394 8.848846262056085e-16 1.0732895426235619e-16
2205.421952697125 1.054488891970534e-15 1.1194264346437685e-16
2206.969086909206 8.508120376880346e-16 1.0467445888477962e-16
2208.516230071038 1.0133546427112602e-15 1.1073276277834249e-16
2210.0633821827773 9.334705419392336e-16 1.0747763501437892e-16
2211.610543244579 8.670257835456988e-16 1.0442724437818957e-16
2213.1577132565967 1.0674541076568004e-15 1.1119387957389385e-16
2214.704892218988 8.638832383718262e-16 1.0357857030459996e-16
2216.2520801319065 9.428594786430738e-16 1.0672325291317546e-16
2217.7992769955085 8.444384853368604e-16 1.0243782206544033e-16
2219.34648280995 8.71891776069438e-16 1.0433805445582165e-16
2220.8936975753845 8.321612721620014e-16 1.0214168478870145e-16
2222.4409212919686 1.0885438516148932e-15 1.0862658226777017e-16
2223.9881539598578 9.10697637635828e-16 1.0436036848002588e-16
2225.535395579206 8.508483012860889e-16 1.0153737972039471e-16
2227.0826461501706 8.783054566064883e-16 1.0277169863044634e-16
2228.629905672906 1.0147069308115517e-15 1.0688913902193929e-16
2230.1771741475673 9.140193832176042e-16 1.0485968116754249e-16
2231.72445157431 8.998526512956576e-16 1.024138735323457e-16
2233.271737953289 1.1242813363298546e-15 1.0905580959634639e-16
2234.8190332846616 1.0182541989155343e-15 1.0779577529541171e-16
2236.3663375685815 8.93757508086334e-16 1.0066705336709092e-16
2237.9136508052043 1.085453769544191e-15 1.0812761368738839e-16
2239.460972994686 1.0986016267097091e-15 1.084196150610645e-16
2241.0083041371813 9.789695519757087e-16 1.0498535968109135e-16
2242.5556442328457 9.21485237493822e-16 1.0179825925070413e-16
2244.1029932818356 1.0256327029190665e-15 1.0438958449926125e-16
2245.650351284305 1.0138417925350499e-15 1.0634272997906636e-16
2247.1977182404103 9.750174021229386e-16 1.0492588870377123e-16
2248.7450941503066 1.0924477205896698e-15 1.0653088378992012e-16
2250.292479014149 1.0440462462803094e-15 1.0548036441197778e-16
2251.8398728320944 1.1644474269304167e-15 1.0833697640914801e-16
2253.387275604296 1.096526395988936e-15 1.0638625291417645e-16
2254.9346873309105 1.0164277841230173e-15 1.0504822540764538e-16
2256.4821080120932 1.0717865753028877e-15 1.06341691040217e-16
2258.0295376480003 1.1760368493521052e-15 1.0769366150315327e-16
2259.5769762387863 1.2050395751034477e-15 1.1167136792812886e-16
2261.1244237846067 9.049121908478444e-16 1.0052395112111924e-16
2262.6718802856176 1.1946330341925998e-15 1.0875217475453532e-16
2264.219345741974 9.336948997911375e-16 1.0115683693395091e-16
2265.766820153831 8.311906782835663e-16 9.658338179692483e-17
2267.3143035213448 9.180590951012968e-16 9.941447692655902e-17
2268.8617958446703 1.0106467842580067e-15 1.0365513414209787e-16
2270.409297123964 1.0426048079623194e-15 1.0444619012293948e-16
2271.95680735938 1.0339947180534794e-15 1.027429590672438e-16
2273.5043265510753 1.1189935213983828e-15 1.0801186795863507e-16
2275.051854699204 1.2740625959093061e-15 1.095193417592864e-16
2276.599391803922 1.0976946661814366e-15 1.0522120541734247e-16
2278.146937865386 1.0206367967170423e-15 1.0338974151436636e-16
2279.6944928837497 1.1809449817649703e-15 1.0508773155370091e-16
2281.24205685917 1.047052154451878e-15 1.04090879653901e-16
2282.7896297918023 1.1767360750500637e-15 1.0660306687889395e-16
2284.337211681801 1.1415561497726324e-15 1.0599447370629174e-16
2285.8848025293223 1.1332945080424692e-15 1.0674457432064462e-16
2287.432402334523 1.1307851729362283e-15 1.044729775398964e-16
2288.9800110975557 1.1549626696244182e-15 1.0506501386535775e-16
2290.527628818579 9.215629527667326e-16 9.811858269170894e-17
2292.0752554977475 9.902480074266366e-16 9.933977920852303e-17
2293.622891135215 9.814225593909572e-16 9.993081629980442e-17
2295.17053573114 1.0767760228786892e-15 1.0245051432475935e-16
2296.7181892856756 1.0433824900870172e-15 1.0134331653124487e-16
2298.265851798979 1.1010622574214829e-15 1.0259126076034647e-16
2299.8135232712043 9.49118734485928e-16 9.854947099895516e-17
2301.3612037025086 1.0114312426462825e-15 9.986616386312727e-17
2302.908893093047 1.0534844167742088e-15 1.0105750246855065e-16
2304.4565914429745 1.0385744134410466e-15 1.0108543470347534e-16
2306.004298752447 1.069053941135927e-15 1.018352110630281e-16
2307.5520150216207 1.0862609919429244e-15 1.0142438684871997e-16
2309.0997402506505 9.78917035932979e-16 9.815773149573985e-17
2310.647474439692 1.0245948758004432e-15 9.861210511493768e-17
2312.195217588901 9.61930848966978e-16 9.832776012501135e-17
2313.742969698433 1.1269356199491943e-15 1.0284769336768281e-16
2315.290730768444 1.2206789796833143e-15 1.051172056532874e-16
2316.838500799089 1.141631535704938e-15 1.033092733843772e-16
2318.386279790525 1.0415422051299889e-15 9.862554514553044e-17
2319.9340677429063 1.1327034908035225e-15 1.037742349154157e-16
2321.4818646563886 1.0099623816366252e-15 9.710801944607536e-17
2323.029670531128 9.414687564228007e-16 9.599245058476184e-17
2324.57748536728 1.1660681185958694e-15 1.0307354676213429e-16
2326.125309165 1.2768979328211215e-15 1.0490878260870364e-16
2327.6731419244443 1.1695970696123676e-15 1.0316658141998935e-16
2329.2209836457682 1.1999467895080812e-15 1.0470594468761583e-16
2330.7688343291275 1.1000867931036011e-15 9.905589082229483e-17
2332.316693974677 1.2863731610064633e-15 1.0534369432244932e-16
2333.8645625825734 1.1697967576296828e-15 1.0290308138149936e-16
2335.4124401529725 1.3449627476053985e-15 1.0713592339461081e-16
2336.960326686029 1.1884744693913506e-15 1.0292487924500136e-16
2338.5082221818993 1.452981894753424e-15 1.0849061362740116e-16
2340.0561266407394 1.3492288290442448e-15 1.0910289271681291e-16
2341.6040400627044 1.4304913700588094e-15 1.0672206839053828e-16
2343.1519624479497 1.2661103329631275e-15 1.0475498657177288e-16
2344.699893796632 1.4132889779330218e-15 1.0839726794963577e-16
2346.247834108906 1.0977708991466895e-15 9.882510743139253e-17
2347.795783384928 8.874515066127034e-16 9.296949587512965e-17
2349.343741624854 1.4179437416155394e-15 1.0656911938655478e-16
2350.891708828839 1.3983964446543967e-15 1.0952449013141893e-16
2352.439684997039 1.506755463772508e-15 1.0967108638829803e-16
2353.9876701296103 1.3885658861476817e-15 1.0651372475529332e-16
2355.535664226708 1.690476698273729e-15 1.1544032043627568e-16
2357.083667288488 1.5914232889932718e-15 1.1173639094172043e-16
2358.631679315106 1.7030139505633951e-15 1.1467128069461778e-16
2360.1797003067177 1.6906283171712875e-15 1.1607450988575273e-16
2361.727730263479 1.7849681998585113e-15 1.1702059274827658e-16
2363.2757691855454 1.6539761427524099e-15 1.13090068705441e-16
2364.823817073073 1.827924628745566e-15 1.1874189604599533e-16
2366.3718739262176 1.966547499794363e-15 1.1977667913996447e-16
2367.9199397451353 1.8024287252749746e-15 1.1896203196805284e-16
2369.4680145299803 1.6336513754248061e-15 1.1226180283192431e-16
2371.0160982809102 1.71875648140459e-15 1.1517758140394923e-16
2372.5641909980804 1.7305481329424354e-15 1.1583036587359648e-16
2374.112292681646 1.9349523238288303e-15 1.1966109884733366e-16
2375.6604033317635 1.565314557185342e-15 1.1097692664283345e-16
2377.208522948588 1.4262386293888824e-15 1.0609973078487789e-16
2378.756651532276 1.4352501070356025e-15 1.0671939494279851e-16
2380.3047890829826 1.724887941151527e-15 1.159209586942833e-16
2381.8529356008644 1.858708347147629e-15 1.1826528119448718e-16
2383.4010910860766 1.5019272700940401e-15 1.1004782414392408e-16
2384.9492555387756 1.2358901032292254e-15 1.010130663260443e-16
2386.497428959117 1.4018797617708616e-15 1.0474740959736189e-16
2388.0456113472565 1.8793410109515596e-15 1.1883064921699982e-16
2389.5938027033494 2.141925671523366e-15 1.2424128392582348e-16
2391.142003027553 2.1111243771876472e-15 1.2246225003879343e-16
2392.6902123200216 2.169946791967959e-15 1.2832805907764787e-16
2394.238430580912 2.352909296706677e-15 1.2699541155382083e-16
2395.78665781038 2.1748000789974893e-15 1.26442616676619e-16
2397.3348940085807 2.1519672471130655e-15 1.2325954627017614e-16
2398.883139175671 2.2253173357299726e-15 1.2620899440185442e-16
2400.431393311806 1.9589407204115457e-15 1.2065450967578534e-16
2401.979656417142 2.1627749640035568e-15 1.252430459697395e-16
2403.5279284918347 2.173652137595723e-15 1.2461176819601863e-16
2405.07620953604 2.248814876719754e-15 1.259825057326925e-16
2406.624499549914 1.954455892714071e-15 1.1895278078008205e-16
2408.1727985336124 2.2067853136352325e-15 1.252618659830363e-16
2409.721106487291 2.33969621800422e-15 1.2808412682372843e-16
2411.2694234111063 1.999432495180327e-15 1.2076697976931295e-16
2412.817749305213 1.9536863632814904e-15 1.192233019276114e-16
2414.366084169768 2.025214907545327e-15 1.2098986854844904e-16
2415.9144280049272 2.1217525230933206e-15 1.2325642283618314e-16
2417.462780810846 2.2892530766546217e-15 1.2659886778560781e-16
2419.011142587681 2.1120031738704236e-15 1.2306638305353276e-16
2420.5595133355873 2.0883199209069565e-15 1.2090832839238601e-16
2422.1078930547214 2.054604833232683e-15 1.2126245433878731e-16
2423.6562817452395 1.9348292922932416e-15 1.1801827844613394e-16
2425.204679407296 1.7897886643613355e-15 1.1476790862505377e-16
2426.7530860410493 1.7327152667379856e-15 1.129635828636143e-16
2428.3015016466534 1.9322041254314637e-15 1.1945508455269365e-16
2429.849926224265 1.8823333665959723e-15 1.150461060086676e-16
2431.39835977404 2.061365850217667e-15 1.2026364367529688e-16
2432.9468022961346 2.0493951570905956e-15 1.208598357561557e-16
2434.495253790704 1.9521428574933563e-15 1.1808580285389787e-16
2436.043714257905 1.833832471794428e-15 1.139353811170212e-16
2437.5921836978932 1.8291528265190846e-15 1.1407976052985866e-16
2439.1406621108245 1.8338064255312998e-15 1.146903124661514e-16
2440.6891494968554 1.92974349471969e-15 1.161722230771524e-16
2442.237645856141 1.8741239232711836e-15 1.1600623108927016e-16
2443.7861511888386 1.881601106613071e-15 1.1479596659143157e-16
2445.334665495103 2.0369348789200112e-15 1.2028855173790208e-16
2446.8831887750903 1.7363226741812232e-15 1.1042026717780976e-16
2448.4317210289573 2.0630681746834113e-15 1.1994590044095811e-16
2449.9802622568595 1.933085039696608e-15 1.1674828489062413e-16
2451.5288124589524 1.959340096446176e-15 1.1710579896881445e-16
2453.0773716353933 1.949007988555568e-15 1.1620116778114685e-16
2454.6259397863378 1.903607657857448e-15 1.1547627963186458e-16
2456.174516911941 2.050791702662381e-15 1.2030033078982484e-16
2457.72310301236 1.7388774314292606e-15 1.130977846461949e-16
2459.2716980877503 2.0772710113847346e-15 1.1946235050719432e-16
2460.820302138268 1.6054844594341668e-15 1.0832480031053123e-16
2462.368915164069 1.7987917775577015e-15 1.132240322600052e-16
2463.9175371653105 1.8102390043233697e-15 1.1246352902226885e-16
2465.4661681421467 1.7856019922612943e-15 1.1371952006436936e-16
2467.0148080947356 1.7347085470211117e-15 1.1198457159526594e-16
2468.5634570232314 1.8745864032603844e-15 1.1497958745252854e-16
2470.1121149277915 1.6173039571801533e-15 1.0858303286288048e-16
2471.6607818085718 1.7842840089953666e-15 1.1324612129108282e-16
2473.2094576657278 1.7071922582130822e-15 1.092555704055555e-16
2474.7581424994155 1.6365920620594362e-15 1.0820179524472214e-16
2476.3068363097923 1.6095093482412825e-15 1.0806998897719549e-16
2477.855539097013 1.6170048486706542e-15 1.0646412700576465e-16
2479.4042508612347 1.791607667615564e-15 1.1444454056254964e-16
2480.952971602612 1.8580707430965833e-15 1.1334035370646486e-16
2482.501701321302 1.559938439069119e-15 1.0754493442901623e-16
2484.0504400174614 1.462965236828e-15 1.0418530397518516e-16
2485.5991876912453 1.451462635283405e-15 1.0257743030050458e-16
2487.1479443428107 1.760318694060464e-15 1.1039263934535049e-16
2488.6967099723124 1.4791707770539877e-15 1.0542699471885586e-16
2490.245484579908 1.5923375551807144e-15 1.0440966182708914e-16
2491.794268165753 1.5319542704368499e-15 1.0502086889042702e-16
2493.343060730003 1.5054977257249538e-15 1.0434885412589914e-16
2494.891862272815 1.3086553155960533e-15 9.88183245503696e-17
2496.440672794345 1.561871791771227e-15 1.0579479892386634e-16
2497.989492294749 1.4245899856361703e-15 1.0231818527908556e-16
2499.5383207741834 1.4599744693703635e-15 1.0207242661037361e-16
2501.087158232803 1.5843631634987888e-15 1.0647448330703381e-16
2502.6360046707664 1.382881130401303e-15 9.972132122914679e-17
2504.184860088228 1.3517708807980733e-15 9.962737336389546e-17
2505.7337244853443 1.3999186687397311e-15 1.0110275917422465e-16
2507.2825978622714 1.541731254109651e-15 1.0465066917036259e-16
2508.8314802191667 1.3948899400110007e-15 9.997229444444028e-17
2510.3803715561844 1.3557198542772913e-15 1.002768358762027e-16
2511.9292718734823 1.5706513941486362e-15 1.0559562044980847e-16
2513.478181171216 1.454711218394362e-15 1.0151884425722862e-16
2515.0270994495413 1.3656208223977468e-15 1.0003049487233951e-16
2516.576026708615 1.540760660231216e-15 1.0382295916221753e-16
2518.1249629485933 1.2823380019248622e-15 9.718541046418582e-17
2519.673908169632 1.5383334873208588e-15 1.0269440687400938e-16
2521.222862371888 1.1016989085604629e-15 9.096063150926297e-17
2522.7718255555164 1.381499831422568e-15 9.974541534602923e-17
2524.320797720675 1.4664934466906694e-15 1.0042916284036556e-16
2525.869778867519 1.463993852463322e-15 1.0161171347896117e-16
2527.4187689962046 1.3373482390469375e-15 9.891884353840704e-17
2528.967768106888 1.5473172246385563e-15 1.0201951352094982e-16
2530.516776199726 1.4921400161467535e-15 1.0273076311629231e-16
2532.0657932748745 1.946492088943986e-15 1.1292174737695382e-16
2533.6148193324902 1.460881959294228e-15 1.0139891630329823e-16
2535.1638543727286 2.072588401494076e-15 1.1627647430411368e-16
2536.7128983957464 2.061687087462913e-15 1.1466876606555562e-16
2538.2619514017 2.051071223534975e-15 1.1559733916887294e-16
2539.8110133907458 1.8743852329354115e-15 1.1059146047738373e-16
2541.3600843630397 2.2418323606190633e-15 1.1980104457208783e-16
2542.909164318738 2.1243573611643644e-15 1.1741196167457747e-16
2544.4582532579966 2.304941397387192e-15 1.2039411321895365e-16
2546.0073511809733 2.479101959254517e-15 1.2465104934894755e-16
2547.556458087822 2.3206911280084386e-15 1.2069339378202023e-16
2549.1055739787016 2.183478778575057e-15 1.1785002329209576e-16
2550.654698853767 2.6320276168924133e-15 1.293472647063214e-16
2552.2038327131745 2.3766444304381632e-15 1.1958411149336212e-16
2553.7529755570804 2.318768786734645e-15 1.2143008745300486e-16
2555.3021273856416 2.404571530225611e-15 1.223541342240103e-16
2556.851288199014 2.3492433381109602e-15 1.2147704484201827e-16
2558.4004579973544 2.5182257758134827e-15 1.265501766260305e-16
2559.9496367808183 2.566758434350549e-15 1.2387475688767878e-16
2561.498824549563 2.4174019617941456e-15 1.2446599911975208e-16
2563.0480213037436 2.5420638240480605e-15 1.2486814124635086e-16
2564.5972270435177 2.4712160825155795e-15 1.229235388879122e-16
2566.146441769041 2.3770406300992414e-15 1.2449564527290598e-16
2567.69566548047 2.363674873708042e-15 1.206727076492615e-16
2569.2448981779617 2.4043709951753487e-15 1.2152536542468117e-16
2570.7941398616704 2.324345016384657e-15 1.21622734508946e-16
2572.343390531755 2.5163529859671034e-15 1.240483721720863e-16
2573.8926501883707 2.3906291561555685e-15 1.2224530372517792e-16
2575.4419188316742 2.5557182069160366e-15 1.257280914460508e-16
2576.991196461821 2.50894864745868e-15 1.2289565297510181e-16
2578.5404830789685 2.2671048591498162e-15 1.2047967678151613e-16
2580.0897786832734 2.378584982920323e-15 1.2127653626153542e-16
2581.6390832748907 2.6753014713764515e-15 1.2873185556547175e-16
2583.1883968539773 2.444832276758029e-15 1.227894032797806e-16
2584.7377194206906 2.3840635920231636e-15 1.2198499991257483e-16
2586.287050975186 2.546855701188915e-15 1.2454294676905422e-16
2587.83639151762 2.0908529729357205e-15 1.1534730563075531e-16
2589.3857410481496 2.0072808907113486e-15 1.1294198352345932e-16
2590.935099566931 2.135560007166513e-15 1.171549136448654e-16
2592.48446707412 2.3450119850229514e-15 1.2078885704215375e-16
2594.0338435698736 2.4527861278909836e-15 1.2578788667817102e-16
2595.5832290543485 2.2832908117388986e-15 1.1758909743967203e-16
2597.1326235277006 2.3203457503241957e-15 1.2069008505957002e-16
2598.682026990087 2.323048844217121e-15 1.2120819129060384e-16
2600.231439441663 2.1546817759507788e-15 1.1697121337442962e-16
2601.7808608825862 1.8067324996799737e-15 1.0956817188520663e-16
2603.3302913130124 1.6896523234578137e-15 1.0634681956001483e-16
2604.8797307330988 1.909029515752823e-15 1.1063072839542285e-16
2606.429179143001 2.2906280228862522e-15 1.206428762076504e-16
2607.978636542876 2.3983712490517096e-15 1.2249523138417714e-16
2609.5281029328803 2.455253958382809e-15 1.2431100532529435e-16
2611.0775783131694 2.7078586650118282e-15 1.295250886856856e-16
2612.6270626839014 2.696441084399314e-15 1.2820615250769225e-16
2614.176556045232 2.3954259037358696e-15 1.2206770473894034e-16
2615.7260583973175 2.56290125806699e-15 1.259512052183135e-16
2617.2755697403145 2.6149444446539518e-15 1.2724885969350708e-16
2618.8250900743806 2.314933845065951e-15 1.1949983171511032e-16
2620.3746193996703 2.615289398821721e-15 1.2736858250664556e-16
2621.9241577163416 2.3567681670561306e-15 1.2223216147960568e-16
2623.473705024551 2.3601543930210165e-15 1.212435946208211e-16
2625.0232613244534 2.2542056061543173e-15 1.1985250182363353e-16
2626.5728266162077 2.380308059693275e-15 1.2328422933965472e-16
2628.122400899969 2.193178152854066e-15 1.1656027004611327e-16
2629.671984175894 2.423620454176413e-15 1.2167305355996884e-16
2631.2215764441394 2.111262231799813e-15 1.1664390131476484e-16
2632.7711777048617 2.0991299671380527e-15 1.16281503562238e-16
2634.320787958218 1.9861328073590137e-15 1.129433599519986e-16
2635.8704072043633 2.046138103650166e-15 1.1530745537756496e-16
2637.420035443456 1.797475911874142e-15 1.0961772993006591e-16
2638.969672675652 2.0697118776052004e-15 1.1491058073710692e-16
2640.5193189011075 1.736395519014687e-15 1.0787611769394776e-16
2642.0689741199794 2.0414861987038454e-15 1.1508168139245229e-16
2643.6186383324243 1.684837470548265e-15 1.0546627587178478e-16
2645.1683115385986 1.618458463087261e-15 1.0475043376968139e-16
2646.717993738659 1.709397826128614e-15 1.0623293995072342e-16
2648.267684932762 1.5297409733456744e-15 1.0251613290839195e-16
2649.8173851210645 1.6598494692086712e-15 1.0552994230917176e-16
2651.3670943037223 1.6718617728292764e-15 1.050251636121674e-16
2652.9168124808934 1.5557013685087162e-15 1.0444062485177823e-16
2654.466539652733 1.5011274592335953e-15 1.0033074819980646e-16
2656.0162758193987 1.424782791510789e-15 1.0223581132496508e-16
2657.5660209810467 1.542928005785003e-15 1.017555568787617e-16
2659.1157751378337 1.4904596086585194e-15 1.0071812018938749e-16
2660.665538289916 1.5073044470014473e-15 1.0212760286595335e-16
2662.2153104374515 1.4105487204695358e-15 9.831670237458274e-17
2663.765091580595 1.3120106248583644e-15 9.649785793903174e-17
2665.3148817195042 1.3175029982465981e-15 9.629841476717786e-17
2666.864680854336 1.2057028019011478e-15 9.475149437747509e-17
2668.414488985246 1.185825691486168e-15 9.406969241193948e-17
2669.964306112392 1.0504025932747425e-15 8.919581189387903e-17
2671.5141322359304 1.1333036136466522e-15 9.217397311898025e-17
2673.063967356017 1.071789010522611e-15 8.930410637967448e-17
2674.61381147281 1.1562737707476495e-15 9.259983878554705e-17
2676.163664586464 1.0409625169567117e-15 8.956161763052958e-17
2677.713526697138 9.116092568453105e-16 8.603756352325767e-17
2679.2633978049867 1.1021103548145917e-15 9.120048741712375e-17
2680.8132779101684 1.0079825480015367e-15 8.880787742148146e-17
2682.3631670128384 1.1361761141290283e-15 9.33601501173813e-17
2683.9130651131545 1.215748930292939e-15 9.327676369419105e-17
2685.462972211273 1.4481079612958044e-15 1.0032445500970615e-16
2687.0128883073503 1.5501181508368895e-15 1.039207583804009e-16
2688.5628134015437 1.7302529419603173e-15 1.072324189761488e-16
2690.112747494009 1.6437977713417286e-15 1.0848211021070411e-16
2691.6626905849043 2.013008739258919e-15 1.1346399404698438e-16
2693.212642674385 1.9465712865245543e-15 1.1435161840125788e-16
2694.7626037626087 2.3205494617480104e-15 1.225802787860374e-16
2696.312573849732 2.4818300406193863e-15 1.2537385962053108e-16
2697.8625529359106 2.3753438113476542e-15 1.235083489635423e-16
2699.412541021303 2.7759774781464927e-15 1.3266298841323816e-16
2700.9625381060646 3.1078733624844606e-15 1.3717378296450213e-16
2702.512544190353 3.3052602030402087e-15 1.42172640546952e-16
2704.062559274324 3.1890214481720275e-15 1.4048221424713863e-16
2705.6125833581355 3.623753061537298e-15 1.472408489519583e-16
2707.162616441944 3.732849634594231e-15 1.491781324163371e-16
2708.712658525905 4.084478421987909e-15 1.5854499332398957e-16
2710.262709610177 3.8241102348808304e-15 1.5052959995346093e-16
2711.812769694916 4.230449727370611e-15 1.5928892647969526e-16
2713.3628387802783 4.333143154862775e-15 1.6085166256271004e-16
2714.9129168664217 4.227560497987526e-15 1.5761855103793018e-16
2716.4630039535023 4.266906025420436e-15 1.6127196295811559e-16
2718.013100041677 4.144234478834332e-15 1.5566062114546206e-16
2719.563205131103 3.932867994758862e-15 1.537036573999494e-16
2721.113319221937 4.064854362665921e-15 1.5653755170877648e-16
2722.6634423143355 4.023613175497057e-15 1.5449412442819488e-16
2724.2135744084553 4.2591480506565336e-15 1.604563893439179e-16
2725.7637155044536 4.206411355844007e-15 1.6002491870152044e-16
2727.313865602487 4.375771781999242e-15 1.6106966766750962e-16
2728.8640247027124 4.35161101421176e-15 1.6063484859799254e-16
2730.4141928052863 4.015962350400982e-15 1.5703658646360727e-16
2731.9643699103663 4.129701511041816e-15 1.5642305667710934e-16
2733.514556018108 4.178012458704939e-15 1.5826122405176958e-16
2735.0647511286697 4.251668749732278e-15 1.5944485995132886e-16
2736.6149552422075 4.332881845198547e-15 1.5976407225843552e-16
2738.165168358879 4.198917231843175e-15 1.5928121053894136e-16
2739.7153904788393 3.732754343387665e-15 1.5004513681230087e-16
2741.265621602247 3.474508609088169e-15 1.4766179785696408e-16
2742.815861729258 4.083448429924048e-15 1.5771311432555724e-16
2744.3661108600295 4.15971824111014e-15 1.5879097698582814e-16
2745.9163689947186 4.186856329707221e-15 1.6149479879769247e-16
2747.466636133482 4.0767196001910595e-15 1.5735025335188738e-16
2749.0169122764764 4.06379048928417e-15 1.5684342324696389e-16
2750.5671974238594 4.137368006247415e-15 1.581335603047506e-16
2752.117491575787 4.096670614230687e-15 1.5788072096999518e-16
2753.6677947324165 4.023971893950219e-15 1.5820042296802448e-16
2755.2181068939053 4.100791006002606e-15 1.5864801370619937e-16
2756.768428060409 3.981111603302678e-15 1.5909855582479986e-16
2758.3187582320857 3.878126796476658e-15 1.5400189240672173e-16
2759.8690974090923 4.219456933781144e-15 1.6095195655762087e-16
2761.4194455915854 3.7297698227980146e-15 1.538486985572769e-16
2762.9698027797212 4.37001746367207e-15 1.6025749541999075e-16
2764.520168973658 4.059158066095636e-15 1.5925451576621305e-16
2766.0705441735518 3.777544175089052e-15 1.5328154382464115e-16
2767.62092837956 4.300527304195801e-15 1.6239196550751238e-16
2769.1713215918394 3.904680855856607e-15 1.5604996513362342e-16
2770.721723810547 4.2122054847197e-15 1.5817837364161627e-16
2772.2721350358393 4.071479007346397e-15 1.6095031543128557e-16
2773.822555267874 4.5439429738965316e-15 1.6790989546795152e-16
2775.372984506808 4.365594257621508e-15 1.628086395431125e-16
2776.9234227527977 4.25184874423357e-15 1.6461951657500339e-16
2778.4738700060007 4.164035144525822e-15 1.5921822569837913e-16
2780.0243262665736 4.34784425869532e-15 1.654229140905843e-16
2781.5747915346733 4.3165345328330124e-15 1.6637504529774713e-16
2783.125265810457 4.222419007997693e-15 1.6172476824287201e-16
2784.6757490940818 4.395852815596273e-15 1.6708156341998582e-16
2786.2262413857047 4.3435006737418e-15 1.668006793537424e-16
2787.776742685482 4.8164737070932346e-15 1.7219078674848495e-16
2789.3272529935716 4.63189209887584e-15 1.721883382938718e-16
2790.8777723101302 4.751181866420031e-15 1.737124284986681e-16
2792.428300635315 4.845426140263334e-15 1.7545424587557816e-16
2793.9788379692827 4.83320176076856e-15 1.7552372904703262e-16
2795.5293843121904 4.232494888421756e-15 1.6537109949701397e-16
2797.0799396641955 3.1628117076851377e-15 1.4459961493396218e-16
2798.6305040254547 2.2325759845714683e-15 1.2609074066148384e-16
2800.1810773961247 2.4513446895729936e-15 1.3090160986920245e-16
2801.7316597763634 3.8442086326532805e-15 1.5901391870452343e-16
2803.2822511663267 3.935190135583759e-15 1.598603163770673e-16
2804.832851566173 2.825341923037763e-15 1.4114909387442378e-16
2806.3834609760584 2.5791403619735125e-15 1.303862167905778e-16
2807.9340793961405 3.346548188779409e-15 1.507178530259882e-16
2809.484706826576 4.239443523204557e-15 1.6713990281422796e-16
2811.035343267522 4.637234759190647e-15 1.711449392866423e-16
2812.5859887191355 4.943922519501853e-15 1.8091985831663454e-16
2814.136643181574 4.835240145556127e-15 1.778588400639351e-16
2815.6873066549947 4.7126045978702815e-15 1.7472727984859716e-16
2817.2379791395538 4.616195307813797e-15 1.725954302692561e-16
2818.7886606354095 4.9303898976200446e-15 1.7734289111993884e-16
2820.339351142718 4.585104116451881e-15 1.7219256022371827e-16
2821.8900506616365 4.5917003855286236e-15 1.7290212237061115e-16
2823.4407591923223 4.851587881438135e-15 1.7780950039475755e-16
2824.9914767349337 4.4778523811540676e-15 1.7236073596841765e-16
2826.542203289626 4.410798288434102e-15 1.676738909130228e-16
2828.092938856557 4.7184736891618066e-15 1.7377986026220342e-16
2829.6436834358838 4.381209310004141e-15 1.6920556470967498e-16
2831.194437027763 4.076396457121682e-15 1.655355297678997e-16
2832.7451996323534 4.6238177573061385e-15 1.7438290801597908e-16
2834.2959712498105 4.360255408954964e-15 1.685882365098042e-16
2835.846751880292 4.703831454119095e-15 1.7760802566731923e-16
2837.397541523955 4.56586503360442e-15 1.7218923826637825e-16
2838.948340180957 4.499801969432742e-15 1.7391256650223653e-16
2840.499147851455 4.442683573184069e-15 1.732568571219433e-16
2842.049964535606 4.407103107201705e-15 1.7102124600656358e-16
2843.600790233567 4.5242126119396636e-15 1.752504153377553e-16
2845.1516249454958 4.380391076177093e-15 1.7097926493611529e-16
2846.7024686715486 4.514634363372112e-15 1.7635229932301473e-16
2848.2533214118835 4.406916759953309e-15 1.7280877669284577e-16
2849.8041831666574 4.334566170214162e-15 1.7041346016223921e-16
2851.355053936027 4.423748151648199e-15 1.7606507574455672e-16
2852.90593372015 4.514503920298235e-15 1.7441370560454566e-16
2854.4568225191842 3.81421223137569e-15 1.637444786009305e-16
2856.0077203332858 3.949095875478833e-15 1.681841885590741e-16
2857.558627162612 4.252937605087265e-15 1.6945948930539406e-16
2859.1095430073206 4.287264038791219e-15 1.7381302689604435e-16
2860.660467867569 4.390899790437204e-15 1.7286117362156733e-16
2862.2114017435133 4.771042247934303e-15 1.7879548645003096e-16
2863.7623446353123 4.5571126421604415e-15 1.7972924763015022e-16
2865.313296543122 4.711052409994438e-15 1.8059672848214683e-16
2866.8642574670994 3.965552878611037e-15 1.6860782414670946e-16
2868.415227407403 4.650509459540016e-15 1.7944526659969341e-16
2869.9662063641895 4.6480644989377665e-15 1.777416715845282e-16
2871.517194337616 4.371834772860404e-15 1.758009735185808e-16
2873.0681913278395 4.820968063911366e-15 1.8321305443753775e-16
2874.619197335018 4.313476320376951e-15 1.7301884086376484e-16
2876.170212359308 4.866030640221768e-15 1.8632490790196224e-16
2877.7212364008674 4.87990461638132e-15 1.86046538464781e-16
2879.2722694598533 4.94586857769817e-15 1.8939157745260664e-16
2880.823311536422 4.6933193517271956e-15 1.8295267121559586e-16
2882.374362630733 5.164642788413852e-15 1.9093291271881345e-16
2883.9254227429415 5.122689246536347e-15 1.89665619080823e-16
2885.4764918732053 4.8380090962607016e-15 1.8594240635182792e-16
2887.027570021682 5.052425745979234e-15 1.897233232003547e-16
2888.578657188529 5.292385097738694e-15 1.9672630044067764e-16
2890.1297533739034 5.455834927987988e-15 1.976319639497497e-16
2891.680858577963 5.7110294378532375e-15 2.0301941113164227e-16
2893.2319728008642 5.362875179609197e-15 1.9682916200420983e-16
2894.7830960427655 5.344619925529972e-15 1.9284105295585077e-16
2896.334228303823 6.0876075807082906e-15 2.1280876942640723e-16
2897.8853695841944 6.247188164454527e-15 2.1248611604795235e-16
2899.4365198840374 6.7252158669187014e-15 2.1961862315475619e-16
2900.987679203509 6.590920487197427e-15 2.178343879560344e-16
2902.5388475427667 7.230498548526677e-15 2.279065493760639e-16
2904.090024901968 6.6929472997601016e-15 2.1789567873070213e-16
2905.6412112812695 6.801044797455748e-15 2.2242860201771312e-16
2907.19240668083 7.251596445176887e-15 2.2916762261584794e-16
2908.7436111008055 7.798062292196841e-15 2.3932741224124885e-16
2910.2948245413536 7.413004502506825e-15 2.3419677486105194e-16
2911.8460470026325 7.607352824122535e-15 2.3336117685858557e-16
2913.397278484799 7.476565854868788e-15 2.328095731214658e-16
2914.94851898801 7.931838440721449e-15 2.4347848248772576e-16
2916.4997685124235 7.8473104818161e-15 2.387431447961006e-16
2918.051027058197 7.855879914143472e-15 2.4123556571317597e-16
2919.602294625488 7.423618672368869e-15 2.3897981109551937e-16
2921.1535712144528 7.810928722665634e-15 2.3919450747786873e-16
2922.70485682525 7.769846777690853e-15 2.4243824661915867e-16
2924.2561514580366 7.942091774547962e-15 2.4572319920728846e-16
2925.80745511297 7.846377898541174e-15 2.413422389249708e-16
2927.358767790207 7.706464996313708e-15 2.4170749541369463e-16
2928.910089489906 7.703272529135507e-15 2.4338980872606007e-16
2930.4614202122243 7.71814388659045e-15 2.438797378767079e-16
2932.0127599573184 7.843724991350373e-15 2.4358414984789573e-16
2933.5641087253475 7.561330982999367e-15 2.3980947986735495e-16
2935.115466516467 7.943019275625206e-15 2.4826887732092246e-16
2936.666833330836 8.395396702864152e-15 2.537804148295878e-16
2938.218209168611 7.732708618118488e-15 2.473894983029949e-16
2939.7695940299495 7.666751009548743e-15 2.4357779710079133e-16
2941.3209879150095 7.470391831716251e-15 2.4283407570332245e-16
2942.8723908239476 8.043970356344868e-15 2.500714428420184e-16
2944.4238027569218 8.081691274584944e-15 2.529507460577522e-16
2945.9752237140897 8.330689314924554e-15 2.593885670337993e-16
2947.5266536956087 8.443165125924558e-15 2.5922241622723945e-16
2949.0780927016363 8.146437626040115e-15 2.56117140503046e-16
2950.6295407323305 8.50831212396378e-15 2.615554361315534e-16
2952.180997787847 7.839310255629284e-15 2.525298765620852e-16
2953.7324638683453 7.701959628067263e-15 2.51497025762027e-16
2955.2839389739815 7.932759165535114e-15 2.58005229882035e-16
2956.8354231049143 8.285796568720076e-15 2.588255812914508e-16
2958.3869162613005 8.215945149691803e-15 2.6043896729773344e-16
2959.9384184432975 7.592107925137852e-15 2.4943248883221305e-16
2961.489929651063 7.755841087908003e-15 2.5466090557825863e-16
2963.041449884755 8.015792958321506e-15 2.5923461879563583e-16
2964.5929791445296 7.907585346342717e-15 2.591374747044976e-16
2966.144517430546 7.863249100784585e-15 2.5778719830745584e-16
2967.696064742961 7.978805570613753e-15 2.615416189066013e-16
2969.247621081932 8.426433684117444e-15 2.680681401140937e-16
2970.799186447617 7.406717823972304e-15 2.5143357770032173e-16
2972.3507608401737 7.851435532269229e-15 2.660589250236473e-16
2973.902344259758 8.154834263646247e-15 2.597551734812828e-16
2975.4539367065295 7.442333865338453e-15 2.611545513194857e-16
2977.005538180645 8.487745316971499e-15 2.7136751873210643e-16
2978.557148682262 7.410020405433648e-15 2.578663164786853e-16
2980.108768211538 8.188157386824178e-15 2.7490409304512995e-16
2981.6603967686306 6.862982387657824e-15 2.45400982580197e-16
2983.2120343536976 7.88009150390779e-15 2.714885385644454e-16
2984.763680966896 8.062335724707236e-15 2.7251718066954693e-16
2986.3153366083848 7.947541584530596e-15 2.6654790126222946e-16
2987.8670012783195 7.485607931580728e-15 2.691944821757051e-16
2989.41867497686 7.975816391342892e-15 2.692438218448827e-16
2990.970357704162 7.13151427831054e-15 2.615695445240811e-16
2992.522049460384 8.140585475407535e-15 2.775239924207671e-16
2994.0737502456836 7.789397992179377e-15 2.74121566950765e-16
2995.6254600602183 7.51917754134631e-15 2.69635495173649e-16
2997.1771789041454 7.111939346899493e-15 2.6443521580332e-16
2998.728906777623 7.146580453343352e-15 2.6618243301526883e-16
3000.280643680808 6.911987478821222e-15 2.600282357276539e-16
3001.8323896138595 6.40796984091997e-15 2.5677835559749637e-16
3003.384144576934 6.705293228482807e-15 2.585194318205776e-16
3004.9359085701894 6.695648064312422e-15 2.6122991078201174e-16
3006.487681593783 6.930119489606621e-15 2.6982329825992303e-16
3008.039463647873 6.368049601632349e-15 2.562815972437113e-16
3009.591254732617 6.264385897899105e-15 2.5669079356657395e-16
3011.1430548481726 6.6027997007661945e-15 2.639719152509515e-16
3012.694863994697 6.289341182591111e-15 2.609815183702294e-16
3014.2466821723483 6.528652554145921e-15 2.63633287360507e-16
3015.7985093812845 6.712244404364449e-15 2.7068639836339556e-16
3017.3503456216627 6.353830459546791e-15 2.596038192815203e-16
3018.9021908936406 6.547599834143053e-15 2.667310721370732e-16
3020.4540451973767 6.4052013137318696e-15 2.689664979639957e-16
3022.0059085330277 6.462415424703582e-15 2.666341398041718e-16
3023.557780900752 6.364999435989286e-15 2.711282054547275e-16
3025.109662300706 6.146192190988661e-15 2.6394396316369213e-16
3026.6615527330496 5.917044367767955e-15 2.598223802516915e-16
3028.2134521979388 6.35015348952276e-15 2.7342665582688163e-16
3029.7653606955323 6.657036490928308e-15 2.749753232220381e-16
3031.3172782259867 6.868549935220127e-15 2.8289227548222804e-16
3032.869204789461 6.855578896182348e-15 2.8906343989856765e-16
3034.421140386112 6.148471133133248e-15 2.7448015305502917e-16
3035.973085016098 6.275210978965015e-15 2.7258425509105763e-16
3037.5250386795765 6.6801867484097156e-15 2.857335416246742e-16
3039.077001376705 6.840145532366901e-15 2.9053529199332e-16
3040.6289731076417 6.540183213656894e-15 2.8178835332393927e-16
3042.180953872544 6.726832005782063e-15 2.902498683598749e-16
3043.73294367157 6.49243723696959e-15 2.8590167766470416e-16
3045.284942504877 6.954904520676229e-15 3.0021198167121035e-16
3046.836950372624 7.309253977896488e-15 3.055056199541945e-16
3048.388967274967 6.719081230798212e-15 2.907005957669326e-16
3049.940993212065 6.844625913141403e-15 3.00041410411457e-16
3051.4930281840752 7.111822456352772e-15 3.0347657899882643e-16
3053.0450721911557 7.050673030308116e-15 3.055228253109356e-16
3054.597125233464 6.393825661250244e-15 2.9788790855240176e-16
3056.149187311158 6.7959384593332256e-15 2.989022305067388e-16
3057.701258424396 6.413500119032594e-15 3.0030060249331683e-16
3059.2533385733354 6.580983520176713e-15 3.0178293662079146e-16
3060.805427758134 6.41675738423126e-15 2.9503290459434233e-16
3062.3575259789486 5.8133446651344525e-15 2.9641714171861307e-16
3063.9096332359395 6.3937015709234716e-15 3.078563216712824e-16
3065.4617495292623 6.337942662555142e-15 3.015434115851757e-16
3067.0138748590757 5.921722107219167e-15 2.9990281464546253e-16
3068.566009225538 6.179479315266334e-15 2.984828697885091e-16
3070.1181526288055 6.690436270587966e-15 3.197615815031784e-16
3071.6703050690376 6.642556039178522e-15 3.131147551473963e-16
3073.2224665463914 6.326858389407372e-15 3.091074158041566e-16
3074.7746370610253 6.642016055674648e-15 3.231790682777739e-16
3076.3268166130965 6.42486306602001e-15 3.130742828543853e-16
3077.879005202763 6.5059990814880786e-15 3.2670095186311846e-16
3079.431202830183 6.176425337975008e-15 3.105566097675699e-16
3080.983409495514 6.555287081655859e-15 3.237938553788029e-16
3082.535625198914 6.1825032228880316e-15 3.158933408517456e-16
3084.087849940541 6.630603133743343e-15 3.2927270270966013e-16
3085.6400837205533 6.750687418192059e-15 3.3186385590464984e-16
3087.192326539108 6.2390934940940914e-15 3.21464885350768e-16
3088.744578396363 5.724819557751011e-15 3.2104946862969897e-16
3090.2968392924763 6.321586456343661e-15 3.3098288869994616e-16
3091.8491092276067 6.1385422129255334e-15 3.282710068401931e-16
3093.401388201911 6.109576650744752e-15 3.2840542038101053e-16
3094.953676215548 5.864411434491467e-15 3.2557116873015884e-16
3096.5059732686746 6.449796327855388e-15 3.411263200015532e-16
3098.0582793614494 6.265341351063608e-15 3.3999762212955727e-16
3099.6105944940305 6.322530474563376e-15 3.432602606934828e-16
3101.1629186665746 5.952946282753802e-15 3.342844907794454e-16
3102.715251879241 5.770118032737224e-15 3.367658737984269e-16
3104.2675941321877 6.160554905158778e-15 3.390843088541803e-16
3105.8199454255723 6.102638603873792e-15 3.495856115760023e-16
3107.372305759552 6.41747312707169e-15 3.5502356309737493e-16
3108.9246751342853 6.348009225616786e-15 3.5405177807885783e-16
3110.47705354993 6.397417504463076e-15 3.615184529182433e-16
3112.029441006645 5.993804187514034e-15 3.505962012914155e-16
3113.5818375045874 5.8979425042579494e-15 3.5484314507960976e-16
3115.134243043915 6.300434349584827e-15 3.568868767626568e-16
3116.686657624786 6.671071826864312e-15 3.741847718532473e-16
3118.239081247359 7.210270554713297e-15 3.929302197809158e-16
3119.791513911791 6.820733231281727e-15 3.822542694532818e-16
3121.34395561824 7.215115583171592e-15 3.980844152649582e-16
3122.896406366865 6.466987285036387e-15 3.7543512483229264e-16
3124.4488661578234 6.7386557386927854e-15 3.823076325289588e-16
3126.001334991274 7.615898539527384e-15 4.1242664182566404e-16
3127.5538128673725 6.522165975835848e-15 3.8829954359783573e-16
3129.1062997862796 6.950712554620268e-15 4.016407625033442e-16
3130.658795748152 7.12743581466951e-15 4.075182711847826e-16
3132.2113007531475 7.484446649410042e-15 4.158671837782926e-16
3133.763814801425 7.175548133106502e-15 4.1484153275828605e-16
3135.3163378931417 7.37197337950888e-15 4.189217434047692e-16
3136.868870028456 7.178841397205427e-15 4.2027498441712637e-16
3138.421411207526 6.865370173536134e-15 4.15714373740652e-16
3139.9739614305095 6.936182127926594e-15 4.188715302328648e-16
3141.526520697565 6.3851689845293054e-15 4.044687937559895e-16
3143.07908900885 7.591853815253676e-15 4.3852571216403916e-16
3144.6316663645234 7.640298170605991e-15 4.3758839079856347e-16
3146.1842527647427 6.6696513526117666e-15 4.1754295905509643e-16
3147.7368482096654 7.552905546273029e-15 4.435538056180591e-16
3149.289452699451 7.47607796389117e-15 4.467076004482625e-16
3150.8420662342555 7.234691361615586e-15 4.42173115444255e-16
3152.39468881424 8.098591275948561e-15 4.689439623191416e-16
3153.947320439559 8.154543731345339e-15 4.743751375769361e-16
3155.499961110373 8.003722738823132e-15 4.662599796070887e-16
3157.0526108268405 7.74050386233207e-15 4.732317489772612e-16
3158.6052695891176 8.11407503822437e-15 4.775062478060209e-16
3160.1579373973627 8.023507734405098e-15 4.812337221695318e-16
3161.710614251736 5.872575561553578e-15 3.8740433565170635e-16
3163.2633001523936 6.346498965871831e-15 4.280825106084429e-16
3164.815995099495 1.0193128418688364e-14 5.451978916374731e-16
3166.368699093196 1.693006086884996e-14 7.28178872282353e-16
3167.9214121336577 2.727896870505464e-16 2.382953025950195e-16
