wavelength flux error
1669.600827065 3.3201504154485584e-13 3.453537979138284e-14
1670.9698401032772 -9.223791706553658e-14 2.912325261050612e-14
1672.338870025142 8.165923449585111e-14 3.5125866787704546e-14
1673.707916799424 2.8321881515372405e-13 3.239138354781991e-14
1675.0769803949497 1.829531263899259e-13 2.5707885324102904e-14
1676.4460607805415 -8.676604356869233e-14 2.4636742705598166e-14
1677.815157925018 9.870433599146536e-14 2.297703585556199e-14
1679.184271797194 -1.1844308357451122e-13 2.99037494256877e-14
1680.5534023658795 -1.012446826679711e-13 2.1493798155690878e-14
1681.9225495998828 -3.3538049317967736e-14 2.1331731953760924e-14
1683.2917134680065 4.436570197590556e-14 2.2048560690429188e-14
1684.6608939390496 1.2940137242983818e-13 1.9253087690210453e-14
1686.0300909818081 1.1465455592319512e-13 1.927948970717637e-14
1687.3993045650736 -6.482777503832513e-14 2.651049308733961e-14
1688.768534657634 -1.4508521066405183e-13 3.1271819443852433e-14
1690.1377812282733 -2.0582478795871766e-14 1.7566153813117734e-14
1691.507044245772 -4.0864538722274954e-14 2.0366983449694905e-14
1692.8763236789061 1.6672814929889757e-13 1.7239427794373333e-14
1694.245619496449 4.143765222581553e-15 1.572280513791914e-14
1695.6149316671697 -2.093172064442008e-14 1.4992933787929055e-14
1696.9842601598332 -1.0333219197834753e-14 1.5486323703441107e-14
1698.3536049432007 1.5839747861869785e-13 1.596386902064182e-14
1699.7229659860304 -1.5117634401940307e-15 1.491852363757866e-14
1701.0923432570753 2.5637535849701645e-14 1.4351416444667066e-14
1702.4617367250867 2.1586116954238482e-13 1.7701231851282272e-14
1703.8311463588109 1.1157211493671021e-13 1.450251865212776e-14
1705.2005721269902 -6.957357866904657e-14 1.423234563513974e-14
1706.570013998364 2.9564339257964756e-13 1.7162818746491865e-14
1707.9394719416673 3.2312663693833885e-14 1.3457335052357525e-14
1709.3089459256323 -8.238714242346946e-15 1.2933523101511888e-14
1710.6784359189865 1.158098139955599e-13 1.3356472063064378e-14
1712.0479418904542 5.303758124418183e-14 1.2749182474167987e-14
1713.417463808756 4.5247741100803984e-14 1.2549945078380725e-14
1714.7870016426093 -1.3982925772392397e-14 1.1862848892226982e-14
1716.1565553607265 1.0871744449787377e-13 1.3003000979010422e-14
1717.5261249318178 9.208312010035996e-15 1.1539195061982272e-14
1718.8957103245887 -1.1015552517726086e-14 1.167666681525575e-14
1720.265311507742 1.0244731359900991e-13 1.2050445514220128e-14
1721.6349284499756 1.0477405889500885e-13 1.1963530616469417e-14
1723.0045611199846 -9.592565965459068e-15 1.0890112020435407e-14
1724.3742094864613 9.487640436744299e-14 1.2566144583496964e-14
1725.7438735180924 1.1182713284020596e-13 2.562340564607555e-14
1727.1135531835623 4.684911448582865e-14 1.0912015445418456e-14
1728.483248451552 9.744912803132458e-14 1.126725174613449e-14
1729.8529592907378 1.753732928192267e-13 1.1793227019127415e-14
1731.2226856697932 8.215561613173286e-14 1.0907462643326964e-14
1732.5924275573884 7.163269543503104e-14 1.1241053864108862e-14
1733.9621849221892 1.476032159995408e-13 1.140618209014314e-14
1735.3319577328584 -8.120072539710699e-14 1.9350938630343165e-14
1736.701745958055 7.914558629784282e-14 1.0112877129133703e-14
1738.0715495664338 -1.2025475829968019e-14 9.25170042572615e-15
1739.441368526648 1.193973847742058e-13 1.0291682396167297e-14
1740.8112028073447 -5.0297843011892426e-14 1.1915602951214927e-14
1742.18105237717 9.496616953106121e-14 9.988998560597762e-15
1743.5509172047643 1.646685412538037e-14 9.766157744702311e-15
1744.920797258766 7.487966410119062e-14 1.1161858824639426e-14
1746.2906925078091 -5.548328045916137e-14 1.9152131527293108e-14
1747.6606029205245 9.832632212776471e-14 1.3184913162894545e-14
1749.0305284655394 -1.0200627370776996e-13 1.6286636007390755e-14
1750.4004691114778 1.0633634001545184e-13 1.1201571964371444e-14
1751.7704248269595 9.892961287411711e-14 1.0680597573899109e-14
1753.140395580602 -3.037781682560699e-14 1.869368680305298e-14
1754.510381341018 -6.7093678804755735e-15 9.307745207714178e-15
1755.8803820768183 -2.183617395516875e-14 7.904312411034526e-15
1757.2503977566082 1.7113819584559098e-14 8.12257077868533e-15
1758.6204283489917 9.752753617718601e-14 9.388575020771815e-15
1759.990473822568 -2.4543760510846273e-14 9.29489571790433e-15
1761.360534145933 -2.4629835998946255e-14 8.59061577434964e-15
1762.7306092876788 1.2086886396270313e-13 8.805302204061873e-15
1764.1006992163964 4.7422691316391374e-14 7.928695948487136e-15
1765.4708039006698 3.1179977355447544e-14 7.650133070156561e-15
1766.8409233090827 4.3238504411017425e-14 8.125343964554641e-15
1768.2110574102135 1.0959159605196736e-13 8.794047677291705e-15
1769.5812061726376 -4.738464513749955e-15 7.284257188590066e-15
1770.9513695649282 1.8713168560839828e-14 7.959909112593457e-15
1772.321547555653 1.4035954270055252e-14 8.66378756253115e-15
1773.6917401133783 -2.1263354372060873e-14 9.542421614981613e-15
1775.061947206666 -6.4860506085472926e-15 6.903294379683551e-15
1776.4321688040745 1.054462845707406e-13 7.902924124033976e-15
1777.80240487416 8.23301794577666e-14 7.406127442008067e-15
1779.1726553854737 -1.8408595841797916e-14 6.6509420888728136e-15
1780.5429203065648 6.148488158495488e-14 7.072457023645602e-15
1781.913199605979 9.426257653122674e-14 7.705423145788586e-15
1783.2834932522574 -9.986968222623193e-15 6.8090602702356156e-15
1784.6538012139395 8.736800616738344e-14 7.463891700879022e-15
1786.0241234595605 6.739067989628214e-14 6.961979363368171e-15
1787.3944599576528 4.6313034109774984e-14 6.718608586413644e-15
1788.7648106767447 -4.984088821860652e-15 6.4959761406232185e-15
1790.1351755853625 4.870279865704964e-14 6.631533599435902e-15
1791.5055546520277 9.991928616968904e-14 7.424817223989234e-15
1792.8759478452598 7.816080546457424e-14 7.271371276363486e-15
1794.2463551335745 -1.0333259855416221e-14 8.630687209018346e-15
1795.6167764854836 5.93108529412141e-14 9.13898913956681e-15
1796.9872118694973 9.56695389141976e-14 6.946860248776155e-15
1798.357661254121 1.0058852520724876e-14 6.3332098659623585e-15
1799.7281246078574 5.991660347124533e-14 6.796505124374939e-15
1801.0986018992064 5.691256385435828e-14 6.2243415682847105e-15
1802.4690930966638 -1.370392370747867e-15 6.054534755766273e-15
1803.8395981687227 1.7954941935907458e-14 5.82703949382566e-15
1805.2101170838732 6.144641951288596e-14 6.32232888072193e-15
1806.580649810602 6.194634513461902e-14 6.2038238892033696e-15
1807.951196317392 4.528423805643528e-14 5.841567802936966e-15
1809.321756572724 1.427465865780006e-13 7.21576695150803e-15
1810.6923305450748 3.710464417270784e-14 5.6780646096119946e-15
1812.0629182029184 -5.434910249575492e-15 5.408999088202509e-15
1813.4335195147253 4.877777293134291e-15 6.732818411136782e-15
1814.8041344489634 1.008517203668173e-13 6.5240950933732195e-15
1816.1747629740967 -3.1085852936766278e-15 5.283051641692899e-15
1817.5454050585868 3.1415263520557883e-16 5.1689143755668555e-15
1818.9160606708915 8.705355365604475e-14 5.979399121696554e-15
1820.2867297794662 4.902292628913493e-14 6.877972753241857e-15
1821.6574123527625 -1.8195838953139528e-15 5.3224958484641635e-15
1823.0281083592292 5.600784457526417e-14 5.413675133587826e-15
1824.3988177673118 4.433178338856571e-14 5.261636954720416e-15
1825.7695405454529 5.167424783425814e-14 5.342512931073677e-15
1827.140276662092 2.4590228738332644e-14 5.06913050624851e-15
1828.5110260856652 3.539112701359849e-14 7.43632840174242e-15
1829.8817887846062 5.519335463384338e-14 5.266515440980127e-15
1831.252564727345 2.7378805196294834e-14 5.00022056434111e-15
1832.6233538823083 8.021590390625694e-14 5.4417995920519845e-15
1833.9941562179206 8.21485078312395e-14 5.4164885535221315e-15
1835.3649717026028 1.2090936230197726e-14 4.783087056444259e-15
1836.7358003047725 4.6791946538152565e-14 4.945752110667922e-15
1838.1066419928452 2.356330801593816e-14 5.993252345548898e-15
1839.4774967352323 5.399030357446273e-14 4.987699723314797e-15
1840.8483645003428 7.44956871255413e-14 5.171120896394453e-15
1842.2192452565828 7.483131546056135e-14 5.152137617497063e-15
1843.5901389723542 7.555608428407717e-14 5.144133579661984e-15
1844.9610456160578 -7.184348170153764e-16 4.7439994505437885e-15
1846.33196515609 5.6274351633656475e-14 4.811136976009059e-15
1847.7028975608453 7.25434726937639e-14 5.038622497070778e-15
1849.0738427987133 3.693137765411634e-15 4.7639297122762086e-15
1850.4448008380823 4.6274727891768355e-14 5.024142045320992e-15
1851.815771647338 3.631181116968245e-14 4.547032103055168e-15
1853.1867551948612 7.620578565967553e-14 5.0770028304602914e-15
1854.5577514490315 4.8330608991894314e-14 4.667422589914316e-15
1855.928760378225 4.079015567697887e-14 6.582786853321417e-15
1857.2997819508146 8.434986514599049e-14 4.988735221092815e-15
1858.6708161351703 6.762469815894956e-14 6.664301069000435e-15
1860.0418628996595 -1.6639591248379833e-14 4.912846574732987e-15
1861.4129222126464 8.288201803477099e-14 4.8629021240310846e-15
1862.7839940424928 4.811859664519656e-14 4.462765030297574e-15
1864.155078357557 6.941679625864158e-14 4.793478033124701e-15
1865.5261751261942 8.681836309977833e-14 4.816659207308683e-15
1866.8972843167574 4.871291223043986e-14 4.318314149055194e-15
1868.2684058975965 1.0787654915135527e-14 4.0912817906202555e-15
1869.6395398370585 8.470766541543787e-14 5.176084509465363e-15
1871.0106861034874 7.06247939904342e-14 4.702214044706313e-15
1872.3818446652244 8.291398844633216e-14 4.770700470140086e-15
1873.7530154906078 4.689611803813769e-14 4.7425074020072e-15
1875.124198547973 1.0813472648774428e-13 5.005594564874965e-15
1876.4953938056533 4.438021673248971e-14 5.325753960695777e-15
1877.866601231978 5.697677572802373e-14 4.263692382418553e-15
1879.2378207952743 7.192481338161652e-14 4.398021643457718e-15
1880.609052463866 9.778465472239095e-14 4.736468904126224e-15
1881.9802962060755 4.331509651823995e-14 4.0372372769371685e-15
1883.35155199022 9.738216499464644e-14 4.730330032840999e-15
1884.7228197846166 2.6021719501390095e-14 5.021783905595836e-15
1886.0940995575777 8.372415851972195e-14 4.419032295714361e-15
1887.4653912774136 7.519151452731535e-14 4.248330592887149e-15
1888.8366949124318 8.820264532855351e-14 4.389130762126863e-15
1890.2080104309368 8.898018769281507e-14 4.468266932806464e-15
1891.5793378012306 5.521951778751817e-14 6.187085671132677e-15
1892.9506769916127 8.929244469475447e-14 4.3681709318470555e-15
1894.322027970379 9.776017885834709e-14 4.627374872168133e-15
1895.6933907058235 8.15756357320889e-14 4.2761365669631395e-15
1897.064765166237 9.672286165355801e-14 4.65220649004984e-15
1898.4361513199083 1.0471626414295179e-13 4.485373610209212e-15
1899.807549135122 9.493635397131786e-14 4.3569028525497315e-15
1901.1789585801614 8.134468034055875e-14 4.1470220642637456e-15
1902.5503796233068 3.800517233277893e-14 6.164433045507782e-15
1903.9218122328352 6.971372535236747e-14 4.199113319970464e-15
1905.2932563770216 6.108529209802177e-14 4.797681857641924e-15
1906.6647120241378 6.515773841699393e-14 5.149354690748859e-15
1908.0361791424534 6.965660822666822e-14 4.561212705141626e-15
1909.407657700235 7.939203222791236e-14 3.975509750906011e-15
1910.7791476657467 7.159520236865377e-14 4.063942531698202e-15
1912.1506490072497 9.340916034368194e-14 4.214927001579228e-15
1913.522161693003 1.0121513138250729e-13 4.317393000725055e-15
1914.8936856912624 6.793442761457436e-14 3.762421248848773e-15
1916.265220970282 -2.0816752862489254e-14 3.72989772477305e-15
1917.6367674983114 1.0159853915201605e-13 4.185534111276557e-15
1919.0083252436004 9.392019903768298e-14 4.860658333753808e-15
1920.3798941743937 7.39610670342887e-14 4.172121768073259e-15
1921.7514742589346 8.55346067411833e-14 4.164453155285292e-15
1923.1230654654635 1.281707216489042e-13 4.6837631260162726e-15
1924.4946677622181 7.278529721207322e-14 3.878450363062509e-15
1925.8662811174338 1.0867099998730992e-13 4.671792432889201e-15
1927.2379054993432 8.76129003330936e-14 4.0959070140287376e-15
1928.6095408761767 5.346839236555073e-14 4.0663023654892525e-15
1929.9811872161617 8.266266360648644e-14 4.106630874657451e-15
1931.352844487523 1.0208866629661528e-13 4.087935586962127e-15
1932.7245126584833 6.74452355943489e-14 3.915483067032941e-15
1934.0961916972626 2.7465422785481058e-14 3.679821560447849e-15
1935.4678815720788 9.123824878118705e-14 3.790483873907782e-15
1936.8395822511459 8.926102993680671e-14 4.71646579756034e-15
1938.2112937026766 4.0527477207508156e-14 4.109738638540927e-15
1939.5830158948809 5.3139499636527254e-14 4.250750989533928e-15
1940.9547487959662 6.609885978402924e-14 3.395033836987903e-15
1942.3264923741374 6.011613055230056e-14 3.530482875583338e-15
1943.6982465975968 4.293825156000651e-14 3.116296469870194e-15
1945.0700114345439 1.0776789345894738e-13 4.194578305570865e-15
1946.4417868531773 5.428937396747928e-14 3.175066368607776e-15
1947.813572821691 5.4307215869480244e-14 3.186656955699767e-15
1949.1853693082778 5.941841257298824e-14 4.369128079077453e-15
1950.557176281128 4.958900857218035e-14 3.803734857334628e-15
1951.9289937084293 4.8488909285340775e-14 3.440446873180232e-15
1953.3008215583661 5.165094765194507e-14 3.1092396266283817e-15
1954.6726597991221 7.498698656373953e-14 3.3487720737824253e-15
1956.0445083988775 6.60442702046446e-14 3.2439691107351244e-15
1957.4163673258101 6.29164146996597e-14 3.563098302733839e-15
1958.788236548095 6.033137178859324e-14 3.1119956600805104e-15
1960.1601160339067 7.010273031559169e-14 3.4282343521467194e-15
1961.5320057514145 7.451535184244476e-14 3.3334206604046252e-15
1962.9039056687875 -7.581405663849294e-15 4.880689815923425e-15
1964.2758157541916 7.329763017241767e-14 3.287595754441694e-15
1965.6477359757905 7.10571467117671e-14 6.195511107859016e-15
1967.0196663017455 6.023268228584275e-14 3.0483792505769762e-15
1968.3916067002156 6.901295805444504e-14 3.65648537923452e-15
1969.763557139357 5.596798998102996e-14 3.071222246856767e-15
1971.135517587324 -3.580045399129324e-14 1.0499581550873181e-14
1972.507488012269 5.273481778751525e-14 2.9145622327126633e-15
1973.8794683823412 5.3730288176578184e-14 2.8902608574559374e-15
1975.251458665688 5.65687701217267e-14 2.9557381983445893e-15
1976.6234588304544 4.681078793903129e-14 2.838688621187649e-15
1977.9954688447829 7.487758378827217e-14 3.1100625191366393e-15
1979.367488676814 5.961575092090776e-14 3.001508047165949e-15
1980.7395182946857 6.554830869710468e-14 2.9431819936927284e-15
1982.111557666534 6.506496459234706e-14 3.0663274552128212e-15
1983.483606760492 6.520058473159784e-14 2.9148013077620258e-15
1984.855665544691 7.235530940672905e-14 3.0356820149393974e-15
1986.2277339872605 4.542877914668654e-14 2.8513153413323687e-15
1987.5998120563272 5.966687782960403e-14 5.861778856091401e-15
1988.971899720015 6.4500996503538e-14 2.977028371473826e-15
1990.3439969464466 3.832890493708774e-14 2.5583641260850222e-15
1991.7161037037422 6.574887932275092e-14 2.856170745944267e-15
1993.0882199600194 7.552948744953339e-14 2.9592601613392727e-15
1994.4603456833936 6.13422276841101e-14 2.8764324093173005e-15
1995.8324808419786 6.964445160980923e-14 3.0897983146647642e-15
1997.2046254038853 8.426646967013562e-14 3.1045792513525886e-15
1998.5767793372231 7.955016989103295e-14 3.003270087454475e-15
1999.9489426100981 5.735424749063814e-14 2.7253395192190256e-15
2001.321115190616 8.416071930073682e-14 3.0173295638294753e-15
2002.693297046878 7.491504297333154e-14 2.875228775499252e-15
2004.0654881469857 5.83120723473933e-14 3.0115805394582236e-15
2005.437688459036 7.294714826763457e-14 2.8799535252790366e-15
2006.8098979511265 7.86301294799889e-14 2.9353905611274097e-15
2008.1821165913493 -1.0493182216956675e-14 5.494840371692575e-15
2009.5543443477975 7.399164153555279e-14 2.770160267622987e-15
2010.92658118856 7.992172597554373e-14 2.874051187944332e-15
2012.2988270817245 7.94346820308725e-14 2.8819686166605546e-15
2013.6710819953764 7.769808830614816e-14 2.8124443641081584e-15
2015.0433458975988 7.966344868926695e-14 2.8338503689929323e-15
2016.4156187564731 8.11908184997559e-14 2.845361970262592e-15
2017.7879005400785 6.919642539082033e-14 2.901361012471468e-15
2019.1601912164917 7.985718884122653e-14 2.8811325951416146e-15
2020.532490753788 9.074463863710872e-14 2.922097014294964e-15
2021.9047991200393 7.819474099257304e-14 2.7240984041930613e-15
2023.277116283318 6.733583959514511e-14 2.8248855840374296e-15
2024.6494422116914 6.831024596887572e-14 2.7321551698291074e-15
2026.0217768732273 7.58697236437865e-14 2.650572556239599e-15
2027.3941202359897 7.459445794345473e-14 2.660932827975703e-15
2028.766472268041 6.614994603514404e-14 2.545296101774783e-15
2030.138832937443 9.076290066745152e-14 3.3795284753719394e-15
2031.5112022122532 8.064507178370817e-14 2.6871760262640095e-15
2032.8835800605286 5.64888711978781e-14 2.3585539242671795e-15
2034.255966450324 7.819656380747553e-14 3.2156646577696747e-15
2035.6283613496914 1.0094935277244962e-13 2.960232343404484e-15
2037.0007647266818 7.290234361285661e-14 2.550463214511271e-15
2038.3731765493444 7.388088350736982e-14 2.649048320451015e-15
2039.7455967857247 6.282076096299216e-14 2.7973642130317165e-15
2041.1180254038682 8.647692750687191e-14 2.7514228400385378e-15
2042.4904623718176 7.018270377833966e-14 2.459850806187558e-15
2043.8629076576133 8.8713114816414e-14 2.674670431830747e-15
2045.2353612292948 7.567141629017532e-14 2.519651120505475e-15
2046.6078230548983 5.5908751884830785e-14 2.3890399105882826e-15
2047.980293102459 8.011804110766296e-14 2.560356771093438e-15
2049.35277134001 6.202370973588944e-14 2.4221739336607396e-15
2050.725257735583 8.001806411483264e-14 2.543515850277891e-15
2052.097752257207 4.843010825814238e-14 3.436900557988315e-15
2053.470254872909 4.852546722734427e-14 4.989689403707897e-15
2054.842765550715 6.923464351740044e-14 2.311039187574476e-15
2056.2152842586474 7.566380654617719e-14 2.399169577604497e-15
2057.5878109647297 6.411422093103095e-14 2.2587111861589997e-15
2058.96034563698 7.109072987405984e-14 2.325851252723112e-15
2060.332888243418 5.975823541516309e-14 2.1738787189091134e-15
2061.7054387520584 6.941813795883003e-14 2.313271119390491e-15
2063.077997130916 9.033392930164405e-14 2.5995295038051076e-15
2064.450563348004 7.354467241368207e-14 2.3299138344963803e-15
2065.823137371332 6.369031143411627e-14 2.172676143882249e-15
2067.195719168909 7.039295090837533e-14 2.250587928436594e-15
2068.5683087087423 5.119220477210751e-14 2.381826578009465e-15
2069.940905958837 5.740456124770504e-14 2.6619441853147248e-15
2071.3135108871957 6.18775592830384e-14 2.1467893347065e-15
2072.6861234618214 6.627835622994779e-14 2.152794798302533e-15
2074.0587436507126 5.716804932004091e-14 2.0486556973276426e-15
2075.431371421869 6.475480145585327e-14 2.159019431673668e-15
2076.8040067432844 6.239462207536031e-14 2.101397050821379e-15
2078.176649582955 5.488087740333769e-14 1.975299467721868e-15
2079.5492999088733 4.2455625739188166e-14 1.8157667413371513e-15
2080.92195768903 6.198639962862879e-14 2.1541244282714854e-15
2082.2946228914143 4.399634817705764e-14 1.994693557598676e-15
2083.667295484014 3.8131749548284827e-14 1.8723906821028645e-15
2085.0399754348146 5.011497876297559e-14 1.9942387009060005e-15
2086.4126627118007 5.25850589743089e-14 2.1786473026439183e-15
2087.7853572829536 6.150404485835356e-14 2.0321080616700826e-15
2089.1580591162547 5.436859526497008e-14 2.0362813930012045e-15
2090.530768179683 4.847014919962499e-14 1.8870689160458342e-15
2091.9034844412154 6.410236924603296e-14 2.038114160540826e-15
2093.276207868828 5.2034599366942644e-14 1.8896394492825142e-15
2094.648938430493 4.755225347600339e-14 1.7789953470309476e-15
2096.0216760941853 5.591211968782907e-14 1.893937717973356e-15
2097.3944208278735 5.045064436744531e-14 1.827896041383596e-15
2098.7671725995274 5.377738320844552e-14 1.8619607419068486e-15
2100.1399313771135 5.993946658455762e-14 1.9477488740794746e-15
2101.5126971285986 6.458998917310832e-14 2.2929156471185493e-15
2102.8854698219457 5.092629063677828e-14 1.918220034988769e-15
2104.258249425117 5.2313147845713115e-14 1.789051110422514e-15
2105.6310359060744 6.738645150780945e-14 2.0770520533678694e-15
2107.003829232776 4.591701232561571e-14 1.7052645171042498e-15
2108.37662937318 3.70691805972722e-14 1.9349737114107484e-15
2109.7494362952416 6.200905945403373e-14 2.0418258589156944e-15
2111.122249966916 3.9340014942488774e-14 1.7751874045374475e-15
2112.4950703561562 4.1138221843796396e-14 1.6172834166311824e-15
2113.8678974309123 3.576524791387356e-14 1.6220608942119335e-15
2115.2407311591346 4.6591440287010316e-14 1.6862353925485899e-15
2116.6135715087717 4.095542535751534e-14 1.6254425673747279e-15
2117.986418447769 6.342775832552175e-14 1.9110856882322827e-15
2119.359271944073 3.8650147264531615e-14 1.5445445681648378e-15
2120.7321319656257 3.7581682964206095e-14 1.8207405188034285e-15
2122.10499848037 3.440707124053276e-14 1.705940767033514e-15
2123.4778714562462 3.3416391669819495e-14 1.7628813922423818e-15
2124.850750861193 4.1833368231080845e-14 1.6208054855049842e-15
2126.2236366631473 4.352993117871795e-14 1.6173028983889693e-15
2127.5965288300463 4.008016588432674e-14 1.5292067073141937e-15
2128.9694273298237 4.31903251769776e-14 1.8795390049029803e-15
2130.3423321304126 3.902165930332914e-14 1.5892743664060877e-15
2131.7152431997442 4.228747953476282e-14 1.5629012544394962e-15
2133.088160505749 4.849114206418974e-14 1.6187430661575384e-15
2134.4610840163555 4.2168146145021845e-14 1.5793485166928065e-15
2135.83401369949 3.2903242169713895e-14 1.539849146900852e-15
2137.2069495230794 5.754401675214099e-14 1.7140450723937247e-15
2138.579891455048 3.6391218814421644e-14 1.5278533604227182e-15
2139.952839463317 3.5655045539303987e-14 1.5269304121475662e-15
2141.3257935158085 3.655654609319853e-14 2.153775027180743e-15
2142.6987535804433 4.9740881579623045e-14 1.7599501288492899e-15
2144.0717196251394 3.9568710450115646e-14 1.51288194720088e-15
2145.4446916178135 4.782971775260138e-14 1.710807500711082e-15
2146.817669526382 3.311375357402911e-14 1.514631811390789e-15
2148.190653318759 3.629790288868853e-14 1.433917088934861e-15
2149.563642962858 3.721347096577107e-14 1.4831002687754188e-15
2150.9366384265895 3.165860179262306e-14 1.339484985535505e-15
2152.309639677865 4.1343590064055885e-14 1.4587230840699137e-15
2153.6826466845932 4.3155454524605036e-14 1.4680845980820866e-15
2155.055659414681 3.4440559535135404e-14 1.3971988459460976e-15
2156.428677836035 4.817958301739887e-14 1.6779861386752803e-15
2157.801701916561 4.4966709121432163e-14 1.4715601860229078e-15
2159.1747316241604 3.8349182905845006e-14 1.3846787460736133e-15
2160.5477669267375 4.136729343405185e-14 1.4329138842879567e-15
2161.9208077921926 3.541426795371748e-14 1.4684958325779786e-15
2163.2938541884255 3.2174387259260515e-14 1.3007116288584657e-15
2164.6669060833337 3.0688782949334775e-14 1.3705850707433674e-15
2166.0399634448154 5.0448845269465345e-14 1.5357594600732714e-15
2167.413026240766 4.881781556689141e-14 1.5393216571329494e-15
2168.78609443908 3.5888098184411535e-14 1.3297705764216822e-15
2170.15916800765 3.5405770519190624e-14 1.310148740561181e-15
2171.5322469143694 3.180989542952983e-14 1.3283864187067502e-15
2172.9053311271277 3.391197370659904e-14 1.3318144669234068e-15
2174.278420613815 3.4907620278515e-14 1.5778610209583096e-15
2175.6515153423193 4.214871520921183e-14 1.7627839834534476e-15
2177.024615280528 3.476007391536688e-14 1.2873681070821319e-15
2178.397720396327 2.4143071575147626e-14 1.1611792561825544e-15
2179.7708306576 3.3832562673728056e-14 1.2590757243361806e-15
2181.1439460322313 4.497912323630712e-14 1.3946394300168503e-15
2182.517066488103 2.745384723322388e-14 1.178612782423824e-15
2183.890191993096 4.373923640811628e-14 1.4055230622352392e-15
2185.26332251509 3.4146527294089124e-14 1.2505240797007012e-15
2186.636458021964 3.0102964798618334e-14 1.2478765723449394e-15
2188.0095984815953 2.725565846422532e-14 1.1631653366856289e-15
2189.3827438618596 4.0071766705621764e-14 1.3580826526836572e-15
2190.7558941306334 3.590710221561613e-14 1.2825192669755747e-15
2192.12904925579 3.1076341180285086e-14 1.2393937491364244e-15
2193.502209205202 3.193372825828662e-14 1.1963965567887832e-15
2194.8753739467415 3.753468280002885e-14 1.3415299348284136e-15
2196.2485434482796 2.958414695402971e-14 1.2247086330507582e-15
2197.6217176776854 3.1049551222229327e-14 1.1764769888473223e-15
2198.9948966028273 2.8060786997513056e-14 1.1449082826613913e-15
2200.3680801915725 3.254342257372027e-14 1.3175896073654549e-15
2201.741268411788 3.4192070561597093e-14 1.221875943116903e-15
2203.1144612313374 2.839329655722131e-14 1.1531299020847968e-15
2204.4876586180867 2.8168331382694145e-14 1.1216554283142478e-15
2205.860860539898 3.136926211410457e-14 1.2414465334840952e-15
2207.2340669646333 2.2848252966261445e-14 1.0525058819618933e-15
2208.607277860153 3.124920705229253e-14 1.1384731616028636e-15
2209.980493194317 2.858492929120812e-14 1.1217351552904081e-15
2211.3537129349857 2.384287801644302e-14 1.0597605073968896e-15
2212.7269370500144 3.385841073114647e-14 1.1707447992558972e-15
2214.100165507262 3.688404630005672e-14 1.2204905148525502e-15
2215.473398274583 2.5034670313888764e-14 1.0591748899929816e-15
2216.8466353198323 3.42409646914444e-14 1.1668674000607222e-15
2218.2198766108636 3.210186768644839e-14 1.2683841929100317e-15
2219.5931221155306 3.280245880151779e-14 1.2634957540131903e-15
2220.966371801684 2.1423943348530816e-14 1.0508274861769089e-15
2222.339625637175 3.38281377736116e-14 1.1542640792011703e-15
2223.7128835898525 2.8112613555423757e-14 1.0748590814399343e-15
2225.0861456275666 2.6896094672181764e-14 1.1245869034655766e-15
2226.4594117181646 2.8216104040919288e-14 1.0923978515249002e-15
2227.832681829493 2.9057109501720926e-14 1.0825310823596901e-15
2229.2059559293984 2.7077879801123798e-14 1.0606241633657337e-15
2230.5792339857258 3.112300253128343e-14 1.1298936707592432e-15
2231.952515966319 2.9742081329242956e-14 1.0793748258399838e-15
2233.3258018390216 2.882767199323226e-14 1.1226764206530445e-15
2234.699091571675 2.3957676391784394e-14 1.0184799331959776e-15
2236.072385132122 3.177198901107431e-14 1.1273388076320874e-15
2237.445682488202 2.749763883659693e-14 2.129999659384262e-15
2238.8189836077545 2.8986056989973447e-14 1.1638299399118683e-15
2240.192288458619 2.307189168719321e-14 9.79739293166526e-16
2241.5655970086327 3.056566840451726e-14 1.071072950044826e-15
2242.938909225633 2.953653353799865e-14 1.056978745318988e-15
2244.3122250774554 2.406985574125286e-14 1.063275482369758e-15
2245.685544531936 3.419517409031583e-14 1.111260639985543e-15
2247.058867556909 2.5371289677457096e-14 9.994501733656073e-16
2248.432194120207 2.071127693176536e-14 1.089147680227167e-15
2249.8055241896636 2.4377718336261907e-14 9.817621137236878e-16
2251.1788577331113 2.62169334906779e-14 1.0359910688310394e-15
2252.55219471838 2.988724922387519e-14 1.0531176515080477e-15
2253.9255351133006 2.3590882326503075e-14 9.617873827615368e-16
2255.298878885703 2.935260541570006e-14 1.048995671549353e-15
2256.6722260034153 2.87304224464921e-14 1.0326862639082083e-15
2258.0455764342655 2.3398195883529878e-14 9.65754355690884e-16
2259.4189301460806 2.889535331384967e-14 1.2415270016140844e-15
2260.7922871066876 2.7498269029109686e-14 1.0380432179039997e-15
2262.1656472839113 1.8728982665965066e-14 1.1720746409830864e-15
2263.5390106455775 2.84777965640394e-14 1.012297863230442e-15
2264.9123771595096 3.43864510704648e-14 1.0735986964144199e-15
2266.2857467935314 3.0370417145779774e-14 1.1715361397868695e-15
2267.659119515466 2.6048817779438654e-14 9.799397223376701e-16
2269.0324952931337 3.945469642728343e-14 1.1644408624250755e-15
2270.4058740943574 2.8193247703870578e-14 9.937282540486677e-16
2271.779255886957 2.596475145348956e-14 9.66456863641513e-16
2273.152640638752 2.2624471943794543e-14 1.3908063941722878e-15
2274.526028317562 2.97750139702322e-14 9.990569383198445e-16
2275.899418891205 3.3113255518656126e-14 1.0640108128470932e-15
2277.2728123274997 2.942997340510227e-14 9.930852501625832e-16
2278.646208594261 3.373911799898696e-14 1.028240293847189e-15
2280.019607659308 3.3555498196681174e-14 1.0261676042252576e-15
2281.393009490455 2.6349973567571343e-14 9.586303850880017e-16
2282.7664140555166 2.6093376794661914e-14 9.36066168526976e-16
2284.139821322309 3.944321743678224e-14 1.0986195202807199e-15
2285.513231258644 2.987766081091227e-14 9.754715176617853e-16
2286.8866438323366 3.110814896152038e-14 1.0063049992494995e-15
2288.2600590111983 3.559570579915114e-14 1.0453077959761263e-15
2289.6334767630415 3.1497658756381164e-14 9.825253962882823e-16
2291.006897055677 2.910528534762896e-14 9.56518308434023e-16
2292.3803198569167 3.1714600834831935e-14 9.76435758793116e-16
2293.7537451345697 4.280256026998816e-14 1.137010759219429e-15
2295.1271728564466 3.092080899051025e-14 9.626250983463714e-16
2296.5006029903557 3.28397824613056e-14 9.80717404462368e-16
2297.8740355041054 3.458643216117975e-14 1.0942022434607887e-15
2299.247470365504 2.853346356933295e-14 1.265423071605549e-15
2300.620907542359 3.083221612049103e-14 1.1234788784914495e-15
2301.994347002477 3.387144487413882e-14 1.0215916146068347e-15
2303.3677887136637 4.076764831750443e-14 1.0599361608543264e-15
2304.7412326437257 3.55865239620029e-14 1.0180395819425238e-15
2306.1146787604685 3.887125674508288e-14 1.0483546793665184e-15
2307.4881270316955 4.77111873500944e-14 1.1397745218472014e-15
2308.8615774252116 4.0436573631608824e-14 1.0529818085991318e-15
2310.235029908821 3.8055289578202076e-14 1.0194530681732544e-15
2311.608484450327 3.996112387391962e-14 1.1051910136437556e-15
2312.981941017532 4.431295215208235e-14 1.0911000911705882e-15
2314.355399578237 4.338701300359363e-14 1.0749501374817641e-15
2315.728860100246 4.290346222279688e-14 1.0680183374787901e-15
2317.102322551359 4.292833111012827e-14 1.0648893977716328e-15
2318.475786899378 4.347361365212091e-14 1.0777050062635903e-15
2319.849253112102 4.35447237621088e-14 1.061533135597256e-15
2321.2227211573318 5.3935439556403175e-14 1.2001157725810585e-15
2322.5961910028664 5.0170222251795515e-14 1.139684101080082e-15
2323.9696626165064 5.853888744187727e-14 1.2360429926762048e-15
2325.3431359660494 5.360177972595255e-14 1.166395179192628e-15
2326.716611019294 5.399754740022765e-14 1.1676175536146343e-15
2328.090087744037 5.295367077229503e-14 1.2222826248107035e-15
2329.4635661080783 5.23138932347067e-14 1.1446432672280191e-15
2330.8370460792135 5.246475657887627e-14 1.1666519360547644e-15
2332.2105276252396 5.1625519722868496e-14 1.1658779596992108e-15
2333.5840107139534 5.785314312030734e-14 1.2049095555460442e-15
2334.9574953131505 5.947794882478485e-14 1.210770282387215e-15
2336.3309813906267 6.769657398672177e-14 1.2988779084067785e-15
2337.7044689141776 5.152622374452777e-14 1.1222069526420288e-15
2339.077957851598 5.584292726043376e-14 1.1648021219770794e-15
2340.451448170683 6.111045914095059e-14 1.2196799043220278e-15
2341.824939839226 5.2335895762544576e-14 1.1273657009281627e-15
2343.1984328250223 4.3674262204798295e-14 1.0569728160883573e-15
2344.5719270958643 5.025753779613028e-14 1.1046287955250155e-15
2345.9454226195467 5.940656088799026e-14 1.198051129772126e-15
2347.3189193638614 6.081204604550111e-14 1.1981223864188139e-15
2348.692417296603 6.1547284196245e-14 1.208387366948352e-15
2350.0659163855626 7.190277697246075e-14 1.4213993184029818e-15
2351.4394165985327 7.357932622562013e-14 1.3131826008200092e-15
2352.812917903305 6.620651428349347e-14 1.5425914160675878e-15
2354.186420267673 6.669553689712948e-14 1.2695000529389208e-15
2355.559923659426 6.511542742721269e-14 1.2401611609866368e-15
2356.933428046357 6.448438788150823e-14 1.2197782660230277e-15
2358.306933396257 6.529807483569502e-14 1.2266167865226853e-15
2359.6804396769153 6.694459168867656e-14 1.2423414237928694e-15
2361.053946856124 7.066738958328572e-14 1.266064381425739e-15
2362.427454901673 7.028784428401644e-14 1.2731381653264965e-15
2363.800963781352 7.633373506855598e-14 1.3310989358412137e-15
2365.174473462952 6.79759661103077e-14 1.2547835966342062e-15
2366.5479839142627 6.462820052342486e-14 1.2070602780782412e-15
2367.9214951030726 7.824794143792418e-14 1.3313033884188572e-15
2369.2950069971725 7.326944091593304e-14 1.292752060253117e-15
2370.6685195643513 6.428134391965601e-14 1.2473554353241412e-15
2372.0420327723978 5.980815614894247e-14 1.8648139723896747e-15
2373.415546589101 5.15830698196839e-14 1.0845795256635062e-15
2374.78906098225 5.2897173674713166e-14 1.0992114904317322e-15
2376.1625759196336 5.716487802868639e-14 1.1341586934069054e-15
2377.53609136904 6.994823150601251e-14 1.2652286775441542e-15
2378.909607298259 7.355708652855703e-14 1.2835904460164961e-15
2380.2831236750767 5.632977469346122e-14 1.1282452387647679e-15
2381.6566404672826 4.129803663215255e-14 1.0046012983552159e-15
2383.0301576426655 4.476467143472128e-14 1.0159917739134181e-15
2384.4036751690123 5.742258610882262e-14 1.1280054225615765e-15
2385.777193014111 6.919578842204399e-14 1.2793508343572515e-15
2387.1507111457504 7.817130867312019e-14 1.5630176155906252e-15
2388.524229531718 7.131497676464774e-14 1.3456632438527778e-15
2389.897748139802 6.888764461209645e-14 1.502122193551027e-15
2391.271266937789 7.999980886075342e-14 1.3486716931231883e-15
2392.644785893467 7.014901219582967e-14 1.2345625908426411e-15
2394.0183049746242 7.038495491735325e-14 1.2385897031112433e-15
2395.3918241490487 7.351396916340999e-14 1.2670036350851256e-15
2396.765343384526 7.195529301519052e-14 1.2650639296359133e-15
2398.1388626488456 7.122901308489679e-14 1.2584502963837517e-15
2399.512381909795 7.45764534111279e-14 1.305394662265598e-15
2400.8859011351606 7.936921654844512e-14 1.3519232408494607e-15
2402.259420292731 7.421578000592344e-14 1.595474329942634e-15
2403.6329393502933 8.10680393799855e-14 1.5204626803205692e-15
2405.006458275636 7.297483608061442e-14 1.3781749094672396e-15
2406.3799770365454 6.954051050278576e-14 1.2951558338783063e-15
2407.75349560081 6.627661473020824e-14 1.2182315838613414e-15
2409.127013936217 6.872336087791059e-14 1.5280544248685727e-15
2410.5005320105547 7.42759464502328e-14 1.2590499957104077e-15
2411.8740497916106 6.961550341180386e-14 1.217030279383898e-15
2413.2475672471733 6.516312554653847e-14 1.1840296640006336e-15
2414.6210843450303 7.102276395037216e-14 1.237159382100686e-15
2415.9946010529698 7.276769247929749e-14 1.2537743568775527e-15
2417.3681173387795 6.657113147410035e-14 1.2276692249596488e-15
2418.741633170248 6.061647630237546e-14 1.126759331217047e-15
2420.1151485151645 6.756476888386542e-14 1.2360355811379163e-15
2421.488663341316 5.831461344623506e-14 1.1105347327497461e-15
2422.862177616492 5.434818515907304e-14 1.0729736919784646e-15
2424.235691308482 6.399894313504143e-14 1.1585655242655644e-15
2425.6092043850726 6.143796273594057e-14 1.1466920281691904e-15
2426.982716814055 5.821636440061714e-14 1.1043289458616875e-15
2428.3562285632174 4.9474842083417625e-14 1.124698923572851e-15
2429.729739600349 6.511514282414241e-14 1.1630204940516484e-15
2431.1032498932404 5.801047440806215e-14 1.0965705475813117e-15
2432.47675940968 5.959202722212106e-14 1.1090898004208487e-15
2433.850268117458 5.463339470494072e-14 1.0652889855645e-15
2435.2237759843647 5.640750860109664e-14 1.0803598192785221e-15
2436.597282978191 5.4779890747234244e-14 1.0668403264073962e-15
2437.9707890667264 5.963716391381435e-14 1.127377241752069e-15
2439.344294217761 7.543073018414712e-14 1.2832320452006891e-15
2440.7177983990873 5.53464541449937e-14 1.0999444915684624e-15
2442.091301578495 5.609822976699978e-14 1.075586259225152e-15
2443.464803723776 5.451427137937066e-14 1.0880600899228926e-15
2444.838304802722 6.193103755519624e-14 1.3646660045079544e-15
2446.2118047831254 4.792206806077462e-14 1.0211516868698545e-15
2447.585303632777 5.936544252059875e-14 1.2733342534537858e-15
2448.9588013194702 5.6566418758265125e-14 1.1010249879718037e-15
2450.332297810997 5.148026034867796e-14 1.0996646530585133e-15
2451.7057930751503 5.2609311221654687e-14 1.0730716301629909e-15
2453.0792870797236 5.994387793214692e-14 1.3784791001744223e-15
2454.452779792511 4.9858852940384835e-14 1.0372610888563288e-15
2455.8262711813054 4.47554726569141e-14 9.770540928446115e-16
2457.199761213901 4.745531224925603e-14 1.0055605631679814e-15
2458.573249858093 4.843881236870837e-14 1.0291454544304485e-15
2459.9467370816747 4.946324112017203e-14 1.0255496936902356e-15
2461.320222852443 5.101195616093179e-14 1.4051565087273149e-15
2462.6937071381913 5.3391051481202836e-14 1.0498794445506945e-15
2464.067189906717 5.351524345192926e-14 1.0372170431430716e-15
2465.4406711258152 5.499336337873306e-14 1.1078351328677283e-15
2466.814150763284 5.16288502564171e-14 1.1818143552062084e-15
2468.1876287869186 4.914077906528411e-14 1.0009254930014875e-15
2469.5611051645164 5.05530066050551e-14 1.0681731327499009e-15
2470.934579863876 4.8712756376377564e-14 1.2423977514838618e-15
2472.308052852795 4.909153256973074e-14 1.0228987982026849e-15
2473.6815240990713 5.491652393788994e-14 1.0700921917710239e-15
2475.054993570504 5.322289850051391e-14 1.0313503870712699e-15
2476.428461234893 5.4574942655316594e-14 1.1175236015975414e-15
2477.8019270600366 5.1514964982592865e-14 1.0138924027536483e-15
2479.1753910137363 4.715825779465395e-14 9.866394353130964e-16
2480.548853063792 5.2123405689264574e-14 1.2270569260179024e-15
2481.922313178005 4.968522812685665e-14 1.0699421610602415e-15
2483.2957713241763 4.8791564321790104e-14 1.0560642673733086e-15
2484.669227470108 5.383995522632509e-14 1.0463732575446538e-15
2486.042681583603 5.805382894243441e-14 1.074524291667532e-15
2487.4161336324632 5.0978542405228505e-14 1.0137071142964364e-15
2488.7895835844924 4.936517164553893e-14 1.0377657087346556e-15
2490.163031407495 4.858352964181266e-14 9.773124378935241e-16
2491.536477069274 5.381023792240362e-14 1.0388848510162153e-15
2492.909920537635 5.5387189653493055e-14 1.0547191790530688e-15
2494.283361780384 5.664086278993341e-14 1.050686455191191e-15
2495.656800765326 5.2452701605970944e-14 1.021814490151081e-15
2497.030237460268 5.5130074496419906e-14 1.0479578444307297e-15
2498.4036718330153 5.2502967929192804e-14 1.0136902795166098e-15
2499.777103851378 5.17480515090183e-14 1.0706422337911472e-15
2501.150533483162 5.312182714111574e-14 1.0367368813410968e-15
2502.5239606961763 5.918087065326025e-14 1.1327259371766247e-15
2503.897385458231 6.161634787463233e-14 1.108139323574911e-15
2505.2708077371353 5.690342945105509e-14 1.0464666429270885e-15
2506.6442275006993 5.4283766609368456e-14 1.1454654185824478e-15
2508.017644716734 6.94764544831826e-14 1.1683986238711212e-15
2509.3910593530513 6.309135072019023e-14 1.2052177696597263e-15
2510.7644713774625 6.502482878317437e-14 1.315351746318809e-15
2512.1378807577807 5.874431664850896e-14 1.2631943161630862e-15
2513.51128746182 6.79834945391429e-14 1.554738292047688e-15
2514.8846914573933 5.955401915971187e-14 1.4075728819675946e-15
2516.258092712316 8.053999904066717e-14 2.4785719283877726e-15
2517.6314911944023 6.710772345805416e-14 1.1383537299573007e-15
2519.004886871469 7.010568476651172e-14 1.1572532584720307e-15
2520.3782797113327 7.66239285562853e-14 1.227475889689438e-15
2521.7516696818093 7.407056467744616e-14 1.2004798908692594e-15
2523.125056750719 9.17458925671355e-14 1.3219500270988016e-15
2524.498440885878 9.158261849622276e-14 1.3450103932086815e-15
2525.8718220551073 8.296276399156685e-14 1.251974835381111e-15
2527.245200226226 8.493868179334021e-14 1.26355292873713e-15
2528.6185753670547 8.991989959702615e-14 1.3275083631778027e-15
2529.9919474454155 9.635968780709325e-14 1.3457472059936744e-15
2531.36531642913 9.792264655389404e-14 1.3551368838513435e-15
2532.73868228602 9.419939464962515e-14 1.3319190754923927e-15
2534.1120449839104 1.1463693763789223e-13 1.4917358755517948e-15
2535.4854044906256 9.518253562710785e-14 1.6392795917219557e-15
2536.85876077399 1.032846632656112e-13 1.3964520805239745e-15
2538.232113801829 9.9216425006321e-14 1.358856946676566e-15
2539.60546354197 1.0957946654016268e-13 1.4342872423328112e-15
2540.97880996224 1.038288785460903e-13 1.3898725403479399e-15
2542.352153030468 1.1316278860154516e-13 1.4542914076898792e-15
2543.7254927144804 1.0722220772927185e-13 1.412679961243946e-15
2545.09882898211 1.0363673759233513e-13 1.4114232819875758e-15
2546.472161801184 1.1299418838746009e-13 1.4546590199889875e-15
2547.8454911395365 1.063603821986267e-13 1.4066345812202737e-15
2549.218816964998 1.1072454666463324e-13 1.4614678943354912e-15
2550.5921392454024 1.0729810188134584e-13 1.4512972521004536e-15
2551.9654579485823 1.0737345393233358e-13 1.5043749835533683e-15
2553.3387730423738 1.1776308552445547e-13 1.523818413099354e-15
2554.7120844946103 1.0850379568352192e-13 1.500232568924821e-15
2556.0853922731308 1.1605656485749044e-13 1.4642021166892281e-15
2557.4586963457696 1.1188543581203136e-13 1.4362446295947975e-15
2558.831996680367 1.1971775296364812e-13 1.481312711619357e-15
2560.2052932447605 1.1942904347764238e-13 1.4811556928867597e-15
2561.57858600679 1.1494452579422637e-13 1.449175011051108e-15
2562.951874934297 1.19460444683063e-13 1.4764080732173994e-15
2564.3251599951222 1.1312554625692028e-13 1.4404296076289441e-15
2565.698441157109 1.185436568785364e-13 1.4740351104156665e-15
2567.0717183880993 1.1416240945204964e-13 1.453782235009461e-15
2568.444991655939 1.088659734192407e-13 1.4190992004347127e-15
2569.8182609284727 1.2110017849620291e-13 1.489350948409682e-15
2571.191526173546 1.0789170934704523e-13 1.4710583190016596e-15
2572.564787359007 1.0748999888961219e-13 1.6549798767949062e-15
2573.938044452703 1.0719492649210668e-13 1.41379084495427e-15
2575.3112974224837 1.0280479538406911e-13 1.361844431881532e-15
2576.6845462361985 1.0470208819954654e-13 1.37728901888353e-15
2578.057790861699 1.0841442354319122e-13 1.4034986534913014e-15
2579.4310312668363 1.0638968276233812e-13 1.391858514971896e-15
2580.804267419464 1.141572052816217e-13 1.436829611723995e-15
2582.1774992874352 1.0604086104213165e-13 1.392771828247273e-15
2583.550726838606 9.256788722046896e-14 1.6231837422626375e-15
2584.9239500408316 8.215762190575196e-14 1.591435041575415e-15
2586.2971688619696 7.93305986223139e-14 1.2478080685553302e-15
2587.6703832698768 7.395500905464994e-14 1.1577094915932455e-15
2589.043593232413 9.886791499423911e-14 1.3391325139503287e-15
2590.4167987174387 1.1878235753933625e-13 1.501374157579483e-15
2591.7899996928145 1.0093949330894358e-13 1.3506733378566686e-15
2593.163196126403 9.608581833832341e-14 1.3187960999197002e-15
2594.536387986066 9.796572326145961e-14 1.3470604246992738e-15
2595.9095752396697 8.764283786558136e-14 1.2891514290734574e-15
2597.282757855078 7.38145642157316e-14 1.2666663042138816e-15
2598.6559358001587 6.03967559558577e-14 1.057953468483041e-15
2600.029109042778 5.107404706409732e-14 9.69684376807907e-16
2601.4022775508056 6.477387663782544e-14 1.0951211683294412e-15
2602.775441292111 8.136190560257411e-14 1.2884562267819985e-15
2604.1486002345646 8.916427844543953e-14 1.2716372229439618e-15
2605.521754346039 7.13846774118114e-14 1.1298292962552518e-15
2606.8949035944074 7.639672721477739e-14 1.4314632344866653e-15
2608.268047947543 7.516390802949843e-14 1.568884271662427e-15
2609.6411873733227 7.562816339975673e-14 1.2187797200573333e-15
2611.0143218396224 7.12000445581007e-14 1.1772404831701536e-15
2612.38745131432 7.889086654994451e-14 1.356745293539061e-15
2613.760575765294 7.479096281095415e-14 1.2274596901843218e-15
2615.133695160425 6.92912659758585e-14 1.1267726719859663e-15
2616.506809467594 6.926973778647108e-14 1.1120121699679944e-15
2617.8799186546835 7.051860316390282e-14 1.1296091735680841e-15
2619.2530226895774 6.703531908172286e-14 1.0925428000379991e-15
2620.62612154016 6.074653312922867e-14 1.058583872754035e-15
2621.9992151743177 6.530039231783871e-14 1.294063584892822e-15
2623.372303559938 6.70413838376252e-14 1.2646847765128985e-15
2624.745386664909 6.815173561125834e-14 1.1216991563901498e-15
2626.1184644571213 7.104427858723242e-14 1.173526878971154e-15
2627.4915369044647 6.698648255011597e-14 1.093046678762497e-15
2628.8646039748323 6.11155481148977e-14 1.0473006527427788e-15
2630.2376656361175 6.372788581565647e-14 1.0649340787596004e-15
2631.6107218562156 6.703833451901509e-14 1.091891008185087e-15
2632.983772603021 6.475401540927822e-14 1.0695856660685658e-15
2634.356817844433 6.60994289901698e-14 1.0794000250701646e-15
2635.7298575483487 5.527550666533168e-14 1.0064318424333508e-15
2637.102891682669 5.743417351954105e-14 1.1057751487400058e-15
2638.475920215295 6.235604480681056e-14 1.0705488484087124e-15
2639.848943114129 5.871553108082947e-14 1.0165504980212507e-15
2641.221960347074 5.930069532211063e-14 1.031178121745622e-15
2642.594971882037 5.787585037955734e-14 1.0092592384112857e-15
2643.967977686923 7.002581294771743e-14 1.1238758193063566e-15
2645.340977729641 6.007354173571261e-14 1.3122084070515483e-15
2646.7139719781 5.83497415966236e-14 1.3269604387400476e-15
2648.086960400209 6.228625606822039e-14 1.3868360331111516e-15
2649.459942963882 6.307867233103573e-14 1.0508519442532609e-15
2650.8329196370314 5.812457991045267e-14 1.0071847488443415e-15
2652.205890387572 6.153386041809691e-14 1.345469908582567e-15
2653.5788551834194 5.754096743353088e-14 9.972284059449592e-16
2654.9518139924917 5.950058154513549e-14 1.019885054976354e-15
2656.3247667827072 6.063757081089388e-14 1.0265137230633294e-15
2657.6977135219863 6.022964651975979e-14 1.0278446235817027e-15
2659.070654178252 6.030484949294881e-14 1.0250911312284158e-15
2660.4435887194254 8.247855930133483e-14 1.3763281658839884e-15
2661.816517113432 6.103936935975343e-14 1.0261264172481974e-15
2663.189439328197 6.477346328574718e-14 1.0637945018081882e-15
2664.562355331649 7.12530417155445e-14 1.113931652505591e-15
2665.9352650917167 6.645527091944312e-14 1.066886066186548e-15
2667.308168576329 6.515660000471282e-14 1.060530777983299e-15
2668.6810657534206 6.868319118742e-14 1.0814263396382337e-15
2670.053956590921 7.151300629145221e-14 1.1158385354280973e-15
2671.426841056768 6.234401693895955e-14 1.158588076517785e-15
2672.799719118896 7.671148465797709e-14 1.1437672234023213e-15
2674.172590745244 7.646951106186906e-14 1.1427046205699908e-15
2675.5454559037507 7.015939343163122e-14 1.1067922235514214e-15
2676.9183145623565 8.360545871062552e-14 1.1931281742826841e-15
2678.291166689004 8.215721532993728e-14 1.185921723846563e-15
2679.6640122516374 8.85753398253454e-14 1.2323468585317423e-15
2681.0368512182013 8.795032437796182e-14 1.2539230111597958e-15
2682.4096835566434 9.268016313169342e-14 1.2639036003772933e-15
2683.7825092349117 9.12764262501857e-14 1.2421537001159342e-15
2685.155328220956 8.8938500119283e-14 1.5100872678705328e-15
2686.528140482728 9.372381614292796e-14 1.5308332223311588e-15
2687.900945988181 9.729075997524234e-14 1.3345483716397885e-15
2689.2737447052696 1.0109996200673502e-13 1.3335886833105493e-15
2690.64653660195 1.0471816149675364e-13 1.324615639783811e-15
2692.01932164618 1.1168950692693608e-13 1.3736982344618822e-15
2693.39209980592 1.1045593557639996e-13 1.3537907367399196e-15
2694.7648710491294 1.1470426659280358e-13 1.5198266644562996e-15
2696.137635343773 1.242315576582484e-13 1.7600899951647053e-15
2697.510392657813 1.204288405109999e-13 1.4344614134825903e-15
2698.883142959217 1.2151716265174084e-13 1.4297597453506185e-15
2700.255886215952 1.3649823459027655e-13 1.5176864239568248e-15
2701.628622395987 1.27552685753006e-13 1.4531295961236015e-15
2703.001351467293 1.3611285492806657e-13 1.9550934967651167e-15
2704.3740733978434 1.4145509850266302e-13 1.5370471619113348e-15
2705.7467881556113 1.3320834507061369e-13 1.5000160461276792e-15
2707.1194957085736 1.3291955426944502e-13 1.4815876796898594e-15
2708.4921960247075 1.3557784181352645e-13 1.495769234688383e-15
2709.8648890719915 1.5410086672430073e-13 1.5950365197880218e-15
2711.2375748184077 1.522187188579202e-13 1.5902476072624828e-15
2712.6102532319383 1.4143021606280448e-13 1.5240077249630652e-15
2713.982924280568 1.516161735005614e-13 1.580138586674358e-15
2715.355587932283 1.502682933597274e-13 1.5647055404962662e-15
2716.7282441550706 1.5380851160849002e-13 1.6317980673362137e-15
2718.1008929169207 1.5167260622363926e-13 1.579976168106722e-15
2719.473534185825 1.4081043189090314e-13 1.5095024974995722e-15
2720.8461679297757 1.585052212095886e-13 1.6021218445126857e-15
2722.218794116769 1.5865485466191875e-13 1.609334859454148e-15
2723.5914127148003 1.6309940594275152e-13 1.6277185449040002e-15
2724.964023691868 1.5038971045051863e-13 1.6292660740986338e-15
2726.336627015974 1.8037424310245187e-13 1.8478760663016673e-15
2727.709222655118 1.6779419108499394e-13 1.6434084538233468e-15
2729.0818105773046 1.6661716765401652e-13 1.6377695437352381e-15
2730.45439075054 1.6442890885676187e-13 1.8989134012637647e-15
2731.8269631428298 1.6762166741429718e-13 1.6336312583923088e-15
2733.199527722186 1.7327887172000067e-13 1.6796311825379665e-15
2734.5720844566167 1.761297813325513e-13 1.6955912949674873e-15
2735.944633314137 1.7584242709926118e-13 1.6730304665382506e-15
2737.3171742627596 1.7273803101878343e-13 1.6561237947901731e-15
2738.6897072705024 1.7702371957629276e-13 1.6826967006531982e-15
2740.062232305384 1.8051467438884305e-13 1.688546204307818e-15
2741.4347493354235 1.7706719608340943e-13 1.6805005559792047e-15
2742.8072583286435 1.9601479456492904e-13 2.0459966491479745e-15
2744.1797592530693 1.8562633526640615e-13 1.7202761643910825e-15
2745.552252076724 1.7656820558605013e-13 1.6687733848244689e-15
2746.9247367676376 1.870945076382774e-13 1.7287220357872736e-15
2748.2972132938385 1.9762464505568983e-13 1.7780492112288646e-15
2749.6696816233593 1.9302788534236726e-13 1.7400165848641992e-15
2751.042141724233 1.8994636592772896e-13 1.72021718972213e-15
2752.414593564494 1.984004865777933e-13 1.760395774058664e-15
2753.7870371121817 2.051655828734511e-13 1.784642727448529e-15
2755.159472335334 1.921740219214263e-13 1.729297912312288e-15
2756.531899201992 2.0588976216203564e-13 1.7937030153688345e-15
2757.9043176802006 2.1332518000335976e-13 1.819247623233893e-15
2759.2767277380026 2.1030955297575427e-13 1.79940460589504e-15
2760.6491293434456 2.0508837412624298e-13 1.7772123426769773e-15
2762.02152246458 2.2050441442385271e-13 1.838190668066288e-15
2763.3939070694555 2.1802972296515455e-13 1.8423032247834445e-15
2764.766283126125 2.0636968425368635e-13 1.7734814801816773e-15
2766.1386506026447 2.1569885092463659e-13 1.818697475334651e-15
2767.5110094670713 2.1709461214391296e-13 1.8174373020673736e-15
2768.883359687463 2.398463372355053e-13 1.9350512149254222e-15
2770.2557012318816 2.2370445068847084e-13 1.8498077249378807e-15
2771.6280340683898 2.2650541923845136e-13 1.902681850846099e-15
2773.0003581650526 2.341144856102262e-13 1.8835370004140206e-15
2774.372673489938 2.353087885133276e-13 1.8853026405925722e-15
2775.7449800111135 2.4200899530896214e-13 1.913282044664513e-15
2777.1172776966528 2.498910637877688e-13 1.9673780155991458e-15
2778.4895665146273 2.4930356173555324e-13 1.9429828314435115e-15
2779.8618464331125 2.434749179613255e-13 1.912562066659347e-15
2781.234117420187 2.551035825724274e-13 1.9496809562321617e-15
2782.6063794439283 2.556184159740321e-13 1.9580346069162204e-15
2783.97863247242 2.6125119862580037e-13 1.972993632281205e-15
2785.350876473745 2.5885340420618574e-13 1.9598654686317106e-15
2786.7231114159895 2.5263569448236156e-13 1.9361081002853588e-15
2788.0953372672407 2.6264155238674147e-13 1.9961637950368727e-15
2789.4675539955897 2.589164776675701e-13 2.0352522479702905e-15
2790.8397615691274 2.5851242262293905e-13 1.9519891210134296e-15
2792.2119599559487 2.44670359276708e-13 1.8953082172820136e-15
2793.584149124151 2.0129781359585347e-13 1.9878527077584135e-15
2794.9563290418314 1.2826638893809889e-13 1.3640466116652747e-15
2796.3284996770917 9.650877238207359e-14 1.2252101824346512e-15
2797.7006609980344 1.1977670645677702e-13 1.3090763968499571e-15
2799.072812972765 2.023586512115219e-13 1.7187698221735092e-15
2800.44495556939 2.1390090490947672e-13 1.7800939487635364e-15
2801.8170887560195 1.4347869409497144e-13 1.4308360065892235e-15
2803.189212500764 1.0803672816387874e-13 1.250732026289252e-15
2804.5613267717404 1.283394641645244e-13 1.3797887189899959e-15
2805.9334315370606 1.9386014603502144e-13 1.662922292983073e-15
2807.3055267648465 2.3742978611830667e-13 1.8430913889408646e-15
2808.6776124232165 2.498115646634713e-13 1.8916663991252938e-15
2810.049688480294 2.370678523280767e-13 1.8405697718568885e-15
2811.421754904204 2.358538711555447e-13 1.8269983982177433e-15
2812.7938116630735 2.421386929938457e-13 1.9081691420366493e-15
2814.1658587250326 2.44048000124647e-13 1.867917077591941e-15
2815.537896058213 2.341582602729403e-13 1.8185426800635405e-15
2816.9099236307475 2.3285534741721015e-13 1.843335334429674e-15
2818.281941410773 2.460556443924927e-13 1.8924211054812973e-15
2819.6539493664277 2.409275849570708e-13 1.851011570514166e-15
2821.025947465854 2.2697627468943465e-13 1.800740165094623e-15
2822.3979356771933 2.279687127005464e-13 1.7857381528075655e-15
2823.7699139685924 2.5035000656738193e-13 2.1620515978666016e-15
2825.1418823081976 2.473443813048176e-13 1.8550423885519123e-15
2826.5138406641604 2.444151380853049e-13 1.8389443156311075e-15
2827.885789004633 2.428332058004856e-13 1.8338875289359994e-15
2829.2577272977683 2.4334622316345145e-13 1.833063365878321e-15
2830.6296555117256 2.511732412769502e-13 1.8696962702976485e-15
2832.001573614664 2.4535606294069645e-13 1.8419819875381983e-15
2833.3734815747443 2.544942067413819e-13 1.8687556402097226e-15
2834.7453793601308 2.5592440493216184e-13 1.874318740849052e-15
2836.1172669389903 2.4578307596632987e-13 2.145594594734398e-15
2837.489144279492 2.6338669743483645e-13 1.9144505266152504e-15
2838.8610113498066 2.4913919668620443e-13 1.8426657548848693e-15
2840.2328681181084 2.550526792804292e-13 1.870773907964793e-15
2841.604714552573 2.3800454879499555e-13 1.8735807633937568e-15
2842.9765506213785 2.0180760545735615e-13 1.7192675599091395e-15
2844.3483762927067 2.598222472675188e-13 1.887964441629319e-15
2845.7201915347396 2.607717644251273e-13 1.8813277267293446e-15
2847.091996315665 2.676284758043601e-13 1.915205232971254e-15
2848.463790603669 2.7097470317941075e-13 1.9093185657460734e-15
2849.835574366943 2.5753008124455856e-13 1.858359581331597e-15
2851.20734757368 2.4131670511677583e-13 1.7973062935264543e-15
2852.579110192076 2.34629671377537e-13 1.7711103173249573e-15
2853.9508621903283 2.455799235842604e-13 1.836933035897852e-15
2855.322603536638 2.674614544596887e-13 1.9145193480422148e-15
2856.694334199207 2.78595180779051e-13 1.9301405414137154e-15
2858.0660541462416 2.7695396974045106e-13 1.920890094596751e-15
2859.43776334595 2.791164380785277e-13 1.922795071695126e-15
2860.8094617665406 2.883205826864632e-13 1.958923356236127e-15
2862.181149376229 2.9656388022408775e-13 1.971474902206778e-15
2863.5528261432282 3.034441187904635e-13 2.00712461313258e-15
2864.9244920357582 3.0618292189837915e-13 2.012565529269268e-15
2866.2961470220384 3.01791306788618e-13 1.9880981355548805e-15
2867.6677910702915 3.0369657526632676e-13 1.9926647019317652e-15
2869.0394241487447 3.1738354349178377e-13 2.0318704689283778e-15
2870.4110462256244 3.12828186748923e-13 2.0155252741452115e-15
2871.7826572691624 3.2173748257605106e-13 2.038037927575573e-15
2873.1542572475905 3.3027674020170983e-13 2.0585630181952025e-15
2874.525846129146 3.4435740934105064e-13 2.0998391454731414e-15
2875.897423882066 3.430113723439099e-13 2.542986666444094e-15
2877.268990474593 3.5640571440301305e-13 2.1565062849191645e-15
2878.640545874969 3.45513412802409e-13 2.0975942964046807e-15
2880.0120900514416 3.6530923685357264e-13 2.156637363267752e-15
2881.3836229722588 3.5517389810474365e-13 2.1204510569698643e-15
2882.755144605672 3.720826815059586e-13 2.2708781791715973e-15
2884.126654919935 3.766492326362503e-13 2.1861090276345183e-15
2885.4981538833053 3.773677063109021e-13 2.1716741039056473e-15
2886.8696414640413 4.058637106951757e-13 2.2563519876426597e-15
2888.2411176304054 4.119388207282637e-13 2.2693602961301176e-15
2889.6125823506627 4.251183281268889e-13 2.3074968957890584e-15
2890.9840355930796 4.421769482683413e-13 2.336036612155608e-15
2892.3554773259266 4.3830344627175666e-13 2.32831823618199e-15
2893.7269075174754 4.532189781889656e-13 2.367525697244497e-15
2895.0983261360025 4.718483091227521e-13 2.4137499792420587e-15
2896.4697331497855 4.715641397333437e-13 2.403099386963283e-15
2897.841128527104 4.847569828186904e-13 2.4358907852085757e-15
2899.212512236243 4.968027942156561e-13 2.4522124748274556e-15
2900.5838842454873 5.032955931356942e-13 2.476704220739077e-15
2901.955244523127 5.203808846505897e-13 2.5147787752346313e-15
2903.3265930374514 5.288871554251506e-13 2.552069188979265e-15
2904.6979297567573 5.44307762924412e-13 2.6821755672598938e-15
2906.0692546493406 5.279884602443774e-13 2.607858378775459e-15
2907.440567683501 5.461995330850733e-13 2.5703441365745134e-15
2908.811868827541 5.583205339027009e-13 2.6736588627334886e-15
2910.183158049766 5.671066372579803e-13 2.594183667116749e-15
2911.5544353184832 5.653164568408808e-13 2.5913295896009755e-15
2912.925700602005 5.775592677725871e-13 2.6161713718780497e-15
2914.296953868644 5.622167228297448e-13 2.580248281068521e-15
2915.6681950867164 5.716151293619354e-13 3.01633705297353e-15
2917.0394242245425 5.89994470379801e-13 2.7645247456666673e-15
2918.410641250443 5.889406800782537e-13 2.6155560024418694e-15
2919.7818461327424 5.963631823611981e-13 2.6360385296558993e-15
2921.153038839771 6.011390387208881e-13 2.6363231327261767e-15
2922.524219339856 6.106203867192739e-13 2.67164779475847e-15
2923.8953876013325 5.659753807112089e-13 2.571772657640058e-15
2925.266543592536 6.135459978615088e-13 2.6537125073750707e-15
2926.6376872818055 6.200773943788873e-13 2.6618342827898185e-15
2928.0088186374833 6.315069994711209e-13 2.6802470849972325e-15
2929.3799376279135 6.234728445325688e-13 2.6570070420234163e-15
2930.751044221444 6.269779617359972e-13 2.673232381644546e-15
2932.122138386425 6.271996268701618e-13 2.6621265091566213e-15
2933.4932200912094 6.432542215897841e-13 2.6920219017552514e-15
2934.864289304155 6.615141919484591e-13 2.729542920219775e-15
2936.2353459936194 6.48856240004908e-13 2.8485758250227115e-15
2937.6063901279654 6.420169842806522e-13 3.2231911807807396e-15
2938.9774216755563 6.418644912450922e-13 2.6660561067571708e-15
2940.3484406047623 6.485973325261185e-13 2.680356775763902e-15
2941.7194468839534 6.566634714287589e-13 2.696126199901172e-15
2943.090440481502 6.642962005129482e-13 2.7400006007448135e-15
2944.461421365787 6.562472462147417e-13 2.690645473215963e-15
2945.832389505186 6.76712809052904e-13 2.7312211042465227e-15
2947.2033448680822 6.581628146130891e-13 2.6824167598916244e-15
2948.574287422861 6.711944368353873e-13 2.730355224816192e-15
2949.945217137911 6.659950368970158e-13 2.6913800625394694e-15
2951.316133981625 6.667728435355569e-13 2.6935177619401025e-15
2952.6870379223947 6.746684374364653e-13 2.7082777345624823e-15
2954.05792892862 6.657431225222388e-13 2.6756479078518785e-15
2955.4288069687 6.520484564613571e-13 2.8064458885339403e-15
2956.7996720110386 6.547753333453754e-13 2.810877141397501e-15
2958.170524024042 6.788397426647774e-13 2.6992252816969388e-15
2959.54136297612 6.681168205485699e-13 2.930687834204254e-15
2960.9121888356854 6.783680605096376e-13 2.841939533639211e-15
2962.2830015711525 6.712721199210459e-13 2.662286810141889e-15
2963.653801150941 6.614535308369085e-13 2.6416596520521156e-15
2965.0245875434725 6.803013556135051e-13 2.678815175799899e-15
2966.3953607171716 6.619830009678418e-13 2.6459009577772547e-15
2967.766120640465 6.515155710935805e-13 2.7896687069476744e-15
2969.136867281785 6.501545721064594e-13 2.776154084515995e-15
2970.507600609564 6.552465818196462e-13 2.6079919982228885e-15
2971.87832059224 6.530027170034702e-13 2.6230490676515178e-15
2973.2490271982538 6.51879375132558e-13 2.5949531965493294e-15
2974.6197203960464 6.460040835598591e-13 2.5785578150640384e-15
2975.9904001540667 6.498049711159415e-13 2.581964581577895e-15
2977.361066440762 6.374476142247121e-13 2.726128530409393e-15
2978.7317192245855 6.276221404567794e-13 2.9134047621902403e-15
2980.1023584739933 6.06245468322969e-13 2.481527014582506e-15
2981.4729841574435 6.109036887469443e-13 2.4870721157717064e-15
2982.843596243399 6.174883738011006e-13 2.522470469670411e-15
2984.2141947003233 6.118396262723425e-13 2.4934922019954203e-15
2985.5847794966853 5.896626503049118e-13 2.4389568327193994e-15
2986.955350600957 5.918781090241687e-13 2.445765707065903e-15
2988.3259079816125 5.880540737517037e-13 2.4326436844052763e-15
2989.6964516071293 5.724848221345946e-13 2.3912618897671675e-15
2991.066981445988 5.644902405753383e-13 2.3864537072420785e-15
2992.4374974666744 5.527578178163295e-13 2.3540707906355993e-15
2993.807999637674 5.353223832098297e-13 2.3112903328433368e-15
2995.1784879274783 5.409124754010564e-13 2.3303801261338438e-15
2996.54896230458 5.464936771344686e-13 2.3384656908900965e-15
2997.919422737478 5.344879270077763e-13 2.2951613432199572e-15
2999.28986919467 5.23717354206088e-13 2.2721853627674475e-15
3000.6603016446606 5.169396811652294e-13 2.261035868082739e-15
3002.030720055957 5.135265043060278e-13 2.2475502565295034e-15
3003.401124397068 5.120158312089951e-13 2.235718265047545e-15
3004.7715146365076 5.03417240619447e-13 2.2154532135427226e-15
3006.1418907427915 5.194903209861101e-13 2.2554016166758404e-15
3007.51225268444 5.031973102087584e-13 2.215302653436348e-15
3008.8826004299754 4.966702505000697e-13 2.2020904217668388e-15
3010.2529339479247 4.992392133376655e-13 2.205267218835516e-15
3011.623253206818 4.945129592273667e-13 2.198890331292112e-15
3012.993558175186 4.836939225885684e-13 2.166186812715097e-15
3014.363848821566 4.966481869858597e-13 2.193352853399437e-15
3015.734125114498 4.928890954235265e-13 2.1750222133879067e-15
3017.1043870225244 5.038139501943595e-13 2.207244829009118e-15
3018.4746345141903 4.957321987804353e-13 2.1810509703899892e-15
3019.8448675580466 4.790832444298565e-13 2.140638393201776e-15
3021.215086122645 4.827501245974197e-13 2.143510046651205e-15
3022.585290176542 4.821280093908475e-13 2.143154292813358e-15
3023.9554796882976 4.974672475170638e-13 2.173433814853568e-15
3025.325654626474 4.945443468802602e-13 2.16387525980204e-15
3026.695814959637 4.976710233153825e-13 2.179472100976307e-15
3028.0659606563563 4.972716574451475e-13 2.1690317846266875e-15
3029.436091685206 4.966594626884535e-13 2.1662376346919324e-15
3030.8062080147615 5.116068701495335e-13 2.19072895708708e-15
3032.1763096136024 4.904442737346804e-13 2.1470991370069583e-15
3033.5463964503124 5.005208487257606e-13 2.1758904221588424e-15
3034.916468493478 4.995706539417943e-13 2.1690796419882074e-15
3036.2865257116882 4.942685800576885e-13 2.1545174515590114e-15
3037.656568073537 4.988129050434442e-13 2.2081731771193087e-15
3039.0265955476225 5.060191089929778e-13 2.176470216211238e-15
3040.396608102543 5.071396319382415e-13 2.173050108928462e-15
3041.7666057069036 5.062789922537225e-13 2.368862738751738e-15
3043.1365883293097 4.910711052207029e-13 2.130965276944132e-15
3044.506555938374 5.005299560240095e-13 2.1423294944809693e-15
3045.8765085027094 4.997176717563834e-13 2.1634896480528026e-15
3047.2464459909343 4.968781462666438e-13 2.137576157339215e-15
3048.616368371668 4.937253947692732e-13 2.1257814353069357e-15
3049.986275613537 4.790257817147148e-13 2.0896389629640683e-15
3051.3561676851687 4.841874514174838e-13 2.0977490916757914e-15
3052.726044555194 4.855598345274159e-13 2.103533479672591e-15
3054.0959061922485 4.698989136166232e-13 2.066460329878928e-15
3055.465752564971 4.789377987084176e-13 2.088726073205165e-15
3056.8355836420023 4.766861276365997e-13 2.0821160398430292e-15
3058.20539939199 4.675752515205522e-13 2.0839261492513117e-15
3059.5751997835814 4.65112974176729e-13 2.0510390362829794e-15
3060.9449847854303 4.63868255872607e-13 2.0870771118150977e-15
3062.314754366192 4.660138919719559e-13 2.2123126271325405e-15
3063.6845084945276 4.637184191323696e-13 2.1997369407228927e-15
3065.0542471390995 4.557802160860824e-13 2.0241705159213625e-15
3066.423970268575 4.5339459183585396e-13 2.018985615492982e-15
3067.793677851624 4.540637885217663e-13 2.0239409699926566e-15
3069.1633698569217 4.5440441773930695e-13 2.025246671280849e-15
3070.5330462531447 4.4555887299992103e-13 2.006170642275735e-15
3071.902707008974 4.603803232736126e-13 2.0354989463161784e-15
3073.2723520930963 6.536835959677911e-13 2.5184391857645434e-14
