wavelength flux error
1585.1630777040536 -9.738346264912164e-15 2.1001609332898033e-14
1586.706557038469 -2.4768327579888227e-15 1.8969753475287995e-14
1588.250045228499 1.9422548066253464e-15 8.953582097742316e-15
1589.7935422742958 -7.302741988597997e-15 9.312524167602587e-15
1591.3370481760119 2.471056628563259e-15 9.144454196142494e-15
1592.8805629337996 2.8345201602959736e-15 7.992959491162372e-15
1594.4240865478118 -2.0123277247693265e-15 6.8403746547791335e-15
1595.9676190182004 -6.811966863794119e-15 5.995819278895552e-15
1597.511160345118 -4.049019505233476e-15 5.356153973172734e-15
1599.0547105287176 -2.0917785681888327e-15 4.24651158963292e-15
1600.5982695691507 2.8886385776037086e-15 4.367511516697618e-15
1602.1418374665705 -8.194684305078365e-16 3.637234861442271e-15
1603.6854142211291 -3.5511786433418393e-15 2.965994285028181e-15
1605.2289998329793 2.7675365830688668e-15 3.225167096888447e-15
1606.7725943022733 -5.107957543638581e-16 2.712638895449658e-15
1608.3161976291633 -9.920855395265864e-16 2.4164285091795136e-15
1609.8598098138025 4.677363368583293e-15 2.6090313076491695e-15
1611.403430856343 7.310621724348067e-16 2.1625132308228552e-15
1612.9470607569372 1.2895089828563171e-15 2.0533717650197177e-15
1614.490699515738 1.3372010670723521e-15 1.8675526416663847e-15
1616.0343471328974 2.7314430268787033e-15 1.8775465716528014e-15
1617.578003608568 1.5687231236442118e-15 1.7010448107192657e-15
1619.1216689429027 3.320837562456689e-15 1.6795048687497072e-15
1620.6653431360533 1.0159212584205592e-15 1.4353933614828069e-15
1622.2090261881733 -1.425128036846134e-16 1.2653992488039075e-15
1623.7527180994143 2.151013911530931e-15 1.350675031922563e-15
1625.2964188699293 1.3451178605138644e-15 1.238954562553273e-15
1626.8401284998706 -6.78729353519443e-16 1.0238031117529973e-15
1628.383846989391 5.52429753062012e-16 1.0626357607363443e-15
1629.9275743386434 2.2301992101214727e-15 1.1199687739580277e-15
1631.4713105477797 -8.609001339153843e-17 9.120552196920399e-16
1633.015055616952 2.3289660046284027e-15 1.0471545395593774e-15
1634.5588095463138 5.269649251126731e-16 8.884091302991336e-16
1636.1025723360176 7.257454525040098e-16 8.410211838507221e-16
1637.6463439862155 1.0933077766684882e-15 8.771049991619922e-16
1639.19012449706 -4.1763359158045264e-16 7.031824006132866e-16
1640.7339138687048 2.0890513338569106e-15 8.623794372530945e-16
1642.2777121013007 1.4806745781727193e-15 7.846853931057531e-16
1643.8215191950017 8.455361341573836e-16 7.501267135555736e-16
1645.3653351499597 2.3313276913040253e-16 6.609874014062544e-16
1646.9091599663275 1.770781774420541e-15 7.491076799804675e-16
1648.4529936442575 2.1293984777499483e-15 7.531107047496321e-16
1649.9968361839026 1.5556410174112243e-15 6.906826824710957e-16
1651.540687585415 -2.9140612127243623e-16 5.332210045819749e-16
1653.0845478489482 1.7125387301761513e-15 6.749658802556737e-16
1654.6284169746534 5.874790235073292e-16 5.852672087238114e-16
1656.1722949626849 1.036728622769861e-15 5.948619214942753e-16
1657.7161818131935 2.8061365097499557e-15 7.025101211509627e-16
1659.2600775263334 1.853487659577227e-15 6.258875207423387e-16
1660.8039821022562 6.303204147322349e-16 5.333635708149097e-16
1662.3478955411153 1.2529308179412058e-15 5.620747054741599e-16
1663.8918178430624 8.150096490734898e-16 5.329854235435198e-16
1665.435749008251 2.030218542922995e-15 5.888802806998839e-16
1666.9796890368336 1.7931119981298878e-15 5.786998446463936e-16
1668.5236379289624 2.249398905936886e-15 5.8294612669009785e-16
1670.0675956847904 1.2743164940352456e-15 5.243486520968414e-16
1671.61156230447 2.100625827322904e-15 5.640800559767844e-16
1673.155537788154 1.043880863097358e-15 4.865872880335342e-16
1674.6995221359955 1.628211465139743e-16 4.1016530208451147e-16
1676.2435153481465 7.726754188257527e-16 4.573678277268131e-16
1677.7875174247604 1.0553814529387032e-15 4.640834755095596e-16
1679.3315283659892 1.3588391589846737e-15 4.804632398248856e-16
1680.8755481719857 1.4636742034048519e-15 4.692195127247952e-16
1682.4195768429026 1.3578933408199458e-15 4.685820674924272e-16
1683.9636143788932 1.1122193754027165e-15 4.446327932439631e-16
1685.5076607801095 1.1009312849520137e-15 4.345575745643896e-16
1687.0517160467043 7.955032743916114e-16 4.105214794388319e-16
1688.5957801788304 9.32054196972306e-16 4.106992504786369e-16
1690.1398531766408 1.6971553413045923e-15 4.599480489028273e-16
1691.6839350402877 1.838194267956314e-15 4.606950260831872e-16
1693.2280257699244 1.1376237993150043e-15 4.1820793285825026e-16
1694.772125365703 5.263571789730181e-16 3.61903985258142e-16
1696.316233827777 1.2543684446109332e-15 4.123090895344529e-16
1697.860351156298 1.6130041003025353e-15 4.2008249617986283e-16
1699.40447735142 1.859446748119398e-15 4.4347376100454356e-16
1700.9486124132948 1.0303451707211158e-15 3.8260181765945207e-16
1702.4927563420758 1.6937596920981682e-15 4.223410301243776e-16
1704.0369091379152 1.6460578670032399e-15 4.100642404659922e-16
1705.581070800966 2.095212016240528e-15 4.414682252134618e-16
1707.125241331381 1.5206209696025873e-15 3.98933009929209e-16
1708.6694207293128 2.070917629005617e-15 4.244875704313976e-16
1710.2136089949147 1.531346524297195e-15 3.9094660096734423e-16
1711.7578061283386 1.772296586967587e-15 4.001965977980552e-16
1713.3020121297384 1.2691462049252054e-15 3.6795373279544864e-16
1714.8462269992656 1.092376993338574e-15 3.522574181894384e-16
1716.390450737074 1.3493552487116225e-15 3.6908502470584556e-16
1717.9346833433156 1.3627708741675913e-15 3.652783262919867e-16
1719.4789248181435 1.4373598543489761e-15 3.6184850460009685e-16
1721.023175161711 1.7194218257846582e-15 3.8171388890271315e-16
1722.5674343741707 1.525704967231126e-15 3.688145300280958e-16
1724.111702455675 1.486234608317615e-15 3.608513085931621e-16
1725.655979406377 1.5643776328665604e-15 3.593754066221307e-16
1727.2002652264293 9.758536354001154e-16 3.238439362018093e-16
1728.7445599159848 1.463369165664722e-15 3.425442002156977e-16
1730.2888634751964 5.425144383210123e-16 2.8880295079750735e-16
1731.8331759042171 1.1766637596121918e-15 3.3046003114347384e-16
1733.3774972031995 1.3684090431018711e-15 3.3992117740606757e-16
1734.9218273722965 1.0554754735958485e-15 3.1181898002655443e-16
1736.4661664116609 5.812586253009305e-16 2.8504326271222113e-16
1738.0105143214455 1.3323813437233567e-15 3.1933502100489706e-16
1739.5548711018037 9.754833761230468e-16 3.042404174287926e-16
1741.0992367528872 9.02666388867318e-16 2.921890444134952e-16
1742.6436112748502 8.542195453557202e-16 2.9324982083103323e-16
1744.1879946678446 8.961023070425708e-16 2.8764042454718043e-16
1745.7323869320237 4.963035500319291e-16 2.5907916178003506e-16
1747.2767880675399 6.774134348963242e-16 2.692563685204139e-16
1748.8211980745468 7.036105228285644e-16 2.6921489037577803e-16
1750.3656169531973 9.850120732631841e-16 2.895849739660599e-16
1751.910044703643 1.06583193368369e-15 2.861955186880626e-16
1753.4544813260386 8.431113964667497e-16 2.747475507685655e-16
1754.9989268205354 1.2344443238673807e-15 2.9265464783668907e-16
1756.5433811872877 1.1843204080597787e-15 2.902623091562877e-16
1758.0878444264472 1.3255505523993428e-15 2.981431301673213e-16
1759.6323165381673 7.457223539880881e-16 2.5915190073438053e-16
1761.1767975226014 1.1425499311779985e-15 2.778170393507375e-16
1762.7212873799012 1.1250797707617602e-15 2.8165978960441383e-16
1764.265786110221 9.0144412032443e-16 2.6147999725968857e-16
1765.8102937137128 1.112057062714199e-15 2.7462060170559577e-16
1767.35481019053 1.1800616322801025e-15 2.7510213993610984e-16
1768.8993355408254 1.04358101343403e-15 2.64678314259182e-16
1770.4438697647518 1.3466657073458533e-15 2.8265820322121024e-16
1771.9884128624624 8.969894681757013e-16 2.5398934079998397e-16
1773.5329648341099 1.1294262144514772e-15 2.626406176858842e-16
1775.0775256798474 1.0651380019416519e-15 2.6139195877273333e-16
1776.622095399828 1.1111595254274646e-15 2.628824985318845e-16
1778.1666739942043 1.4846243986848845e-15 2.7845440517376674e-16
1779.711261463129 1.9485349206545266e-15 3.050332667372022e-16
1781.255857806756 1.5692406607749842e-15 2.7959297627355413e-16
1782.8004630252378 1.5341301921992278e-15 2.8103010001746906e-16
1784.3450771187272 1.5777442362907069e-15 2.7732634257648123e-16
1785.8897000873774 2.179514240865433e-15 3.036879931285052e-16
1787.4343319313414 1.8364739440404404e-15 2.899827618139142e-16
1788.9789726507722 2.1728563501417775e-15 3.010226186715123e-16
1790.5236222458225 2.6310211299928384e-15 3.233168964201599e-16
1792.0682807166456 2.6101741668532524e-15 3.23256015927076e-16
1793.6129480633945 3.4084355922793606e-15 3.465093202604727e-16
1795.1576242862222 2.890965588868053e-15 3.2974915874249067e-16
1796.7023093852818 2.615115545309297e-15 3.120449790047937e-16
1798.2470033607258 2.8686411885102186e-15 3.2525800476769116e-16
1799.791706212708 2.5081278725327906e-15 3.0653622082298657e-16
1801.336417941381 2.4138910102277766e-15 3.011751110717977e-16
1802.8811385468975 3.0814685926614654e-15 3.2654353608382717e-16
1804.4258680294113 3.309744395462973e-15 3.3943598634596846e-16
1805.9706063890746 3.023286323031041e-15 3.214927580286886e-16
1807.5153536260411 3.090052001032467e-15 3.257846210328669e-16
1809.0601097404638 3.717146914301557e-15 3.4541836829418877e-16
1810.6048747324955 4.343303738581564e-15 3.745156440982685e-16
1812.1496486022895 3.1566588603562824e-15 3.2154178006051093e-16
1813.6944313499985 3.5250267128535996e-15 3.3449693723052864e-16
1815.2392229757756 4.111460656522695e-15 3.5642159097681815e-16
1816.7840234797743 3.526952865775656e-15 3.288963553832832e-16
1818.3288328621477 4.289259224898477e-15 3.599807175420623e-16
1819.8736511230484 3.9358749617216145e-15 3.411523927344609e-16
1821.4184782626296 4.035524152801347e-15 3.4471755440945424e-16
1822.9633142810446 4.502431583217493e-15 3.6028265831797887e-16
1824.5081591784462 4.58553017402435e-15 3.582507056868546e-16
1826.0530129549882 4.662905363206609e-15 3.680729791525543e-16
1827.5978756108225 4.429644347994036e-15 3.5217893529291937e-16
1829.1427471461034 4.810103595813409e-15 3.5877711019379355e-16
1830.6876275609832 4.854518615435635e-15 3.6873273840912657e-16
1832.2325168556156 4.6482394112413745e-15 3.564048356063303e-16
1833.7774150301532 4.826134964889617e-15 3.562304526983143e-16
1835.3223220847494 4.692879318111097e-15 3.5960378788053415e-16
1836.8672380195576 4.8848169839589214e-15 3.57402296311061e-16
1838.41216283473 5.448336145305946e-15 3.7636937570333453e-16
1839.9570965304206 5.233967776465407e-15 3.660676021801501e-16
1841.5020391067824 5.5490060110871195e-15 3.764453969103506e-16
1843.0469905639686 4.871580823608652e-15 3.54588002874029e-16
1844.591950902132 5.930845075577569e-15 3.8331928103555607e-16
1846.1369201214263 5.756141142074581e-15 3.763970101532387e-16
1847.681898222004 6.0710044643926854e-15 3.8657575214083443e-16
1849.2268852040188 5.924482164077795e-15 3.832670296906223e-16
1850.7718810676233 5.670775044067924e-15 3.683791815629867e-16
1852.3168858129711 5.791144355103391e-15 3.729686442992269e-16
1853.8618994402157 6.215003877074179e-15 3.874053679731108e-16
1855.40692194951 6.124823243795329e-15 3.821792805676702e-16
1856.9519533410064 5.0950327737755464e-15 3.528997338612532e-16
1858.496993614859 5.4711293784000855e-15 3.6120441545304876e-16
1860.0420427712208 6.456972814501e-15 3.8189941558794144e-16
1861.587100810245 6.6381531619186945e-15 3.876311022535541e-16
1863.1321677320848 6.754414363159978e-15 3.9799587385219053e-16
1864.6772435368935 6.1211458502548246e-15 3.728727972272892e-16
1866.222328224824 6.734072019898719e-15 3.949205354487266e-16
1867.7674217960296 6.9201651584104885e-15 3.915324830690482e-16
1869.312524250664 6.427793376501036e-15 3.810239805671745e-16
1870.8576355888795 6.323798482885416e-15 3.757637471460477e-16
1872.4027558108303 7.52082502042872e-15 4.012321485156328e-16
1873.947884916669 8.334232453742919e-15 4.270872468954191e-16
1875.4930229065492 7.635099082375744e-15 4.0835389565702855e-16
1877.0381697806242 7.296668762366183e-15 3.9881225479466607e-16
1878.5833255390464 9.097173664059707e-15 4.3773609216874094e-16
1880.1284901819702 8.60296466768766e-15 4.254045630061392e-16
1881.6736637095485 9.88735630099314e-15 4.566376323867207e-16
1883.2188461219341 9.433240762146428e-15 4.379073516427639e-16
1884.7640374192808 1.0204962315994454e-14 4.612300862080559e-16
1886.3092376017416 1.0101965650707173e-14 4.55363641894491e-16
1887.8544466694696 1.1559469642607751e-14 4.853803719628152e-16
1889.3996646226187 1.152409161749978e-14 4.836561834591199e-16
1890.9448914613415 1.1340081333005309e-14 4.822844665406008e-16
1892.4901271857916 1.2269290028670433e-14 4.965648067565978e-16
1894.035371796122 1.1476930517062556e-14 4.817363303446088e-16
1895.5806252924867 1.3489594302153705e-14 5.082526438188455e-16
1897.1258876750383 1.1859589509445947e-14 4.8247271961312805e-16
1898.6711589439308 1.223953969046402e-14 4.914610626724763e-16
1900.2164390993169 1.2555551589458602e-14 4.908112825228138e-16
1901.76172814135 1.3455408899435469e-14 5.129383242039379e-16
1903.3070260701832 1.2545201693876101e-14 4.884648424402418e-16
1904.8523328859706 1.251465175656748e-14 4.915746180269675e-16
1906.397648588865 1.2013858773096426e-14 4.749654666016132e-16
1907.9429731790196 1.2570605906030152e-14 4.852497171307013e-16
1909.488306656588 1.2489380528586148e-14 4.896209894736847e-16
1911.0336490217235 1.1985105392668931e-14 4.693325386836945e-16
1912.5790002745794 1.106893592219384e-14 4.568728957878205e-16
1914.1243604153092 1.2168133118944588e-14 4.720280622196537e-16
1915.669729444066 1.2308847314340156e-14 4.789504919206487e-16
1917.2151073610034 1.1700935156227533e-14 4.645615197291662e-16
1918.7604941662748 1.208267935302789e-14 4.675814568839238e-16
1920.305889860033 1.1385368796563208e-14 4.571616281437158e-16
1921.851294442432 1.1119549528924074e-14 4.459654937073493e-16
1923.396707913625 1.1110526086936974e-14 4.469254467343844e-16
1924.942130273765 1.097486698417062e-14 4.472147084858718e-16
1926.4875615230062 9.969667574675524e-15 4.2109676519464065e-16
1928.0330016615012 1.0385271913542372e-14 4.2764189465719304e-16
1929.5784506894038 1.0602385939681436e-14 4.3095993446982494e-16
1931.1239086068674 9.684687574736551e-15 4.17342821051528e-16
1932.6693754140454 9.210193270211848e-15 4.0531026804952743e-16
1934.2148511110906 1.0894101545616975e-14 4.3780962521647445e-16
1935.7603356981574 9.020309659261115e-15 3.931721006269161e-16
1937.3058291753987 9.251019411236558e-15 4.0276506639192627e-16
1938.8513315429677 8.667908377819541e-15 3.830797295301607e-16
1940.3968428010185 8.875619491211136e-15 3.978472725095066e-16
1941.9423629497037 8.862801341620336e-15 3.8862244843919683e-16
1943.4878919891773 8.638254601369116e-15 3.8374803852554435e-16
1945.0334299195924 8.76465563402198e-15 3.8765561326946525e-16
1946.578976741103 8.919355190409664e-15 3.8770196185354783e-16
1948.1245324538622 8.667237527725316e-15 3.8496787184870895e-16
1949.6700970580232 8.5619996132596e-15 3.777992731974182e-16
1951.2156705537398 9.350639803196083e-15 3.9364426855545117e-16
1952.7612529411651 8.673160829125465e-15 3.8160483341075416e-16
1954.306844220453 8.4544586162103e-15 3.7775951558845645e-16
1955.8524443917568 9.436987188872134e-15 3.9501865892171007e-16
1957.39805345523 8.525772014105534e-15 3.7033423948436804e-16
1958.943671411026 7.829696431677947e-15 3.6260792257686953e-16
1960.4892982592978 9.638863092290093e-15 3.9827849168899785e-16
1962.0349340002 8.222160677458755e-15 3.677252721277064e-16
1963.5805786338851 8.709036909606421e-15 3.8075258591691833e-16
1965.1262321605075 8.867166949430485e-15 3.7922117681806215e-16
1966.6718945802195 9.176725304399936e-15 3.8181982096067914e-16
1968.2175658931756 8.180324873160918e-15 3.6498236768626015e-16
1969.7632460995292 8.129893378514344e-15 3.615311848822317e-16
1971.3089351994333 7.92131236228592e-15 3.538670454870176e-16
1972.8546331930422 8.185967806655526e-15 3.6893787920103973e-16
1974.4003400805084 8.185717931936086e-15 3.608771430980534e-16
1975.946055861986 8.62605224473097e-15 3.695161115364388e-16
1977.4917805376285 8.24786897444087e-15 3.6152544094005814e-16
1979.03751410759 8.181899507409864e-15 3.5598341024529166e-16
1980.5832565720227 8.51541364819356e-15 3.6559101379842157e-16
1982.1290079310813 8.977095732358095e-15 3.721260053353865e-16
1983.6747681849195 8.221104427373529e-15 3.5370245639745424e-16
1985.2205373336892 8.722745290824785e-15 3.66474389753069e-16
1986.7663153775457 8.84948852478834e-15 3.6942349377761246e-16
1988.312102316642 9.391085626427476e-15 3.7566183849458118e-16
1989.8578981511314 8.72103174317249e-15 3.6928942434392986e-16
1991.4037028811676 8.744771535585186e-15 3.574782910482975e-16
1992.9495165069045 9.23965053501851e-15 3.72907499108347e-16
1994.4953390284952 9.750765461984806e-15 3.800348578430183e-16
1996.0411704460935 9.153281973518779e-15 3.6139788307215756e-16
1997.5870107598535 9.490978762996018e-15 3.7647409015143885e-16
1999.1328599699277 1.0361134862677413e-14 3.8139529863542713e-16
2000.6787180764702 9.629080708782253e-15 3.754550301065531e-16
2002.2245850796353 1.0282088901006695e-14 3.826834769295233e-16
2003.7704609795755 9.457801329485014e-15 3.651328748530754e-16
2005.3163457764451 1.0355293723473147e-14 3.8345808855978737e-16
2006.8622394703973 1.066873572450576e-14 3.8784706918532433e-16
2008.4081420615864 1.115366716900653e-14 3.985848529181079e-16
2009.9540535501649 1.1059333956703766e-14 3.8956323734580035e-16
2011.4999739362877 1.1183406495784629e-14 3.9101867817719965e-16
2013.0459032201074 1.0618088236457636e-14 3.7775776858300274e-16
2014.5918414017785 1.1231972823881348e-14 3.924063828425982e-16
2016.137788481454 1.1905843437596663e-14 4.018682437892412e-16
2017.6837444592875 1.154320322188868e-14 3.952253084910605e-16
2019.229709335433 1.1308805488460891e-14 3.8512502293020423e-16
2020.7756831100442 1.1446614360847377e-14 3.9232784700651998e-16
2022.321665783274 1.1831440063509845e-14 3.992355065704972e-16
2023.8676573552773 1.1927068389188961e-14 3.944291504602007e-16
2025.4136578262073 1.191799581929092e-14 3.967160070688893e-16
2026.9596671962172 1.1434943940900107e-14 3.781595798373565e-16
2028.505685465461 1.1754362606408546e-14 3.939133868046616e-16
2030.0517126340922 1.1474535954920668e-14 3.8345795621088936e-16
2031.5977487022649 1.2952355185028193e-14 4.039418598534585e-16
2033.1437936701323 1.1857977605747323e-14 3.9359913758123027e-16
2034.6898475378484 1.2252621267301415e-14 3.858933082831435e-16
2036.235910305567 1.298330746298676e-14 4.1024013215144547e-16
2037.7819819734414 1.2525740264879986e-14 3.9800098251965366e-16
2039.3280625416255 1.1985554320130976e-14 3.8637185542856256e-16
2040.8741520102735 1.2327095792155802e-14 3.8628622569155107e-16
2042.4202503795384 1.1960069639846936e-14 3.8805141588384943e-16
2043.9663576495739 1.2228546896874554e-14 3.8834065116555717e-16
2045.5124738205343 1.2264046047693981e-14 3.878416693502856e-16
2047.058598892573 1.2039240962393848e-14 3.8651346874943164e-16
2048.6047328658437 1.2151841287237099e-14 3.8320644036511403e-16
2050.1508757405 1.1840540585495146e-14 3.800082557145186e-16
2051.697027516697 1.2400491197035388e-14 3.8700183618308294e-16
2053.2431881945863 1.1957490424522547e-14 3.773330874390731e-16
2054.789357774323 1.1489964660054905e-14 3.7375657022863064e-16
2056.3355362560596 1.1954551220195574e-14 3.73344250471775e-16
2057.881723639952 1.225518354196686e-14 3.8212131175034247e-16
2059.427919926152 1.1469820522503303e-14 3.7055441511109496e-16
2060.9741251148143 1.1694512105388504e-14 3.68873795864624e-16
2062.5203392060926 1.1581109640344204e-14 3.6821813942389e-16
2064.06656220014 1.2095049422189592e-14 3.8292869296775343e-16
2065.612794097112 1.1770284284718085e-14 3.706127809751167e-16
2067.1590348971604 1.1783833423742365e-14 3.7092266268491376e-16
2068.70528460044 1.172864499206401e-14 3.7030035816647787e-16
2070.251543207104 1.1964016813381141e-14 3.7137209307277097e-16
2071.7978107173076 1.1188608125113717e-14 3.5726097415776756e-16
2073.3440871312023 1.1542558629815819e-14 3.6702276417707735e-16
2074.890372448944 1.112815792476702e-14 3.548144783083011e-16
2076.436666670686 1.0507260751572989e-14 3.5032673893507023e-16
2077.9829697965815 1.0371673646607151e-14 3.385117145818364e-16
2079.5292818267844 9.986082226160365e-15 3.35320041497023e-16
2081.0756027614493 9.464182875709628e-15 3.2458882226958066e-16
2082.6219326007295 1.02595518953791e-14 3.3580115621106345e-16
2084.1682713447785 9.571075045521332e-15 3.295361034864766e-16
2085.714618993751 9.68286475983406e-15 3.2555121051633916e-16
2087.2609755478 9.619482978456915e-15 3.279116795821001e-16
2088.8073410070797 9.863468277814674e-15 3.310239962676676e-16
2090.353715371744 9.560326197420674e-15 3.19699271641996e-16
2091.900098641947 9.349009264772619e-15 3.1864087750462216e-16
2093.446490817842 8.644245665405045e-15 3.0325264466339607e-16
2094.9928918995834 9.027757619966322e-15 3.094973685972488e-16
2096.5393018873247 9.378024378380815e-15 3.168631935763518e-16
2098.0857207812196 9.453506025409487e-15 3.1590173177187936e-16
2099.632148581423 8.912627207709623e-15 3.058625649321234e-16
2101.1785852880876 8.788130305122186e-15 3.0216987185900906e-16
2102.725030901367 8.659859870754731e-15 2.983110809188941e-16
2104.271485421417 8.42628037115399e-15 2.9445472519850247e-16
2105.8179488483897 8.156066696584502e-15 2.902015345423222e-16
2107.36442118244 8.503583986052207e-15 2.9515601553926983e-16
2108.910902423721 8.372309972853789e-15 2.9061417193653306e-16
2110.4573925723876 8.488338240034577e-15 2.9377371070891e-16
2112.003891628593 8.021408786761802e-15 2.853966607396834e-16
2113.5503995924914 7.890804776624662e-15 2.801946343639007e-16
2115.0969164642365 7.699175430769638e-15 2.806502851499643e-16
2116.643442243982 7.906509614499704e-15 2.803598851979541e-16
2118.1899769318825 8.011527300399134e-15 2.8143233478829645e-16
2119.7365205280917 7.299497852410013e-15 2.713468193644579e-16
2121.2830730327632 7.887539464612996e-15 2.768969498117825e-16
2122.829634446051 7.98135768088383e-15 2.8307946976357124e-16
2124.37620476811 7.188031704683136e-15 2.628254032172836e-16
2125.922783999093 7.415498167503542e-15 2.6947122372144086e-16
2127.4693721391545 7.35601781988145e-15 2.7086221063951004e-16
2129.0159691884483 7.819235574779357e-15 2.728627965818063e-16
2130.562575147128 7.792041582007758e-15 2.8087535768591754e-16
2132.1091900153483 7.44026456384831e-15 2.661521251176249e-16
2133.655813793263 7.723960461839246e-15 2.734090798932261e-16
2135.2024464810256 7.823102280183573e-15 2.725963517803356e-16
2136.749088078791 7.738929228083124e-15 2.7202576921124143e-16
2138.295738586712 7.862817961014432e-15 2.7612593807154427e-16
2139.842398004944 7.839654998038816e-15 2.6924975107551347e-16
2141.3890663336388 8.886159969206768e-15 2.9338150798455167e-16
2142.935743572953 8.360257541047307e-15 2.829930194633921e-16
2144.4824297230393 8.326361823597032e-15 2.7824195872268353e-16
2146.029124784051 8.417627082564841e-15 2.848167608081694e-16
2147.5758287561443 8.342453755528969e-15 2.769780796862617e-16
2149.122541639471 8.52966328346522e-15 2.816282640969082e-16
2150.6692634341857 8.528900106779744e-15 2.8252903069675395e-16
2152.2159941404434 9.160931528065432e-15 2.920996559677803e-16
2153.762733758397 8.37270130207542e-15 2.781186095497396e-16
2155.3094822882017 8.611425679797783e-15 2.8210194080288058e-16
2156.8562397300097 8.201833580790546e-15 2.735443669367704e-16
2158.4030060839773 8.68606368201099e-15 2.8153194056893763e-16
2159.949781350257 7.961566756071233e-15 2.714467427824543e-16
2161.4965655290034 8.576996331590737e-15 2.8002406310414737e-16
2163.043358620371 8.115408268083348e-15 2.7479051122085906e-16
2164.5901606245125 8.187165511242944e-15 2.7163322237974826e-16
2166.136971541583 8.291992614729241e-15 2.72814965690066e-16
2167.6837913717363 8.061211711986229e-15 2.6787509601145854e-16
2169.230620115127 8.111433989494831e-15 2.6816697827112645e-16
2170.777457771908 7.753996250148883e-15 2.6451544570529277e-16
2172.324304342235 7.476772530907918e-15 2.5824920184062386e-16
2173.8711598262607 7.90846033137723e-15 2.6745417357623236e-16
2175.4180242241396 7.775338092287903e-15 2.6036932530760137e-16
2176.964897536026 7.667930926444268e-15 2.5423685970903944e-16
2178.5117797620746 7.957390036608322e-15 2.6570674460604674e-16
2180.0586709024383 7.054231839236005e-15 2.4469664821477545e-16
2181.6055709572715 7.255176853444931e-15 2.472746988688623e-16
2183.152479926729 7.242017349576389e-15 2.5350078807787545e-16
2184.699397810965 7.163156041088171e-15 2.454744891581509e-16
2186.246324610132 7.02461321465289e-15 2.4787715105259694e-16
2187.7932603243858 6.901863317519165e-15 2.44327580077789e-16
2189.34020495388 6.7960930428460995e-15 2.375670660186176e-16
2190.8871584987683 7.02216232482001e-15 2.4669620183566724e-16
2192.4341209592058 6.56582967723386e-15 2.3620948396240577e-16
2193.981092335346 6.592066946291535e-15 2.3461838551054777e-16
2195.528072627343 6.593756353504834e-15 2.3983261445472684e-16
2197.075061835352 6.5224183916541296e-15 2.328767534220949e-16
2198.6220599595254 6.515262657315725e-15 2.3680968621487425e-16
2200.1690670000185 5.956696944644244e-15 2.2489489726232163e-16
2201.7160829569857 6.422969523866423e-15 2.3476502808954117e-16
2203.2631078305803 6.263876407581331e-15 2.281470273237453e-16
2204.810141620957 6.29625805363839e-15 2.3138740480302584e-16
2206.35718432827 6.21419369006013e-15 2.2745791308159474e-16
2207.904235952673 6.272551295510636e-15 2.2747718308114477e-16
2209.451296494321 6.0590172541231425e-15 2.2542699277187494e-16
2210.9983659533673 6.331171904691265e-15 2.270644927473747e-16
2212.5454443299673 5.910912696262781e-15 2.215014582824943e-16
2214.092531624274 5.931038199089543e-15 2.2084995759715772e-16
2215.6396278364423 5.7701455613080096e-15 2.18177396595003e-16
2217.186732966626 5.616557735663597e-15 2.151463950723719e-16
2218.73384701498 6.2884501039305995e-15 2.247633689274808e-16
2220.2809699816576 5.798526670755186e-15 2.1814191385544692e-16
2221.828101866814 5.886915405834119e-15 2.1755607145841236e-16
2223.3752426706023 5.650482252234079e-15 2.115601899225952e-16
2224.922392393178 5.725350223892466e-15 2.1489890263309602e-16
2226.469551034694 5.7356759790359695e-15 2.134182625715159e-16
2228.016718595306 5.642866579005316e-15 2.1297076447756962e-16
2229.5638950751672 5.5935862021340606e-15 2.1111535204149887e-16
2231.1110804744326 5.6939274191316995e-15 2.1576778638341152e-16
2232.6582747932553 5.7672842840121846e-15 2.1135948281876532e-16
2234.205478031791 5.317746111212435e-15 2.034303412250688e-16
2235.752690190193 5.304639970419569e-15 2.0801593937348718e-16
2237.2999112686157 5.051729484896591e-15 1.9725697981702226e-16
2238.847141267214 5.347234292721673e-15 2.0585776559833223e-16
2240.394380186141 5.385360092710536e-15 2.0311148625998677e-16
2241.9416280255523 5.355159980009131e-15 2.061833835921025e-16
2243.4888847856014 5.143981960764425e-15 1.993243490132536e-16
2245.036150466443 5.198029015546354e-15 2.0062970619431127e-16
2246.583425068231 5.2079583592705425e-15 2.0297537865327485e-16
2248.13070859112 5.635718044446963e-15 2.0919483718249775e-16
2249.6780010352636 5.5374994920151435e-15 2.0657291286872107e-16
2251.225302400818 5.262563185248238e-15 2.0129381972962805e-16
2252.7726126879347 5.099803263334483e-15 1.9832642508737982e-16
2254.319931896771 5.093330661068039e-15 1.950206937222627e-16
2255.867260027479 5.657111555595765e-15 2.0914068001343268e-16
2257.4145970802138 5.282015720398407e-15 2.0198456186322413e-16
2258.96194305513 5.413276604586143e-15 2.0269908709379233e-16
2260.509297952382 5.246817689791728e-15 2.019855280101796e-16
2262.0566617721233 5.2004921873569695e-15 1.988021002617121e-16
2263.6040345145093 5.3614784222791746e-15 2.0146333219819731e-16
2265.1514161796936 5.528929636171298e-15 2.0406907024174756e-16
2266.6988067678312 5.345134498045429e-15 2.0068056787581593e-16
2268.2462062790755 5.550542105336965e-15 2.0371191350558186e-16
2269.793614713582 5.189136016633131e-15 1.993432881405586e-16
2271.3410320715043 5.275729465380359e-15 2.0077272241349924e-16
2272.888458352997 5.516147485480757e-15 2.019496482239295e-16
2274.4358935582145 5.797753329674343e-15 2.111936628844505e-16
2275.983337687311 5.448122693003238e-15 1.999092914377817e-16
2277.5307907404413 5.62637781213759e-15 2.0578313405474524e-16
2279.07825271776 5.917071049305793e-15 2.1310034728360972e-16
2280.6257236194206 5.790257935124089e-15 2.0216167115853908e-16
2282.173203445578 5.7705068208600135e-15 2.0897816880156806e-16
2283.720692196386 5.889440411049884e-15 2.0865018176252344e-16
2285.268189872 5.6983154733149504e-15 2.0284747667823945e-16
2286.815696472574 5.769230342208501e-15 2.1177025409351426e-16
2288.363211998263 6.225449487379719e-15 2.1393405269683457e-16
2289.91073644922 6.511820315418084e-15 2.1772907793788905e-16
2291.458269825601 6.015257838002091e-15 2.0984355854097614e-16
2293.0058121275592 6.13507742465479e-15 2.0979952606260872e-16
2294.5533633552504 5.89995674860652e-15 2.081237640206947e-16
2296.1009235088272 6.262859968044626e-15 2.1353618543964146e-16
2297.6484925884456 6.575609096126384e-15 2.1917404997145589e-16
2299.1960705942593 6.3973082372128804e-15 2.1568047581539533e-16
2300.7436575264232 6.594416192170745e-15 2.1869502637000398e-16
2302.291253385091 6.77676417450623e-15 2.2047878511269293e-16
2303.838858170418 7.206585114359794e-15 2.277180845452998e-16
2305.3864718825585 6.905385280513848e-15 2.233441916941358e-16
2306.934094521667 6.927459382635769e-15 2.2389997765643265e-16
2308.481726087897 7.280291380331021e-15 2.284182631553239e-16
2310.0293665814047 7.448690847607596e-15 2.3076663553180685e-16
2311.577016002343 7.72378343195327e-15 2.315207595526592e-16
2313.1246743508673 8.018171426837396e-15 2.4021504983041215e-16
2314.672341627133 8.511859497946882e-15 2.444884369284285e-16
2316.220017831292 8.183497858581332e-15 2.3826957396924663e-16
2317.7677029635006 9.251452245072605e-15 2.5740550408559937e-16
2319.315397023913 8.842024470457135e-15 2.4688501077356614e-16
2320.863100012684 9.58756169480669e-15 2.6465067980927784e-16
2322.4108119299676 9.515269973857376e-15 2.5452583029295117e-16
2323.958532775919 9.951857859926555e-15 2.6417978243016365e-16
2325.5062625506926 9.986631103510186e-15 2.6465065333949823e-16
2327.0540012544416 1.0700179281573734e-14 2.7216799133704134e-16
2328.6017488873217 1.1557568053641165e-14 2.8411224115429065e-16
2330.149505449488 1.0851468683315772e-14 2.762182381930154e-16
2331.697270941094 1.1448925913760434e-14 2.772683472893739e-16
2333.245045362294 1.166541906474916e-14 2.835404409753348e-16
2334.792828713244 1.1773115068827809e-14 2.868149115307423e-16
2336.3406209940977 1.1928604059922333e-14 2.8512161325984216e-16
2337.888422205009 1.254663656768875e-14 2.964751370057204e-16
2339.4362323461337 1.168496858517179e-14 2.7905487212403124e-16
2340.9840514176253 1.245728729724763e-14 2.9877078158123676e-16
2342.531879419639 1.2592412769257214e-14 2.864807570330505e-16
2344.0797163523303 1.1558714936251747e-14 2.8120652109851437e-16
2345.627562215852 1.0133245730416327e-14 2.6252303892489344e-16
2347.1754170103595 1.0843434575811065e-14 2.705154829965074e-16
2348.723280736007 1.2366633596067739e-14 2.918826567146056e-16
2350.27115339295 1.3583349837986442e-14 2.988462204531016e-16
2351.8190349813426 1.475749589804204e-14 3.2155480319207496e-16
2353.3669255013388 1.442945189603171e-14 3.1047495049749867e-16
2354.914824953094 1.5945488405686402e-14 3.264797703847667e-16
2356.462733336763 1.597481438038624e-14 3.276814983786837e-16
2358.0106506525 1.592600495383366e-14 3.246817311959826e-16
2359.5585769004592 1.6505632987771565e-14 3.336213169213045e-16
2361.1065120807957 1.6312299411626666e-14 3.3423975685191855e-16
2362.6544561936644 1.6688527729874503e-14 3.3244910273164336e-16
2364.20240923922 1.654905189664782e-14 3.306094265795458e-16
2365.750371217616 1.722645971995087e-14 3.4079912705589665e-16
2367.298342129008 1.693028956774572e-14 3.3144724804349873e-16
2368.846321973551 1.7199352971572837e-14 3.4312963233114845e-16
2370.3943107513987 1.7060441262289026e-14 3.3568267747756625e-16
2371.9423084627065 1.6987140725099534e-14 3.3520704200790336e-16
2373.4903151076287 1.7027855904808153e-14 3.390718945275471e-16
2375.03833068632 1.5967304586275884e-14 3.242053545724909e-16
2376.586355198935 1.44856626964774e-14 3.0893319171481823e-16
2378.134388645629 1.4797116711182806e-14 3.107658269055417e-16
2379.682431026556 1.6813134746745083e-14 3.312765444348474e-16
2381.230482341871 1.676039847544903e-14 3.35051690871421e-16
2382.7785425917286 1.5351913127239006e-14 3.186104637278598e-16
2384.3266117762832 1.2018237086400783e-14 2.849540595549634e-16
2385.8746898956897 1.2097285589170344e-14 2.826281335515827e-16
2387.422776950103 1.5374471308690282e-14 3.122961507434342e-16
2388.970872939678 1.8114868532612648e-14 3.466560157790253e-16
2390.518977864569 1.8790563655296348e-14 3.51040761239826e-16
2392.067091724931 1.9042537322379663e-14 3.494028377478526e-16
2393.6152145209185 1.862992724498136e-14 3.565330022791617e-16
2395.163346252686 1.8863826923036162e-14 3.473048165468425e-16
2396.711486920389 1.8723946208060692e-14 3.516756124337931e-16
2398.259636524181 1.8816887745231117e-14 3.479192330709571e-16
2399.807795064218 1.8958698001260432e-14 3.4936019493291427e-16
2401.3559625406547 1.8083286062141324e-14 3.4555873753541657e-16
2402.9041389536446 1.787529373381124e-14 3.4099746511445216e-16
2404.4523243033436 1.854761427723308e-14 3.4677788264431153e-16
2406.0005185899063 1.862147724429955e-14 3.459666633088583e-16
2407.548721813487 1.8485724967908998e-14 3.4506224387942754e-16
2409.0969339742414 1.9216185852830373e-14 3.517741329534706e-16
2410.645155072323 1.8741190104800895e-14 3.465634509597582e-16
2412.1933851078875 1.831493263255643e-14 3.473125986620454e-16
2413.7416240810894 1.8401374038889626e-14 3.451083807052733e-16
2415.289871992083 1.8155285556723834e-14 3.420310305985596e-16
2416.8381288410246 1.8561515781963418e-14 3.4801042146168494e-16
2418.386394628067 1.7955263808427414e-14 3.38932875245079e-16
2419.934669353367 1.7535708060861625e-14 3.3859003865967783e-16
2421.4829530170778 1.7409645841387662e-14 3.317538739704048e-16
2423.0312456193546 1.743465025399061e-14 3.3407246784483583e-16
2424.579547160353 1.737542571031859e-14 3.369857847273578e-16
2426.1278576402265 1.755965198821461e-14 3.3661089323885895e-16
2427.676177059131 1.729894032924742e-14 3.3642213724051925e-16
2429.224505417221 1.6878649357083414e-14 3.3278135140520386e-16
2430.7728427146512 1.714440594428445e-14 3.3144616278253506e-16
2432.3211889515765 1.675521293974594e-14 3.275735810872476e-16
2433.869544128152 1.668008789358806e-14 3.26921286308523e-16
2435.417908244532 1.6450662243560656e-14 3.2457929314892405e-16
2436.966281300872 1.563907423701716e-14 3.1350566085255416e-16
2438.514663297327 1.653399165084564e-14 3.2503187344055386e-16
2440.0630542340505 1.6801433833611712e-14 3.2898566441965933e-16
2441.6114541111983 1.6457535068894677e-14 3.214272982637336e-16
2443.159862928926 1.5569451516884644e-14 3.174356819695773e-16
2444.7082806873877 1.5478063438139483e-14 3.094080595608727e-16
2446.2567073867376 1.5518700690816956e-14 3.184826411621632e-16
2447.805143027131 1.5171967753858408e-14 3.03594369518054e-16
2449.3535876087244 1.483300888528976e-14 3.0280927585506765e-16
2450.90204113167 1.526779767337897e-14 3.104929499476278e-16
2452.450503596125 1.5207289027758912e-14 3.055539273019676e-16
2453.998975002243 1.4911484793786976e-14 3.051576482315506e-16
2455.547455350179 1.4651662519414403e-14 3.002425542666503e-16
2457.0959446400884 1.4848867036128255e-14 3.054771914109023e-16
2458.6444428721256 1.4501031262272382e-14 3.038488235093651e-16
2460.192950046446 1.4414450942535836e-14 2.993345614169733e-16
2461.741466163204 1.4333684656949244e-14 2.992361467764142e-16
2463.2899912225553 1.4099889163946954e-14 2.937971099940779e-16
2464.838525224654 1.350468758224083e-14 2.872203756146811e-16
2466.387068169656 1.3186346342641299e-14 2.863544697145708e-16
2467.935620057715 1.3673148035889607e-14 2.9122403565855616e-16
2469.4841808889864 1.3031822969106644e-14 2.857621819262032e-16
2471.032750663626 1.3112216560196444e-14 2.8528344949232693e-16
2472.581329381788 1.2928613698549602e-14 2.8601414775823177e-16
2474.129917043627 1.2434106546580122e-14 2.7278439309462606e-16
2475.6785136492986 1.281388223881106e-14 2.8023396845638883e-16
2477.2271191989576 1.3080799261149835e-14 2.852536180507158e-16
2478.775733692759 1.251347014560606e-14 2.7477431171574283e-16
2480.324357130857 1.2329830861542487e-14 2.773178457772291e-16
2481.8729895134084 1.1847249933470347e-14 2.6781410963925623e-16
2483.421630840566 1.1727963130541471e-14 2.6762567127827175e-16
2484.970281112487 1.2067297234705752e-14 2.7374638429469053e-16
2486.5189403293243 1.2378628429633807e-14 2.7109173009843635e-16
2488.0676084912343 1.1906178862643776e-14 2.6886760686740377e-16
2489.6162855983716 1.183224389777679e-14 2.7354727861252657e-16
2491.164971650891 1.1835269499464382e-14 2.610033824081804e-16
2492.713666648948 1.2077457394908068e-14 2.717729828160452e-16
2494.2623705926967 1.2056320534742284e-14 2.713234730188492e-16
2495.8110834822933 1.221424305149427e-14 2.714795123696012e-16
2497.3598053178916 1.2221857877690086e-14 2.7320401851065176e-16
2498.9085360996482 1.2198814346360033e-14 2.738891887556417e-16
2500.457275827716 1.2036853176515538e-14 2.689821416037403e-16
2502.0060245022523 1.2391970892618957e-14 2.7571965342443783e-16
2503.554782123411 1.2119736197437319e-14 2.6853980511681635e-16
2505.1035486913465 1.2286000294653866e-14 2.7321137710938103e-16
2506.652324206215 1.2369036628539099e-14 2.739096498952738e-16
2508.201108668171 1.2294535845663347e-14 2.7257014669852993e-16
2509.74990207737 1.2086501165685902e-14 2.676078306468202e-16
2511.298704433966 1.3269834992120366e-14 2.8421825262159544e-16
2512.8475157381163 1.2869576349158925e-14 2.8024680629949565e-16
2514.396335989973 1.3326379523547274e-14 2.7961364917142306e-16
2515.945165189693 1.3904796300370607e-14 2.923663389972674e-16
2517.4940033374314 1.4259674306149953e-14 2.933023633435426e-16
2519.042850433343 1.4101811928737221e-14 2.916814334500735e-16
2520.591706477583 1.44910616844832e-14 2.953258191754147e-16
2522.1405714703055 1.550928676664117e-14 3.0185448443505484e-16
2523.6894454116673 1.5667290598556094e-14 3.093850837921784e-16
2525.238328301822 1.638530348728462e-14 3.108730295129286e-16
2526.787220140926 1.842983773404916e-14 3.3323861684782317e-16
2528.3361209291334 1.8696964820558853e-14 3.34330839363528e-16
2529.8850306666 1.948489180875375e-14 3.3579644459029434e-16
2531.43394935348 2.01390384132593e-14 3.462443048271005e-16
2532.9828769899295 2.1016037692121563e-14 3.5126792488836777e-16
2534.531813576103 2.2061555869905963e-14 3.6288760226814106e-16
2536.0807591121566 2.2778003441747963e-14 3.676429775829247e-16
2537.629713598244 2.349419859777168e-14 3.682435768820872e-16
2539.1786770345216 2.4244137852348115e-14 3.8084475368949143e-16
2540.727649421144 2.4452045477383472e-14 3.768324644974662e-16
2542.2766307582665 2.499155294874173e-14 3.8301029929826546e-16
2543.8256210460436 2.5039262926528777e-14 3.870242560864056e-16
2545.374620284632 2.6118598047699358e-14 3.9106081806632555e-16
2546.9236284741846 2.5660466725649714e-14 3.905235080101907e-16
2548.4726456148587 2.60469221197027e-14 3.9134600347175423e-16
2550.0216717068083 2.6034238648350513e-14 3.9077256216646307e-16
2551.5707067501894 2.6581359251838695e-14 4.0127174730591694e-16
2553.119750745156 2.6118755595827547e-14 3.8367641130194216e-16
2554.6688036918645 2.7465773457121222e-14 4.05331893859462e-16
2556.2178655904695 2.7137001006776254e-14 3.974509404995304e-16
2557.7669364411263 2.6785038488401358e-14 3.9744710238148815e-16
2559.3160162439904 2.7852284755348726e-14 4.084890768214544e-16
2560.865104999216 2.716219346069349e-14 3.936399010418169e-16
2562.4142027069593 2.7428343071182054e-14 4.077915451893905e-16
2563.963309367375 2.756473909261252e-14 4.02620673744199e-16
2565.512424980619 2.763246615300908e-14 3.9972458868819775e-16
2567.061549546846 2.7918370265893507e-14 4.1089033581758155e-16
2568.6106830662115 2.8035462406456046e-14 4.019359270156827e-16
2570.1598255388703 2.812915102668595e-14 4.0600745557445653e-16
2571.708976964978 2.7864138134412603e-14 4.0909475831830044e-16
2573.2581373446897 2.7720594848973205e-14 4.0085564237057826e-16
2574.8073066781603 2.8332706596438315e-14 4.09689640145069e-16
2576.356484965546 2.6970364215062916e-14 3.965302950952038e-16
2577.905672207001 2.709520162489515e-14 3.930161671552825e-16
2579.4548684026813 2.7040185140905088e-14 4.0079457658903715e-16
2581.0040735527423 2.6524277701523227e-14 3.936246809185459e-16
2582.553287657338 2.7408293801320545e-14 4.034296960879453e-16
2584.1025107166256 2.751016306575503e-14 4.029436050553397e-16
2585.6517427307585 2.611079856832104e-14 3.8974394653114113e-16
2587.2009836998927 2.3043265361707803e-14 3.6519902283230004e-16
2588.750233624185 1.993432410243509e-14 3.3932513090899656e-16
2590.2994925037883 2.1426907963846206e-14 3.5125654288313904e-16
2591.8487603388585 2.4753612923528526e-14 3.8349040816068104e-16
2593.398037129552 2.630951588587869e-14 3.931592892535889e-16
2594.9473228760235 2.529313733554573e-14 3.899711101796829e-16
2596.496617578428 2.5226790938853196e-14 3.799626482842649e-16
2598.045921236921 2.5254493998426095e-14 3.838564058032337e-16
2599.5952338516577 2.300733930628296e-14 3.6785285646538657e-16
2601.144555422794 1.8394406345865512e-14 3.2799873868721006e-16
2602.693885950485 1.5480059047763214e-14 3.0197780713821915e-16
2604.243225434885 1.6975666816796027e-14 3.1613029831874e-16
2605.792573876151 2.1696738779523536e-14 3.569136906493933e-16
2607.341931274437 2.2960444174191172e-14 3.6866539928981986e-16
2608.891297629899 2.256385996015492e-14 3.6363293832216564e-16
2610.4406729426923 2.2257545741373452e-14 3.585127565049114e-16
2611.9900572129723 2.140120898422651e-14 3.552196512246643e-16
2613.539450440894 2.110702258318383e-14 3.491391722732401e-16
2615.088852626614 2.055416079037916e-14 3.4692621928919943e-16
2616.6382637702854 2.0018449720690494e-14 3.410368256767199e-16
2618.187683872066 1.921476791967667e-14 3.364464364981936e-16
2619.737112932109 1.8431135388524353e-14 3.258142142464616e-16
2621.2865509505714 1.8633334011495216e-14 3.3111491996059943e-16
2622.835997927608 1.7807412513418282e-14 3.237437480860169e-16
2624.385453863374 1.704196747370941e-14 3.1417910498518053e-16
2625.934918758025 1.6745412768546207e-14 3.156733769832555e-16
2627.484392611717 1.6339526438683208e-14 3.1313399867716673e-16
2629.033875424604 1.5308797456157867e-14 2.9616544058438054e-16
2630.583367196843 1.531589559225586e-14 2.979820880282246e-16
2632.132867928588 1.5597252832279425e-14 3.0387171986872056e-16
2633.6823776199953 1.485308864833737e-14 2.9635165548387847e-16
2635.23189627122 1.422087003277034e-14 2.8883569391487465e-16
2636.7814238824185 1.3800562119947388e-14 2.8497986759007507e-16
2638.330960453744 1.3837645222378181e-14 2.8598127229196647e-16
2639.880505985354 1.3848969205850024e-14 2.837232677430437e-16
2641.430060477403 1.2778332266014797e-14 2.747662384329643e-16
2642.9796239300467 1.2742047068620317e-14 2.7384363426494716e-16
2644.5291963434406 1.2671472283455089e-14 2.720284161892016e-16
2646.07877771774 1.2723139599171707e-14 2.753148246152095e-16
2647.6283680531 1.1815732684535962e-14 2.6236842894223993e-16
2649.1779673496776 1.189480321016215e-14 2.659180528566071e-16
2650.7275756076265 1.166152610132358e-14 2.6480550155016816e-16
2652.277192827103 1.1018174084697838e-14 2.527445994142142e-16
2653.826819008262 1.1369879952089715e-14 2.624846048049118e-16
2655.3764541512596 1.1187127511521917e-14 2.5563337881104537e-16
2656.9260982562514 1.1212192063464119e-14 2.6482371275853413e-16
2658.4757513233926 1.0682585560226315e-14 2.49098016697166e-16
2660.0254133528388 1.1251095439698561e-14 2.56507437403273e-16
2661.5750843447445 1.0924086511949777e-14 2.558803683245088e-16
2663.1247642992666 1.092204939771163e-14 2.5298589792506325e-16
2664.674453216561 1.1450556452183899e-14 2.615165784950981e-16
2666.224151096781 1.1389349004382356e-14 2.5773462932516687e-16
2667.7738579400834 1.1248587375141741e-14 2.6124597793822997e-16
2669.323573746625 1.151113201340679e-14 2.624069954111196e-16
2670.8732985165593 1.1408934947221717e-14 2.601964776468023e-16
2672.423032250042 1.231979775628226e-14 2.712497017430993e-16
2673.97277494723 1.2752075091682861e-14 2.7148811504797176e-16
2675.522526608278 1.2857340111202889e-14 2.778841667118074e-16
2677.0722872333417 1.3601459402398739e-14 2.8545357076582704e-16
2678.6220568225763 1.3714595052064654e-14 2.8808225810829195e-16
2680.1718353761376 1.4700290680916273e-14 2.960039749288102e-16
2681.7216228941816 1.502660165351652e-14 3.0264857782310575e-16
2683.271419376863 1.6436989437726077e-14 3.1649457542561857e-16
2684.8212248243385 1.6868080079967575e-14 3.142397207804684e-16
2686.371039236762 1.7722890483743564e-14 3.247767577047527e-16
2687.920862614291 1.8505977525677848e-14 3.369034637127965e-16
2689.4706949570796 1.9583234027995867e-14 3.390823236207102e-16
2691.020536265284 2.06680443701375e-14 3.6147917176531437e-16
2692.57038653906 2.16941892103523e-14 3.585736634677749e-16
2694.120245778563 2.344697481689636e-14 3.795414876210223e-16
2695.670113983948 2.347999554931212e-14 3.754344101482434e-16
2697.219991155371 2.4526108344225493e-14 3.8870093133571587e-16
2698.7698772929884 2.6126592344655544e-14 4.0167276446688265e-16
2700.3197723969547 2.684327877978867e-14 4.08055475361799e-16
2701.8696764674264 2.8083507809290205e-14 4.1126027745729487e-16
2703.419589504558 2.822730181648199e-14 4.1301612381739383e-16
2704.969511508507 2.9487348028817487e-14 4.253202302883282e-16
2706.5194424794267 3.048436340597621e-14 4.3077266077914294e-16
2708.0693824174746 3.066583174459597e-14 4.3069637487433085e-16
2709.6193313228055 3.193621514701976e-14 4.473645274384174e-16
2711.169289195575 3.18243119302921e-14 4.4115876702013836e-16
2712.7192560359385 3.3521613490659213e-14 4.536013898477284e-16
2714.2692318440522 3.4038340857934016e-14 4.552214991780299e-16
2715.819216620072 3.423262988724342e-14 4.543374085393332e-16
2717.3692103641533 3.4893586636644894e-14 4.654507984446648e-16
2718.9192130764513 3.530401814530286e-14 4.580876469133016e-16
2720.469224757122 3.511003065972268e-14 4.627132938382573e-16
2722.0192454063217 3.641151372383786e-14 4.719990513412102e-16
2723.5692750242047 3.71766284206973e-14 4.760804795975551e-16
2725.1193136109277 3.648431112345668e-14 4.714063929759282e-16
2726.669361166646 3.876726820421436e-14 5.013016267558807e-16
2728.219417691516 3.8364869956028155e-14 4.861934706526202e-16
2729.769483185692 3.922365294432677e-14 4.926418266009488e-16
2731.3195576493317 3.9328566445173685e-14 4.966433690624557e-16
2732.869641082589 3.8653518455661687e-14 4.862812973813386e-16
2734.4197334856203 3.841417743795372e-14 4.875460234507077e-16
2735.9698348585816 3.796946481185448e-14 4.77246791026365e-16
2737.5199452016277 3.893354077176038e-14 4.878595844598694e-16
2739.070064514915 3.996943496119808e-14 4.980616727930738e-16
2740.6201927985994 4.0168253922709396e-14 4.981378528187675e-16
2742.1703300528366 4.03619872984054e-14 5.05808477309984e-16
2743.720476277782 4.02258182818048e-14 4.952503175015776e-16
2745.270631473591 4.03399305604589e-14 5.009369261325285e-16
2746.82079564042 4.0812063337126656e-14 5.05143185869475e-16
2748.3709687784253 4.032324739952978e-14 5.004864104837076e-16
2749.921150887761 4.172912558032815e-14 5.091308052269114e-16
2751.4713419685845 4.206724758034491e-14 5.088195735583547e-16
2753.0215420210507 4.252466231252118e-14 5.173985879459422e-16
2754.5717510453155 4.36942826755396e-14 5.217641957560909e-16
2756.121969041534 4.315564425998522e-14 5.289565113299048e-16
2757.672196009864 4.474080882253123e-14 5.326240581123975e-16
2759.2224319504594 4.616418670401988e-14 5.388544089559265e-16
2760.7726768634766 4.436480750911326e-14 5.284381801057443e-16
2762.3229307490706 4.572026351262748e-14 5.441693289417104e-16
2763.873193607399 4.5187201961997825e-14 5.279824763801215e-16
2765.423465438616 4.763812906432782e-14 5.533444957054874e-16
2766.973746242878 4.6693318021774274e-14 5.474679928756739e-16
2768.5240360203406 4.7900983716651566e-14 5.47082539945114e-16
2770.07433477116 4.868816531585288e-14 5.591273484550701e-16
2771.6246424954916 4.983266606978752e-14 5.552833011821933e-16
2773.174959193492 5.046990250853409e-14 5.72084623207456e-16
2774.725284865316 4.9991135769823433e-14 5.704796545910867e-16
2776.27561951112 5.031285921198135e-14 5.559562688587868e-16
2777.82596313106 4.967454195919409e-14 5.666640888010613e-16
2779.376315725291 5.113490129915986e-14 5.688467868270172e-16
2780.92667729397 5.29954193321993e-14 5.853065957558588e-16
2782.4770478372516 5.207873317162638e-14 5.864307143559836e-16
2784.027427355293 5.3772822783057506e-14 5.851505828748864e-16
2785.577815848249 5.5642366799182885e-14 6.023411694789716e-16
2787.128213316276 5.741863554715662e-14 6.190558294458183e-16
2788.6786197595297 5.781896364681974e-14 6.074197672724716e-16
2790.229035178166 5.644325677960256e-14 6.13454506444744e-16
2791.7794595723403 5.810921812092126e-14 6.230516014953721e-16
2793.3298929422094 5.680109093036782e-14 6.206955793525842e-16
2794.880335287929 5.3581935438064277e-14 5.992129179860839e-16
2796.4307866096547 4.352248406504569e-14 5.371537256165175e-16
2797.9812469075423 2.899499826976466e-14 4.3334639685915473e-16
2799.5317161817475 2.6914044994399977e-14 4.247679118671592e-16
2801.082194432427 3.6857659529683853e-14 4.949174864928658e-16
2802.632681659736 4.506634391295179e-14 5.444387912980557e-16
2804.1831778638307 3.7716645805889806e-14 4.953343325820334e-16
2805.7336830448667 2.975996388882539e-14 4.50285573496583e-16
2807.284197203001 3.3358956059732076e-14 4.61999245063722e-16
2808.8347203383883 4.5239016661447265e-14 5.994108060583861e-16
2810.385252451185 5.03989448644767e-14 6.053960996823626e-16
2811.9357935415464 5.569519455003724e-14 6.130797473051432e-16
2813.48634360963 5.545288891701389e-14 6.117587464843409e-16
2815.03690265559 5.526185588235373e-14 6.11569805197544e-16
2816.5874706795835 5.527137314454908e-14 6.127107585774956e-16
2818.1380476817662 5.383431398689638e-14 5.973925912428752e-16
2819.6886336622943 5.469148422446342e-14 6.044234941006779e-16
2821.2392286213226 5.454951472624002e-14 6.086548471886867e-16
2822.7898325590086 5.263754113572078e-14 5.955499769452418e-16
2824.3404454755073 5.169814771589787e-14 5.943770480715314e-16
2825.891067370975 5.2659370868837416e-14 5.927402098405217e-16
2827.4416982455673 5.356096629042205e-14 5.972643716304845e-16
2828.992338099441 5.4229854656341614e-14 6.029989435020738e-16
2830.5429869327513 5.331108479471845e-14 6.010899429971994e-16
2832.0936447456543 5.2156534841897584e-14 5.946367695489833e-16
2833.6443115383067 5.3477174403147865e-14 5.986930515147065e-16
2835.194987310864 5.4125191877247084e-14 6.057622826133725e-16
2836.7456720634827 5.428913002199047e-14 6.114117806133219e-16
2838.296365796317 5.5031967752337124e-14 6.097507490037562e-16
2839.847068509525 5.577715345801357e-14 6.143824839780203e-16
2841.3977802032623 5.552693314913107e-14 6.166810137595133e-16
2842.9485008776837 5.799566149588056e-14 6.326672253917213e-16
2844.4992305329465 5.686060346524191e-14 6.271376884329268e-16
2846.049969169207 5.721431087148815e-14 6.262177047730902e-16
2847.6007167866196 5.646898625240836e-14 6.306779155755354e-16
2849.1514733853423 5.658350849500893e-14 6.221617933842814e-16
2850.70223896553 5.721025866586849e-14 6.305442431885468e-16
2852.2530135273387 5.675849194938451e-14 6.326711958586616e-16
2853.8037970709242 5.3578503260562e-14 6.1151887734159035e-16
2855.354589596444 5.248361153228215e-14 6.065367883645182e-16
2856.905391104053 5.5208719811506574e-14 6.301829306969836e-16
2858.4562015939073 5.912031118566335e-14 6.432503197325125e-16
2860.0070210661634 6.034561549463427e-14 6.60325921614008e-16
2861.557849520977 6.06850114322037e-14 6.562160118748117e-16
2863.1086869585047 6.380464732946844e-14 6.753331219778677e-16
2864.659533378902 6.314725489470902e-14 6.893974687923149e-16
2866.2103887823255 6.377088798432268e-14 6.73860025803474e-16
2867.761253168931 6.406416467198e-14 6.788623376921619e-16
2869.3121265388745 6.469226331929159e-14 6.825764712867536e-16
2870.863008892312 6.575961292425853e-14 6.791917276295254e-16
2872.413900229401 6.700694008985805e-14 7.01133057336964e-16
2873.9648005502954 6.705146691782932e-14 6.96474799643539e-16
2875.5157098551526 6.870551897590962e-14 6.997916747858684e-16
2877.066628144129 7.037846325684549e-14 7.234200294264415e-16
2878.6175554173797 7.18966241251319e-14 7.26634360642594e-16
2880.168491675062 7.276408750707397e-14 7.434207537121613e-16
2881.7194369173308 7.581854930124518e-14 7.49309273821914e-16
2883.270391144343 7.675709568812084e-14 7.564676551382785e-16
2884.821354356255 7.807369659627861e-14 7.608774145408028e-16
2886.372326553223 7.865161701179485e-14 7.59847263658264e-16
2887.923307735403 8.266365294096883e-14 7.889698975112021e-16
2889.4742979029497 8.51175819280639e-14 8.097567742510923e-16
2891.0252970560214 8.644607517880112e-14 8.091146703375143e-16
2892.576305194773 9.139213095078064e-14 8.550810308026371e-16
2894.1273223193607 9.10131277525976e-14 8.430470749023176e-16
2895.6783484299417 9.194780489297019e-14 8.32711155363447e-16
2897.229383526671 9.493709258404787e-14 8.577201207684855e-16
2898.780427609706 9.548426231544699e-14 8.5392848365922e-16
2900.3314806792014 9.633656041950142e-14 8.611591804134563e-16
2901.8825427353145 9.963414099832535e-14 8.811670515396686e-16
2903.433613778201 1.0192656451930154e-13 8.886816631499127e-16
2904.984693808018 1.0336677125138624e-13 8.985113746236804e-16
2906.5357828249207 1.0350790049292596e-13 8.92486535148979e-16
2908.0868808290656 1.0443825437713578e-13 9.182937232276862e-16
2909.637987820609 1.081013398370953e-13 9.306344638735893e-16
2911.189103799707 1.0690753837749867e-13 9.297661492235353e-16
2912.740228766516 1.0745364423551604e-13 9.186871700316858e-16
2914.291362721192 1.1082063408216977e-13 9.3669191411676e-16
2915.8425056638916 1.1028182626002594e-13 9.675918877908338e-16
2917.393657594771 1.1281455641626997e-13 9.57696848901009e-16
2918.9448185139863 1.124291157676878e-13 9.646867765399883e-16
2920.4959884216933 1.1203391052328968e-13 9.657167686038495e-16
2922.0471673180487 1.1235968617106726e-13 9.501872665488892e-16
2923.5983552032094 1.1181704298373826e-13 9.724803266876751e-16
2925.1495520773306 1.1272208752348412e-13 9.664833334211147e-16
2926.700757940569 1.133061336812749e-13 9.670153759911088e-16
2928.2519727930808 1.1372511005830477e-13 9.700194842176646e-16
2929.8031966350227 1.1386489082339246e-13 9.796530016850245e-16
2931.3544294665508 1.1549879704985527e-13 9.915269212978721e-16
2932.9056712878205 1.1442798477419996e-13 9.789231769218466e-16
2934.4569220989893 1.1644241885815088e-13 9.920535640328275e-16
2936.008181900213 1.1614648587517096e-13 9.935166016909725e-16
2937.559450691648 1.1555967500184033e-13 9.998819484104702e-16
2939.1107284734508 1.149422625221913e-13 9.874102352950978e-16
2940.6620152457767 1.1444840843262416e-13 9.951746686852228e-16
2942.2133110087834 1.147596015611818e-13 9.938077692665912e-16
2943.7646157626264 1.150570253221489e-13 9.927507780275362e-16
2945.3159295074624 1.1673013900967422e-13 1.01238838987668e-15
2946.867252243447 1.1410962235877675e-13 9.872088532118881e-16
2948.418583970738 1.1394682940257805e-13 9.985269074531e-16
2949.96992468949 1.1864587003834748e-13 1.0303844518740448e-15
2951.5212743998604 1.1608994473187584e-13 9.9973043539203e-16
2953.0726331020055 1.169036113572719e-13 1.0238859092235914e-15
2954.624000796082 1.1539255878947885e-13 1.0072933808198269e-15
2956.175377482245 1.143715520511221e-13 1.0245703118449728e-15
2957.7267631606514 1.1581592618530728e-13 1.005440496247708e-15
2959.2781578314584 1.1598255450669115e-13 1.0184848036354243e-15
2960.829561494821 1.1481977478175476e-13 1.0073104273578904e-15
2962.380974150897 1.1408600030394372e-13 1.0087026318858212e-15
2963.932395799842 1.1778609771556647e-13 1.0451754470781178e-15
2965.4838264418127 1.1464742729391103e-13 1.0280856044551966e-15
2967.0352660769645 1.1583812522478892e-13 1.029804869579886e-15
2968.5867147054546 1.1093756528647233e-13 1.0137251137465656e-15
2970.13817232744 1.1174650207989092e-13 1.018871262417609e-15
2971.6896389430763 1.1452840900042643e-13 1.0255098831417147e-15
2973.24111455252 1.1206711421482204e-13 1.0408443558605697e-15
2974.7925991559277 1.1362831113309255e-13 1.0110824768302506e-15
2976.3440927534552 1.1139754483441289e-13 1.0320604124393058e-15
2977.8955953452605 1.1194180077247345e-13 1.0330280417024254e-15
2979.447106931498 1.0932213115452324e-13 1.02106359544334e-15
2980.998627512325 1.1233242526269283e-13 1.075063322259341e-15
2982.5501570878982 1.0848116973943486e-13 1.0026402053240854e-15
2984.1016956583744 1.0847520662748619e-13 1.0431473325650358e-15
2985.653243223909 1.0665373342518339e-13 1.0227474969424816e-15
2987.2047997846594 1.0601918377494551e-13 1.0160135850118099e-15
2988.756365340781 1.0531152501696422e-13 1.028769477680986e-15
2990.3079398924315 1.0411907203381962e-13 1.0089940112196767e-15
2991.859523439766 1.0323693126496752e-13 1.01629734104914e-15
2993.4111159829417 1.0234320986166057e-13 1.0142155458230258e-15
2994.962717522116 1.0324134261255682e-13 1.0325063752860352e-15
2996.514328057444 9.842701062827072e-14 9.927958825319775e-16
2998.0659475890816 9.731806831746181e-14 1.0116998579696806e-15
2999.6175761171876 9.915215892254692e-14 1.0082483045887377e-15
3001.1692136419165 9.421251349591223e-14 9.878511159441437e-16
3002.720860163426 9.47220004255539e-14 9.96091687729744e-16
3004.2725156818715 9.441650613466537e-14 9.855589389097552e-16
3005.8241801974104 9.398789391082754e-14 9.976309583531419e-16
3007.375853710199 9.312441497186935e-14 9.99417033201546e-16
3008.9275362203934 9.25692966832932e-14 9.995734166594328e-16
3010.479227728151 9.229376025368316e-14 9.905016937943392e-16
3012.030928233627 9.223271967137223e-14 1.008581294416127e-15
3013.582637736979 9.133575921407497e-14 1.0001903742823891e-15
3015.134356238363 9.007114580008788e-14 9.952732421444595e-16
3016.6860837379363 9.037653844702273e-14 1.0098776783418997e-15
3018.2378202358545 9.188759779107936e-14 9.907253104924144e-16
3019.7895657322747 9.084233202911324e-14 1.0158750951249338e-15
3021.341320227353 9.025323755495682e-14 1.0058510954688896e-15
3022.893083721246 9.009731573002625e-14 1.0104398964606398e-15
3024.444856214111 9.160437707857183e-14 1.0346361337527877e-15
3025.996637706104 9.198538605077397e-14 1.0238016294453396e-15
3027.548428197382 9.303378922277672e-14 1.0481602853051235e-15
3029.1002276881 8.980130143188339e-14 1.022542514969246e-15
3030.652036178416 8.994378592613872e-14 1.0322131960071668e-15
3032.203853668487 9.426328803890244e-14 1.0539921071469694e-15
3033.7556801584687 9.252467498763184e-14 1.0607920876475269e-15
3035.3075156485174 9.599664948590006e-14 1.0716345328888556e-15
3036.859360138791 9.382888888596896e-14 1.0715329948143035e-15
3038.411213629445 9.250755136957015e-14 1.0636777171405855e-15
3039.9630761206363 9.324010611993713e-14 1.0815512769979537e-15
3041.5149476125216 9.351638793854075e-14 1.0720780605158616e-15
3043.066828105257 9.362081016027826e-14 1.0945264453213503e-15
3044.618717599 9.375758226433731e-14 1.0859847533230011e-15
3046.1706160939066 9.428858383083924e-14 1.1070636976110164e-15
3047.722523590133 9.315997680312688e-14 1.092745029154156e-15
3049.2744400878373 9.312359504397641e-14 1.0919797348863118e-15
3050.8263655871747 9.311535510746552e-14 1.1128886373101658e-15
3052.378300088303 9.084088190870754e-14 1.0845432091258927e-15
3053.9302435913773 9.146885180701114e-14 1.1072245279918763e-15
3055.482196096556 9.089504458348677e-14 1.102647903098743e-15
3057.0341576039946 9.141115192264418e-14 1.1039099821901518e-15
3058.58612811385 8.973168209988266e-14 1.1076644557288565e-15
3060.138107626279 9.133762268655893e-14 1.119997467199116e-15
3061.6900961414385 9.079244517665175e-14 1.1242313613859666e-15
3063.242093659485 9.10628858560511e-14 1.1295257408227796e-15
3064.7941001805743 9.016653526247587e-14 1.134404544719846e-15
3066.3461157048646 9.040947786427556e-14 1.11964298391069e-15
3067.8981402325107 8.925703194129567e-14 1.1494031688751146e-15
3069.4501737636715 8.75667810831815e-14 1.1043791325638123e-15
3071.002216298503 8.836953792421692e-14 1.1420985684962304e-15
3072.5542678371608 8.834627501135353e-14 1.121685921500349e-15
3074.106328379802 8.831657464809101e-14 1.1356491537567177e-15
3075.6583979265843 8.691115047695236e-14 1.1426090117260695e-15
3077.210476477663 8.729611001082049e-14 1.133038068817688e-15
3078.7625640331958 8.882107424773925e-14 1.179916789646122e-15
3080.31466059334 8.952606993413437e-14 1.1605889800974365e-15
3081.866766158251 8.890544550554935e-14 1.1625246621401494e-15
3083.4188807280857 9.000099791952806e-14 1.1715761620936273e-15
3084.971004303001 8.491950496741438e-14 1.1563690619542156e-15
3086.523136883154 8.746986018522487e-14 1.1666948170977192e-15
3088.0752784687015 8.842825424812059e-14 1.1843890177285063e-15
3089.6274290598 9.040307429519431e-14 1.228576609004395e-15
3091.179588656606 8.915028546115089e-14 1.2039578081506856e-15
3092.731757259277 8.946570020191766e-14 1.21512085536255e-15
3094.283934867969 8.828810756479968e-14 1.2075293225727833e-15
3095.8361214828383 8.872775832200613e-14 1.2133154046354774e-15
3097.3883171040434 8.879766903334071e-14 1.2212854552735484e-15
3098.9405217317394 8.80982840931882e-14 1.2356687099926368e-15
3100.492735366084 8.855930718571978e-14 1.2393665382029939e-15
3102.044958007234 9.062633185129981e-14 1.249072476987344e-15
3103.597189655346 9.06245767990331e-14 1.2727396363248133e-15
3105.149430310576 9.000759800025307e-14 1.2419870463835619e-15
3106.7016799730823 9.048835357232388e-14 1.289694800709121e-15
3108.253938643021 9.033862525230363e-14 1.2743511165069646e-15
3109.8062063205484 9.19918235011731e-14 1.2951868564599995e-15
3111.3584830058217 9.37780398040794e-14 1.3277912721821857e-15
3112.910768698998 9.676465087104374e-14 1.3485877309822917e-15
3114.4630634002333 9.592461780406555e-14 1.36766016009738e-15
3116.015367109686 9.50750708630238e-14 1.3262088028784778e-15
3117.5676798275113 9.990972486178043e-14 1.3992484539202162e-15
3119.1200015538666 9.933067281024666e-14 1.3949308093507058e-15
3120.6723322889093 9.687456864254304e-14 1.3846543938763798e-15
3122.224672032795 9.720585339260956e-14 1.3928354615974354e-15
3123.777020785682 9.938189458663302e-14 1.4119294900526787e-15
3125.3293785477263 9.98499175594407e-14 1.404148751278319e-15
3126.881745319085 9.817895194746962e-14 1.4126087045972582e-15
3128.434121099914 9.950571725099444e-14 1.4440887899610827e-15
3129.9865058903724 1.0043811756680482e-13 1.4456416131116367e-15
3131.538899690615 1.020889712284763e-13 1.4855073246532787e-15
3133.0913025007994 1.0619751470352864e-13 1.4894646625828508e-15
3134.6437143210824 1.0068726044977841e-13 1.4920354075777676e-15
3136.1961351516215 1.0292900429545448e-13 1.4956588027678847e-15
3137.7485649925725 1.0450378084593537e-13 1.5232958996500164e-15
3139.301003844093 1.0367692083535288e-13 1.532347611361731e-15
3140.85345170634 1.0553390843506816e-13 1.5412696211533974e-15
3142.4059085794697 1.0756629284123728e-13 1.5735399882570102e-15
3143.9583744636398 1.0499832611438747e-13 1.5448922751896857e-15
3145.5108493590064 1.0408076581581299e-13 1.5457260732471391e-15
3147.0633332657276 1.0898379909033556e-13 1.5850048968354524e-15
3148.6158261839587 1.1020046366324449e-13 1.6012373303575154e-15
3150.1683281138585 1.1180866074569223e-13 1.653880639787607e-15
3151.7208390555816 1.1075818403703461e-13 1.6173953308593384e-15
3153.2733590092876 1.1210104296655726e-13 1.6914192341857862e-15
3154.825887975132 1.1809563743581108e-13 1.7265772424857073e-15
3156.3784259532713 1.1764172264377287e-13 1.7190668131006402e-15
3157.9309729438633 1.2118504442125422e-13 1.7620146657791038e-15
3159.4835289470648 1.1936580738593217e-13 1.7314381528117629e-15
3161.0360939630327 1.184573408330794e-13 1.7567027104086353e-15
3162.588667991923 9.489919294185592e-14 1.4256662468747753e-15
3164.141251033895 8.661275771029361e-14 1.4985184918769336e-15
3165.693843089103 1.370771714453295e-13 1.8962863285778555e-15
3167.2464441577063 2.5206581071544887e-13 2.586924171242306e-15
3168.7990542398597 2.4578626081021154e-15 2.596524707364282e-16
