wavelength flux error
1572.815970107979 0.0 0.0
1574.3596654514092 0.0 0.0
1575.903369795083 0.0 0.0
1577.447083139159 0.0 0.0
1578.990805483794 0.0 0.0
1580.5345368291455 -1.2376928095695489e-13 8.682986241907026e-14
1582.0782771753709 -3.0952457953067935e-15 2.8280188859642653e-14
1583.6220265226275 2.182543527146346e-14 1.8384081014238482e-14
1585.1657848710734 2.9636541447531544e-15 1.2349472708556367e-14
1586.7095522208654 -8.059285559064173e-15 7.459998737453441e-15
1588.2533285721613 -8.796032275487121e-15 6.75521438577866e-15
1589.797113925118 2.2165583797806527e-15 6.45393704841804e-15
1591.3409082798935 -5.8803360774163215e-15 4.8136463111153e-15
1592.8847116366453 4.5151540180852524e-15 5.1599044861069115e-15
1594.4285239955307 -2.39965916264801e-15 3.98714501898597e-15
1595.972345356707 -2.069830462217816e-15 3.5107438315387608e-15
1597.516175720332 2.9568605169997013e-15 3.4819536051780607e-15
1599.0600150865632 -6.523432713608467e-16 2.8479111159173537e-15
1600.6038634555575 2.1184120369075864e-15 2.826277894444479e-15
1602.1477208274732 -2.7170557487531154e-15 2.0276348806756326e-15
1603.6915872024674 1.866136826095049e-15 2.258613142095355e-15
1605.235462580698 6.417715590252841e-16 1.940610715674726e-15
1606.7793469623218 -1.06967111051712e-15 1.5986772791535576e-15
1608.323240347497 1.6212441426925435e-15 1.7033281997868265e-15
1609.8671427363804 -1.0198713965700796e-15 1.3556212808180546e-15
1611.4110541291302 1.6904315937692877e-15 1.4361118571803153e-15
1612.9549745259037 1.621534066188521e-16 1.2537349698455054e-15
1614.4989039268585 3.953951915365442e-16 1.187857194131039e-15
1616.042842332152 -2.6298215725208487e-16 1.0365803920040916e-15
1617.5867897419416 1.618534484294277e-15 1.085203894824751e-15
1619.1307461563852 -3.9753458500307176e-16 8.734616986976146e-16
1620.6747115756402 2.344410909267756e-16 8.812061209343607e-16
1622.2186859998644 5.93808477205687e-16 8.658197145079271e-16
1623.7626694292146 -1.0662425329048715e-15 6.476034338066892e-16
1625.306661863849 4.8637700548693344e-17 7.305585054685456e-16
1626.8506633039256 3.741410702471249e-16 7.086141052666732e-16
1628.3946737496008 1.0279571730845692e-15 7.241597009476314e-16
1629.9386932010332 4.873062932743e-17 6.070129796995527e-16
1631.48272165838 6.462178467236588e-16 6.450471942509941e-16
1633.0267591217987 -8.330868144755543e-16 4.802017713419801e-16
1634.570805591447 -1.7341976538050194e-16 5.122934144937222e-16
1636.1148610674823 -6.976284055781401e-16 4.4350340715769746e-16
1637.6589255500626 -3.4236359690947534e-16 4.561263950634935e-16
1639.202999039345 4.1639972927409914e-16 4.98672860004077e-16
1640.747081535488 4.621167708851535e-16 4.930120858780173e-16
1642.2911730386481 6.687877807570785e-16 4.868070401437875e-16
1643.8352735489839 -7.348208281986884e-16 3.556237653498434e-16
1645.3793830666523 -3.848109854650097e-16 3.7277435611695047e-16
1646.9235015918111 1.4568142159139373e-16 4.093856347263435e-16
1648.4676291246183 5.379344782356491e-16 4.1973648322090945e-16
1650.0117656652312 -3.999059066784694e-16 3.2419574604249546e-16
1651.5559112138073 -2.366952044180969e-16 3.3875253663665265e-16
1653.100065770505 5.603155371567209e-17 3.5225807993392844e-16
1654.6442293354812 -1.2670417780375316e-16 3.3231352452052347e-16
1656.1884019088936 -1.9579797880026653e-16 3.055148843770551e-16
1657.7325834909002 1.4086794511038435e-16 3.301318058764128e-16
1659.2767740816587 6.948653311646374e-16 3.7012364591785694e-16
1660.8209736813262 5.284913314231845e-16 3.441970261935869e-16
1662.365182290061 4.1845304301736197e-16 3.286294870653389e-16
1663.9093999080208 4.0584400468541605e-16 3.3200258401954233e-16
1665.4536265353627 1.3446261578879833e-16 2.9825470028834247e-16
1666.9978621722453 3.5586591089363973e-16 3.1382824805656004e-16
1668.542106818825 5.152672412924136e-16 3.147904774846409e-16
1670.0863604752606 -2.705109831339751e-16 2.449171414788576e-16
1671.6306231417095 5.324451091674002e-17 2.687278464311068e-16
1673.1748948183292 2.0547621365154112e-17 2.573993630967318e-16
1674.7191755052777 -1.6885619008871218e-16 2.423853599995145e-16
1676.2634652027125 2.1736656107135401e-16 2.660963003524449e-16
1677.8077639107912 1.7419575343930528e-16 2.595852904357991e-16
1679.352071629672 9.870637723498912e-17 2.4929534890409666e-16
1680.8963883595122 2.1022248667086423e-16 2.61642654055341e-16
1682.4407141004701 3.494964348885242e-16 2.564497862233005e-16
1683.9850488527027 2.266741958471477e-16 2.4817639191099413e-16
1685.5293926163683 1.0158903417179844e-15 2.950166786194465e-16
1687.0737453916245 5.631419669877003e-16 2.669466155523698e-16
1688.6181071786284 3.559746487482435e-16 2.4988361328596477e-16
1690.1624779775389 3.643480723576647e-16 2.432782121352593e-16
1691.7068577885132 3.3176896174477776e-16 2.3800005867334216e-16
1693.2512466117091 2.6595344295193455e-16 2.3334690964738026e-16
1694.7956444472843 7.794914400127489e-16 2.6610503537971347e-16
1696.3400512953965 5.395560698736083e-16 2.4266898368794667e-16
1697.884467156204 2.850986904307071e-16 2.265526201494371e-16
1699.4288920298638 4.940212726951116e-16 2.364424180229007e-16
1700.9733259165343 1.7314667666435123e-16 2.111281104752669e-16
1702.5177688163733 7.484238861640169e-17 1.9661601410396717e-16
1704.0622207295385 5.843679641362928e-17 1.9279347352701672e-16
1705.6066816561872 1.5147889889420639e-16 2.0104451411044947e-16
1707.1511515964778 9.165965206642948e-17 1.9071510613736088e-16
1708.6956305505678 1.4507026085017015e-16 1.9571541955768884e-16
1710.2401185186154 2.132090719033237e-16 1.9997554529612474e-16
1711.7846155007783 4.789709795300604e-16 2.1992681079865874e-16
1713.3291214972141 -1.310006200798026e-16 1.6538328883052055e-16
1714.8736365080804 1.0141981419429377e-16 1.853119491412747e-16
1716.418160533536 2.979444215318514e-16 1.920445905225255e-16
1717.9626935737376 3.566017972363465e-16 2.017580599591724e-16
1719.507235628844 5.3557367168019827e-17 1.737732295824132e-16
1721.0517866990124 3.167151216292599e-16 1.9630548388456986e-16
1722.5963467844008 1.0611829933526848e-16 1.7118201021297448e-16
1724.1409158851675 1.5421175805429378e-16 1.761488525969961e-16
1725.6854940014698 9.455253427909893e-17 1.6916263072716103e-16
1727.2300811334658 3.3549680668520313e-16 1.864585802889508e-16
1728.7746772813134 2.036766028195932e-16 1.7196791120423867e-16
1730.3192824451705 3.9251612654882684e-16 1.8935328891641278e-16
1731.8638966251947 2.740029558683698e-16 1.7618421622254396e-16
1733.4085198215441 8.507836323057995e-18 1.5472880549414353e-16
1734.953152034377 3.1217793009028814e-17 1.546315952285563e-16
1736.4977932638508 6.433233763242132e-17 1.5740898979282354e-16
1738.0424435101233 2.582401227062205e-16 1.7046757762663488e-16
1739.587102773353 1.0373948671224358e-16 1.5570126549204047e-16
1741.131771053697 1.3869517325177907e-16 1.5910292333843414e-16
1742.676448351314 2.131513545489022e-16 1.6153816953156985e-16
1744.2211346663619 1.9894497089711227e-16 1.574378815572588e-16
1745.7658299989973 9.880911968451311e-17 1.5129727650146934e-16
1747.3105343493799 2.674347712277843e-16 1.6190923613691624e-16
1748.8552477176668 -4.7811770633226496e-17 1.35518032075967e-16
1750.3999701040157 -5.1687333487441595e-17 1.3512870132269543e-16
1751.944701508585 -1.2733527028901682e-16 1.2293836196448915e-16
1753.4894419315326 4.346033672831005e-16 1.689763761229937e-16
1755.0341913730163 2.075466698858185e-16 1.503185828704762e-16
1756.578949833194 2.0667275687737867e-16 1.4859287235445377e-16
1758.1237173122242 5.344776308987859e-16 1.7170244578461325e-16
1759.668493810264 6.242650291318731e-16 1.7664779470759828e-16
1761.213279327472 1.3327436091269856e-16 1.387360822961535e-16
1762.758073864006 1.6630471509334542e-16 1.4126836670130902e-16
1764.3028774200238 9.815808222031957e-17 1.3451256426290673e-16
1765.8476899956838 2.807529349552597e-16 1.450132581797979e-16
1767.3925115911438 1.527052834878224e-16 1.3633953492079545e-16
1768.9373422065612 2.3188519547821535e-16 1.4064839152347808e-16
1770.4821818420953 -6.05304898056745e-17 1.1623099922275797e-16
1772.0270304979028 1.3937853031686627e-16 1.3155710749125887e-16
1773.5718881741425 4.0649127682346124e-17 1.2108572885527659e-16
1775.1167548709723 2.2588081714314603e-16 1.3872710904086851e-16
1776.6616305885498 3.134563741229358e-16 1.415503624982957e-16
1778.2065153270335 1.8454202266200015e-16 1.3103466021637038e-16
1779.7514090865814 2.1900046115682796e-16 1.3502583975916324e-16
1781.296311867351 7.269600051061439e-17 1.187133748584745e-16
1782.841223669501 1.144484316201511e-16 1.246129328663211e-16
1784.3861444931892 1.5998749043316364e-16 1.254086012062583e-16
1785.9310743385736 2.268049830281597e-16 1.2936623030340602e-16
1787.4760132058123 2.681833895344795e-16 1.3249894195415665e-16
1789.0209610950626 9.301499080882007e-17 1.1797493418203616e-16
1790.5659180064843 6.959075787364542e-17 1.139572451549722e-16
1792.1108839402336 2.872777381086198e-18 1.0962813255344938e-16
1793.6558588964697 7.579489040047895e-17 1.1342239678834032e-16
1795.2008428753504 9.319294051963738e-17 1.1460249897232277e-16
1796.745835877034 1.9592131473832063e-16 1.2107728499558364e-16
1798.2908379016783 1.4823877287783207e-16 1.1930260538729808e-16
1799.835848949441 1.936275230473764e-16 1.2022741978191196e-16
1801.380869020481 1.5656361120679435e-16 1.1604405640432098e-16
1802.925898114956 1.0582244660866031e-16 1.1230038253569379e-16
1804.4709362330238 -8.68539113785087e-17 9.324539038791814e-17
1806.0159833748432 -1.090817135844091e-17 1.0099304855522051e-16
1807.5610395405715 2.1053018462384416e-16 1.1702766017943024e-16
1809.1061047303676 2.452565535365228e-17 1.006465988449037e-16
1810.6511789443896 4.172464445839982e-17 1.0233149957822522e-16
1812.1962621827945 5.006569221864569e-17 1.0094693158170946e-16
1813.7413544457415 3.061087735870886e-17 1.0037307337738957e-16
1815.2864557333887 1.554566979634106e-16 1.0903347571980746e-16
1816.831566045894 1.5779247072480313e-16 1.0892557828070604e-16
1818.3766853834154 2.5586163764671815e-17 9.779536021299262e-17
1819.9218137461112 1.405521606397361e-16 1.0546609720077247e-16
1821.4669511341394 2.662504603488452e-16 1.1361918636478913e-16
1823.0120975476586 1.6285277790059833e-16 1.0839718854029697e-16
1824.5572529868264 -7.485930280556717e-17 8.391202698635161e-17
1826.1024174518016 2.634378080381485e-16 1.118327674092502e-16
1827.6475909427413 -7.214005572963995e-17 8.454607085204085e-17
1829.1927734598048 1.9658263571188943e-16 1.0625711347694467e-16
1830.7379650031498 6.81457403451449e-18 8.925274838980228e-17
1832.2831655729346 2.1982376394666934e-16 1.0636503076838079e-16
1833.8283751693175 1.3762772644978144e-16 9.90196272242405e-17
1835.3735937924562 9.11222410942599e-18 8.943407961496371e-17
1836.9188214425092 2.1132763967390448e-16 1.042328503167947e-16
1838.4640581196347 1.0348114166333102e-16 9.589921740355977e-17
1840.0093038239913 1.633063971310775e-17 8.753065761614039e-17
1841.5545585557368 2.8076182880120587e-16 1.0793644893910493e-16
1843.0998223150289 -7.017157763000056e-17 7.88453472111173e-17
1844.6450951020265 1.2367925109554065e-16 9.534580048653729e-17
1846.1903769168882 1.1957069131510406e-16 9.454432202997751e-17
1847.7356677597716 1.2385675743754963e-16 9.216652849346728e-17
1849.280967630835 2.5398920845108597e-16 1.021003720801881e-16
1850.8262765302363 4.506451191303578e-17 8.584167391931531e-17
1852.3715944581345 7.345855515626987e-17 8.794055538816246e-17
1853.9169214146875 1.3732360191704774e-16 9.385553204262705e-17
1855.4622574000537 7.848440529646856e-17 8.773626824664147e-17
1857.0076024143912 1.1493752697274145e-16 8.990225722422382e-17
1858.5529564578578 1.5830761234052155e-16 9.230470074298813e-17
1860.0983195306126 1.1335595764154006e-16 8.818102671839898e-17
1861.6436916328137 2.018765254577798e-16 9.600131796092841e-17
1863.1890727646191 6.163154412877955e-18 7.994878629592834e-17
1864.7344629261868 -4.145211822506565e-17 7.37008065791846e-17
1866.2798621176762 3.752384080477377e-17 8.093964279064846e-17
1867.825270339244 1.888950176221686e-16 9.229756713738548e-17
1869.3706875910505 1.9876084711020287e-16 9.311482820003277e-17
1870.9161138732518 9.460259524977064e-17 8.417841884826309e-17
1872.4615491860077 2.208808610648427e-16 9.318100264903701e-17
1874.006993529476 2.6578316285975684e-16 9.762686683093802e-17
1875.552446903815 5.0245372391304456e-17 7.946858478928415e-17
1877.097909309183 1.641502073826653e-16 8.9507295025342e-17
1878.6433807457386 1.4802660435943467e-16 8.739478823744488e-17
1880.18886121364 1.3327397710089433e-16 8.548971849484135e-17
1881.7343507130452 4.916461129016717e-17 7.865294500063747e-17
1883.2798492441132 8.412617412077424e-17 7.973709423356377e-17
1884.8253568070018 5.313702375922243e-17 7.812027377337782e-17
1886.3708734018694 7.147715318673995e-17 7.898997808686097e-17
1887.9163990288746 2.3370369580663153e-16 9.112373167372373e-17
1889.4619336881756 2.0094251281475433e-16 8.884291017478431e-17
1891.0074773799306 1.152487851110778e-16 8.221086719090975e-17
1892.5530301042982 2.325876240195056e-16 8.975127360137574e-17
1894.0985918614367 1.8087740079015342e-16 8.624957322297746e-17
1895.6441626515045 1.4954458004514298e-16 8.324216950886127e-17
1897.1897424746603 1.1120138375641093e-16 8.054030646068746e-17
1898.7353313310618 8.312245331316769e-17 7.636404360147463e-17
1900.2809292208678 1.2544609564906411e-16 7.988388901378988e-17
1901.8265361442368 1.4054628434866453e-16 8.0701692706919e-17
1903.3721521013267 -4.928885547253386e-18 6.933721047228567e-17
1904.9177770922963 1.3632989992102044e-16 8.052087102501491e-17
1906.4634111173043 1.679532132622697e-16 8.15174185223494e-17
1908.0090541765085 1.2210688001275085e-16 7.856193528092193e-17
1909.5547062700673 2.3646814664867355e-16 8.652960363882871e-17
1911.1003673981397 1.1751463794965246e-16 7.650793994083436e-17
1912.6460375608838 1.4705443552911335e-16 7.970580033662966e-17
1914.191716758458 2.4860086129668694e-16 8.531878989306339e-17
1915.7374049910206 9.210642224143672e-17 7.328177673319994e-17
1917.2831022587304 2.5365419037683464e-17 6.832959860707767e-17
1918.8288085617455 6.075130732455676e-17 7.150480748897882e-17
1920.3745239002246 1.1042923381564983e-16 7.466847554697364e-17
1921.920248274326 5.0467463768330044e-17 6.927826227311269e-17
1923.4659816842084 -1.8685197746211368e-17 6.226101120413954e-17
1925.0117241300297 2.4656385293765875e-16 8.315426998824893e-17
1926.557475611949 1.2264801495203814e-16 7.430714320307577e-17
1928.1032361301247 1.2910972490417578e-16 7.542323484253642e-17
1929.6490056847147 1.7301222341886441e-16 7.782245566563423e-17
1931.1947842758784 1.3117007960881266e-16 7.42623761883244e-17
1932.7405719037733 2.1885027162736793e-16 7.978366119332805e-17
1934.2863685685584 1.0180339438794686e-16 7.080841405743778e-17
1935.832174270392 1.532060123085477e-16 7.40329758434063e-17
1937.3779890094331 2.0887962181211095e-16 7.932903611122401e-17
1938.9238127858396 1.405956240178421e-16 7.304607658073663e-17
1940.4696455997705 1.7318783717163187e-16 7.578444145498118e-17
1942.0154874513835 1.9518730774996558e-16 7.721460364686086e-17
1943.5613383408381 6.946480804485565e-17 6.671987204782498e-17
1945.1071982682924 1.7196654801058918e-16 7.361161003937178e-17
1946.6530672339052 9.388998246077866e-17 6.792635136718052e-17
1948.1989452378343 2.96409836059443e-16 8.368220312495988e-17
1949.744832280239 1.6694063169594148e-17 6.100101660787426e-17
1951.2907283612774 1.9688187657028661e-16 7.632236031604686e-17
1952.836633481108 1.0566523597016093e-16 6.757674513564621e-17
1954.38254763989 2.498076714882875e-16 7.686478565708973e-17
1955.928470837781 1.917418424183311e-16 7.553448732620235e-17
1957.4744030749405 1.538955103625025e-16 7.017707010926791e-17
1959.0203443515263 3.712775364025888e-17 6.112534516266343e-17
1960.5662946676973 1.076427336471996e-16 6.7613974880656e-17
1962.1122540236122 1.7162155413815046e-16 7.213098321268147e-17
1963.6582224194294 5.251902057997181e-18 5.85884285460776e-17
1965.2041998553075 1.247532226982101e-16 6.725897543152784e-17
1966.750186331405 1.2603650408307996e-16 6.775701095217867e-17
1968.2961818478807 1.4296100322771913e-16 6.867446013061838e-17
1969.842186404893 8.821371027876217e-17 6.450136702751286e-17
1971.3882000026008 1.0571952548812401e-16 6.437165849001964e-17
1972.9342226411623 1.1908581789236018e-16 6.644157540253764e-17
1974.4802543207363 1.8627366240865336e-16 7.123490838127012e-17
1976.0262950414817 1.570619048077963e-16 6.829506216214236e-17
1977.5723448035565 1.0779359153859457e-16 6.587711396997635e-17
1979.11840360712 6.56391837385816e-17 6.011737595543082e-17
1980.6644714523304 2.050867935627634e-16 7.191691548759764e-17
1982.2105483393461 1.320318826930847e-16 6.567437531056206e-17
1983.7566342683265 3.8094300951137293e-17 5.697462564076625e-17
1985.3027292394295 1.8153737180496253e-16 6.944003233114846e-17
1986.8488332528143 9.091980849167225e-17 6.110674352504834e-17
1988.394946308639 1.6805064852098354e-16 6.730609163921886e-17
1989.941068407063 9.899085457381346e-17 6.142951601751143e-17
1991.4871995482442 9.795065840991578e-17 6.164297493766442e-17
1993.0333397323416 5.36864073435781e-17 5.781184491723322e-17
1994.579488959514 5.3546405370542274e-17 5.760989373376207e-17
1996.1256472299203 3.366508626060575e-17 5.506831181852144e-17
1997.6718145437183 2.5645558641375573e-17 5.416651951471613e-17
1999.2179909010674 7.466415435545366e-17 5.836461332465545e-17
2000.7641763021259 9.906115169099067e-17 5.947208243341085e-17
2002.310370747053 4.533748813262318e-17 5.5213161069946824e-17
2003.8565742360067 1.8057003370941852e-16 6.51697488147904e-17
2005.4027867691466 1.8074689154182726e-16 6.627504078417356e-17
2006.9490083466305 2.5596955162943182e-17 5.222731699131621e-17
2008.4952389686175 6.436149244029137e-18 5.0762486005603207e-17
2010.0414786352667 7.687160824278207e-17 5.643994271025687e-17
2011.587727346736 9.714680429063674e-17 5.865737570449512e-17
2013.1339851031848 5.655177091162914e-17 5.432487166246083e-17
2014.6802519047717 6.725386676406471e-17 5.381273105800475e-17
2016.2265277516556 1.1193801125294656e-16 5.844295063738667e-17
2017.7728126439945 1.732941795111817e-16 6.188127574597359e-17
2019.319106581948 8.174793059801078e-17 5.572827621588565e-17
2020.865409565674 1.0126319912583543e-16 5.736194469078807e-17
2022.4117215953322 9.91099884343558e-17 5.519705090033674e-17
2023.9580426710809 1.9064697292466611e-16 6.353275838254796e-17
2025.5043727930788 1.4621000985514982e-16 5.908309578727411e-17
2027.0507119614845 1.9362352611065653e-16 6.247247827337749e-17
2028.5970601764573 1.577497617354158e-16 5.885155800765317e-17
2030.1434174381554 1.7589605296691008e-16 6.032165647950691e-17
2031.689783746738 6.761810416627386e-17 5.2460886326521585e-17
2033.2361591023634 6.62599728621353e-17 5.2473542189893646e-17
2034.7825435051911 4.087995077791782e-17 5.0214465614897025e-17
2036.3289369553795 6.421716762137434e-17 5.079885217405349e-17
2037.8753394530877 5.711775435651752e-17 5.106839724846002e-17
2039.421750998474 1.8875046615576374e-16 6.003084624591287e-17
2040.9681715916972 6.610385410204449e-17 5.1031382570409495e-17
2042.514601232917 3.2410024969513744e-17 4.827882658557599e-17
2044.0610399222908 5.267805763326371e-17 4.888099091045744e-17
2045.6074876599787 6.062953310349915e-17 4.94505246145349e-17
2047.153944446139 4.2384658486600783e-17 4.8899946581374706e-17
2048.7004102809306 3.035527854942997e-18 4.433749294649557e-17
2050.2468851645117 1.5721836767502192e-16 5.639811384104129e-17
2051.793369097042 1.0367442564834383e-17 4.582697722318511e-17
2053.3398620786807 7.562949398263774e-17 4.97086347441535e-17
2054.886364109586 2.6995077340976236e-17 4.603839135286386e-17
2056.432875189916 1.0481729643295527e-16 5.1875579942523963e-17
2057.9793953198314 1.0129655104813357e-16 5.062600782197686e-17
2059.5259244994895 1.0107691805188849e-16 5.131212767030999e-17
2061.072462729049 7.550466911948104e-17 4.970102468251801e-17
2062.619010008671 9.466949100026903e-17 5.064962879154892e-17
2064.165566338512 1.0455697276801748e-16 5.115474166952075e-17
2065.7121317187316 -3.3715993437044103e-18 4.1796440426846975e-17
2067.258706149489 7.085948749717926e-17 4.744854900880956e-17
2068.8052896309437 1.2462573100475852e-16 5.2021183582668e-17
2070.351882163253 9.632202581058257e-17 4.870767341107043e-17
2071.8984837465764 1.1900214691903921e-16 5.156461628048568e-17
2073.445094381073 1.6998336594838104e-16 5.4866724594519815e-17
2074.991714066902 8.258571235729428e-17 4.805956085752288e-17
2076.538342804223 2.1137202949429653e-16 5.753668494082868e-17
2078.084980593193 7.25043990109675e-17 4.5889475681547165e-17
2079.631627433972 1.0237290493096717e-16 4.958523263165039e-17
2081.178283326719 3.947199673112396e-17 4.3179909927509264e-17
2082.7249482715924 1.5303350875488345e-16 5.229853062461213e-17
2084.2716222687523 7.98186740942962e-17 4.738254330465028e-17
2085.818305318356 1.0247042621646472e-16 4.811426727451469e-17
2087.364997420564 1.9642729781029687e-16 5.5470880770316295e-17
2088.911698575534 1.1024322405694381e-16 4.794695841509726e-17
2090.4584087834264 1.1271898886520482e-16 4.857117868383183e-17
2092.005128044398 7.794204612987469e-17 4.542142049501771e-17
2093.55185635861 1.1072577475652764e-16 4.7936042939734013e-17
2095.09859372622 9.590740980034649e-17 4.7262499545434135e-17
2096.6453401473877 1.829238059209402e-16 5.2123009516073275e-17
2098.192095622272 5.2958802733164205e-17 4.296334080825308e-17
2099.7388601510315 4.62939934708652e-17 4.180684305023044e-17
2101.285633733825 8.502893918897991e-17 4.458764559862141e-17
2102.832416370812 9.324356397312562e-17 4.6123640586793576e-17
2104.3792080621515 1.0090313733135845e-16 4.577864009690996e-17
2105.9260088080027 1.1684728186633447e-16 4.726634758964373e-17
2107.472818608524 6.095552167418385e-17 4.2100138134384594e-17
2109.019637463875 1.3414348289103047e-16 4.801099542939867e-17
2110.5664653742137 1.4917646482022218e-16 4.92344617298136e-17
2112.1133023397 5.861875629605624e-17 4.1329420870444436e-17
2113.6601483604936 1.0181431317203256e-16 4.4995978344924536e-17
2115.2070034367516 2.0683303801031185e-17 3.8222097047054286e-17
2116.7538675686346 2.0974830703907944e-16 5.206519951742317e-17
2118.300740756302 1.1201417804375044e-16 4.589389613474065e-17
2119.847622999911 9.595309663993902e-17 4.382451192653714e-17
2121.3945142996217 9.793009800861016e-17 4.393047045428273e-17
2122.9414146555932 1.2261341895009872e-16 4.515000268370436e-17
2124.4883240679846 1.123097793074524e-16 4.520707483724807e-17
2126.035242536955 1.6360617400251162e-16 4.828415362872083e-17
2127.582170062663 1.54209018432105e-16 4.69531075265597e-17
2129.1291066452686 5.716457277918802e-17 4.021367664684106e-17
2130.6760522849304 1.4211934364572398e-16 4.698539073150642e-17
2132.223006981807 1.770133555987875e-16 4.849834377653531e-17
2133.769970736058 5.829603674315236e-17 3.9700556660539715e-17
2135.3169435478417 1.9865287687920755e-16 4.9829475905480145e-17
2136.8639254173186 1.0982566328372704e-16 4.311367592150092e-17
2138.410916344647 6.065291253633235e-17 4.0548241426116707e-17
2139.9579163299854 4.9592660713551113e-17 3.8697702738215125e-17
2141.5049253734937 7.65007070735582e-17 4.0900901608472565e-17
2143.051943475332 8.640663166024413e-17 4.148904356761002e-17
2144.598970635657 2.87552994865156e-17 3.6703691227427446e-17
2146.14600685463 1.2742259409192282e-16 4.470819890109489e-17
2147.693052132409 7.349344232578491e-17 3.9766711257209256e-17
2149.2401064691535 7.558264247274274e-17 4.066853003079417e-17
2150.7871698650224 7.503510846423674e-17 4.067947528465947e-17
2152.3342423201752 8.747728130557356e-17 4.0815116361505915e-17
2153.8813238347707 2.912715687652759e-17 3.563331289733893e-17
2155.428414408969 1.2438943528225417e-16 4.2552228735091776e-17
2156.975514042927 7.475823456960299e-17 3.952626308802989e-17
2158.522622736806 3.6515226396663364e-17 3.628113097458841e-17
2160.0697404907646 5.532538300929067e-17 3.8043608014477594e-17
2161.616867304962 7.458493692255068e-17 3.956555747584861e-17
2163.164003179557 9.66640153630365e-17 4.0679415727655366e-17
2164.711148114709 1.1713574787007254e-17 3.306366970699805e-17
2166.2583021105775 7.507151764607887e-17 3.9123568404781926e-17
2167.805465167321 6.962650531099751e-17 3.79618594089002e-17
2169.3526372850993 1.0219281116800213e-16 4.043600956060551e-17
2170.899818464072 1.22112451901357e-16 4.2503210011991883e-17
2172.4470087043965 1.4202218631969595e-16 4.311169399675324e-17
2173.9942080062337 1.8832035870701576e-16 4.6582361867290983e-17
2175.541416369743 1.2721282108857937e-16 4.2568461327432516e-17
2177.0886337950824 1.7252658237251208e-16 4.4765582074548916e-17
2178.635860282411 1.6838295013410325e-16 4.3952542941748095e-17
2180.1830958318897 1.5242983896128715e-16 4.324236868120192e-17
2181.7303404436766 1.181297823927061e-16 4.024050045974493e-17
2183.277594117931 1.8451354117914872e-16 4.522894549264397e-17
2184.824856854812 1.230513085140496e-16 4.086946874519555e-17
2186.3721286544796 7.930263250607132e-17 3.7361498337754116e-17
2187.919409517092 1.9627561273828935e-16 4.655003895767486e-17
2189.466699442809 1.5853103051524967e-16 4.2828301918892574e-17
2191.0139984317902 4.826121094725106e-17 3.5102405219145243e-17
2192.5613064841937 1.4141674305086634e-16 4.172255665453374e-17
2194.1086236001806 5.959731757815138e-17 3.5513805151159717e-17
2195.6559497799085 8.333808937269292e-17 3.764595582424375e-17
2197.2032850235373 5.1596866398207896e-17 3.477089769941359e-17
2198.7506293312267 9.869848924066782e-17 3.827914273081839e-17
2200.297982703136 1.408827549520715e-16 4.1359513701129115e-17
2201.845345139424 6.048318830952627e-17 3.533699364086528e-17
2203.3927166402486 1.409122687563274e-16 4.152652808424847e-17
2204.9400972057724 6.251694750310834e-17 3.524169912557672e-17
2206.487486836152 7.044066940943141e-17 3.5823911854083397e-17
2208.0348855315483 1.2566703889939948e-16 3.972746650022729e-17
2209.582293292119 1.0762997521343158e-16 3.8615970676249986e-17
2211.129710118025 1.0645863452649729e-16 3.796060871181402e-17
2212.677136009425 1.1566892668780573e-16 3.879109142937236e-17
2214.224570966478 1.1598138920111396e-16 3.9016382341007305e-17
2215.772014989344 8.383495360559637e-17 3.625903863478834e-17
2217.3194680781817 1.3312582574446363e-16 3.9916139780505735e-17
2218.866930233151 9.39108406471048e-17 3.729631650548494e-17
2220.4144014544113 1.1124726911935048e-16 3.779548691793619e-17
2221.961881742121 3.349849539396002e-17 3.165648659253509e-17
2223.50937109644 4.8165076016460146e-17 3.338923145248667e-17
2225.0568695175284 8.616380451962306e-17 3.575357834095924e-17
2226.6043770055444 2.1216223182474598e-17 3.082133195887705e-17
2228.1518935606487 1.7773118624308348e-17 3.012873694070885e-17
2229.6994191829995 7.997196720541452e-17 3.521793918966175e-17
2231.2469538727564 7.666875708680447e-17 3.463614005146135e-17
2232.7944976300787 -2.034043247404428e-17 2.6232239799551258e-17
2234.342050455127 1.3195005136944606e-16 3.87308859156683e-17
2235.889612348059 1.3858775888615538e-16 3.930582276350696e-17
2237.437183309035 1.441286910850684e-16 3.935133093208718e-17
2238.984763338214 5.862381202396017e-17 3.306231974823836e-17
2240.5323524357564 1.0051824688361508e-16 3.5945583504745046e-17
2242.07995060182 1.2778450215352702e-16 3.751365324834957e-17
2243.6275578365658 8.44109955667334e-17 3.5192567905913523e-17
2245.175174140152 6.07957699368427e-17 3.304376774146002e-17
2246.722799512739 5.918453460015271e-17 3.2712968288332715e-17
2248.270433954486 1.1902892110110633e-16 3.759207989658695e-17
2249.818077465552 8.974421278766699e-17 3.489129880065436e-17
2251.365730046097 8.359656015305858e-17 3.4336349945137434e-17
2252.9133916962796 5.055477764506869e-17 3.179594593508908e-17
2254.4610624162597 6.773752257694692e-17 3.316211412605921e-17
2256.008742206197 1.0886180596420065e-16 3.5952108305416865e-17
2257.5564310662517 1.0276526647400312e-16 3.585404438943748e-17
2259.104128996581 8.563131858082063e-17 3.4426522558073065e-17
2260.6518359973466 1.3945253982063262e-16 3.778284759817638e-17
2262.199552068707 7.2518454463936e-17 3.35761378749767e-17
2263.7472772108213 9.995338840435976e-17 3.48701295944179e-17
2265.29501142385 6.225745101878311e-17 3.2401637358102456e-17
2266.842754707952 9.718856698540332e-17 3.500688901945252e-17
2268.390507063287 1.023374618960805e-16 3.440257402497843e-17
2269.9382684900143 6.592810800037902e-17 3.2463225917790705e-17
2271.486038988293 7.467639662851944e-17 3.289258559526493e-17
2273.0338185582837 1.5737019833081726e-16 3.8859019501275217e-17
2274.581607200145 1.2499290655250346e-16 3.714207048230095e-17
2276.129404914037 1.388892232060391e-16 3.724444897235541e-17
2277.6772117001187 9.691408860582353e-17 3.4247318841447127e-17
2279.2250275585498 1.0882705776102852e-16 3.525136390385379e-17
2280.7728524894897 1.9385818070682557e-17 2.781544363964305e-17
2282.3206864930985 1.624936226960727e-16 3.9092171937451863e-17
2283.868529569535 1.279667465860847e-16 3.6036341761554365e-17
2285.4163817189597 1.5544714237297438e-16 3.8441733352021816e-17
2286.964242941532 8.204401493519046e-17 3.283081174711947e-17
2288.5121132374097 1.1432035759154828e-16 3.5422696169770676e-17
2290.0599926067543 1.8797030910667312e-16 3.973414019340937e-17
2291.607881049725 1.5404253675330013e-16 3.8299617105340305e-17
2293.155778566481 1.2163930459097667e-16 3.578250981006389e-17
2294.703685157182 1.6546570248931043e-16 3.82503932414485e-17
2296.2516008219877 1.2286051434268056e-16 3.556045152026281e-17
2297.7995255610576 1.0717184288553031e-16 3.472701742227888e-17
2299.347459374551 1.2580587289341038e-16 3.523009874466628e-17
2300.8954022626276 1.1868473455694547e-16 3.546487576356598e-17
2302.4433542254474 1.310600844396778e-16 3.580199818529564e-17
2303.99131526317 1.7688481834904167e-16 3.859293535055161e-17
2305.539285375954 1.2112408356591944e-16 3.5419701775953234e-17
2307.0872645639606 9.539807168380574e-17 3.296344188653622e-17
2308.6352528273483 1.0572804875715576e-16 3.420041770071537e-17
2310.183250166277 1.652937548010178e-16 3.739370544208448e-17
2311.7312565809066 8.779217242116025e-17 3.266953468872878e-17
2313.2792720713956 6.39466001517307e-17 3.1020804909232986e-17
2314.8272966379054 1.2498859197842838e-16 3.4904335167108196e-17
2316.3753302805944 7.695762840904269e-17 3.1569851003898733e-17
2317.923372999623 1.0155115724067739e-16 3.3488691649340044e-17
2319.4714247951497 1.2641528662918024e-16 3.4755661032530365e-17
2321.0194856673356 1.5508066827438888e-16 3.675306729255196e-17
2322.5675556163387 1.182751544222786e-16 3.449972142483911e-17
2324.1156346423204 1.8827999229312318e-16 3.862741223848282e-17
2325.6637227454394 1.6085706239774879e-16 3.718486218974954e-17
2327.2118199258557 1.2187728114448573e-16 3.408808326480822e-17
2328.759926183728 1.3234296877785365e-16 3.5983772779265395e-17
2330.308041519218 7.047815723479231e-17 3.027162411972126e-17
2331.8561659324837 1.4283625115645634e-16 3.6223056278142284e-17
2333.404299423685 1.3781320019545053e-16 3.52717654864818e-17
2334.9524419929826 7.064045007097521e-17 3.068114138866156e-17
2336.5005936405346 1.419448151539202e-16 3.561776851926783e-17
2338.048754366502 1.1019448657525219e-16 3.3101048344518093e-17
2339.5969241710445 1.3630004200962972e-16 3.5695328282223253e-17
2341.145103054321 1.4623761783527439e-16 3.586423856330658e-17
2342.6932910164915 1.0991734798282242e-16 3.3078912991326174e-17
2344.241488057716 1.554834986152573e-16 3.6441134174835764e-17
2345.7896941781546 1.0027857626421151e-16 3.2405654147157014e-17
2347.3379093779663 1.2662126121915085e-16 3.413766447072465e-17
2348.886133657311 7.58644132766028e-17 3.128399061909021e-17
2350.4343670163476 1.422180626887485e-16 3.5297288971462737e-17
2351.982609455238 1.3395080936530972e-16 3.4634938985211926e-17
2353.53086097414 1.503698945382341e-16 3.593351659396912e-17
2355.0791215732143 1.5808461768226706e-16 3.5561798170300043e-17
2356.627391252621 1.8827849675057568e-16 3.8260617193819655e-17
2358.175670012519 9.654639027993145e-17 3.22549120610478e-17
2359.7239578530675 1.3174999277521643e-16 3.444594806757826e-17
2361.272254774428 1.1948155433229535e-16 3.3862444937316004e-17
2362.8205607767586 1.5319901105184306e-16 3.541934112520616e-17
2364.3688758602207 5.361992849210844e-17 2.861825882007272e-17
2365.917200024973 1.7743639561638183e-16 3.7389437190123707e-17
2367.465533271176 1.1350359283726852e-16 3.257205972534553e-17
2369.0138755989883 1.3514591991432634e-16 3.4537258881036764e-17
2370.562227008571 1.2883945521955265e-16 3.3806749212311583e-17
2372.1105875000835 1.6216489450319923e-16 3.6517403536035604e-17
2373.6589570736855 6.834628780311654e-17 2.9508311776624675e-17
2375.2073357295367 1.8836060600690014e-16 3.6799624326148896e-17
2376.755723467797 1.3746769016230958e-16 3.477929523699223e-17
2378.3041202886266 7.580267913312675e-17 3.0042587734272676e-17
2379.8525261921845 1.723006760385014e-16 3.6152709530128325e-17
2381.400941178631 1.1435290218556857e-16 3.312161867199106e-17
2382.949365248127 1.3801145884466724e-16 3.395227675183926e-17
2384.4977984008306 1.4214995594583334e-16 3.504116407531427e-17
2386.046240636902 1.2643734919047826e-16 3.318505680752898e-17
2387.5946919565017 5.888236883110954e-17 2.889030528865161e-17
2389.1431523597894 1.0720948291212393e-16 3.200204294779034e-17
2390.6916218469255 1.448169450593819e-16 3.445607606699836e-17
2392.2401004180683 1.2883466418944474e-16 3.3751549795674695e-17
2393.788588073379 1.2673864145679457e-16 3.301096837581107e-17
2395.337084813017 1.3998185600332775e-16 3.442818353674307e-17
2396.8855906371427 1.740866847124565e-16 3.6048491390391544e-17
2398.4341055459154 1.4667066342955815e-16 3.456446319702241e-17
2399.982629539495 1.0729252522817935e-16 3.2135470489317593e-17
2401.5311626180414 1.1676891808382365e-16 3.220096995894199e-17
2403.0797047817146 1.4514777759973372e-16 3.454449836575783e-17
2404.628256030675 7.578767738553748e-17 2.930452425219366e-17
2406.1768163650822 1.2838068099949604e-16 3.3126634695225583e-17
2407.7253857850956 1.479816322038914e-16 3.4616224851033526e-17
2409.2739642908755 1.4730501169771281e-16 3.3957282848906433e-17
2410.8225518825816 1.2533087269845793e-16 3.3047099624967385e-17
2412.371148560375 1.2835263626800804e-16 3.274066229524099e-17
2413.9197543244136 1.5115436616139978e-16 3.4682796346731794e-17
2415.4683691748596 7.306681565305456e-17 2.920452804230335e-17
2417.0169931118708 1.539890148589455e-16 3.493190344256336e-17
2418.5656261356085 9.222402747220706e-17 3.061250194143191e-17
2420.1142682462323 1.1805234505248133e-16 3.231514735325391e-17
2421.6629194439024 1.2253318904812598e-16 3.283764095025671e-17
2423.2115797287784 1.9226954394447053e-16 3.708981582864475e-17
2424.7602491010202 9.17645187157665e-17 3.009175204116038e-17
2426.3089275607877 1.3336523166607118e-16 3.329507844644343e-17
2427.857615108242 1.3712073752618033e-16 3.348946258167094e-17
2429.4063117435417 1.6606386656874958e-16 3.521486869522795e-17
2430.955017466847 8.169448811299495e-17 2.981973535108354e-17
2432.5037322783187 1.8222664486579072e-16 3.626950412389836e-17
2434.052456178116 1.7066631273188442e-16 3.6175969848953316e-17
2435.6011891663993 1.4797747644849392e-16 3.3726267847432624e-17
2437.1499312433284 1.0068026840455706e-16 3.099278333880214e-17
2438.6986824090636 1.1195382694625857e-16 3.1749269787483935e-17
2440.2474426637646 1.115251621004989e-16 3.150675035805074e-17
2441.7962120075917 1.247690516264119e-16 3.2575391608852895e-17
2443.344990440705 1.5797377548018495e-16 3.4322929766879374e-17
2444.8937779632633 1.1031538729358294e-16 3.164453217832247e-17
2446.4425745754284 9.42805969983609e-17 3.071494329721293e-17
2447.99138027736 1.4544323327964786e-16 3.376299135790753e-17
2449.540195069217 1.6648044796012108e-16 3.4926930432720694e-17
2451.08901895116 1.2544089433737238e-16 3.199739419274779e-17
2452.63785192335 1.7117322224614672e-16 3.4831324897521815e-17
2454.1866939859456 1.6084066436928554e-16 3.448498768376831e-17
2455.735545139108 1.2110243128620526e-16 3.216849153937071e-17
2457.2844053829967 1.676475005427599e-16 3.482545191517269e-17
2458.8332747177715 1.9594169646861394e-16 3.6659056561574085e-17
2460.382153143593 1.4355199399688622e-16 3.359346234572601e-17
2461.9310406606214 1.0060316855402222e-16 3.0343770812748134e-17
2463.479937269017 1.3301413650943427e-16 3.2757910665373946e-17
2465.028842968938 1.4997035968492608e-16 3.349753255572701e-17
2466.577757760547 1.14718383667419e-16 3.126203062818815e-17
2468.126681644003 1.0575475676477387e-16 3.07838937643529e-17
2469.6756146194653 3.382760408991527e-17 2.5217431463014052e-17
2471.2245566870956 1.3281616902779318e-16 3.230105219561601e-17
2472.7735078470528 1.2552313594259485e-16 3.248300876932052e-17
2474.322468099498 1.126469910646882e-16 3.067941423554255e-17
2475.87143744459 1.1220726185105502e-16 3.094228230804455e-17
2477.4204158824905 2.439978824292376e-17 2.4841683015400614e-17
2478.969403413358 2.7062517376317684e-17 2.3814691962801727e-17
2480.518400037354 4.048382721745598e-17 2.5929638933505884e-17
2482.0674057546375 6.676784852335305e-17 2.804204811409073e-17
2483.6164205653695 1.2432521959694046e-16 3.162407765613526e-17
2485.1654444697106 6.02044482954306e-17 2.7271842047769128e-17
2486.71447746782 1.000708414338974e-16 3.037502831373529e-17
2488.2635195598577 1.045306948943179e-16 3.049202473957479e-17
2489.8125707459844 1.1914197352978518e-16 3.105407411346987e-17
2491.36163102636 1.5397233889779643e-16 3.349600723467746e-17
2492.9107004011457 1.9770821014989239e-16 3.5911245583156745e-17
2494.4597788705 1.9591346644866873e-16 3.586721310478932e-17
2496.008866434584 2.1374001597746433e-16 3.7196280590925224e-17
2497.557963093558 1.4255909932913677e-16 3.238266183485049e-17
2499.107068847582 2.0430266604673253e-16 3.6702271785496305e-17
2500.656183696816 1.7913085855758446e-16 3.484996954852876e-17
2502.2053076414204 1.1564153046591798e-16 3.056862497301965e-17
2503.7544406815555 2.3903103011904865e-16 3.871569557089938e-17
2505.3035828173815 1.0600774830076199e-16 3.020109208325009e-17
2506.852734049058 1.2055017903948525e-16 3.144534377809725e-17
2508.401894376746 1.236847832794774e-16 3.1084104078427994e-17
2509.9510638006063 1.7229161013898782e-16 3.4091305960474725e-17
2511.500242320797 1.6408083009032925e-16 3.412696075359821e-17
2513.0494299374805 1.1130763345173215e-16 3.0118830625692914e-17
2514.5986266508157 2.278812972063239e-16 3.748669708654769e-17
2516.147832460964 2.295602223869003e-16 3.8114156594561016e-17
2517.6970473680844 1.7711204817203244e-16 3.389229623126182e-17
2519.2462713723376 1.9640192652654865e-16 3.592441760723104e-17
2520.795504473884 1.7027696874372306e-16 3.397098757729521e-17
2522.344746672884 2.398854746045914e-16 3.832620599895021e-17
2523.893997969498 2.0122403215570817e-16 3.586562160929077e-17
2525.443258363886 2.181321862114433e-16 3.6627398705170455e-17
2526.9925278562077 1.735643830213558e-16 3.4402636890704984e-17
2528.5418064466244 1.8938570116153506e-16 3.475712017913091e-17
2530.091094135296 1.580042421965065e-16 3.317602068651745e-17
2531.6403909223823 2.0216642248397759e-16 3.61593766058655e-17
2533.1896968080446 1.577422178482293e-16 3.293548979927683e-17
2534.739011792442 1.0531152030534346e-16 2.9839031820413177e-17
2536.288335875736 1.301052400801058e-16 3.1506541908536375e-17
2537.8376690580862 1.3923301270350594e-16 3.184508708091963e-17
2539.387011339653 1.2284273988567802e-16 3.142630538911873e-17
2540.9363627205967 8.998373120583784e-17 2.827920079570968e-17
2542.4857232010777 1.224929682180212e-16 3.0838729221520264e-17
2544.0350927812565 1.7440561908687734e-16 3.3974789299390506e-17
2545.584471461293 2.2750685570407827e-16 3.693848148121695e-17
2547.1338592413485 7.353932768872445e-17 2.7509497655200513e-17
2548.6832561215815 1.2220874895954798e-16 3.0464049491258244e-17
2550.232662102155 1.0769455485821482e-16 3.028367117816248e-17
2551.782077183227 1.7989510726913445e-16 3.424202157680434e-17
2553.331501364959 7.993031038976635e-17 2.7532084649006886e-17
2554.8809346475105 1.849530851043247e-16 3.495324801108968e-17
2556.430377031043 1.3778096000389566e-16 3.123127605301343e-17
2557.9798285157162 1.530265736726278e-16 3.267635396569867e-17
2559.52928910169 1.7867559158332507e-16 3.451220523464376e-17
2561.0787587891264 1.4777180626098874e-16 3.199655708596789e-17
2562.628237578185 1.5261876701319426e-16 3.257671509783298e-17
2564.1777254690246 1.5761008070845763e-16 3.287884116220675e-17
2565.7272224618077 1.4538514534831194e-16 3.166818623511904e-17
2567.276728556694 1.0211009310674682e-16 2.968790261377729e-17
2568.8262437538438 1.3042119660432145e-16 3.126392983487457e-17
2570.3757680534177 1.2144976773413872e-16 3.0735483846183845e-17
2571.9253014555757 1.4456662035368866e-16 3.2193859514396486e-17
2573.4748439604787 1.1729586522124443e-16 3.027505195617968e-17
2575.0243955682868 1.5727191603915616e-16 3.255378234253056e-17
2576.5739562791605 1.815104785088872e-16 3.4269917415782075e-17
2578.123526093261 1.1210348708012657e-16 2.962178772177715e-17
2579.673105010747 1.251074280539502e-16 3.08946764094309e-17
2581.2226930317806 1.1033070006108252e-16 2.971456099055865e-17
2582.772290156521 1.2860963135816092e-16 3.137290260877231e-17
2584.3218963851305 1.2137714789380147e-16 2.995902264007012e-17
2585.871511717767 1.47454393898895e-16 3.232805137080974e-17
2587.4211361545936 1.781456930654787e-16 3.3955737675522184e-17
2588.9707696957685 1.289667351547674e-16 3.1209355766780773e-17
2590.5204123414533 1.2933372541405514e-16 3.105222784634265e-17
2592.0700640918085 1.544305969571508e-16 3.285673227879443e-17
2593.619724946994 1.2422208010072245e-16 3.0582462050306435e-17
2595.1693949071714 1.3889492744354327e-16 3.147196245020921e-17
2596.7190739725006 1.568154843945943e-16 3.227202146483785e-17
2598.268762143141 1.1924474244908877e-16 3.041452784234592e-17
2599.8184594192544 1.0796430176469082e-16 2.9749633448530896e-17
2601.3681658010014 1.1273076791712758e-16 3.006418045698276e-17
2602.9178812885416 7.022302826410135e-17 2.6897678478209342e-17
2604.467605882036 1.2199912153999234e-16 3.0530379450217647e-17
2606.0173395816455 9.201339420102656e-17 2.864354407703724e-17
2607.5670823875294 8.056501599994564e-17 2.743432513549292e-17
2609.1168342998503 1.558298027417863e-16 3.2710493363939956e-17
2610.6665953187667 1.6447702975140745e-16 3.3103086517547424e-17
2612.21636544444 1.522199203741559e-16 3.2421089337387253e-17
2613.7661446770303 1.1791598598286318e-16 3.0524562716150174e-17
2615.315933016699 1.1764263256891646e-16 3.06817237238128e-17
2616.8657304636063 1.9477971284876885e-16 3.4519027820336095e-17
2618.4155370179124 1.504260237058795e-16 3.2244532598721485e-17
2619.9653526797783 6.058446830372726e-17 2.6607391022762432e-17
2621.5151774493643 1.3667518496103477e-16 3.160506242821389e-17
2623.0650113268307 1.3839659413787192e-16 3.135954198751835e-17
2624.6148543123386 1.959987388436556e-16 3.526664358412887e-17
2626.164706406049 1.5095248115237764e-16 3.254523260371921e-17
2627.7145676081213 1.1646049221190468e-16 3.0284650560007744e-17
2629.2644379187163 2.05932145679013e-16 3.5521140588831837e-17
2630.8143173379954 1.477555802860929e-16 3.231196767097926e-17
2632.364205866119 1.2333793652246657e-16 3.0945630735164167e-17
2633.9141035032467 1.59100673407168e-16 3.2897171484580923e-17
2635.4640102495405 1.0029883888049661e-16 2.9153262696659764e-17
2637.01392610516 1.3981292586990972e-16 3.1917256935003654e-17
2638.5638510702665 1.8092627723818795e-16 3.42367342383289e-17
2640.11378514502 1.6529560768558993e-16 3.3152846394476164e-17
2641.6637283295813 1.6862162813677175e-16 3.3726919665755316e-17
2643.2136806241115 1.2039231327394073e-16 3.029426901617051e-17
2644.7636420287713 1.6373026432928438e-16 3.3555484829442476e-17
2646.3136125437204 1.6835064376809937e-16 3.3457384517516137e-17
2647.86359216912 1.1828043514330915e-16 3.013731645802225e-17
2649.413580905131 1.889230888234362e-16 3.456774875841547e-17
2650.9635787519137 1.576735684748323e-16 3.277436494211885e-17
2652.513585709629 1.557890260463099e-16 3.2380226615127134e-17
2654.063601778437 1.6458784548370995e-16 3.3303234447283205e-17
2655.613626958499 9.65735482738028e-17 2.9190088777530625e-17
2657.1636612499756 1.4597600376858101e-16 3.208084348166459e-17
2658.713704653027 1.2732154570829334e-16 3.1207966103351684e-17
2660.2637571678147 1.5016546843037019e-16 3.224197495626747e-17
2661.8138187944987 1.9358215384513908e-16 3.5096207981995996e-17
2663.36388953324 1.5558454699888678e-16 3.255942371430817e-17
2664.9139693841994 1.1300990497791727e-16 2.999039594634303e-17
2666.4640583475366 1.5332245286901557e-16 3.3441476179975517e-17
2668.014156423414 1.202951691828025e-16 3.0115750205091766e-17
2669.564263611991 1.3055025001476952e-16 3.1672196406728694e-17
2671.114379913429 1.5194658019509897e-16 3.2607059391423875e-17
2672.664505327888 1.847238832827536e-16 3.4315577785595e-17
2674.21463985553 1.2569599683828373e-16 3.123413478921041e-17
2675.764783496514 1.7186007332214135e-16 3.346756545649544e-17
2677.314936251002 1.834195981277698e-16 3.445719441518653e-17
2678.865098119155 1.4467117598311537e-16 3.30145748832818e-17
2680.4152691011323 9.036232846348091e-17 2.857461346223197e-17
2681.965449197096 1.132442551716209e-16 3.063499463664845e-17
2683.515638407206 1.6532226275364884e-16 3.341652510397847e-17
2685.0658367316237 1.4474001064496958e-16 3.247597442539137e-17
2686.6160441705097 1.342391976140702e-16 3.1625847822646123e-17
2688.1662607240246 1.4848296982954753e-16 3.324221498785639e-17
2689.716486392329 1.5542065935848288e-16 3.248855749686953e-17
2691.2667211755847 1.4709605925753702e-16 3.203554045387629e-17
2692.8169650739505 1.8371836253013415e-16 3.516276293408201e-17
2694.3672180875888 1.746594510383678e-16 3.389299437169881e-17
2695.91748021666 1.5627346271769035e-16 3.316539968745227e-17
2697.467751461325 1.4838485959145384e-16 3.321021633304039e-17
2699.0180318217444 1.3035715297257514e-16 3.1445257751313546e-17
2700.568321298079 1.9465432550279561e-16 3.5720183405269247e-17
2702.1186198904898 1.2635166651390757e-16 3.0940945584174667e-17
2703.6689275991375 1.1019899305522937e-16 3.038211890594609e-17
2705.2192444241828 1.1334002283421984e-16 3.062543242876734e-17
2706.7695703657864 8.738437899661651e-17 2.8782321822766485e-17
2708.31990542411 1.3223645438473642e-16 3.173203796096323e-17
2709.870249599313 1.2247529964013707e-16 3.104990181446015e-17
2711.420602891558 1.3350941255556162e-16 3.1759248894393775e-17
2712.970965301004 8.810260337888405e-17 2.888725795527496e-17
2714.5213368278132 1.293348106750188e-16 3.212435649060733e-17
2716.071717472146 9.232461263469351e-17 2.9144087609305326e-17
2717.622107234163 1.2070309495624426e-16 3.1205927930322354e-17
2719.1725061140255 1.2640591632720124e-16 3.18033144599857e-17
2720.722914111894 1.7230346860024938e-16 3.435204652444124e-17
2722.27333122793 1.829843290719995e-16 3.517378097984122e-17
2723.8237574622935 1.552011719460256e-16 3.3018862987577275e-17
2725.374192815146 1.259948406499869e-16 3.1451924827050724e-17
2726.9246372866482 1.3599018676961226e-16 3.199422774536294e-17
2728.475090876961 1.7796687646937944e-16 3.450259008720344e-17
2730.0255535862457 2.0458390745500056e-16 3.6620824273661884e-17
2731.5760254146626 9.232820590727444e-17 2.90352670366403e-17
2733.1265063623723 1.9868102748981395e-16 3.607325386920893e-17
2734.6769964295368 1.7221438455699987e-16 3.4360252156117766e-17
2736.2274956163155 1.4728871954836797e-16 3.3031846414471907e-17
2737.778003922871 1.0099163903945672e-16 3.017022170278961e-17
2739.3285213493637 1.2678676351611046e-16 3.169594972519877e-17
2740.8790478959536 1.5466196930064924e-16 3.3607289496845447e-17
2742.4295835628027 1.8957600564198146e-16 3.558748047395859e-17
2743.980128350072 2.0788941382699107e-16 3.697749131890495e-17
2745.5306822579214 1.5400497613604532e-16 3.3811305323125525e-17
2747.081245286513 1.248561107315219e-16 3.184857447438215e-17
2748.6318174360067 1.3833194170119478e-16 3.2687858393658055e-17
2750.182398706564 1.3506017106330664e-16 3.2683619920199333e-17
2751.7329890983456 1.5468813467778552e-16 3.336929639972414e-17
2753.283588611513 1.61824254909505e-16 3.4363792489139493e-17
2754.834197246227 1.6065820817849104e-16 3.45931994515025e-17
2756.384815002649 1.6572695921397918e-16 3.453553172791775e-17
2757.9354418809385 1.9552252103884147e-16 3.672150538909939e-17
2759.486077881258 1.6302673729214068e-16 3.4070259176968926e-17
2761.0367230037673 1.2210515947707674e-16 3.1956409047757014e-17
2762.587377248629 1.7190660719468114e-16 3.562444221244991e-17
2764.1380406160024 1.5943431174415758e-16 3.366361718783786e-17
2765.6887131060494 1.557328968786645e-16 3.487082111741e-17
2767.2393947189307 2.1835287799887244e-16 3.731402147931602e-17
2768.7900854548075 1.1497394938947338e-16 3.14577614134529e-17
2770.340785313841 1.1028660140826609e-16 3.1822435567025476e-17
2771.891494296192 1.2850667715040012e-16 3.213885531238416e-17
2773.4422124020207 1.3072594317687579e-16 3.26440939218091e-17
2774.99293963149 1.99133991593248e-16 3.6900689253390625e-17
2776.5436759847594 1.5973332760942815e-16 3.383759974043736e-17
2778.0944214619904 1.0053495593198865e-16 3.109093328156523e-17
2779.6451760633445 1.4112726954114218e-16 3.3367201978413155e-17
2781.195939788982 1.7493248681495931e-16 3.603896557845738e-17
2782.746712639064 1.207753839243365e-16 3.2124392886554283e-17
2784.2974946137524 1.367989311806727e-16 3.38787933349425e-17
2785.8482857132076 1.9128752835613738e-16 3.650522081997392e-17
2787.39908593759 1.761817148283716e-16 3.612975361376875e-17
2788.949895287062 1.7683747714822404e-16 3.615219336942609e-17
2790.5007137617845 1.7968496368887658e-16 3.6301830342236934e-17
2792.051541361918 1.172284202228193e-16 3.2543439276151197e-17
2793.6023780876235 1.1634910737934074e-16 3.2865702225356956e-17
2795.153223939063 1.750086403708734e-16 3.5659028288221976e-17
2796.704078916397 1.1876517621715502e-16 3.2691739525092154e-17
2798.2549430197864 1.0832722891280968e-16 3.243776860725877e-17
2799.805816249392 1.3208449138004308e-16 3.343930896677063e-17
2801.3566986053766 1.5279533367802738e-16 3.503430509367498e-17
2802.9075900878993 1.9776639072545692e-16 3.806822490950717e-17
2804.458490697122 1.6083094996017171e-16 3.581894215296318e-17
2806.009400433207 1.3124125684616162e-16 3.3435838116920355e-17
2807.5603192963135 1.3223108101947728e-16 3.330366788992418e-17
2809.111247286603 1.4112794452052202e-16 3.444997478280017e-17
2810.662184404238 2.0715473185925617e-16 3.833556306603941e-17
2812.2131306493784 1.0360433863504221e-16 3.209097478980714e-17
2813.764086022186 2.0419051359056014e-16 3.8588789521321493e-17
2815.315050522822 1.2298340029448144e-16 3.333999104498261e-17
2816.8660241514463 1.5934808643710505e-16 3.584862801078648e-17
2818.4170069082215 1.354247128679812e-16 3.459660081818132e-17
2819.967998793308 1.54730036338895e-16 3.582633383891695e-17
2821.5189998068677 1.446843049937978e-16 3.4843199902395626e-17
2823.0700099490614 1.040908928887908e-16 3.218092571833861e-17
2824.62102922005 1.8189329769637675e-16 3.74095806924006e-17
2826.1720576199955 1.6816151719284525e-16 3.5968668461280176e-17
2827.723095149058 1.393569309767113e-16 3.4624632314779515e-17
2829.274141807399 1.3489391437762838e-16 3.3945119985179454e-17
2830.8251975951803 1.4841814533930297e-16 3.5245805250137436e-17
2832.376262512562 1.1372276261237057e-16 3.3243164591199604e-17
2833.927336559707 1.8301287672929992e-16 3.680079561389627e-17
2835.478419736775 1.170849937220475e-16 3.3380139083193485e-17
2837.0295120439278 1.221793013297411e-16 3.355713257322268e-17
2838.580613481327 2.3684380576078083e-16 4.0465692109706365e-17
2840.131724049133 1.690638190399079e-16 3.684821953277516e-17
2841.6828437475083 2.0343035445995861e-16 3.869261061436425e-17
2843.233972576613 2.0391952922188777e-16 3.9228216678437235e-17
2844.785110536608 1.1505649539716127e-16 3.3880699159073824e-17
2846.3362576276554 1.495119163371145e-16 3.548669017068023e-17
2847.8874138499164 1.3066344802723618e-16 3.5060020484558026e-17
2849.4385792035528 1.6273599323299564e-16 3.647619008919576e-17
2850.9897536887247 1.3680243842646993e-16 3.512711806712588e-17
2852.540937305594 1.9903821069575925e-16 3.960954694082418e-17
2854.0921300543214 2.0899009343727863e-16 3.946684174154653e-17
2855.643331935069 1.0463298735758866e-16 3.371369801084427e-17
2857.194542947998 1.079219037952138e-16 3.302063315408814e-17
2858.745763093269 1.4500748776784473e-16 3.5696602140366585e-17
2860.296992371044 1.3851417289886266e-16 3.56086926935869e-17
2861.8482307814834 1.7676477789854798e-16 3.8085145716117556e-17
2863.3994783247495 1.0628853972277679e-16 3.359393549303639e-17
2864.9507350010035 1.915453572443477e-16 3.836945100137448e-17
2866.502000810406 1.9147624464980768e-16 4.029699358685985e-17
2868.053275753119 2.642991611361673e-16 4.38161011540687e-17
2869.6045598293035 1.7490055102586987e-16 3.848657646738954e-17
2871.155853039121 1.7754706576489653e-16 3.8446570704244026e-17
2872.7071553827327 1.4417285591233382e-16 3.6216650591478674e-17
2874.2584668603 1.9302599730592783e-16 3.98235352565692e-17
2875.8097874719842 1.3414443580309613e-16 3.5988643218712107e-17
2877.3611172179467 1.35879953372461e-16 3.664340299566213e-17
2878.9124560983487 1.9313136026363238e-16 3.9742041422620474e-17
2880.4638041133517 1.0381404546393666e-16 3.433628046196598e-17
2882.0151612631175 1.753987519826432e-16 3.894029826826468e-17
2883.566527547806 1.3132340580715549e-16 3.6488544858824854e-17
2885.1179029675804 1.2048335608088077e-16 3.5800618448033903e-17
2886.669287522601 1.5245027363113966e-16 3.7944263622909975e-17
2888.220681213029 1.6293374895639992e-16 3.8812793339923303e-17
2889.7720840390266 1.3766837079635984e-16 3.721164629798401e-17
2891.3234960007544 7.74851049420555e-17 3.2935013343244e-17
2892.874917098375 1.8740942771180297e-16 4.0091330016799566e-17
2894.426347332049 1.972685868153776e-16 4.08070563136172e-17
2895.977786701937 1.794794258502694e-16 4.031774258534513e-17
2897.529235208202 1.3709888672311913e-16 3.7568157833271914e-17
2899.0806928510037 1.9874998126567637e-16 4.198687063874648e-17
2900.632159630505 1.9254464436387097e-16 4.036346582088461e-17
2902.1836355468668 1.2967889134006126e-16 3.69720782489764e-17
2903.7351206002504 1.6969664529573546e-16 4.0309242477370535e-17
2905.286614790817 2.1641235198649244e-16 4.237415660154381e-17
2906.838118118729 1.6660367801905678e-16 3.971402977835698e-17
2908.3896305841467 1.7047034371860326e-16 4.044513832584565e-17
2909.9411521872325 1.3400909581999266e-16 3.7823703702991596e-17
2911.492682928147 1.3343065172635678e-16 3.811154270382535e-17
2913.044222807052 1.6652307754016962e-16 4.0460083825153255e-17
2914.5957718241093 1.6808711064238488e-16 4.033865040250802e-17
2916.1473299794798 2.3367402318369803e-16 4.458423430577524e-17
2917.698897273325 1.5607744076484998e-16 4.038870806445728e-17
2919.2504737058075 1.8824404633242407e-16 4.165225291991163e-17
2920.802059277087 1.961765892927994e-16 4.3173838421813125e-17
2922.3536539873267 2.1220569520285197e-16 4.342974494227988e-17
2923.905257836687 9.271617346689651e-17 3.605471509732039e-17
2925.456870825329 1.4792370309123307e-16 4.0241205217626824e-17
2927.0084929534155 7.959761172995263e-17 3.5648698456732414e-17
2928.5601242211073 2.3057306203357964e-16 4.561964936573237e-17
2930.111764628566 2.304285899765136e-16 4.5932542012959126e-17
2931.663414175953 1.1908072245978685e-16 3.828584289378007e-17
2933.2150728634306 1.3992305338794258e-16 4.0339662871577786e-17
2934.7667406911587 1.2217341180377971e-16 3.8936688452071496e-17
2936.3184176593 2.272984855990537e-16 4.571487108912702e-17
2937.8701037680157 1.0671825012483074e-16 3.820391561719037e-17
2939.421799017468 1.1857260857055268e-16 3.9293881584184144e-17
2940.9735034078176 1.7464457502223166e-16 4.303724774162347e-17
2942.525216939226 2.1152884970354678e-16 4.560268554573013e-17
2944.0769396118553 1.7117320901125692e-16 4.33871583756232e-17
2945.6286714258667 1.6302135069199173e-16 4.235605788974115e-17
2947.180412381422 2.2476765703177627e-16 4.688332326136228e-17
2948.7321624786828 1.9811364776405158e-16 4.508139632369921e-17
2950.2839217178102 2.4396152949567713e-16 4.8213098814102524e-17
2951.8356900989666 1.4814451399267043e-16 4.226811535573696e-17
2953.3874676223127 1.4803106451729756e-16 4.292024800706152e-17
2954.9392542880105 2.147096304740541e-16 4.7667454086115595e-17
2956.4910500962214 1.383664582937954e-16 4.262432910600435e-17
2958.0428550471074 1.5681360504024258e-16 4.342398445649406e-17
2959.59466914083 1.510907725159067e-16 4.26563641567673e-17
2961.1464923775507 2.1828445361860206e-16 4.881888619006696e-17
2962.698324757431 1.899072881685865e-16 4.48573858876525e-17
2964.2501662806317 1.2546589504420618e-16 4.258384357810355e-17
2965.8020169473166 9.960697178126746e-17 4.009950917869649e-17
2967.3538767576447 2.2289092318823636e-16 4.8729898099768504e-17
2968.9057457117797 1.580820236438661e-16 4.5072423068414236e-17
2970.4576238098825 2.3807451816336173e-16 4.890811581710428e-17
2972.009511052115 1.2188646615800752e-16 4.328901835902746e-17
2973.561407438638 2.345583785201907e-16 5.032733275511866e-17
2975.113312969614 1.7544011101327086e-16 4.638252826618797e-17
2976.665227645204 1.82514914000543e-16 4.789406186928572e-17
2978.21715146557 7.735548904879089e-17 4.002216779142278e-17
2979.769084430874 2.548519909172033e-16 5.25593671415297e-17
2981.321026541277 2.7498085540597487e-16 5.4104699344456364e-17
2982.8729777969415 1.2329086001944495e-16 4.411608978373963e-17
2984.4249381980285 7.989472177109187e-17 4.1373264751632196e-17
2985.9769077446995 2.2911775355107834e-16 5.1845371306553527e-17
2987.5288864371173 2.322038386850606e-16 5.193961033938047e-17
2989.0808742754425 1.3450400128920558e-16 4.581388460844962e-17
2990.632871259837 1.8291206657368686e-16 4.9004925727275036e-17
2992.184877390462 2.59577587729935e-16 5.4834295805785286e-17
2993.7368926674803 1.6074770250332438e-16 4.83297048106929e-17
2995.2889170910535 1.8716759980536186e-16 5.0747464405679244e-17
2996.840950661343 1.6990677564110353e-16 4.925257367650606e-17
2998.39299337851 1.8457635396614355e-16 5.024419448611218e-17
2999.9450452427172 1.6161329076607947e-16 5.013843117299115e-17
3001.497106254125 2.4204188813940286e-16 5.4531805781941995e-17
3003.0491764128965 1.9083195697941257e-16 5.22248056709765e-17
3004.6012557191934 2.2076569105379572e-16 5.42097777520302e-17
3006.1533441731754 1.1843069084721818e-16 4.700283431626394e-17
3007.7054417750073 1.1748622264125003e-16 4.745978212152803e-17
3009.2575485248485 1.7018338483794127e-16 5.211649795029126e-17
3010.8096644228617 1.870418815871436e-16 5.267763411679008e-17
3012.361789469209 1.15735299660157e-16 4.9125469103581163e-17
3013.9139236640513 1.3625877562323068e-16 4.9751194841030576e-17
3015.466067007551 1.1406526832552673e-16 4.8324324827988855e-17
3017.0182194998692 3.035028899597505e-17 4.321933335550354e-17
3018.5703811411686 7.641045836000621e-17 4.603572452256899e-17
3020.1225519316104 7.658100314997994e-17 4.6826032732136854e-17
3021.6747318713565 1.47246983323381e-17 4.160236400280733e-17
3023.2269209605693 1.7670238862802678e-16 5.504274532014865e-17
3024.779119199409 5.266954759912176e-17 4.563791020493509e-17
3026.3313265880392 8.761157573238277e-17 4.8797617722156996e-17
3027.8835431266198 1.658615580432538e-16 5.5434349165743504e-17
3029.4357688153145 1.4826520295276437e-16 5.390640099057025e-17
3030.9880036542845 1.7082554169107843e-16 5.631648765819455e-17
3032.540247643691 1.7989940860831973e-16 5.723233541496837e-17
3034.092500783697 2.3670835989855895e-16 6.128134480874603e-17
3035.644763074463 1.2001357043250985e-16 5.327525225702494e-17
3037.1970345161517 2.2552556623111166e-16 6.04790127017941e-17
3038.7493151089247 2.369946305649513e-16 6.257273256361892e-17
3040.3016048529435 1.7491303152695207e-16 5.795439129783325e-17
3041.853903748371 1.3475200988918368e-16 5.607262157872412e-17
3043.406211795368 1.5733623760358828e-16 5.842562616663736e-17
3044.9585289940965 3.6430823533936414e-16 7.089970170983913e-17
3046.510855344719 3.0854355655908126e-16 6.929117952555832e-17
3048.0631908473965 6.653832244698184e-17 5.1961735766405036e-17
3049.615535502292 1.9684016019763434e-16 6.198446156430591e-17
3051.167889309566 2.263791372139276e-16 6.556179933791604e-17
3052.7202522693815 2.823281780091363e-16 6.859397876573942e-17
3054.2726243818997 3.6477305128661483e-17 5.108494086071108e-17
3055.825005647283 2.3073685702975494e-16 6.708177349198428e-17
3057.377396065693 1.373727430628783e-16 5.959655657198783e-17
3058.9297956372925 8.789983824969015e-17 5.767230285661797e-17
3060.482204362241 1.6550334251590404e-16 6.241981664685992e-17
3062.0346222407034 1.3680468835773607e-16 6.119403424072984e-17
3063.5870492728395 1.339003976700583e-16 6.285769959336589e-17
3065.1394854588125 1.4783419553150994e-16 6.349712344175918e-17
3066.6919307987832 1.3338832654877366e-16 6.366572270293219e-17
3068.2443852929146 1.7635118759227146e-16 6.615520547447178e-17
3069.7968489413674 1.3000791070051036e-16 6.284490145492847e-17
3071.349321744305 1.0246928139849695e-17 5.3901772087862405e-17
3072.901803701888 2.295757866173061e-16 7.129744323557913e-17
3074.45429481428 2.275974352898753e-16 7.142745617553777e-17
3076.006795081641 3.298865368986235e-16 7.884952281884947e-17
3077.559304504134 2.544217246497777e-16 7.573847668270283e-17
3079.1118230819216 2.8735047458142344e-16 7.724920626624518e-17
3080.6643508151647 1.189456207046998e-16 6.587604194390248e-17
3082.2168877040253 1.2183695443526254e-16 6.69089986230791e-17
3083.7694337486655 1.2192169743465738e-16 6.70102455300556e-17
3085.321988949248 2.1957380981789051e-16 7.485255962921364e-17
3086.8745533059346 1.7357870317212033e-16 7.246043270704909e-17
3088.4271268188863 3.1918213155791766e-16 8.347090810928933e-17
3089.979709488266 2.463572298380879e-16 7.830186307889036e-17
3091.532301314235 1.3639457882747718e-16 7.171428932474665e-17
3093.084902296957 9.441327676861441e-17 6.890629569525984e-17
3094.637512436592 1.7867334165205893e-16 7.647948492776253e-17
3096.1901317333027 2.2237296254099036e-16 8.008529756677919e-17
3097.7427601872514 1.6729385105239143e-16 7.60438055904084e-17
3099.2953977986 9.80367513680703e-17 7.213266404368617e-17
3100.8480445675104 1.0153525552058167e-16 7.254772342273058e-17
3102.4007004941445 5.644054489774281e-17 6.969576348932535e-17
3103.9533655786654 1.1271001560991985e-16 7.345174580546734e-17
3105.5060398212336 2.635833388863986e-16 8.684974900566634e-17
3107.0587232220123 2.1765403611271824e-16 8.431929101530332e-17
3108.6114157811626 2.0778325677589846e-16 8.360205263232594e-17
3110.164117498847 1.922192513632273e-16 8.458431306612041e-17
3111.7168283752285 1.2654386358359549e-16 7.943727104001535e-17
3113.269548410468 2.6770979223784594e-16 8.927082063182534e-17
3114.8222776047273 6.897467375341593e-17 7.661857700212455e-17
3116.3750159581696 1.4812025443966547e-16 8.288798400545586e-17
3117.927763470957 2.272952033463831e-16 9.109946550327387e-17
3119.4805201432505 1.090591778758007e-16 8.163962949477043e-17
3121.0332859752125 1.3061810529477847e-16 8.426527281258115e-17
3122.586060967006 2.522909073918411e-16 9.503484675066635e-17
3124.138845118792 -6.588825112974377e-17 6.780754837888321e-17
3125.691638430733 1.4667822055163443e-16 8.844293195266797e-17
3127.2444409029913 2.256974609798451e-16 9.446235835744085e-17
3128.797252535729 6.823463165531169e-17 8.400839683643649e-17
3130.3500733291085 1.5393942372686172e-16 9.090286783272717e-17
3131.902903283291 1.8391460947610113e-16 9.423984015521919e-17
3133.4557423984397 1.3264733153860376e-16 8.955738246579331e-17
3135.008590674716 6.093682077489525e-17 8.422763940343244e-17
3136.5614481122816 1.9249077836238151e-16 9.603331330702196e-17
3138.1143147113007 8.0235235633333e-17 8.848101534806991e-17
3139.6671904719324 3.0341434854698284e-16 1.0640895075018491e-16
3141.2200753943416 2.6766466126362505e-16 1.0628474130940395e-16
3142.77296947869 3.9308694734593744e-16 1.1524224707551618e-16
3144.3258727251373 1.8392327832892068e-16 9.357125984459463e-17
3145.8787851338493 1.0699284761841874e-16 9.752966318279569e-17
3147.4317067049856 2.5073477551883694e-16 1.112007617165903e-16
3148.984637438709 1.401961818087627e-16 1.0487316752024955e-16
3150.5375773351825 2.5903710130024797e-16 9.075896487592254e-17
3152.090526394567 2.5589704428565787e-16 1.0181746969325006e-16
3153.643484617026 2.503005652542507e-16 1.1956752817644166e-16
3155.196452002721 6.250850099643744e-16 1.6947669466213516e-16
3156.7494285518133 8.58305433769928e-18 1.6777985605821328e-17
