wavelength flux error
1572.367484914405 0.0 0.0
1573.9111755818112 0.0 0.0
1575.4548752443877 0.0 0.0
1576.9985839022913 0.0 0.0
1578.5423015556792 0.0 0.0
1580.086028204709 1.301316368031158e-13 4.264362029725993e-13
1581.6297638495382 7.327059965700489e-14 4.354945020595448e-14
1583.1735084903235 3.9855564086933946e-15 2.0452852261755756e-14
1584.7172621272218 -2.730529925361563e-15 1.5042585165231208e-14
1586.2610247603916 -1.637515095037883e-14 9.537204739059474e-15
1587.8047963899892 1.9622812489489272e-14 1.0469618607397008e-14
1589.3485770161724 3.659679540478616e-15 7.763305989272155e-15
1590.8923666390979 6.136254800451473e-15 6.796660131404286e-15
1592.436165258924 1.3129258016062254e-14 6.515937319058213e-15
1593.9799728758069 -2.3916049381108055e-15 4.800990791850373e-15
1595.5237894899046 -4.94352864918138e-15 3.9997052470443304e-15
1597.0676151013743 3.101680916365321e-15 4.047894645479522e-15
1598.6114497103729 6.523068065924674e-15 3.859788109652129e-15
1600.1552933170585 1.1405972025972221e-15 3.2068811378648844e-15
1601.6991459215876 4.909771845134454e-15 2.99271182176695e-15
1603.2430075241177 -9.234098022291022e-16 2.4082618410185613e-15
1604.7868781248064 2.019637301466776e-16 2.223057451826698e-15
1606.3307577238113 -9.205279843843063e-16 1.9321441978504455e-15
1607.8746463212892 -9.388184962099604e-16 1.7704261264618127e-15
1609.4185439173973 2.436717277606859e-15 1.858059731668269e-15
1610.9624505122936 3.420322746782009e-16 1.5485695628510718e-15
1612.5063661061351 1.594667742818611e-15 1.565163044166902e-15
1614.0502906990791 -3.390310781274013e-16 1.319474573310451e-15
1615.594224291283 -1.6848788957533417e-16 1.2262024815323596e-15
1617.1381668829044 2.8234013705556033e-15 1.3020063187183439e-15
1618.6821184741002 1.2888132511692661e-15 1.1432815558861894e-15
1620.2260790650282 1.007369931422435e-15 1.0700733452879475e-15
1621.7700486558458 -1.975942153970597e-15 7.98362381165509e-16
1623.3140272467099 8.508458131268064e-16 9.243994543488504e-16
1624.8580148377785 9.652353362524539e-16 9.13608889875541e-16
1626.4020114292082 2.296456933052342e-16 8.037269055182665e-16
1627.9460170211573 1.0135386606190512e-15 8.140298966513126e-16
1629.4900316137828 4.0518572773650145e-16 7.29314743464621e-16
1631.034055207242 -2.437065725785536e-16 6.707356918379673e-16
1632.5780878016928 8.292493317080187e-16 6.978212643923181e-16
1634.1221293972922 -2.3557582390852075e-16 5.943670954344012e-16
1635.6661799941971 7.917914171980654e-16 6.46159613208535e-16
1637.210239592566 2.5078932973459603e-16 5.782626168269328e-16
1638.7543081925558 1.2969468850452756e-15 6.237071520569877e-16
1640.2983857943238 1.447449737286449e-16 5.36626024090378e-16
1641.8424723980277 2.985655878497644e-16 5.21233000219044e-16
1643.386568003825 -3.235255576927601e-16 4.646120770082055e-16
1644.9306726118728 8.150360659135323e-16 5.254735647903543e-16
1646.4747862223285 1.0253540290794199e-16 4.638757406792455e-16
1648.0189088353504 -5.410101607462479e-16 3.942123629652628e-16
1649.5630404510948 -1.8498876636722779e-16 4.033430604993089e-16
1651.1071810697204 -2.474238560769179e-16 3.970956101781572e-16
1652.6513306913835 3.965819111654271e-16 4.268282930415757e-16
1654.1954893162422 -2.1929000084100112e-16 3.7974038154494944e-16
1655.7396569444538 -2.248678186777891e-16 3.5910628837292026e-16
1657.283833576176 -2.7959693185124336e-18 3.6572818019631756e-16
1658.8280192115662 -2.1108113985136368e-16 3.4576880170633564e-16
1660.372213850782 5.722894463620139e-16 3.8916227312439384e-16
1661.9164174939801 -3.552449033944043e-16 3.1303891922883744e-16
1663.4606301413196 4.33294079339772e-17 3.4508604021128947e-16
1665.0048517929565 4.7119450239021664e-17 3.3343962835411846e-16
1666.5490824490487 -3.0702379416324983e-16 3.040331325847317e-16
1668.0933221097544 -8.150750558988856e-17 3.0986926900065264e-16
1669.63757077523 6.758242422685975e-16 3.566251965215144e-16
1671.181828445634 -3.1067553848732033e-16 2.8137958051755027e-16
1672.7260951211238 2.1595593357682038e-16 3.0890079270458576e-16
1674.2703708018564 -8.990314396184048e-17 2.8879982736351435e-16
1675.8146554879897 7.405279244390511e-16 3.3398988213247853e-16
1677.358949179681 6.757844846596358e-16 3.274987510203136e-16
1678.9032518770887 1.2382123499332415e-16 2.869209229980471e-16
1680.4475635803692 7.39906361074444e-16 3.3033559670956627e-16
1681.991884289681 -4.349432127834067e-17 2.6059190968427204e-16
1683.5362140051807 3.718574958911069e-16 2.897566304867769e-16
1685.0805527270265 8.20337645130397e-16 3.0801948139274726e-16
1686.6249004553763 3.7833647737443464e-16 2.83690154048762e-16
1688.1692571903868 -2.960696993915612e-16 2.310762790135875e-16
1689.7136229322161 4.398505511028837e-16 2.770435129814371e-16
1691.2579976810218 3.8941688593438256e-16 2.7057231361331225e-16
1692.8023814369615 2.249709449391173e-16 2.5898966745520173e-16
1694.3467742001928 2.1157627031370322e-16 2.52941719862908e-16
1695.891175970873 3.314667827408448e-16 2.5441460427906484e-16
1697.43558674916 -1.0304061835630978e-16 2.2567517342542045e-16
1698.9800065352113 1.0417103014653494e-16 2.3480372690731885e-16
1700.5244353291848 4.0476925222424835e-17 2.284896521509097e-16
1702.0688731312375 4.3302185089145833e-16 2.485687269842505e-16
1703.6133199415272 -5.0690570923147846e-17 2.125788926254563e-16
1705.1577757602122 2.513812998856084e-16 2.357825793569896e-16
1706.7022405874495 3.5247468214040913e-16 2.35660871310381e-16
1708.2467144233972 4.3316073782502843e-16 2.41650982434245e-16
1709.7911972682123 3.1748981266886277e-16 2.31870663569214e-16
1711.3356891220526 5.7223324936555826e-18 2.108192213822049e-16
1712.880189985076 1.2130008113049113e-16 2.1261933844868769e-16
1714.4246998574404 5.628555110328507e-17 2.0719291451633162e-16
1715.969218739303 1.7820314572210418e-16 2.0758229820916238e-16
1717.5137466308215 5.777436370931721e-17 2.0357928667488756e-16
1719.0582835321536 7.045102571070057e-17 2.0028011981511166e-16
1720.6028294434573 -1.8261246175582015e-17 1.9553320159491075e-16
1722.14738436489 7.341807624581398e-17 1.922768363687508e-16
1723.6919482966093 4.435161655914655e-16 2.1814604314106478e-16
1725.2365212387733 3.9109859044181717e-16 2.1349084270718376e-16
1726.7811031915392 4.76360529865741e-16 2.150873674638601e-16
1728.3256941550646 1.3485495086205468e-16 1.8861130128950782e-16
1729.870294129508 -9.701088858982693e-17 1.7453097996307097e-16
1731.4149031150268 2.1014493683407616e-17 1.7930217097116664e-16
1732.9595211117778 -5.24182402028608e-17 1.7363230447581376e-16
1734.5041481199198 8.175099447499967e-17 1.8101803472917724e-16
1736.0487841396102 -2.958183158946839e-16 1.487617760180922e-16
1737.5934291710068 8.860685268029638e-17 1.7900327421990428e-16
1739.1380832142672 2.1858037251965923e-16 1.846956929674778e-16
1740.6827462695485 1.3515350350618222e-16 1.7913423345448367e-16
1742.22741833701 9.571159960574294e-17 1.723024230439551e-16
1743.772099416808 1.6861422983337307e-16 1.7432745382771353e-16
1745.3167895091008 2.3001608162247828e-17 1.6660606029922094e-16
1746.8614886140463 1.244632992022327e-16 1.6992417952119165e-16
1748.406196731802 -1.1403002381398707e-16 1.5298202503355815e-16
1749.9509138625258 -1.3124934336382994e-16 1.5103866675476076e-16
1751.4956400063757 1.1056262826995259e-16 1.628993382429177e-16
1753.0403751635088 1.9141798466490434e-16 1.6919415623466665e-16
1754.5851193340832 1.252993207211727e-16 1.6248695231161307e-16
1756.129872518257 7.45228917591643e-17 1.571055270045799e-16
1757.6746347161877 1.9381716578333275e-16 1.6475182576834247e-16
1759.219405928033 7.174816402519193e-17 1.5519254279787545e-16
1760.7641861539507 -3.543339988689711e-17 1.4447741719643095e-16
1762.3089753940994 7.538459558176284e-17 1.5325292999289171e-16
1763.8537736486355 1.9104210055967045e-16 1.600383124099989e-16
1765.3985809177175 2.7511301901552614e-16 1.6033908851561298e-16
1766.9433972015036 1.3617550169660374e-16 1.518908745439272e-16
1768.488222500151 -2.833453256124458e-17 1.3811874086139291e-16
1770.0330568138181 5.736473725253605e-17 1.4456896292918341e-16
1771.5779001426627 4.542696425948304e-18 1.3892370009397032e-16
1773.1227524868416 2.3492720842916077e-16 1.5190852988692153e-16
1774.6676138465139 -4.091530116857589e-17 1.3606975492709496e-16
1776.2124842218363 -4.453599313245115e-17 1.311627739496426e-16
1777.7573636129678 6.838122129474588e-17 1.390514829549975e-16
1779.3022520200655 4.692095005306609e-17 1.3802376729218202e-16
1780.8471494432874 4.337045263597208e-17 1.3278559643235322e-16
1782.392055882792 1.1981016341116061e-16 1.4083859012480607e-16
1783.936971338736 -2.1799885958595077e-18 1.29565600683366e-16
1785.4818958112778 4.9124387151339944e-17 1.313953771378925e-16
1787.0268293005756 1.619616463005276e-16 1.397188390383155e-16
1788.5717718067867 5.955212704692638e-17 1.316356300924473e-16
1790.1167233300698 1.4005635519801673e-16 1.3450815704460305e-16
1791.661683870582 -1.0453733219155303e-16 1.1872637152025894e-16
1793.2066534284813 2.1358250755394443e-16 1.3855444666852664e-16
1794.751632003926 7.752165970768544e-17 1.2922063328070689e-16
1796.2966195970737 4.946138715033895e-17 1.2535493372811587e-16
1797.841616208082 9.790550758336018e-17 1.3020300621106466e-16
1799.38662183711 4.2782009583091656e-17 1.246158974816365e-16
1800.9316364843141 -3.446344128317253e-17 1.1683715717563682e-16
1802.4766601498532 2.4669680733187563e-17 1.2130095463321798e-16
1804.0216928338848 2.3201489739826367e-16 1.3264992557700473e-16
1805.5667345365669 1.5177119143545812e-16 1.287668750838848e-16
1807.1117852580576 4.706458334899102e-18 1.163455207242047e-16
1808.656844998515 -3.487803744107391e-17 1.1223374486554652e-16
1810.2019137580962 1.217974615240968e-16 1.2327103415452328e-16
1811.7469915369602 1.437966541697447e-16 1.2197732367649034e-16
1813.2920783352643 2.7247521283398844e-17 1.1510959377504228e-16
1814.8371741531664 2.306162607138896e-16 1.2744535810238028e-16
1816.382278990825 -2.4505179324769142e-17 1.0909849211595413e-16
1817.9273928483974 1.7853624804605684e-17 1.1160895218782806e-16
1819.472515726042 3.7324321532303533e-16 1.3388789069919649e-16
1821.0176476239174 7.667454073364744e-17 1.1254043696690158e-16
1822.56278854218 -3.120957621041402e-18 1.0882916210850686e-16
1824.1079384809889 -5.953961345861968e-17 1.0091206426452912e-16
1825.6530974405018 3.7422765951364693e-17 1.0801444876214623e-16
1827.198265420877 6.743115555757259e-18 1.0586014619225803e-16
1828.7434424222724 1.2914510176461344e-16 1.1388164746442976e-16
1830.2886284448452 6.088875165513857e-17 1.0690596056687617e-16
1831.8338234887544 2.359585504517817e-16 1.190285769939715e-16
1833.3790275541578 -4.7157440705851664e-20 1.0103100621916935e-16
1834.9242406412131 1.122115102506811e-16 1.1078159290426272e-16
1836.4694627500783 8.036848450384794e-17 1.0669240238504968e-16
1838.0146938809119 7.648631413089977e-17 1.0626358533805729e-16
1839.5599340338715 -2.912851676145463e-17 9.728283910545476e-17
1841.1051832091152 -1.8485436937002262e-17 9.805878084214381e-17
1842.6504414068013 1.3167349511216753e-16 1.0855596089579285e-16
1844.1957086270877 -1.2357403165367237e-18 9.80071184498062e-17
1845.740984870132 5.551329528340556e-17 1.0188324047811538e-16
1847.286270136093 2.4454881780442242e-17 9.66485239245246e-17
1848.8315644251284 3.2432669865962996e-17 9.696468558953217e-17
1850.376867737396 9.489732962819064e-17 1.0182295555507252e-16
1851.9221800730547 5.4963309511563957e-17 9.85173234516289e-17
1853.4675014322615 1.3437733015892166e-16 1.0482574691009311e-16
1855.0128318151753 1.3317859325009962e-16 1.0308821763747853e-16
1856.5581712219534 1.162908209246578e-16 1.0139016142369497e-16
1858.1035196527546 1.296700371987845e-16 1.009319232166753e-16
1859.648877107737 9.164599531451623e-18 9.196942789710814e-17
1861.1942435870585 1.736609580122326e-16 1.0425165047775681e-16
1862.7396190908767 9.822516987672007e-17 9.910863185815121e-17
1864.2850036193504 1.9484705858552047e-17 9.121096283240112e-17
1865.8303971726375 6.044202780224563e-17 9.460582456288205e-17
1867.3757997508958 -4.9085880239464375e-17 8.559256020603884e-17
1868.921211354284 1.0996320025853746e-16 9.749936190259665e-17
1870.4666319829598 -3.6742701065115447e-17 8.535249253994125e-17
1872.0120616370814 2.1791345318770467e-17 8.892951929364106e-17
1873.5575003168067 -6.223720825483271e-17 8.402920870064832e-17
1875.1029480222944 -1.4445158434590091e-18 8.704843117135667e-17
1876.6484047537022 -4.9484594529604735e-17 8.369142122570617e-17
1878.1938705111886 5.99237561350893e-17 9.123348861484216e-17
1879.7393452949113 1.6528081107879258e-16 9.768547092297618e-17
1881.2848291050288 7.476428953168688e-18 8.650548305216667e-17
1882.8303219416991 1.2669144583976475e-16 9.229550911202144e-17
1884.3758238050802 5.0574656449549565e-17 8.8621232388065e-17
1885.9213346953306 7.3029969719849e-17 8.958044426127129e-17
1887.4668546126084 -3.4856927791841557e-17 8.12678812925993e-17
1889.0123835570719 2.5423675382992103e-16 1.0120676555572461e-16
1890.5579215288788 -5.275738425400754e-17 7.946735394453268e-17
1892.1034685281877 -3.424375534736825e-17 7.995660149835574e-17
1893.6490245551568 -3.370658094885386e-17 8.05596227823518e-17
1895.1945896099437 7.133955665492543e-17 8.74341951218269e-17
1896.7401636927077 1.0515796911387401e-16 9.005467021517039e-17
1898.2857468036061 1.4274622743603096e-17 8.126680264908053e-17
1899.8313389427972 1.2736234887354936e-16 8.924643534736728e-17
1901.3769401104398 5.610329343583759e-17 8.414356476597255e-17
1902.9225503066914 1.5897683454330145e-16 9.224720176424835e-17
1904.468169531711 3.7091010277449276e-17 8.257338405744479e-17
1906.013797785656 -9.875696098380797e-17 7.135551793202525e-17
1907.5594350686847 1.6121337210096723e-16 9.059338316962413e-17
1909.105081380956 1.1632324640466988e-16 8.686897930054697e-17
1910.650736722628 5.601348809109393e-17 8.152774835383896e-17
1912.1964010938584 6.847278026238815e-17 8.329928467579683e-17
1913.7420744948058 1.0845484633771436e-16 8.435738764559506e-17
1915.2877569256286 1.1142435194488583e-16 8.457711328606874e-17
1916.8334483864849 1.343559293421137e-16 8.660375872638287e-17
1918.379148877533 8.941818451231289e-17 8.350075278579024e-17
1919.924858398931 1.5270296738210726e-17 7.700826509742073e-17
1921.4705769508375 7.578774355998649e-18 7.613308815700493e-17
1923.0163045334104 2.610596042200544e-16 9.209243296291723e-17
1924.562041146808 7.19474483783682e-17 7.926869163117704e-17
1926.107786791189 5.1398153626834895e-18 7.458290536696625e-17
1927.6535414667114 1.2753505095056063e-16 8.39664687055474e-17
1929.1993051735337 1.1077859520172283e-16 8.185241343554357e-17
1930.745077911814 -6.516458141750379e-18 7.297015463539406e-17
1932.2908596817103 -1.8957677657431236e-17 7.106675248890544e-17
1933.8366504833816 -1.9162030973401236e-17 7.084678200297044e-17
1935.382450316986 4.2377481867606273e-17 7.442259776425347e-17
1936.9282591826814 6.854570450519083e-17 7.72870051115164e-17
1938.4740770806268 2.8838928108189203e-16 9.065432321971213e-17
1940.0199040109799 2.3187864420776393e-17 7.340574794596449e-17
1941.5657399738989 3.1874054945971235e-17 7.397085127068111e-17
1943.1115849695432 -6.599393751506783e-18 6.990494092262776e-17
1944.6574389980703 1.6853442344787396e-16 8.100650545392235e-17
1946.2033020596384 -2.5748347413013862e-17 6.766563727299361e-17
1947.7491741544065 9.1124909578916e-17 7.7202698863485e-17
1949.2950552825328 6.034972768077451e-17 7.333337956853345e-17
1950.840945444175 2.9443096857130995e-17 7.220836761334703e-17
1952.3868446394924 -4.297860725363836e-17 6.500017678921704e-17
1953.9327528686429 3.474416322201588e-17 6.96559661756942e-17
1955.4786701317846 7.481321230183572e-17 7.489463996133544e-17
1957.0245964290764 -5.60489509783153e-17 6.268878269483766e-17
1958.5705317606762 1.6665779548345245e-16 7.909069559824543e-17
1960.1164761267428 1.8047797181596382e-16 8.043348766510481e-17
1961.6624295274348 2.207310685820767e-16 8.22551842194079e-17
1963.2083919629101 8.098047904312898e-17 7.317720786888344e-17
1964.754363433327 8.747865111666795e-17 7.233240500056058e-17
1966.3003439388444 -5.088734478316502e-18 6.591948546967377e-17
1967.8463334796204 2.7052286806501628e-17 6.788889001159922e-17
1969.3923320558135 7.595400024566475e-17 7.191337515457592e-17
1970.938339667582 1.070967745905799e-16 7.208131267125888e-17
1972.484356315085 1.0625752044980605e-17 6.609297502262819e-17
1974.0303819984797 3.493078261283335e-18 6.542650567692687e-17
1975.5764167179257 6.154265447297399e-17 6.889984368648193e-17
1977.1224604735805 2.7646118113892222e-17 6.763213976690766e-17
1978.6685132656037 2.959305146729706e-17 6.544971305619265e-17
1980.2145750941525 7.424806927244969e-17 6.981098643993154e-17
1981.7606459593862 1.2458603957024578e-16 7.22501236906687e-17
1983.3067258614626 3.519457960916325e-17 6.522035903338885e-17
1984.8528148005407 8.54749682101583e-17 6.98525506113511e-17
1986.3989127767788 6.3516969986196165e-18 6.226475667795318e-17
1987.9450197903357 1.1891184526592803e-16 7.085814415586447e-17
1989.4911358413692 -4.654615782624076e-17 5.79831043912562e-17
1991.0372609300384 -3.750100400242241e-17 5.889498168108975e-17
1992.5833950565013 9.768803683723632e-18 6.22448712560274e-17
1994.1295382209166 8.313681978604651e-17 6.70898732445424e-17
1995.6756904234428 6.156385676643494e-17 6.507474215835502e-17
1997.2218516642383 6.670878782761677e-17 6.528475338971488e-17
1998.7680219434621 5.0285106839209053e-17 6.391095859349701e-17
2000.3142012612725 3.877425664954568e-17 6.275735265889586e-17
2001.8603896178272 -6.06221232195719e-18 5.913952273994003e-17
2003.4065870132856 3.65688096057809e-19 5.909629097240556e-17
2004.9527934478062 4.1780869578996276e-17 6.309071306319963e-17
2006.499008921547 8.326115495828058e-17 6.393906949943401e-17
2008.0452334346671 6.794250455018246e-17 6.33165135180919e-17
2009.5914669873246 8.62408117259293e-17 6.434901359357039e-17
2011.1377095796781 2.6637073571863285e-17 6.058451462584156e-17
2012.6839612118868 1.0857095602593721e-16 6.552443724400824e-17
2014.2302218841085 1.5581320618997604e-16 6.648224621889565e-17
2015.7764915965017 8.492795036235454e-17 6.309362473895581e-17
2017.3227703492255 1.448004974000819e-17 5.692148755821584e-17
2018.8690581424382 1.0700446123421898e-16 6.410880696112989e-17
2020.4153549762982 3.983157131622015e-18 5.710836420220382e-17
2021.9616608509643 6.960170312751072e-17 5.972337328605956e-17
2023.5079757665953 4.219088977374901e-17 5.922547673175164e-17
2025.0542997233492 9.059322435094652e-17 6.144003113745821e-17
2026.6006327213854 1.8542388983921028e-16 6.755983756392563e-17
2028.1469747608614 3.103366922211941e-17 5.61768595707956e-17
2029.6933258419367 1.4731443493925102e-16 6.426100157639475e-17
2031.23968596477 1.461225801731254e-16 6.422604161498581e-17
2032.7860551295187 6.029642912518527e-18 5.46589897642057e-17
2034.3324333363428 5.2764928141194026e-17 5.797457450477955e-17
2035.8788205854003 7.367441290019926e-18 5.322203807385818e-17
2037.4252168768494 -2.632196449418519e-18 5.3287454825421324e-17
2038.9716222108493 5.4504058835474516e-17 5.642915627506918e-17
2040.518036587559 1.2809744112286808e-16 6.163875300781795e-17
2042.0644600071364 1.9512016715400588e-16 6.582694712018624e-17
2043.6108924697405 3.759659961145394e-17 5.4125636940121307e-17
2045.1573339755298 1.2433800450048808e-16 6.013565995569069e-17
2046.703784524663 -5.256976811055194e-18 5.1886664162732174e-17
2048.2502441172983 1.443628030507556e-17 5.241886886012634e-17
2049.7967127535953 1.0059377178226362e-16 5.797871702528721e-17
2051.343190433712 1.4497481744237133e-17 5.309105236949918e-17
2052.8896771578075 5.411621700730555e-17 5.422318138667601e-17
2054.43617292604 6.129940381587929e-17 5.517879336985647e-17
2055.9826777385683 1.3035780148217539e-16 5.941960609535048e-17
2057.5291915955513 5.277695534730055e-17 5.3009647871056614e-17
2059.0757144971476 6.420550106601489e-17 5.4819906171849314e-17
2060.622246443516 6.633709256500484e-17 5.508207941263677e-17
2062.1687874348145 2.22482441549423e-16 6.41946219865986e-17
2063.715337471202 1.7342045359477158e-16 6.121273514001844e-17
2065.2618965528386 4.174671694586519e-17 5.2048126509580075e-17
2066.8084646798816 8.076577604333471e-17 5.416893488210478e-17
2068.3550418524896 1.3856875358440136e-16 5.816949796176644e-17
2069.9016280708224 9.100688744911694e-17 5.3867907313584484e-17
2071.4482233350377 1.818677014195019e-16 6.074699275048168e-17
2072.9948276452947 1.5300494786269322e-16 5.868962251349489e-17
2074.5414410017524 1.0888182373502444e-16 5.541468542822189e-17
2076.088063404569 8.593379536977412e-17 5.4111558326095654e-17
2077.634694853903 1.5640135145783595e-16 5.671087413937004e-17
2079.1813353499147 5.610088468589383e-17 5.154715615211591e-17
2080.727984892761 1.1273315019729173e-16 5.430895670747531e-17
2082.2746434826017 1.0172004394711326e-18 4.66754792432073e-17
2083.8213111195946 4.32919598132857e-17 5.020553206428145e-17
2085.3679878038997 1.2559752925816542e-16 5.4624648533894946e-17
2086.9146735356753 -1.8710133932957392e-17 4.459128188459419e-17
2088.4613683150797 6.396025194056027e-17 4.998914492476003e-17
2090.0080721422723 1.622768749058042e-16 5.668178385158777e-17
2091.5547850174116 4.714532113985987e-17 4.8250388116116415e-17
2093.1015069406562 -1.946461860455681e-18 4.513250615938764e-17
2094.6482379121653 2.1326648485527977e-17 4.709345360673035e-17
2096.1949779320976 2.7468398359285204e-17 4.616410295363722e-17
2097.7417270006117 2.9669608687350066e-17 4.7010752089087296e-17
2099.288485117867 3.764046003625395e-17 4.6504534097817094e-17
2100.8352522840214 -3.527117322516321e-17 4.0567997807866923e-17
2102.382028499234 5.863916449612915e-17 4.866369056353976e-17
2103.928813763664 3.3272536120390137e-17 4.595115357674157e-17
2105.47560807747 5.50653703642632e-17 4.768876887613986e-17
2107.0224114408106 1.8626678026595692e-16 5.540513976395303e-17
2108.569223853845 -4.9719192877492125e-17 3.921769163232311e-17
2110.116045316732 1.1710949150306888e-16 5.155188431649726e-17
2111.6628758296306 5.090874146406993e-17 4.5989167488972056e-17
2113.2097153926993 2.6570025620132187e-17 4.4553413556151515e-17
2114.7565640060966 1.6029997941625147e-16 5.3341281122241374e-17
2116.303421669982 1.0348915538910543e-16 4.935125963230609e-17
2117.8502883845144 2.8308585559790015e-17 4.458145167019461e-17
2119.397164149852 8.849389951329104e-17 4.8008914242977485e-17
2120.9440489661547 1.106595142807397e-16 4.9322698740115857e-17
2122.490942833581 7.006446435811984e-18 4.148146990192148e-17
2124.0378457522884 1.1167754862166586e-16 4.959655838859746e-17
2125.584757722438 1.3757444278344322e-16 5.0593076107429896e-17
2127.1316787441874 1.010560102347256e-17 4.137149458512133e-17
2128.678608817696 3.199092894908008e-17 4.3687980803351585e-17
2130.225547943122 1.0533525542584005e-17 4.197932675156e-17
2131.772496120625 6.398869371874229e-17 4.520571164359858e-17
2133.319453350363 4.715650131301914e-17 4.386522906500945e-17
2134.866419632496 1.125112275651111e-16 4.8210931600897635e-17
2136.4133949671827 8.22442985225467e-17 4.5721323097904935e-17
2137.9603793545816 1.1795569065226573e-16 4.8973846897300193e-17
2139.507372794852 5.679657005083053e-17 4.4196028518136754e-17
2141.0543752881526 6.62475188308327e-17 4.4705528762077566e-17
2142.6013868346427 2.0596370427374312e-17 4.129099005918522e-17
2144.148407434481 1.623789787718953e-17 4.0853960763071405e-17
2145.6954370878257 1.3919600133417787e-17 4.068804487580552e-17
2147.2424757948374 3.379920863384755e-17 4.1452005728502344e-17
2148.7895235556734 -3.620056689164819e-18 3.93127247585381e-17
2150.3365803704937 3.65095287766041e-17 4.2390144348423235e-17
2151.883646239457 -1.06364069584509e-17 3.791769458163477e-17
2153.430721162722 -9.062496699336293e-19 3.839436237270213e-17
2154.977805140448 2.4902351750247703e-17 4.0020950181561104e-17
2156.524898172793 8.021034742306251e-17 4.433930612639829e-17
2158.0720002599182 8.429039263342316e-17 4.4326785920646686e-17
2159.6191114019803 1.0426735367450552e-16 4.5971237522014356e-17
2161.16623159914 2.1322150277356914e-17 3.995970572900768e-17
2162.713360851555 7.81262824133474e-17 4.3590783772654154e-17
2164.2604991593844 7.708443188822462e-17 4.233503095857005e-17
2165.8076465227887 5.554282232255126e-17 4.2031214137024225e-17
2167.3548029419253 6.442725826207301e-17 4.194343703914255e-17
2168.901968416954 7.587276118334469e-18 3.7974071903463936e-17
2170.449142948033 9.642663437956848e-17 4.470648498286568e-17
2171.9963265353217 1.1147913115377154e-16 4.470554861441227e-17
2173.5435191789807 6.337476523118911e-18 3.7745406094929777e-17
2175.0907208791664 1.5923297929178462e-17 3.876784103671472e-17
2176.6379316360394 2.77638970525912e-17 3.859003360096277e-17
2178.185151449759 3.902515707294527e-17 3.900429226917423e-17
2179.732380320483 -1.781908174222547e-17 3.481615440508759e-17
2181.2796182483717 4.922107133005759e-17 3.924656685314611e-17
2182.8268652335837 8.638460218617062e-17 4.249034569910546e-17
2184.3741212762775 5.665760370792162e-17 3.990061856349179e-17
2185.9213863766126 6.800501293471187e-17 4.064550463126314e-17
2187.468660534749 1.6144671313432354e-17 3.798081177109502e-17
2189.0159437508437 2.613963196689227e-17 3.752546538749683e-17
2190.563236025058 9.890835985132355e-18 3.6555043562629217e-17
2192.110537357549 6.108219280446777e-17 3.998327706774299e-17
2193.6578477484773 3.4784701689475876e-17 3.794274491930533e-17
2195.2051671980016 3.0029945105790415e-17 3.774697773809363e-17
2196.7524957062806 5.638399883106868e-17 3.9175478951303304e-17
2198.299833273474 1.6230576667023946e-16 4.5870629198470757e-17
2199.84717989974 -8.177099735657243e-18 3.465869561240445e-17
2201.394535585239 -2.7951349000695208e-18 3.4774699421508885e-17
2202.9419003301286 6.122281350860178e-17 3.97408966046527e-17
2204.4892741345693 6.317745453095439e-17 3.936515146576171e-17
2206.036656998719 9.709958882127222e-17 4.1393080690386517e-17
2207.5840489227385 -1.3913298671511358e-17 3.3364727054020397e-17
2209.131449906785 9.169331500863794e-17 4.103296595635033e-17
2210.678859951019 1.0879428155643672e-16 4.1414101004112714e-17
2212.226279055599 1.1134936305927422e-16 4.188995484945732e-17
2213.773707220685 8.587437567765198e-18 3.4934401528013273e-17
2215.3211444464346 3.847566760947119e-17 3.682510479773798e-17
2216.8685907330087 -6.4970462807252906e-18 3.346099102498687e-17
2218.416046080565 4.045387997055911e-17 3.7229199070582385e-17
2219.9635104892636 2.994768364823324e-17 3.5614075985013395e-17
2221.5109839592633 -4.811071039788071e-18 3.289614247189891e-17
2223.0584664907237 8.705052724702888e-18 3.4376140641323685e-17
2224.605958083803 6.464159068495285e-17 3.778167961915145e-17
2226.1534587386614 4.308845353026295e-17 3.6663139525077646e-17
2227.7009684554578 1.2108550386214997e-16 4.138762791578857e-17
2229.248487234351 2.9270434484789126e-17 3.524761843004015e-17
2230.796015075501 6.273060494660834e-17 3.737404501328532e-17
2232.3435519790664 3.173966787493342e-17 3.51898911494513e-17
2233.8910979452066 5.079822351678795e-17 3.673651375413355e-17
2235.438652974081 7.70622965350327e-17 3.8610680029052097e-17
2236.986217065848 3.969661928082396e-17 3.558651763572558e-17
2238.533790220668 5.975640095355758e-17 3.672733204933421e-17
2240.081372438699 1.5547015784633805e-16 4.281058701889414e-17
2241.6289637201007 3.7362395001538123e-17 3.452643274117967e-17
2243.1765640650333 1.324670591046264e-16 4.1609755688761107e-17
2244.7241734736554 2.6989371449110845e-17 3.438592784233141e-17
2246.2717919461256 8.797516462499168e-17 3.81661664027559e-17
2247.8194194826037 1.3860394515638182e-16 4.198325089638595e-17
2249.3670560832493 9.895622548464954e-17 3.885661736877636e-17
2250.914701748221 2.7471513521472078e-17 3.3977118639995455e-17
2252.4623564776784 -2.600960082896016e-17 2.9923705336636555e-17
2254.010020271781 -9.76487292145278e-18 3.090264050436856e-17
2255.5576931306873 4.3469585269302884e-17 3.470848526783524e-17
2257.1053750545575 -2.037773501094797e-17 3.018315549884749e-17
2258.65306604355 5.092976177779613e-17 3.5528141845536486e-17
2260.2007660978243 4.772793422378302e-17 3.476905143228637e-17
2261.748475217541 5.623041455237474e-17 3.588328356973e-17
2263.2961934028576 1.0629378404786038e-17 3.199175282097018e-17
2264.8439206539347 6.380439126082058e-17 3.6042456280642357e-17
2266.391656970931 7.436900307800494e-17 3.67177698414531e-17
2267.939402354006 9.486336228351676e-17 3.707014878240069e-17
2269.487156803318 3.6724092810055454e-17 3.3753587968704025e-17
2271.0349203190285 2.910017093622366e-17 3.313109485308847e-17
2272.5826929012946 9.50964551626893e-17 3.78174833047852e-17
2274.130474550277 6.42087237616814e-17 3.6158036573273166e-17
2275.6782652661345 6.64643592653298e-17 3.536336415879347e-17
2277.2260650490275 4.6103338265839075e-17 3.3905362376217705e-17
2278.7738738991134 3.5489575376656813e-17 3.3305292472647237e-17
2280.3216918165526 -1.1256794899407509e-17 2.931795766534152e-17
2281.8695188015054 6.909571343808959e-17 3.58957574533673e-17
2283.417354854129 2.635081117727706e-17 3.2230808017998005e-17
2284.9651999745843 6.922137871674864e-17 3.580886378437983e-17
2286.5130541630306 1.2520986610100877e-17 3.1177694601654694e-17
2288.0609174196265 7.226355710381657e-17 3.5582232840152553e-17
2289.6087897445327 7.18055505073684e-17 3.541077484278256e-17
2291.1566711379073 7.091221529814584e-17 3.5706568012386624e-17
2292.7045615999104 5.311473951352025e-17 3.4220303122641145e-17
2294.252461130701 1.4956917047039296e-16 3.990168066339831e-17
2295.8003697304384 6.143274533062284e-17 3.443111175611151e-17
2297.348287399283 1.0451626886443497e-16 3.761236898265165e-17
2298.8962141373927 7.275253995984361e-17 3.457162988984957e-17
2300.4441499449276 6.116919235257364e-17 3.4740824721063614e-17
2301.992094822048 3.205416856127098e-17 3.212828063543328e-17
2303.5400487689117 4.090486214924547e-17 3.2431538282885023e-17
2305.08801178568 8.050898609397375e-17 3.5616583996630655e-17
2306.6359838725107 7.44463345391113e-17 3.4643955253888754e-17
2308.1839650295633 3.850632044143057e-18 2.9867728370223866e-17
2309.7319552569984 4.059355107134991e-17 3.202549186379499e-17
2311.2799545549747 1.0129368569449169e-16 3.66967627626167e-17
2312.8279629236517 1.0793407327638568e-16 3.704659067855518e-17
2314.3759803631883 5.821157829388824e-17 3.3335190088707353e-17
2315.924006873746 1.8892750596790724e-17 3.036386137546582e-17
2317.472042455481 5.5244382174987025e-18 2.98144083079387e-17
2319.0200871085563 9.197403363875884e-17 3.5186638675282743e-17
2320.5681408331284 4.1894577134720266e-17 3.2026775648105675e-17
2322.116203629359 7.949992500833256e-17 3.4858314146548195e-17
2323.664275497406 1.93244925544291e-17 3.017411276039106e-17
2325.2123564374297 7.000131077271264e-17 3.401771997318201e-17
2326.76044644959 1.4832560698981544e-16 3.829052142732467e-17
2328.3085455340447 6.952174288641767e-18 3.001302099045758e-17
2329.856653690955 8.909950160079826e-17 3.443440393494947e-17
2331.40477092048 5.890747541706175e-17 3.332565104188339e-17
2332.952897222779 4.652600108907407e-17 3.213608922041578e-17
2334.501032598011 2.394949924159072e-17 3.0542820246630444e-17
2336.049177046337 -2.10407781745521e-17 2.671547044159861e-17
2337.597330567915 -3.3349748881078593e-18 2.806686022374487e-17
2339.1454931629046 8.581373506694572e-18 2.971243348202316e-17
2340.6936648314663 9.131644490411388e-17 3.490631709185587e-17
2342.2418455737597 1.8735008908338086e-17 2.971277758915798e-17
2343.790035389943 9.149050355732974e-17 3.500719673064039e-17
2345.3382342801774 8.775934327700925e-17 3.4474750496507356e-17
2346.8864422446213 4.708196572238321e-17 3.1700409883061653e-17
2348.4346592834345 1.4338264034699456e-16 3.8612208658824095e-17
2349.9828853967765 4.8272851032830905e-17 3.173113798845677e-17
2351.531120584807 5.699136115891942e-17 3.217960553808097e-17
2353.0793648476856 6.269118482733651e-17 3.2882838098926604e-17
2354.6276181855724 7.354221289470104e-17 3.2739332188816005e-17
2356.175880598626 6.314036706100996e-18 2.8762234568771247e-17
2357.7241520870066 1.2700913613454431e-16 3.6736897565937775e-17
2359.2724326508737 5.915214220736514e-17 3.2287612165023247e-17
2360.8207222903866 3.6544538368849793e-17 3.116110466728933e-17
2362.3690210057052 7.031149688497513e-17 3.263521000203028e-17
2363.9173287969893 4.9345446206961065e-17 3.135496271564726e-17
2365.465645664398 4.7100600447222806e-17 3.121897753166599e-17
2367.0139716080907 7.076444113607446e-17 3.2551042720341784e-17
2368.562306628228 7.905060711703866e-17 3.345572023012368e-17
2370.1106507249688 6.39107269829255e-17 3.220464264086173e-17
2371.659003898473 5.496727666978176e-17 3.186402620822464e-17
2373.2073661489003 9.022712744672035e-17 3.3803327993298064e-17
2374.75573747641 6.996070613080364e-17 3.1979841420149417e-17
2376.3041178811613 1.0302203657102938e-16 3.4995411061272734e-17
2377.852507363316 4.760961761768589e-17 3.106568111182521e-17
2379.400905923031 2.6543196844144642e-17 2.920496810238923e-17
2380.9493135604675 9.327307115993661e-17 3.4328849071342803e-17
2382.497730275785 7.681496953187934e-17 3.25762684203022e-17
2384.046156069143 1.1467386149812894e-16 3.5817777482660703e-17
2385.594590940701 1.007448083446709e-16 3.409761900290973e-17
2387.143034890619 3.7904006396858244e-17 3.032652244261518e-17
2388.6914879190563 5.847675916338294e-17 3.1385171351617694e-17
2390.2399500261727 1.0978671962048805e-16 3.471210501019577e-17
2391.7884212121285 9.501023647308168e-17 3.4070709163222155e-17
2393.3369014770824 4.195022322888793e-17 2.9986078063545503e-17
2394.885390821195 3.435002158630171e-17 2.990939511203939e-17
2396.4338892446253 8.292304322853831e-17 3.2876475425654847e-17
2397.9823967475336 1.2573251189924427e-17 2.8002518806978044e-17
2399.5309133300793 4.199850410688143e-17 3.037523676324965e-17
2401.0794389924217 5.73388498080856e-17 3.0882556559095773e-17
2402.6279737347213 1.0016745612944359e-16 3.402637559111176e-17
2404.1765175571372 5.3471833383959393e-17 3.0583987371355983e-17
2405.72507045983 3.743781732979071e-17 2.9595046626934536e-17
2407.2736324429584 1.078003082451685e-16 3.4594033249559953e-17
2408.822203506683 3.321812087097395e-17 2.8990245250260264e-17
2410.3707836511626 1.0202602012364816e-17 2.780969638874703e-17
2411.9193728765576 1.1480685890573767e-16 3.430430496820713e-17
2413.467971183027 3.152161975674199e-17 2.9381190660087526e-17
2415.0165785707322 4.225810647032507e-17 2.9802202430819866e-17
2416.565195039832 6.860518871740074e-17 3.202123353800157e-17
2418.113820590486 7.077463861866602e-17 3.1764109407673137e-17
2419.6624552228536 9.550240893755073e-17 3.3390753464813765e-17
2421.2110989370954 4.317528433352387e-17 3.004612475857195e-17
2422.7597517333706 7.19755328145256e-17 3.193001536877167e-17
2424.308413611839 7.101242326627296e-17 3.146186422929116e-17
2425.8570845726617 7.512558217091534e-17 3.188303150997866e-17
2427.4057646159968 1.4748861932391998e-17 2.761511703889496e-17
2428.9544537420043 3.9001873593063125e-17 2.940680348057462e-17
2430.503151950845 6.65471368835892e-17 3.159144372660882e-17
2432.051859242678 1.2553045483665472e-16 3.5086986572527255e-17
2433.600575617663 7.84928557736064e-17 3.2596127372448374e-17
2435.1493010759605 7.709778589203367e-17 3.160191914188619e-17
2436.69803561773 7.524934824288797e-17 3.184200335159603e-17
2438.2467792431307 2.545245663609752e-17 2.8354159902819237e-17
2439.7955319523235 4.790024587154517e-17 2.9730770421842236e-17
2441.3442937454674 7.614920825278236e-17 3.1853749316294283e-17
2442.8930646227227 1.2069211165207078e-17 2.7127722369644014e-17
2444.441844584249 5.8885527833868884e-18 2.679727694981888e-17
2445.9906336302065 2.9041914260042776e-17 2.878271556073806e-17
2447.5394317607543 6.339367292563085e-17 3.095645356629881e-17
2449.088238976053 5.643488036490804e-17 3.024149158436718e-17
2450.637055276262 2.0715084080165472e-17 2.745946480866963e-17
2452.185880661542 5.3977287060343596e-17 2.975689278558666e-17
2453.734715132052 4.186223106404699e-17 2.920187113817583e-17
2455.283558687952 4.509652711146403e-17 2.959350807099519e-17
2456.832411329402 9.468179283033892e-17 3.2680357519863424e-17
2458.3812730565623 6.831742912590579e-17 3.103223654529847e-17
2459.930143869592 3.6383261310459104e-17 2.878470741165309e-17
2461.4790237686516 2.1508671233681496e-17 2.721221059741018e-17
2463.027912753901 4.3928998072792385e-17 2.953891415056669e-17
2464.5768108255 5.106411576160944e-17 2.9414066126352834e-17
2466.1257179836084 2.2338641099260053e-17 2.754120017935722e-17
2467.6746342283864 7.427825143864052e-17 3.1283613424730884e-17
2469.223559559993 1.4167410210048873e-17 2.677247807505454e-17
2470.7724939785894 5.759320701926504e-18 2.6024380892145258e-17
2472.3214374843346 4.288502334785656e-17 2.941568740035344e-17
2473.870390077389 7.443972040293332e-18 2.5890372669827992e-17
2475.4193517579124 5.624409942842881e-17 2.958570941218004e-17
2476.968322526065 2.602885593925917e-17 2.807372582282906e-17
2478.517302382007 6.09922021712669e-17 2.906070118611508e-17
2480.066291325897 1.4324959992599398e-17 2.6880989282170472e-17
2481.6152893578965 1.3282045713208866e-16 3.4548190900012264e-17
2483.164296478164 7.87455561420189e-17 3.111551047192541e-17
2484.713312686861 1.0973822036681284e-16 3.315236332099843e-17
2486.2623379841466 8.574687240367183e-17 3.1877955929740035e-17
2487.811372370181 9.434225173249815e-17 3.2171373436624845e-17
2489.3604158451235 1.478226811773832e-16 3.494633608989119e-17
2490.9094684091356 1.4044948436466113e-16 3.473563664426168e-17
2492.458530062376 8.298868166450562e-17 3.128216751302014e-17
2494.007600805005 1.387112933475565e-16 3.4460857170938916e-17
2495.5566806371826 7.503154827888031e-17 3.0927806647324874e-17
2497.1057695590694 1.0474457071349961e-16 3.218803285416166e-17
2498.6548675708245 5.224963432424289e-17 2.9443579930608726e-17
2500.203974672609 7.444824698068752e-17 3.0653252167128723e-17
2501.7530908645813 1.6219798172770135e-16 3.5562158821047116e-17
2503.302216146903 3.892633876824723e-17 2.8488136692273225e-17
2504.8513505197334 1.1188513786819217e-16 3.2750088845501644e-17
2506.400493983233 7.549028279426752e-17 3.079254276483775e-17
2507.9496465375605 5.549217901672831e-17 2.90648933374595e-17
2509.498808182878 1.0992890204161856e-16 3.239870583001157e-17
2511.0479789193437 1.1586132228084067e-16 3.332986966300741e-17
2512.597158747119 1.0059920801324932e-17 2.552619647898417e-17
2514.1463476663635 2.7739273540116718e-17 2.731685225362059e-17
2515.6955456772366 3.1794500023378335e-17 2.783480628342169e-17
2517.244752779899 3.6133995395949925e-17 2.734770443610759e-17
2518.793968974511 7.574448532267242e-17 3.065907882736355e-17
2520.343194261232 7.027396273749992e-17 2.9891260004289775e-17
2521.8924286402234 9.127881149496517e-17 3.1656443579143235e-17
2523.4416721116436 3.5456997695412025e-17 2.7586303029437287e-17
2524.9909246756533 3.9108583200804915e-17 2.7734318728247526e-17
2526.540186332413 1.8941344149055764e-17 2.6469222081964025e-17
2528.0894570820824 9.939663629510747e-17 3.1466751212350124e-17
2529.6387369248223 6.861637219928246e-17 2.969849714306287e-17
2531.1880258607916 8.793412984916415e-17 3.1427910119507084e-17
2532.7373238901514 7.969756823517353e-17 3.022714165510061e-17
2534.2866310130617 9.41184298936311e-17 3.144750106513479e-17
2535.835947229682 1.543842119771213e-17 2.622722543067796e-17
2537.3852725401725 1.0703021467541021e-17 2.5625825420682508e-17
2538.9346069446947 4.241881111973187e-17 2.831678457402164e-17
2540.483950443407 1.737560705477864e-17 2.572996249671926e-17
2542.0333030364704 5.024555106231677e-17 2.8283760215246074e-17
2543.582664724045 8.944383372874693e-17 3.081184585161229e-17
2545.132035506291 5.71720571093704e-17 2.8876574090483227e-17
2546.6814153833684 6.55908499210289e-17 2.946878246951199e-17
2548.230804355437 8.268446448754331e-17 2.998183959008678e-17
2549.7802024226576 8.425421506215254e-17 3.1002845163773235e-17
2551.3296095851906 2.6422234914448563e-17 2.6620529959612225e-17
2552.879025843195 7.126300605231732e-17 2.932464790213585e-17
2554.428451196832 4.306597406993621e-17 2.814022121791097e-17
2555.9778856462613 1.1060097636315054e-16 3.160380180496036e-17
2557.5273291916433 1.0705135906622829e-16 3.1933939513597624e-17
2559.0767818331387 9.962407125889015e-17 3.1789368194858056e-17
2560.6262435709064 1.0469892357857648e-16 3.1382835393567845e-17
2562.175714405108 6.193856958392147e-17 2.907454818956922e-17
2563.7251943359024 4.001511690388138e-17 2.7551123037985407e-17
2565.274683363451 9.234647667264451e-17 3.059841009251646e-17
2566.8241814879134 1.0272793746731983e-16 3.1861260116256265e-17
2568.3736887094497 4.222405640758994e-17 2.787920602998109e-17
2569.9232050282203 5.492704922223208e-17 2.861467216493669e-17
2571.4727304443854 5.724242701844151e-17 2.8823670927226785e-17
2573.022264958106 5.306732221208626e-17 2.834701967977168e-17
2574.5718085695416 8.853734965650722e-17 3.042502641868044e-17
2576.121361278852 1.8499995315783195e-17 2.595850257380031e-17
2577.670923086198 4.6737104198842503e-17 2.768869475438155e-17
2579.2204939917397 1.1724570498889921e-16 3.254255253853454e-17
2580.7700739956376 7.788860364485887e-17 2.9869581254795985e-17
2582.3196630980524 5.146352488346435e-17 2.85821209534715e-17
2583.869261299143 1.0184636145768532e-16 3.099337229139828e-17
2585.418868599071 8.501528740015033e-17 3.062134615654133e-17
2586.9684849979967 5.979721735370339e-17 2.881473406788876e-17
2588.518110496079 5.3914083844099645e-17 2.8638637241643574e-17
2590.067745093479 7.886911045575472e-17 3.011472119240975e-17
2591.6173887903574 2.3023516867951908e-17 2.640829195804337e-17
2593.1670415868743 7.718675082127497e-17 2.973687501476288e-17
2594.7167034831896 -9.601775238533861e-18 2.3624552918477838e-17
2596.2663744794636 4.1127893203446916e-17 2.713201378266194e-17
2597.8160545758574 6.83830874142078e-17 2.93409599038154e-17
2599.3657437725305 6.421685660146402e-17 2.911747555463827e-17
2600.915442069643 5.852698557017716e-17 2.8774708452408547e-17
2602.4651494673567 1.657973688277197e-17 2.561971255595574e-17
2604.0148659658303 4.026096159937704e-17 2.7370266614495588e-17
2605.564591565225 7.861306166022261e-17 3.0011346776897773e-17
2607.114326265701 5.831528027292279e-17 2.834831008152726e-17
2608.664070067419 4.455603075560963e-17 2.776065781331244e-17
2610.2138229705383 1.2456198515803274e-17 2.5412409513921376e-17
2611.7635849752196 1.3768206890730372e-16 3.353869968045255e-17
2613.3133560816245 -8.765938180870466e-18 2.3934040890303328e-17
2614.863136289912 1.1319343319478564e-16 3.2483852493545327e-17
2616.4129256002425 3.6456738109910965e-17 2.6907123226443472e-17
2617.962724012777 4.629841061533623e-17 2.7719154853258204e-17
2619.512531527676 3.380153466573005e-17 2.7259052181137833e-17
2621.062348145099 7.451638681082719e-17 2.986563394891288e-17
2622.6121738652073 7.804080487756862e-17 2.9690010269978073e-17
2624.1620086881608 6.954863452813177e-18 2.5351509168502772e-17
2625.71185261412 2.5765873715832636e-17 2.6541420060188878e-17
2627.261705643245 3.5351872965723886e-17 2.720208590671253e-17
2628.811567775697 5.907545925585902e-17 2.8696758260204e-17
2630.3614390116354 1.7664925054547637e-17 2.5989834521042593e-17
2631.9113193512217 5.75291807583116e-17 2.894616975850099e-17
2633.461208794615 3.597828360872049e-17 2.7257293595155545e-17
2635.011107341977 4.6657410309906694e-17 2.7902876630389906e-17
2636.561014993468 3.810262900554448e-17 2.753159330372303e-17
2638.1109317492474 1.1719768880870174e-16 3.238248316383818e-17
2639.660857609477 5.606079620468706e-17 2.843894591560592e-17
2641.2107925743153 6.241394697323324e-17 2.921014294430136e-17
2642.760736643925 8.245936548181048e-17 3.022810780205607e-17
2644.310689818465 9.404260720996204e-17 3.1420882393022834e-17
2645.860652098097 8.811067004421767e-17 3.065941300833102e-17
2647.41062348298 4.939203301906005e-17 2.795959144190899e-17
2648.9606039732757 6.877949883352281e-17 2.934286241922427e-17
2650.5105935691436 4.9334355369307954e-17 2.807466550000492e-17
2652.060592270745 6.444935391059552e-17 2.893033090413182e-17
2653.6106000782406 2.255052672188796e-17 2.635864292331671e-17
2655.1606169917895 3.9152850598466303e-17 2.7735964817666506e-17
2656.7106430115537 9.491213946987779e-17 3.109137003292866e-17
2658.260678137693 1.8226890056020238e-17 2.6271544113537327e-17
2659.810722370368 1.525763591175499e-17 2.575650837693731e-17
2661.3607757097384 6.637786926048125e-17 2.945206018624862e-17
2662.910838155966 8.311432709082997e-17 3.024851600212898e-17
2664.4609097092102 2.0335186494599468e-17 2.6148189977509745e-17
2666.010990369633 5.437638516228818e-17 2.934626709462554e-17
2667.561080137393 3.5601919738731315e-17 2.6834541436414394e-17
2669.1111790126524 8.321328436187091e-17 3.0872934794210557e-17
2670.661286995571 9.548702999560214e-17 3.129024410452111e-17
2672.21140408631 9.917115513193164e-18 2.5289344891108187e-17
2673.761530285028 9.893045053676239e-17 3.1867827930319936e-17
2675.3116655918884 4.4869277436138563e-17 2.7696748184825367e-17
2676.8618100070494 5.561335105029998e-17 2.8747699351047465e-17
2678.4119635306724 8.405831222332039e-17 3.1264416217074753e-17
2679.962126162918 7.843085693233433e-17 3.0129319275860086e-17
2681.512297903947 1.0056885710221352e-16 3.21020093791786e-17
2683.06247875392 7.16994927179493e-17 2.970338743484428e-17
2684.6126687129963 9.124753745036576e-17 3.135231242896464e-17
2686.1628677813383 3.5365428801602405e-17 2.747450129784462e-17
2687.7130759591055 4.1637191615318266e-17 2.855438724189382e-17
2689.263293246459 4.100405433958038e-17 2.750782840472438e-17
2690.813519643559 8.333142395131696e-18 2.5268981358788357e-17
2692.3637551505662 8.721079018198858e-17 3.133203657778974e-17
2693.9139997676416 4.6111285817164484e-17 2.811760279124132e-17
2695.464253494945 2.3498238716628234e-18 2.5281695124803297e-17
2697.014516332638 5.320580548151744e-17 2.9371678083043166e-17
2698.5647882808803 3.6035087755745734e-17 2.767953786500059e-17
2700.1150693398326 7.31617594437634e-18 2.581764364164988e-17
2701.6653595096564 8.881370739043874e-17 3.0774490375149396e-17
2703.215658790512 5.158038896040584e-17 2.887003605492161e-17
2704.765967182559 4.048447241833377e-17 2.810509251165707e-17
2706.316284685959 7.493660779689393e-17 3.043932340838781e-17
2707.8666113008735 8.529924857827244e-17 3.0991122360132133e-17
2709.416947027462 8.28409968379404e-18 2.5728766393553507e-17
2710.9672918658844 4.609324666236593e-17 2.833054885941452e-17
2712.517645816303 2.705974301254318e-17 2.7139799206587288e-17
2714.0680088788768 7.817073179074355e-17 3.107373785099148e-17
2715.6183810537686 5.2081809304123234e-17 2.885100759211044e-17
2717.168762341137 5.891407300962748e-17 2.939730744714251e-17
2718.719152741144 5.870347944311638e-17 2.9712354072684356e-17
2720.26955225395 7.79062391355185e-17 3.0706128860605563e-17
2721.819960879716 8.564742544170826e-17 3.136640758660254e-17
2723.370378618601 1.5389476093686753e-18 2.5169390467398197e-17
2724.920805470768 1.010660720596967e-16 3.208312650015524e-17
2726.471241436376 4.1791272202379743e-17 2.808140205891355e-17
2728.021686515587 4.210658683444006e-17 2.820584311026603e-17
2729.5721407085607 3.6517112368459985e-17 2.821486599638776e-17
2731.122604015458 1.8248555570624226e-17 2.644256866826634e-17
2732.67307643644 1.7410894579710152e-17 2.671140071298485e-17
2734.2235579716676 2.267188404391684e-17 2.701721765725183e-17
2735.7740486213006 1.0670341381336399e-16 3.2634382821417727e-17
2737.324548385501 3.7347932575708246e-17 2.8326819929213134e-17
2738.875057264428 8.561207505105019e-17 3.1305153207881765e-17
2740.425575258244 4.649153743603266e-17 2.901080896028833e-17
2741.9761023671085 1.5226222900812675e-17 2.6733357395164458e-17
2743.526638591183 8.723931467823186e-18 2.643336380240985e-17
2745.077183930628 8.425719952980264e-17 3.1685609967541854e-17
2746.627738385604 1.1962352499518905e-16 3.3656255280386136e-17
2748.1783019562718 3.068654784114521e-17 2.8039629437979623e-17
2749.7288746427926 6.266259084792178e-17 3.036006957953788e-17
2751.2794564453275 3.5998777835577107e-17 2.820962498002662e-17
2752.830047364036 8.326857311401396e-17 3.170053230579231e-17
2754.38064739908 5.2498767889854064e-17 2.997182739595244e-17
2755.9312565506193 3.5588658379150865e-17 2.8429304298386004e-17
2757.4818748188163 1.0014554576937828e-16 3.312678358773584e-17
2759.0325022038305 9.19501049579989e-17 3.186055535837437e-17
2760.583138705823 8.778138598597256e-17 3.232758814966671e-17
2762.1337843249544 6.654668027989108e-17 3.096896053716061e-17
2763.684439061386 5.3046467334482575e-17 2.922152825825254e-17
2765.2351029152783 7.591794178840234e-17 3.204464274933682e-17
2766.7857758867926 6.657273316046405e-17 3.050527286426544e-17
2768.336457976089 1.3130449314963007e-16 3.4788119599766945e-17
2769.887149183329 6.326376586479062e-17 3.1200174061981435e-17
2771.4378495086726 8.609278610095171e-17 3.19265776061459e-17
2772.9885589522814 6.535121238884984e-17 3.080511591014856e-17
2774.5392775143164 1.0271511285910281e-16 3.3202927217482574e-17
2776.090005194938 2.4088918879475307e-17 2.7432933817702605e-17
2777.6407419943066 6.174856288849559e-17 3.103908890949286e-17
2779.1914879125834 3.9992710235448544e-17 2.915817614949833e-17
2780.74224294993 9.234832293977173e-17 3.3118855888745135e-17
2782.293007106507 1.3146577351674321e-16 3.516677641441412e-17
2783.843780382475 3.072339708307322e-17 2.928893686073071e-17
2785.394562777995 8.605405419594953e-17 3.232651943231529e-17
2786.9453542932274 7.622902125572638e-17 3.239479492007542e-17
2788.4961549283335 6.326847748555972e-17 3.13400006727274e-17
2790.0469646834745 4.688615221905721e-17 3.031639113447263e-17
2791.59778355881 1.6082288660356055e-17 2.8303910334967865e-17
2793.1486115545035 5.3082499321965385e-17 3.103489675814844e-17
2794.6994486707135 6.802811443485925e-17 3.1567392623118226e-17
2796.250294907602 2.5993877779876752e-17 2.9160912462964655e-17
2797.801150265329 1.349850812616603e-17 2.855309353141579e-17
2799.3520147440568 7.351672125617368e-19 2.7208976321215098e-17
2800.902888343945 8.398419022299073e-17 3.3397016876412017e-17
2802.4537710651557 1.0734230826616524e-16 3.479805238456248e-17
2804.0046629078493 2.88371672061012e-17 2.981783614439712e-17
2805.5555638721858 3.7518550157575884e-17 2.9812810194995246e-17
2807.106473958328 1.2391635414632285e-16 3.5279627011023504e-17
2808.6573931664357 3.1530698891145374e-17 2.9816985802727413e-17
2810.20832149667 1.0805740259699488e-16 3.4688599845909466e-17
2811.7592589491924 2.4249838595841373e-17 2.942631170814107e-17
2813.310205524163 2.1241429030100314e-17 2.920637761815302e-17
2814.8611612217437 4.462591428248056e-17 3.073991753426713e-17
2816.4121260420943 1.322970569451345e-16 3.656027796154545e-17
2817.9630999853766 2.1700514270067245e-17 2.9547480432990286e-17
2819.5140830517516 1.2823813296453478e-17 2.8933179714161456e-17
2821.0650752413803 8.225241150999462e-17 3.340389571038601e-17
2822.6160765544237 7.479126223710101e-17 3.2812673330647406e-17
2824.167086991042 5.245685961129968e-17 3.16839589150392e-17
2825.718106551398 9.069809100028354e-17 3.367820203639839e-17
2827.26913523565 1.0435013129276492e-16 3.493672755989577e-17
2828.820173043962 7.66926526803399e-17 3.288374138015551e-17
2830.371219976493 7.475793016713757e-17 3.3208413079305026e-17
2831.9222760334046 7.234652662797808e-17 3.3260495679393815e-17
2833.4733412148576 1.2337671474958305e-16 3.574897590803099e-17
2835.0244155210135 7.353986370176139e-17 3.3344401572008744e-17
2836.5754989520337 4.151117395771826e-18 2.818150083919982e-17
2838.126591508078 2.7783186904475934e-17 3.012797924326775e-17
2839.6776931893082 4.922710974852923e-17 3.186587578407431e-17
2841.2288039958858 6.556915131920041e-17 3.268571765023277e-17
2842.7799239279707 2.4330870863008293e-17 3.0285940961763326e-17
2844.331052985725 6.340335424752017e-17 3.3370798559716536e-17
2845.8821911693094 7.304973602776656e-17 3.321365078694371e-17
2847.4333384788847 4.899862922845228e-17 3.2336237150151564e-17
2848.9844949146122 3.254551384512748e-17 3.0708051228349136e-17
2850.5356604766534 3.9173950321531306e-17 3.151568721738876e-17
2852.086835165169 1.0281675019532842e-16 3.616866418978325e-17
2853.6380189803194 7.033635200802112e-17 3.356331657548213e-17
2855.1892119222666 5.877373685562418e-17 3.3507409092240894e-17
2856.7404139911723 3.445109974843324e-17 3.094095881906447e-17
2858.2916251871957 6.917096040405231e-17 3.366177422943309e-17
2859.8428455104995 1.0798406145516348e-16 3.6365797873366885e-17
2861.3940749612443 6.634208211845976e-17 3.3838936464307247e-17
2862.9453135395916 2.4820173010751785e-17 3.1069175122732637e-17
2864.4965612457017 5.37059321147568e-17 3.2792658868546073e-17
2866.0478180797363 7.341938649990426e-17 3.523397987610038e-17
2867.5990840418567 9.417590902003619e-17 3.6255683590223826e-17
2869.1503591322235 6.864725581463274e-17 3.457352578781354e-17
2870.701643350998 7.090575667192302e-17 3.431192495600997e-17
2872.2529366983417 1.0094023803619268e-17 3.010178077890697e-17
2873.804239174415 5.554153192079567e-17 3.3840455167911894e-17
2875.3555507793803 7.945187574091058e-17 3.5324582622954536e-17
2876.906871513398 7.37632157020405e-17 3.545041002901365e-17
2878.458201376629 6.555729947538375e-17 3.4456291133957623e-17
2880.009540369235 7.137433132787716e-17 3.528250559955519e-17
2881.5608884913763 5.010847399992693e-17 3.379530765007875e-17
2883.1122457432157 9.292770009313857e-17 3.694004319821345e-17
2884.6636121249126 1.1948642477174206e-16 3.855505047849668e-17
2886.2149876366298 7.097444574998943e-17 3.554634643645755e-17
2887.7663722785273 1.620351528784815e-17 3.1885751279832735e-17
2889.3177660507663 5.575915983123593e-17 3.475885394969482e-17
2890.869168953509 4.517711104673895e-17 3.405907238636476e-17
2892.420580986916 4.987965929888251e-17 3.440307695079086e-17
2893.972002151148 4.5662537026132017e-17 3.4119244812844316e-17
2895.523432446367 8.572319518581812e-17 3.717580621640331e-17
2897.0748718727345 2.0690192561172526e-17 3.275062485853858e-17
2898.626320430411 1.7963477698675176e-17 3.3067203422574874e-17
2900.177778119558 8.438824479116574e-17 3.653775217910441e-17
2901.729244940336 2.566664347518955e-17 3.3049882260548013e-17
2903.280720892908 7.349280043362957e-17 3.706128471495657e-17
2904.832205977433 6.985646813873216e-17 3.6160061511412696e-17
2906.3837001940747 3.3175468129868264e-17 3.392741501134837e-17
2907.9352035429924 6.188935564619701e-17 3.649359396928388e-17
2909.486716024348 2.876583115007463e-17 3.390719209973267e-17
2911.038237638303 1.2033858293007174e-17 3.2990179672656386e-17
2912.5897683850185 5.579238602208096e-17 3.6415567676462976e-17
2914.141308264656 -2.0705306805325095e-18 3.20279833318e-17
2915.692857277377 4.321963444924651e-17 3.577206417328857e-17
2917.2444154233413 3.113204746673157e-17 3.503419590583412e-17
2918.7959827027116 9.232995291272815e-17 3.879063482567423e-17
2920.347559115649 7.622337657522632e-17 3.8480710102485315e-17
2921.8991446623145 8.205609838957863e-17 3.840781894690714e-17
2923.45073934287 1.5782263303865926e-16 4.3468513243229015e-17
2925.0023431574755 3.191438165519442e-17 3.5778357363388876e-17
2926.5539561062933 9.77681906385927e-18 3.434080348555542e-17
2928.1055781894847 1.1703041469087004e-17 3.4717478375454917e-17
2929.6572094072117 8.343824440126084e-17 3.999390137553062e-17
2931.2088497596337 5.302267762006555e-17 3.7213777115241946e-17
2932.760499246914 1.2764760045342704e-17 3.502465685901016e-17
2934.3121578692126 8.951295955817676e-17 4.020244353412259e-17
2935.863825626692 5.198048629653039e-17 3.7839304329344346e-17
2937.4155025195128 1.0810296039641186e-17 3.5103387909712956e-17
2938.9671885478356 3.539222283600422e-17 3.718029615276825e-17
2940.518883711823 1.2922633751821105e-16 4.3304258334633136e-17
2942.0705880116366 1.0413564005120747e-16 4.196341179657448e-17
2943.6223014474367 6.593487102906726e-17 3.98696025992435e-17
2945.174024019385 8.433337293805142e-17 4.070179261758615e-17
2946.725755727643 1.2484887124680083e-16 4.3788939851474907e-17
2948.277496572372 5.644141840046966e-17 3.9237610141473387e-17
2949.829246553734 5.2872392137654465e-17 3.9619770893195336e-17
2951.3810056718894 1.1604547253752967e-16 4.363956095901518e-17
2952.932773927 1.2349394940343897e-16 4.474956454916744e-17
2954.4845513192276 4.353485312835577e-17 3.97650205000372e-17
2956.036337848733 7.594882540375262e-17 4.2254721647258503e-17
2957.588133515678 1.1234354151133435e-16 4.399896431772457e-17
2959.1399383202233 3.2785045498188135e-17 3.8451087110388566e-17
2960.6917522625317 3.627555246853735e-17 4.043689298949972e-17
2962.243575342764 1.323794706039244e-16 4.482504312570168e-17
2963.7954075610805 3.984247107515176e-17 4.047199853469647e-17
2965.347248917644 3.889650070919122e-17 3.989639001620042e-17
2966.8990994126157 9.772359402304752e-17 4.4526718783423203e-17
2968.4509590461566 7.540936467802513e-17 4.3345402298301523e-17
2970.002827818429 2.705565343159472e-17 3.914411226247529e-17
2971.554705729593 3.4568655348366826e-17 4.125431617954707e-17
2973.106592779811 3.1611034672236524e-17 4.081692623268618e-17
2974.658488969245 6.709600099852019e-17 4.311838423354757e-17
2976.2103942980552 3.191903041023697e-17 4.1594906142404555e-17
2977.7623087664037 7.927247680966008e-17 4.4554819763192855e-17
2979.3142323744514 6.920234032777012e-17 4.4512375471601534e-17
2980.8661651223615 1.0792890505191845e-16 4.7412586504498206e-17
2982.418107010293 -3.4800570322347094e-17 3.712512982335586e-17
2983.970058038409 1.863766794821407e-17 4.144194390353125e-17
2985.522018206871 3.2389286724376427e-18 4.0903743801057297e-17
2987.0739875158406 6.781948624948357e-17 4.535965988176205e-17
2988.625965965478 2.079621188669314e-18 4.08195963717035e-17
2990.1779535559454 4.4916595475899047e-17 4.4116430582152e-17
2991.7299502874057 2.7261427843857085e-17 4.4259198647156203e-17
2993.2819561600177 1.279885841542561e-16 5.0225232197750015e-17
2994.833971173946 3.448886219775751e-17 4.452257626291554e-17
2996.385995329349 -5.4792920231545384e-17 3.756821077283112e-17
2997.9380286263904 4.9633860925501154e-17 4.552692572778762e-17
2999.4900710652314 3.4812597528453615e-17 4.585589214867751e-17
3001.042122646034 1.5922103480373936e-17 4.3958303427533914e-17
3002.5941833689576 -5.330473049251449e-18 4.299184214343921e-17
3004.1462532341657 8.011052988418451e-17 4.981754796104713e-17
3005.6983322418196 6.088112174116838e-17 4.779965078289137e-17
3007.2504203920803 5.946383709706492e-17 4.846666275907453e-17
3008.80251768511 7.999571059771725e-17 5.0830030265701837e-17
3010.3546241210697 -3.23594544555847e-17 4.191644779011617e-17
3011.9067397001213 3.808867943169438e-17 4.856464064827021e-17
3013.4588644224264 -4.349028132822896e-17 4.190514188550379e-17
3015.0109982881463 6.780023941099069e-18 4.606145645706429e-17
3016.5631412974426 2.2655615055629148e-17 4.859321477535024e-17
3018.1152934504776 1.2059184247257832e-16 5.4453342737757665e-17
3019.6674547474117 5.681869878657755e-17 5.087360614037113e-17
3021.219625188408 -2.4035143040672622e-18 4.6738837969406414e-17
3022.7718047736266 1.7546110485721745e-17 4.937816947199366e-17
3024.3239935032298 5.587135612798078e-18 4.809213853876767e-17
3025.8761913773797 6.97510720938031e-17 5.3713929296918963e-17
3027.428398396237 -2.9073734243846466e-17 4.6363870380291227e-17
3028.980614559963 5.830512249500064e-17 5.296305775023518e-17
3030.5328398687216 1.083088059462069e-16 5.732050625082162e-17
3032.0850743226724 -1.8806531907183096e-17 4.888141111820862e-17
3033.6373179219777 6.635619051098746e-17 5.538970788244524e-17
3035.1895706667988 4.224245621313557e-17 5.368061707929023e-17
3036.7418325572976 8.763136189263504e-17 5.62734411791173e-17
3038.294103593636 9.023655068825855e-17 5.838480314904665e-17
3039.846383775975 1.0908975047124066e-16 5.93994824454083e-17
3041.398673104477 5.667521272880165e-17 5.660253333146029e-17
3042.950971579303 4.581480112456833e-17 5.648120247921101e-17
3044.5032792006155 7.503035052135334e-17 5.778521631895391e-17
3046.0555959685753 1.9648939260452e-17 5.564461186000958e-17
3047.6079218833443 1.177068829958159e-17 5.47198570223998e-17
3049.160256945085 -1.3903182252619835e-17 5.3238197874305016e-17
3050.712601153958 1.4831222651622678e-16 6.654090986793791e-17
3052.264954510126 4.788468494986182e-17 5.864892522735728e-17
3053.81731701375 -1.3066894381522598e-17 5.47471506738916e-17
3055.3696886649914 -1.5697609970849494e-17 5.594707541407327e-17
3056.922069464013 -2.974794600008129e-17 5.3894456502524986e-17
3058.4744594109757 7.739960755394202e-17 6.398765477989293e-17
3060.026858506041 1.3709340747874158e-16 6.672867324954254e-17
3061.579266749372 -5.846424888379869e-18 5.810076917903064e-17
3063.131684141129 8.488279291835404e-18 6.121090872522592e-17
3064.684110681474 4.58572222551025e-17 6.361240594936947e-17
3066.236546370569 1.2019893829906054e-16 6.977733011516798e-17
3067.788991208576 1.1224822383498864e-16 6.853546731792987e-17
3069.341445195657 6.116514247629458e-17 6.515841313167598e-17
3070.893908331973 6.374449014958194e-17 6.637838542118349e-17
3072.4463806176855 7.615693742842606e-17 6.792968655941034e-17
3073.9988620529566 2.978499045663386e-17 6.501108233841293e-17
3075.5513526379486 4.283381425049463e-17 6.640846170825592e-17
3077.103852372824 1.0033002028086741e-16 7.268469791472446e-17
3078.656361257742 2.3626493484194887e-17 6.659359796423508e-17
3080.208879292866 1.3848018570185408e-16 7.507467416729638e-17
3081.7614064783584 1.6907389079104634e-16 7.768089528432435e-17
3083.31394281438 3.246015873207936e-17 6.874714614540464e-17
3084.8664883010924 7.102951612645076e-17 7.223105883191058e-17
3086.4190429386585 2.7173460163562276e-16 8.612096979878262e-17
3087.9716067272398 5.052101874990918e-17 7.267315047337322e-17
3089.524179666997 1.089460890511749e-17 7.00256629699462e-17
3091.076761758093 2.0749935515478046e-16 8.444140934349575e-17
3092.6293530006897 1.679064808663829e-16 8.26249273357742e-17
3094.1819533949483 7.934662197104689e-18 7.271440362488247e-17
3095.734562941031 5.850460537152393e-17 7.706221050824899e-17
3097.2871816390993 8.328997393082193e-17 7.885562410304766e-17
3098.8398094893155 4.851505282490888e-17 7.75911892012542e-17
3100.392446491841 7.730878808576737e-18 7.51327356288527e-17
3101.9450926468385 1.1007265279719048e-16 8.314382104275116e-17
3103.4977479544687 -7.170118678384381e-17 6.923381951316144e-17
3105.0504124148947 -8.739922854297306e-17 7.045568439191047e-17
3106.603086028277 -1.4094318545890218e-16 6.661977657626116e-17
3108.1557687947784 6.175103036826283e-18 7.8705011057114e-17
3109.7084607145607 9.198470757738322e-17 8.685557897462361e-17
3111.261161787785 9.81834535040678e-17 8.733779880196242e-17
3112.813872014615 1.7872728706288719e-16 9.209187709754559e-17
3114.36659139521 1.9012989901503677e-16 9.579405958664712e-17
3115.9193199297342 -8.13989794935216e-17 7.642337561245184e-17
3117.472057618348 -6.836321522717183e-17 7.944861995801957e-17
3119.024804461215 5.379634957315375e-17 8.828550293848688e-17
3120.5775604584946 -1.4409458146532915e-17 8.446554978249249e-17
3122.1303256103506 9.245561157394231e-17 9.406865347309011e-17
3123.6830999169447 1.2184897171520171e-16 9.5225932089611e-17
3125.2358833784383 9.9515624571862e-17 9.585965831794503e-17
3126.7886759949943 1.8525308696888543e-17 9.032899639351748e-17
3128.3414777667726 2.0353271309767838e-16 1.054698294396963e-16
3129.8942886939376 8.652339647551211e-17 9.742124958299204e-17
3131.4471087766497 -3.342595496296157e-17 9.000356368820442e-17
3132.9999380150716 2.0545836309392222e-16 1.0611819345615007e-16
3134.552776409365 8.985962102673039e-17 9.892859765219027e-17
3136.105623959691 7.342273492702388e-17 9.912313729737294e-17
3137.6584806662127 1.3386825012273203e-16 1.042733292272506e-16
3139.211346529092 1.7129948309484681e-16 1.0868952740366301e-16
3140.76422154849 5.622287728263315e-17 1.0304393369620489e-16
3142.31710572457 -1.0304942617547224e-16 9.200017254611551e-17
3143.869999057493 -6.625579063695823e-17 9.983254724303312e-17
3145.422901547421 -1.5180564185360973e-16 9.460935827845888e-17
3146.975813194516 4.1500862324202176e-17 1.0737935934016272e-16
3148.528733998941 -2.0004304323410906e-17 9.975309158211372e-17
3150.0816639608556 -2.4148729000846566e-17 8.83123763822275e-17
3151.634603080425 7.852055639795958e-17 9.101594011374072e-17
3153.187551357809 3.9224007321736075e-16 1.329335095607675e-16
3154.74050879317 3.4993678614197803e-16 1.618632581297481e-16
3156.293475386671 2.673994506156283e-17 2.4315485303614806e-17
